# bb
1.767652634043770377e-06
3.535836640367051587e-06
5.894230980629799888e-06
8.843543582770507783e-06
1.238462937180884182e-05
1.651850834605284035e-05
2.124634011124726385e-05
2.656943433976266533e-05
3.248922803322784603e-05
3.900726733263581991e-05
4.612520933733321726e-05
5.384480027714744210e-05
6.216786277946084738e-05
7.109629223123192787e-05
8.063202403718605638e-05
9.077702998183667660e-05
1.015333036775700748e-04
1.129028241848573089e-04
1.248875778401270509e-04
1.374895218759775162e-04
1.507105625933036208e-04
1.645525626372545958e-04
1.790172827895730734e-04
1.941064401762560010e-04
2.098216209560632706e-04
2.261643530800938606e-04
2.431359898764640093e-04
2.607378119137138128e-04
2.789709542412310839e-04
2.978363481815904379e-04
3.173348668497055769e-04
3.374671796336770058e-04
3.582338395062834024e-04
3.796352248173207045e-04
4.016715392936021090e-04
4.243428993504494429e-04
4.476492467802017927e-04
4.715902614407241344e-04
4.961657105013728142e-04
5.213750991970300674e-04
5.472177872434258461e-04
5.736930179409682751e-04
6.007999763824045658e-04
6.285377894528210163e-04
6.569054094143211842e-04
6.859018467366695404e-04
7.155258790589869022e-04
7.457763422280550003e-04
7.766521885059773922e-04
8.081520209088921547e-04
8.402747916989028454e-04
8.730192785151302814e-04
9.063842589966952801e-04
9.403687436133623123e-04
9.749716264195740223e-04
1.010191976092755795e-03
1.046028803102672100e-03
1.082481467165052891e-03
1.119549386203289032e-03
1.157231745310127735e-03
1.195528428070247173e-03
1.234438968822360039e-03
1.273963483981788158e-03
1.314101624302566051e-03
1.354854088276624680e-03
1.396220875903964043e-03
1.438202802091836929e-03
1.480800448916852474e-03
1.524014864116907120e-03
1.567846862599253654e-03
1.612297957763075829e-03
1.657369546592235565e-03
1.703063258901238441e-03
1.749380840919911861e-03
1.796324271708726883e-03
1.843895413912832737e-03
1.892096712253987789e-03
1.940930727869272232e-03
1.990399556234478951e-03
2.040506340563297272e-03
2.091253641992807388e-03
2.142644021660089493e-03
2.194681204855442047e-03
2.247367519885301590e-03
2.300706692039966583e-03
2.354701748117804527e-03
2.409355947747826576e-03
2.464672783389687538e-03
2.520655747503042221e-03
2.577308099716901779e-03
2.634633565321564674e-03
2.692635636776685715e-03
2.751318039372563362e-03
2.810684032738208771e-03
2.870737574994564056e-03
2.931482391431927681e-03
2.992921974509954453e-03
3.055059816688299179e-03
3.117900341749191284e-03
3.181446809321641922e-03
3.245703177526593208e-03
3.310672938823699951e-03
3.376360284164547920e-03
3.442769404500722885e-03
3.509903559461236000e-03
3.577766939997673035e-03
3.646363969892263412e-03
3.715698607265949249e-03
3.785774344578385353e-03
3.856596536934375763e-03
3.928169142454862595e-03
4.000496584922075272e-03
4.073583055287599564e-03
4.147433675825595856e-03
4.222053103148937225e-03
4.297446925193071365e-03
4.373619332909584045e-03
4.450575914233922958e-03
4.528321791440248489e-03
4.606862552464008331e-03
4.686204250901937485e-03
4.766352009028196335e-03
4.847312811762094498e-03
4.929091781377792358e-03
5.011695902794599533e-03
5.095131695270538330e-03
5.179404746741056442e-03
5.264522973448038101e-03
5.350492428988218307e-03
5.437320563942193985e-03
5.525014363229274750e-03
5.613581277430057526e-03
5.703027825802564621e-03
5.793362855911254883e-03
5.884591955691576004e-03
5.976723972707986832e-03
6.069765891879796982e-03
6.163724698126316071e-03
6.258609239012002945e-03
6.354425568133592606e-03
6.451182067394256592e-03
6.548884790390729904e-03
6.647542119026184082e-03
6.747160572558641434e-03
6.847747135907411575e-03
6.949308793991804123e-03
7.051851134747266769e-03
7.155380677431821823e-03
7.259904406964778900e-03
7.365426514297723770e-03
7.471953518688678741e-03
7.579490542411804199e-03
7.688041310757398605e-03
7.797611877322196960e-03
7.908203639090061188e-03
8.019823580980300903e-03
8.132470771670341492e-03
8.246150799095630646e-03
8.360866457223892212e-03
8.476616814732551575e-03
8.593405596911907196e-03
8.711232803761959076e-03
8.830098435282707214e-03
8.950002491474151611e-03
9.070945903658866882e-03
9.192924946546554565e-03
9.315940551459789276e-03
9.439988993108272552e-03
9.565067477524280548e-03
9.691175073385238647e-03
9.818305261433124542e-03
9.946458041667938232e-03
1.007562503218650818e-02
1.020580343902111053e-02
1.033698860555887222e-02
1.046917308121919632e-02
1.060235127806663513e-02
1.073651760816574097e-02
1.087166368961334229e-02
1.100778393447399139e-02
1.114486996084451675e-02
1.128291524946689606e-02
1.142190955579280853e-02
1.156184449791908264e-02
1.170271262526512146e-02
1.184450555592775345e-02
1.198721211403608322e-02
1.213082391768693924e-02
1.227533072233200073e-02
1.242072321474552155e-02
1.256699115037918091e-02
1.271412428468465805e-02
1.286211237311363220e-02
1.301094330847263336e-02
1.316060870885848999e-02
1.331109460443258286e-02
1.346239261329174042e-02
1.361448969691991806e-02
1.376737654209136963e-02
1.392103917896747589e-02
1.407546550035476685e-02
1.423064805567264557e-02
1.438656728714704514e-02
1.454321760684251785e-02
1.470058318227529526e-02
1.485865097492933273e-02
1.501740980893373489e-02
1.517684478312730789e-02
1.533694565296173096e-02
1.549769472330808640e-02
1.565908081829547882e-02
1.582108624279499054e-02
1.598370261490345001e-02
1.614690944552421570e-02
1.631069555878639221e-02
1.647504232823848724e-02
1.663993485271930695e-02
1.680536195635795593e-02
1.697130128741264343e-02
1.713773608207702637e-02
1.730465330183506012e-02
1.747203245759010315e-02
1.763985864818096161e-02
1.780811138451099396e-02
1.797677204012870789e-02
1.814582198858261108e-02
1.831524260342121124e-02
1.848501525819301605e-02
1.865511760115623474e-02
1.882553100585937500e-02
1.899623498320579529e-02
1.916720718145370483e-02
1.933842897415161133e-02
1.950987614691257477e-02
1.968153007328510284e-02
1.985336467623710632e-02
2.002536132931709290e-02
2.019749581813812256e-02
2.036974765360355377e-02
2.054209262132644653e-02
2.071450650691986084e-02
2.088696882128715515e-02
2.105945721268653870e-02
2.123194746673107147e-02
2.140441723167896271e-02
2.157684415578842163e-02
2.174920588731765747e-02
2.192147634923458099e-02
2.209363691508769989e-02
2.226566709578037262e-02
2.243753708899021149e-02
2.260923199355602264e-02
2.278072945773601532e-02
2.295200712978839874e-02
2.312304265797138214e-02
2.329381927847862244e-02
2.346431277692317963e-02
2.363450452685356140e-02
2.380437776446342468e-02
2.397391013801097870e-02
2.414308488368988037e-02
2.431188523769378662e-02
2.448029071092605591e-02
2.464828453958034515e-02
2.481585368514060974e-02
2.498298138380050659e-02
2.514964900910854340e-02
2.531584165990352631e-02
2.548155002295970917e-02
2.564675360918045044e-02
2.581144496798515320e-02
2.597560733556747437e-02
2.613922953605651855e-02
2.630230039358139038e-02
2.646480686962604523e-02
2.662673965096473694e-02
2.678808756172657013e-02
2.694883942604064941e-02
2.710898779332637787e-02
2.726852148771286011e-02
2.742743678390979767e-02
2.758571691811084747e-02
2.774336002767086029e-02
2.790035866200923920e-02
2.805670537054538727e-02
2.821239084005355835e-02
2.836740761995315552e-02
2.852175571024417877e-02
2.867542393505573273e-02
2.882840856909751892e-02
2.898070402443408966e-02
2.913230843842029572e-02
2.928321063518524170e-02
2.943341061472892761e-02
2.958290465176105499e-02
2.973168902099132538e-02
2.987975813448429108e-02
3.002710826694965363e-02
3.017373941838741302e-02
3.031964972615242004e-02
3.046483360230922699e-02
3.060928918421268463e-02
3.075301833450794220e-02
3.089601732790470123e-02
3.103828243911266327e-02
3.117981925606727600e-02
3.132062032818794250e-02
3.146069124341011047e-02
3.160003200173377991e-02
3.173864260315895081e-02
3.187652677297592163e-02
3.201368078589439392e-02
3.215011581778526306e-02
3.228582441806793213e-02
3.242081776261329651e-02
3.255509585142135620e-02
3.268866613507270813e-02
3.282153233885765076e-02
3.295370191335678101e-02
3.308517858386039734e-02
3.321597352623939514e-02
3.334609046578407288e-02
3.347554057836532593e-02
3.360433131456375122e-02
3.373247385025024414e-02
3.385997563600540161e-02
3.398684784770011902e-02
3.411310538649559021e-02
3.423875942826271057e-02
3.436382487416267395e-02
3.448831290006637573e-02
3.461223468184471130e-02
3.473561257123947144e-02
3.485845774412155151e-02
3.498079255223274231e-02
3.510262444615364075e-02
3.522397950291633606e-02
3.534486889839172363e-02
3.546531498432159424e-02
3.558533638715744019e-02
3.570495545864105225e-02
3.582418337464332581e-02
3.594304993748664856e-02
3.606157749891281128e-02
3.617978096008300781e-02
3.629768267273902893e-02
3.641530498862266541e-02
3.653267398476600647e-02
3.664981201291084290e-02
3.676673397421836853e-02
3.688346967101097107e-02
3.700004145503044128e-02
3.711647167801856995e-02
3.723278269171714783e-02
3.734899684786796570e-02
3.746514022350311279e-02
3.758123517036437988e-02
3.769730031490325928e-02
3.781336545944213867e-02
3.792944923043251038e-02
3.804557770490646362e-02
3.816177323460578918e-02
3.827805072069168091e-02
3.839444369077682495e-02
3.851097077131271362e-02
3.862764686346054077e-02
3.874450176954269409e-02
3.886155411601066589e-02
3.897882625460624695e-02
3.909633681178092957e-02
3.921411186456680298e-02
3.933216631412506104e-02
3.945052251219749451e-02
3.956919908523559570e-02
3.968822211027145386e-02
3.980760276317596436e-02
3.992736712098121643e-02
4.004753008484840393e-02
4.016810655593872070e-02
4.028912633657455444e-02
4.041060060262680054e-02
4.053255170583724976e-02
4.065499454736709595e-02
4.077794775366783142e-02
4.090142622590065002e-02
4.102545231580734253e-02
4.115004464983940125e-02
4.127521440386772156e-02
4.140098765492439270e-02
4.152737185359001160e-02
4.165438935160636902e-02
4.178205877542495728e-02
4.191039130091667175e-02
4.203940555453300476e-02
4.216912388801574707e-02
4.229955747723579407e-02
4.243072122335433960e-02
4.256263002753257751e-02
4.269530624151229858e-02
4.282876476645469666e-02
4.296301677823066711e-02
4.309808090329170227e-02
4.323397204279899597e-02
4.337070137262344360e-02
4.350829124450683594e-02
4.364674910902976990e-02
4.378609359264373779e-02
4.392633587121963501e-02
4.406749084591865540e-02
4.420956969261169434e-02
4.435259103775024414e-02
4.449655860662460327e-02
4.464149475097656250e-02
4.478739947080612183e-02
4.493429139256477356e-02
4.508218169212341309e-02
4.523107782006263733e-02
4.538098350167274475e-02
4.553191363811492920e-02
4.568387940526008606e-02
4.583688080310821533e-02
4.599092528223991394e-02
4.614602029323577881e-02
4.630217701196670532e-02
4.645938798785209656e-02
4.661766812205314636e-02
4.677700996398925781e-02
4.693742468953132629e-02
4.709890484809875488e-02
4.726145789027214050e-02
4.742508009076118469e-02
4.758976772427558899e-02
4.775552451610565186e-02
4.792234301567077637e-02
4.809021577239036560e-02
4.825914651155471802e-02
4.842912405729293823e-02
4.860014468431472778e-02
4.877219721674919128e-02
4.894527420401573181e-02
4.911937192082405090e-02
4.929447546601295471e-02
4.947057366371154785e-02
4.964766278862953186e-02
4.982572421431541443e-02
5.000474676489830017e-02
5.018471553921699524e-02
5.036561936140060425e-02
5.054743960499763489e-02
5.073016881942749023e-02
5.091378837823867798e-02
5.109827965497970581e-02
5.128362774848937988e-02
5.146981403231620789e-02
5.165681988000869751e-02
5.184463039040565491e-02
5.203322693705558777e-02
5.222259089350700378e-02
5.241270363330841064e-02
5.260354280471801758e-02
5.279508978128433228e-02
5.298732593655586243e-02
5.318023264408111572e-02
5.337377637624740601e-02
5.356796085834503174e-02
5.376273766160011292e-02
5.395811051130294800e-02
5.415403470396995544e-02
5.435051023960113525e-02
5.454750359058380127e-02
5.474499240517616272e-02
5.494295433163642883e-02
5.514137446880340576e-02
5.534021928906440735e-02
5.553947389125823975e-02
5.573911219835281372e-02
5.593911930918693542e-02
5.613945424556732178e-02
5.634010955691337585e-02
5.654105544090270996e-02
5.674226209521293640e-02
5.694372206926345825e-02
5.714539438486099243e-02
5.734725296497344971e-02
5.754929035902023315e-02
5.775146558880805969e-02
5.795375630259513855e-02
5.815614387392997742e-02
5.835859104990959167e-02
5.856108292937278748e-02
5.876358598470687866e-02
5.896607041358947754e-02
5.916851386427879333e-02
5.937088653445243835e-02
5.957316234707832336e-02
5.977531522512435913e-02
5.997731164097785950e-02
6.017912179231643677e-02
6.038072705268859863e-02
6.058208271861076355e-02
6.078317016363143921e-02
6.098395586013793945e-02
6.118440628051757812e-02
6.138449907302856445e-02
6.158419325947761536e-02
6.178347393870353699e-02
6.198229640722274780e-02
6.218063831329345703e-02
6.237845867872238159e-02
6.257573515176773071e-02
6.277243793010711670e-02
6.296852231025695801e-02
6.316398084163665771e-02
6.335876137018203735e-02
6.355284899473190308e-02
6.374619901180267334e-02
6.393878906965255737e-02
6.413058936595916748e-02
6.432156264781951904e-02
6.451169401407241821e-02
6.470093876123428345e-02
6.488927453756332397e-02
6.507667899131774902e-02
6.526311486959457397e-02
6.544855982065200806e-02
6.563299149274826050e-02
6.581636518239974976e-02
6.599867343902587891e-02
6.617988646030426025e-02
6.635997444391250610e-02
6.653891503810882568e-02
6.671668589115142822e-02
6.689327210187911987e-02
6.706863641738891602e-02
6.724276393651962280e-02
6.741563975811004639e-02
6.758724153041839600e-02
6.775753945112228394e-02
6.792653352022171021e-02
6.809417903423309326e-02
6.826049089431762695e-02
6.842543184757232666e-02
6.858898699283599854e-02
6.875114887952804565e-02
6.891189515590667725e-02
6.907122582197189331e-02
6.922911852598190308e-02
6.938555091619491577e-02
6.954053044319152832e-02
6.969403475522994995e-02
6.984605640172958374e-02
6.999658793210983276e-02
7.014561444520950317e-02
7.029312849044799805e-02
7.043912261724472046e-02
7.058358937501907349e-02
7.072652876377105713e-02
7.086792588233947754e-02
7.100778073072433472e-02
7.114609330892562866e-02
7.128283381462097168e-02
7.141802459955215454e-02
7.155165076255798340e-02
7.168371230363845825e-02
7.181420177221298218e-02
7.194311916828155518e-02
7.207045704126358032e-02
7.219622284173965454e-02
7.232040911912918091e-02
7.244301587343215942e-02
7.256404310464859009e-02
7.268349826335906982e-02
7.280136644840240479e-02
7.291767001152038574e-02
7.303239405155181885e-02
7.314553856849670410e-02
7.325711846351623535e-02
7.336712628602981567e-02
7.347557693719863892e-02
7.358246296644210815e-02
7.368779927492141724e-02
7.379157841205596924e-02
7.389381527900695801e-02
7.399451732635498047e-02
7.409369200468063354e-02
7.419133186340332031e-02
7.428746670484542847e-02
7.438209652900695801e-02
7.447522878646850586e-02
7.456687837839126587e-02
7.465705275535583496e-02
7.474575936794281006e-02
7.483301311731338501e-02
7.491883635520935059e-02
7.500324398279190063e-02
7.508622854948043823e-02
7.516783475875854492e-02
7.524805516004562378e-02
7.532691955566406250e-02
7.540444284677505493e-02
7.548064738512039185e-02
7.555554807186126709e-02
7.562915980815887451e-02
7.570150494575500488e-02
7.577262073755264282e-02
7.584251463413238525e-02
7.591120898723602295e-02
7.597873359918594360e-02
7.604510337114334106e-02
7.611035555601119995e-02
7.617450505495071411e-02
7.623758912086486816e-02
7.629962265491485596e-02
7.636063545942306519e-02
7.642065733671188354e-02
7.647971808910369873e-02
7.653784006834030151e-02
7.659506052732467651e-02
7.665140181779861450e-02
7.670690119266510010e-02
7.676157355308532715e-02
7.681545615196228027e-02
7.686858624219894409e-02
7.692098617553710938e-02
7.697270065546035767e-02
7.702373713254928589e-02
7.707414031028747559e-02
7.712393999099731445e-02
7.717316597700119019e-02
7.722185552120208740e-02
7.727002352476119995e-02
7.731771469116210938e-02
7.736495882272720337e-02
7.741177827119827271e-02
7.745821774005889893e-02
7.750429213047027588e-02
7.755003869533538818e-02
7.759547978639602661e-02
7.764066755771636963e-02
7.768560945987701416e-02
7.773034274578094482e-02
7.777489721775054932e-02
7.781930267810821533e-02
7.786358892917633057e-02
7.790777832269668579e-02
7.795190066099166870e-02
7.799599319696426392e-02
7.804007828235626221e-02
7.808417826890945435e-02
7.812833040952682495e-02
7.817255705595016479e-02
7.821688055992126465e-02
7.826133817434310913e-02
7.830595225095748901e-02
7.835074514150619507e-02
7.839575409889221191e-02
7.844098657369613647e-02
7.848648726940155029e-02
7.853227108716964722e-02
7.857836782932281494e-02
7.862480729818344116e-02
7.867160439491271973e-02
7.871878892183303833e-02
7.876638323068618774e-02
7.881442457437515259e-02
7.886292040348052979e-02
7.891190052032470703e-02
7.896139472723007202e-02
7.901143282651901245e-02
7.906201481819152832e-02
7.911318540573120117e-02
7.916495949029922485e-02
7.921736687421798706e-02
7.927042245864868164e-02
7.932416349649429321e-02
7.937858998775482178e-02
7.943373173475265503e-02
7.948961853981018066e-02
7.954627275466918945e-02
7.960370928049087524e-02
7.966194301843643188e-02
7.972101122140884399e-02
7.978091388940811157e-02
7.984168827533721924e-02
7.990334182977676392e-02
7.996588945388793945e-02
8.002936094999313354e-02
8.009377866983413696e-02
8.015913516283035278e-02
8.022547513246536255e-02
8.029279112815856934e-02
8.036110550165176392e-02
8.043043315410614014e-02
8.050080388784408569e-02
8.057219535112380981e-02
8.064465224742889404e-02
8.071817457675933838e-02
8.079276978969573975e-02
8.086843788623809814e-02
8.094520866870880127e-02
8.102307468652725220e-02
8.110205829143524170e-02
8.118215203285217285e-02
8.126336336135864258e-02
8.134569972753524780e-02
8.142917603254318237e-02
8.151376992464065552e-02
8.159950375556945801e-02
8.168637752532958984e-02
8.177437633275985718e-02
8.186351507902145386e-02
8.195378631353378296e-02
8.204519003629684448e-02
8.213771879673004150e-02
8.223138004541397095e-02
8.232615143060684204e-02
8.242204040288925171e-02
8.251904696226119995e-02
8.261714130640029907e-02
8.271633833646774292e-02
8.281662315130233765e-02
8.291797339916229248e-02
8.302039653062820435e-02
8.312387764453887939e-02
8.322840183973312378e-02
8.333396166563034058e-02
8.344054222106933594e-02
8.354813605546951294e-02
8.365672081708908081e-02
8.376628905534744263e-02
8.387682586908340454e-02
8.398831635713577271e-02
8.410075306892395020e-02
8.421409875154495239e-02
8.432836085557937622e-02
8.444350212812423706e-02
8.455953001976013184e-02
8.467640727758407593e-02
8.479411900043487549e-02
8.491266518831253052e-02
8.503200113773345947e-02
8.515211939811706543e-02
8.527301251888275146e-02
8.539464324712753296e-02
8.551699668169021606e-02
8.564005792140960693e-02
8.576381206512451172e-02
8.588822185993194580e-02
8.601327240467071533e-02
8.613895624876022339e-02
8.626522868871688843e-02
8.639208972454071045e-02
8.651950210332870483e-02
8.664744347333908081e-02
8.677589893341064453e-02
8.690483868122100830e-02
8.703423291444778442e-02
8.716407418251037598e-02
8.729433268308639526e-02
8.742497861385345459e-02
8.755598217248916626e-02
8.768732845783233643e-02
8.781898021697998047e-02
8.795092254877090454e-02
8.808312565088272095e-02
8.821555972099304199e-02
8.834819495677947998e-02
8.848100155591964722e-02
8.861395716667175293e-02
8.874703198671340942e-02
8.888020366430282593e-02
8.901342749595642090e-02
8.914668112993240356e-02
8.927993476390838623e-02
8.941315859556198120e-02
8.954632282257080078e-02
8.967939019203186035e-02
8.981233090162277222e-02
8.994512259960174561e-02
9.007772803306579590e-02
9.021010994911193848e-02
9.034224599599838257e-02
9.047408401966094971e-02
9.060562402009963989e-02
9.073679894208908081e-02
9.086760878562927246e-02
9.099798649549484253e-02
9.112793207168579102e-02
9.125738590955734253e-02
9.138633310794830322e-02
9.151473641395568848e-02
9.164255857467651367e-02
9.176976978778839111e-02
9.189634025096893311e-02
9.202223271131515503e-02
9.214742481708526611e-02
9.227187931537628174e-02
9.239555895328521729e-02
9.251843392848968506e-02
9.264048188924789429e-02
9.276166558265686035e-02
9.288197010755538940e-02
9.300133585929870605e-02
9.311976283788681030e-02
9.323720633983612061e-02
9.335364401340484619e-02
9.346904605627059937e-02
9.358338266611099243e-02
9.369663149118423462e-02
9.380876272916793823e-02
9.391975402832031250e-02
9.402957558631896973e-02
9.413820505142211914e-02
9.424562007188796997e-02
9.435179829597473145e-02
9.445670992136001587e-02
9.456033259630203247e-02
9.466265141963958740e-02
9.476364403963088989e-02
9.486328065395355225e-02
9.496154636144638062e-02
9.505842626094818115e-02
9.515389055013656616e-02
9.524793177843093872e-02
9.534052759408950806e-02
9.543165564537048340e-02
9.552130103111267090e-02
9.560944885015487671e-02
9.569608420133590698e-02
9.578119218349456787e-02
9.586475044488906860e-02
9.594674408435821533e-02
9.602717310190200806e-02
9.610600769519805908e-02
9.618324786424636841e-02
9.625886380672454834e-02
9.633285552263259888e-02
9.640521556138992310e-02
9.647592157125473022e-02
9.654497355222702026e-02
9.661234170198440552e-02
9.667803347110748291e-02
9.674203395843505859e-02
9.680434316396713257e-02
9.686493128538131714e-02
9.692381322383880615e-02
9.698096662759780884e-02
9.703638404607772827e-02
9.709007292985916138e-02
9.714201092720031738e-02
9.719220548868179321e-02
9.724064171314239502e-02
9.728731215000152588e-02
9.733223170042037964e-02
9.737537801265716553e-02
9.741675108671188354e-02
9.745635837316513062e-02
9.749419242143630981e-02
9.753025323152542114e-02
9.756453335285186768e-02
9.759704768657684326e-02
9.762778133153915405e-02
9.765674918889999390e-02
9.768395125865936279e-02
9.770938009023666382e-02
9.773305058479309082e-02
9.775497019290924072e-02
9.777513146400451660e-02
9.779354184865951538e-02
9.781021624803543091e-02
9.782516211271286011e-02
9.783838689327239990e-02
9.784989058971405029e-02
9.785969555377960205e-02
9.786780178546905518e-02
9.787422418594360352e-02
9.787897765636444092e-02
9.788207709789276123e-02
9.788352251052856445e-02
9.788335114717483521e-02
9.788155555725097656e-02
9.787815809249877930e-02
9.787317365407943726e-02
9.786663204431533813e-02
9.785853326320648193e-02
9.784891456365585327e-02
9.783776849508285522e-02
9.782513976097106934e-02
9.781103581190109253e-02
9.779548645019531250e-02
9.777849912643432617e-02
9.776010364294052124e-02
9.774032980203628540e-02
9.771918505430221558e-02
9.769669920206069946e-02
9.767289459705352783e-02
9.764780849218368530e-02
9.762144088745117188e-02
9.759382903575897217e-02
9.756501019001007080e-02
9.753499180078506470e-02
9.750380367040634155e-02
9.747147560119628906e-02
9.743802994489669800e-02
9.740350395441055298e-02
9.736790508031845093e-02
9.733127057552337646e-02
9.729363024234771729e-02
9.725501388311386108e-02
9.721543639898300171e-02
9.717494249343872070e-02
9.713353216648101807e-02
9.709126502275466919e-02
9.704814851284027100e-02
9.700421988964080811e-02
9.695949405431747437e-02
9.691400825977325439e-02
9.686779975891113281e-02
9.682088345289230347e-02
9.677328169345855713e-02
9.672503918409347534e-02
9.667617082595825195e-02
9.662671387195587158e-02
9.657669812440872192e-02
9.652613103389739990e-02
9.647507220506668091e-02
9.642352163791656494e-02
9.637152403593063354e-02
9.631910175085067749e-02
9.626628458499908447e-02
9.621310234069824219e-02
9.615957736968994141e-02
9.610574692487716675e-02
9.605163335800170898e-02
9.599725157022476196e-02
9.594266116619110107e-02
9.588786214590072632e-02
9.583289921283721924e-02
9.577779471874237061e-02
9.572257101535797119e-02
9.566727280616760254e-02
9.561190754175186157e-02
9.555651992559432983e-02
9.550113230943679810e-02
9.544576704502105713e-02
9.539045393466949463e-02
9.533523768186569214e-02
9.528011828660964966e-02
9.522515535354614258e-02
9.517034888267517090e-02
9.511572867631912231e-02
9.506133943796157837e-02
9.500720351934432983e-02
9.495334327220916748e-02
9.489977359771728516e-02
9.484654664993286133e-02
9.479366987943649292e-02
9.474118053913116455e-02
9.468909353017807007e-02
9.463743865489959717e-02
9.458624571561813354e-02
9.453553706407546997e-02
9.448534250259399414e-02
9.443566948175430298e-02
9.438656270503997803e-02
9.433803707361221313e-02
9.429010748863220215e-02
9.424281120300292969e-02
9.419615566730499268e-02
9.415017813444137573e-02
9.410488605499267578e-02
9.406030923128128052e-02
9.401645511388778687e-02
9.397335350513458252e-02
9.393103420734405518e-02
9.388948976993560791e-02
9.384874999523162842e-02
9.380883723497390747e-02
9.376977384090423584e-02
9.373155236244201660e-02
9.369421005249023438e-02
9.365774691104888916e-02
9.362217783927917480e-02
9.358753263950347900e-02
9.355381131172180176e-02
9.352102130651473999e-02
9.348918497562408447e-02
9.345830976963043213e-02
9.342841058969497681e-02
9.339947998523712158e-02
9.337154030799865723e-02
9.334460645914077759e-02
9.331867098808288574e-02
9.329374879598617554e-02
9.326984733343124390e-02
9.324697405099868774e-02
9.322512149810791016e-02
9.320431202650070190e-02
9.318454563617706299e-02
9.316581487655639648e-02
9.314814209938049316e-02
9.313151240348815918e-02
9.311594069004058838e-02
9.310141950845718384e-02
9.308795630931854248e-02
9.307555109262466431e-02
9.306419640779495239e-02
9.305390715599060059e-02
9.304466098546981812e-02
9.303648769855499268e-02
9.302935749292373657e-02
9.302328526973724365e-02
9.301825612783432007e-02
9.301427751779556274e-02
9.301135689020156860e-02
9.300945699214935303e-02
9.300860762596130371e-02
9.300878643989562988e-02
9.300999343395233154e-02
9.301222115755081177e-02
9.301546961069107056e-02
9.301973134279251099e-02
9.302499890327453613e-02
9.303126484155654907e-02
9.303852170705795288e-02
9.304676204919815063e-02
9.305597841739654541e-02
9.306615591049194336e-02
9.307729452848434448e-02
9.308938682079315186e-02
9.310241788625717163e-02
9.311637282371520996e-02
9.313125163316726685e-02
9.314703941345214844e-02
9.316370636224746704e-02
9.318127483129501343e-02
9.319970756769180298e-02
9.321899712085723877e-02
9.323913604021072388e-02
9.326010197401046753e-02
9.328188747167587280e-02
9.330447018146514893e-02
9.332784265279769897e-02
9.335198253393173218e-02
9.337686747312545776e-02
9.340249747037887573e-02
9.342885017395019531e-02
9.345589578151702881e-02
9.348362684249877930e-02
9.351202100515365601e-02
9.354106336832046509e-02
9.357073903083801270e-02
9.360100328922271729e-02
9.363186359405517578e-02
9.366329014301300049e-02
9.369525313377380371e-02
9.372774511575698853e-02
9.376072883605957031e-02
9.379418939352035522e-02
9.382811188697814941e-02
9.386246651411056519e-02
9.389722347259521484e-02
9.393237531185150146e-02
9.396788477897644043e-02
9.400372952222824097e-02
9.403989464044570923e-02
9.407634288072586060e-02
9.411305934190750122e-02
9.415002167224884033e-02
9.418719261884689331e-02
9.422455728054046631e-02
9.426209330558776855e-02
9.429977089166641235e-02
9.433756023645401001e-02
9.437544643878936768e-02
9.441339969635009766e-02
9.445139020681381226e-02
9.448940306901931763e-02
9.452740848064422607e-02
9.456537663936614990e-02
9.460329264402389526e-02
9.464111924171447754e-02
9.467884898185729980e-02
9.471644461154937744e-02
9.475389122962951660e-02
9.479115158319473267e-02
9.482821822166442871e-02
9.486505389213562012e-02
9.490164369344711304e-02
9.493795037269592285e-02
9.497396647930145264e-02
9.500966966152191162e-02
9.504502266645431519e-02
9.508001804351806641e-02
9.511462599039077759e-02
9.514882415533065796e-02
9.518259018659591675e-02
9.521590918302536011e-02
9.524875134229660034e-02
9.528109431266784668e-02
9.531293064355850220e-02
9.534422308206558228e-02
9.537496417760848999e-02
9.540513157844543457e-02
9.543469548225402832e-02
9.546364098787307739e-02
9.549194574356079102e-02
9.551960229873657227e-02
9.554658085107803345e-02
9.557286649942398071e-02
9.559844434261322021e-02
9.562328457832336426e-02
9.564737230539321899e-02
9.567070007324218750e-02
9.569323807954788208e-02
9.571497887372970581e-02
9.573590010404586792e-02
9.575597941875457764e-02
9.577520191669464111e-02
9.579356014728546143e-02
9.581102430820465088e-02
9.582759439945220947e-02
9.584324806928634644e-02
9.585796296596527100e-02
9.587173163890838623e-02
9.588453918695449829e-02
9.589637070894241333e-02
9.590719640254974365e-02
9.591703116893768311e-02
9.592584520578384399e-02
9.593362361192703247e-02
9.594035893678665161e-02
9.594603627920150757e-02
9.595064818859100342e-02
9.595417231321334839e-02
9.595661610364913940e-02
9.595794975757598877e-02
9.595818072557449341e-02
9.595727920532226562e-02
9.595524519681930542e-02
9.595207870006561279e-02
9.594775736331939697e-02
9.594228118658065796e-02
9.593564271926879883e-02
9.592783451080322266e-02
9.591884911060333252e-02
9.590867906808853149e-02
9.589731693267822266e-02
9.588477015495300293e-02
9.587101638317108154e-02
9.585607051849365234e-02
9.583991020917892456e-02
9.582255035638809204e-02
9.580398350954055786e-02
9.578420221805572510e-02
9.576320648193359375e-02
9.574100375175476074e-02
9.571758657693862915e-02
9.569295495748519897e-02
9.566711634397506714e-02
9.564007073640823364e-02
9.561182558536529541e-02
9.558236598968505859e-02
9.555170685052871704e-02
9.551984816789627075e-02
9.548680484294891357e-02
9.545256942510604858e-02
9.541714936494827271e-02
9.538055956363677979e-02
9.534279257059097290e-02
9.530386328697204590e-02
9.526377916336059570e-02
9.522254019975662231e-02
9.518016874790191650e-02
9.513664990663528442e-02
9.509201347827911377e-02
9.504625946283340454e-02
9.499939531087875366e-02
9.495144337415695190e-02
9.490239620208740234e-02
9.485227614641189575e-02
9.480109065771102905e-02
9.474884718656539917e-02
9.469556063413619995e-02
9.464123845100402832e-02
9.458591043949127197e-02
9.452956169843673706e-02
9.447222203016281128e-02
9.441389888525009155e-02
9.435460716485977173e-02
9.429436177015304565e-02
9.423317015171051025e-02
9.417105466127395630e-02
9.410802274942398071e-02
9.404408931732177734e-02
9.397926926612854004e-02
9.391357749700546265e-02
9.384703636169433594e-02
9.377964586019515991e-02
9.371143579483032227e-02
9.364241361618041992e-02
9.357259422540664673e-02
9.350199252367019653e-02
9.343063831329345703e-02
9.335853159427642822e-02
9.328570216894149780e-02
9.321215003728866577e-02
9.313791245222091675e-02
9.306298941373825073e-02
9.298741072416305542e-02
9.291118383407592773e-02
9.283433854579925537e-02
9.275687485933303833e-02
9.267883747816085815e-02
9.260021895170211792e-02
9.252104908227920532e-02
9.244134277105331421e-02
9.236112236976623535e-02
9.228040277957916260e-02
9.219921380281448364e-02
9.211756289005279541e-02
9.203547239303588867e-02
9.195296466350555420e-02
9.187005460262298584e-02
9.178677201271057129e-02
9.170312434434890747e-02
9.161914139986038208e-02
9.153483808040618896e-02
9.145022928714752197e-02
9.136535227298736572e-02
9.128020703792572021e-02
9.119483083486557007e-02
9.110923856496810913e-02
9.102344512939453125e-02
9.093748033046722412e-02
9.085135161876678467e-02
9.076509624719619751e-02
9.067871421575546265e-02
9.059224277734756470e-02
9.050570428371429443e-02
9.041910618543624878e-02
9.033247828483581543e-02
9.024582803249359131e-02
9.015918523073196411e-02
9.007257223129272461e-02
8.998600393533706665e-02
8.989950269460678101e-02
8.981309086084365845e-02
8.972677588462829590e-02
8.964058756828308105e-02
8.955454081296920776e-02
8.946865051984786987e-02
8.938294649124145508e-02
8.929744362831115723e-02
8.921214938163757324e-02
8.912709355354309082e-02
8.904229104518890381e-02
8.895774930715560913e-02
8.887349814176559448e-02
8.878955245018005371e-02
8.870591968297958374e-02
8.862262219190597534e-02
8.853968232870101929e-02
8.845710754394531250e-02
8.837490528821945190e-02
8.829311281442642212e-02
8.821173012256622314e-02
8.813076466321945190e-02
8.805024623870849609e-02
8.797018229961395264e-02
8.789057284593582153e-02
8.781146258115768433e-02
8.773282915353775024e-02
8.765470981597900391e-02
8.757710456848144531e-02
8.750003576278686523e-02
8.742350339889526367e-02
8.734752237796783447e-02
8.727210015058517456e-02
8.719725161790847778e-02
8.712299168109893799e-02
8.704932034015655518e-02
8.697625249624252319e-02
8.690380305051803589e-02
8.683196455240249634e-02
8.676076680421829224e-02
8.669019490480422974e-02
8.662027865648269653e-02
8.655101060867309570e-02
8.648240566253662109e-02
8.641447126865386963e-02
8.634720742702484131e-02
8.628062158823013306e-02
8.621472865343093872e-02
8.614952862262725830e-02
8.608502149581909180e-02
8.602122217416763306e-02
8.595813810825347900e-02
8.589575439691543579e-02
8.583409339189529419e-02
8.577314764261245728e-02
8.571293950080871582e-02
8.565344661474227905e-02
8.559469133615493774e-02
8.553666621446609497e-02
8.547938615083694458e-02
8.542283624410629272e-02
8.536702394485473633e-02
8.531195670366287231e-02
8.525762706995010376e-02
8.520404249429702759e-02
8.515120297670364380e-02
8.509910106658935547e-02
8.504774421453475952e-02
8.499713242053985596e-02
8.494725823402404785e-02
8.489812165498733521e-02
8.484972268342971802e-02
8.480206131935119629e-02
8.475513011217117310e-02
8.470892906188964844e-02
8.466345071792602539e-02
8.461869508028030396e-02
8.457466959953308105e-02
8.453135192394256592e-02
8.448873460292816162e-02
8.444683253765106201e-02
8.440563082695007324e-02
8.436512202024459839e-02
8.432529866695404053e-02
8.428616076707839966e-02
8.424769341945648193e-02
8.420989662408828735e-02
8.417275547981262207e-02
8.413626998662948608e-02
8.410042524337768555e-02
8.406522125005722046e-02
8.403065055608749390e-02
8.399669080972671509e-02
8.396333456039428711e-02
8.393058925867080688e-02
8.389842510223388672e-02
8.386684209108352661e-02
8.383583277463912964e-02
8.380537480115890503e-02
8.377546072006225586e-02
8.374609053134918213e-02
8.371724188327789307e-02
8.368890732526779175e-02
8.366106450557708740e-02
8.363372832536697388e-02
8.360685408115386963e-02
8.358044177293777466e-02
8.355448395013809204e-02
8.352896571159362793e-02
8.350387215614318848e-02
8.347918838262557983e-02
8.345489948987960815e-02
8.343100547790527344e-02
8.340746909379959106e-02
8.338429778814315796e-02
8.336146920919418335e-02
8.333896845579147339e-02
8.331678062677383423e-02
8.329488337039947510e-02
8.327329158782958984e-02
8.325196057558059692e-02
8.323089033365249634e-02
8.321006596088409424e-02
8.318945765495300293e-02
8.316907286643981934e-02
8.314888924360275269e-02
8.312889188528060913e-02
8.310905843973159790e-02
8.308938145637512207e-02
8.306984603404998779e-02
8.305043727159500122e-02
8.303114026784896851e-02
8.301194012165069580e-02
8.299282193183898926e-02
8.297376334667205811e-02
8.295477181673049927e-02
8.293581008911132812e-02
8.291687071323394775e-02
8.289794623851776123e-02
8.287900686264038086e-02
8.286006003618240356e-02
8.284106850624084473e-02
8.282203227281570435e-02
8.280292898416519165e-02
8.278375864028930664e-02
8.276449143886566162e-02
8.274511247873306274e-02
8.272562175989151001e-02
8.270598948001861572e-02
8.268621563911437988e-02
8.266627788543701172e-02
8.264616876840591431e-02
8.262586593627929688e-02
8.260536193847656250e-02
8.258464187383651733e-02
8.256368339061737061e-02
8.254249393939971924e-02
8.252104371786117554e-02
8.249931782484054565e-02
8.247731626033782959e-02
8.245501667261123657e-02
8.243240416049957275e-02
8.240946382284164429e-02
8.238620311021804810e-02
8.236258476972579956e-02
8.233860880136489868e-02
8.231426775455474854e-02
8.228953182697296143e-02
8.226440846920013428e-02
8.223886787891387939e-02
8.221291005611419678e-02
8.218652755022048950e-02
8.215969055891036987e-02
8.213241398334503174e-02
8.210466057062149048e-02
8.207643777132034302e-02
8.204772323369979858e-02
8.201851695775985718e-02
8.198879659175872803e-02
8.195856213569641113e-02
8.192779868841171265e-02
8.189649879932403564e-02
8.186464756727218628e-02
8.183225244283676147e-02
8.179928362369537354e-02
8.176574856042861938e-02
8.173162490129470825e-02
8.169692009687423706e-02
8.166161179542541504e-02
8.162569999694824219e-02
8.158917725086212158e-02
8.155203610658645630e-02
8.151426166296005249e-02
8.147586137056350708e-02
8.143682032823562622e-02
8.139713853597640991e-02
8.135680854320526123e-02
8.131582289934158325e-02
8.127417415380477905e-02
8.123186230659484863e-02
8.118888735771179199e-02
8.114523440599441528e-02
8.110091090202331543e-02
8.105590194463729858e-02
8.101022243499755859e-02
8.096385002136230469e-02
8.091679215431213379e-02
8.086904138326644897e-02
8.082060515880584717e-02
8.077147603034973145e-02
8.072165399789810181e-02
8.067113161087036133e-02
8.061993122100830078e-02
8.056802302598953247e-02
8.051542192697525024e-02
8.046212792396545410e-02
8.040814846754074097e-02
8.035346865653991699e-02
8.029809594154357910e-02
8.024203777313232422e-02
8.018529415130615234e-02
8.012786507606506348e-02
8.006975054740905762e-02
8.001095056533813477e-02
7.995148748159408569e-02
7.989133149385452271e-02
7.983051240444183350e-02
7.976902276277542114e-02
7.970687001943588257e-02
7.964406162500381470e-02
7.958059012889862061e-02
7.951646298170089722e-02
7.945168763399124146e-02
7.938627153635025024e-02
7.932022213935852051e-02
7.925353944301605225e-02
7.918621599674224854e-02
7.911828160285949707e-02
7.904972881078720093e-02
7.898056507110595703e-02
7.891079038381576538e-02
7.884041965007781982e-02
7.876944541931152344e-02
7.869789749383926392e-02
7.862576842308044434e-02
7.855305820703506470e-02
7.847978919744491577e-02
7.840595394372940063e-02
7.833156734704971313e-02
7.825663685798645020e-02
7.818116992712020874e-02
7.810517400503158569e-02
7.802864909172058105e-02
7.795161753892898560e-02
7.787407934665679932e-02
7.779604196548461914e-02
7.771752029657363892e-02
7.763851433992385864e-02
7.755903154611587524e-02
7.747909426689147949e-02
7.739870250225067139e-02
7.731786370277404785e-02
7.723659276962280273e-02
7.715489715337753296e-02
7.707278430461883545e-02
7.699026912450790405e-02
7.690735161304473877e-02
7.682406157255172729e-02
7.674039900302886963e-02
7.665636390447616577e-02
7.657197862863540649e-02
7.648725062608718872e-02
7.640219479799270630e-02
7.631681859493255615e-02
7.623113691806793213e-02
7.614515721797943115e-02
7.605889439582824707e-02
7.597234845161437988e-02
7.588554918766021729e-02
7.579850405454635620e-02
7.571121305227279663e-02
7.562370598316192627e-02
7.553597539663314819e-02
7.544805109500885010e-02
7.535994052886962891e-02
7.527164369821548462e-02
7.518319040536880493e-02
7.509458810091018677e-02
7.500583678483963013e-02
7.491696625947952271e-02
7.482797652482986450e-02
7.473888993263244629e-02
7.464970648288726807e-02
7.456045597791671753e-02
7.447113096714019775e-02
7.438176125288009644e-02
7.429235428571701050e-02
7.420291006565093994e-02
7.411345094442367554e-02
7.402399182319641113e-02
7.393454015254974365e-02
7.384510338306427002e-02
7.375570386648178101e-02
7.366634160280227661e-02
7.357703894376754761e-02
7.348780333995819092e-02
7.339863479137420654e-02
7.330956310033798218e-02
7.322058826684951782e-02
7.313171774148941040e-02
7.304296642541885376e-02
7.295434921979904175e-02
7.286586612462997437e-02
7.277753949165344238e-02
7.268937677145004272e-02
7.260137051343917847e-02
7.251355051994323730e-02
7.242592424154281616e-02
7.233848422765731812e-02
7.225126028060913086e-02
7.216424494981765747e-02
7.207746058702468872e-02
7.199090719223022461e-02
7.190459221601486206e-02
7.181852310895919800e-02
7.173271477222442627e-02
7.164717465639114380e-02
7.156190276145935059e-02
7.147691398859024048e-02
7.139222323894500732e-02
7.130781561136245728e-02
7.122371345758438110e-02
7.113992422819137573e-02
7.105644792318344116e-02
7.097329944372177124e-02
7.089047878980636597e-02
7.080799341201782227e-02
7.072585821151733398e-02
7.064407318830490112e-02
7.056263834238052368e-02
7.048157602548599243e-02
7.040087133646011353e-02
7.032054662704467773e-02
7.024060934782028198e-02
7.016104459762573242e-02
7.008188217878341675e-02
7.000311464071273804e-02
6.992474943399429321e-02
6.984679400920867920e-02
6.976924836635589600e-02
6.969212740659713745e-02
6.961542367935180664e-02
6.953915208578109741e-02
6.946331262588500977e-02
6.938790529966354370e-02
6.931294500827789307e-02
6.923842430114746094e-02
6.916435807943344116e-02
6.909074634313583374e-02
6.901758909225463867e-02
6.894488632678985596e-02
6.887265294790267944e-02
6.880088150501251221e-02
6.872957944869995117e-02
6.865875422954559326e-02
6.858839839696884155e-02
6.851851940155029297e-02
6.844911724328994751e-02
6.838018447160720825e-02
6.831175088882446289e-02
6.824377924203872681e-02
6.817629933357238770e-02
6.810930371284484863e-02
6.804278492927551270e-02
6.797675043344497681e-02
6.791120022535324097e-02
6.784612685441970825e-02
6.778153777122497559e-02
6.771743297576904297e-02
6.765380501747131348e-02
6.759064644575119019e-02
6.752796471118927002e-02
6.746575981378555298e-02
6.740402430295944214e-02
6.734275817871093750e-02
6.728195399045944214e-02
6.722161918878555298e-02
6.716173142194747925e-02
6.710230559110641479e-02
6.704332679510116577e-02
6.698479503393173218e-02
6.692671030759811401e-02
6.686906516551971436e-02
6.681184470653533936e-02
6.675505638122558594e-02
6.669870018959045410e-02
6.664275377988815308e-02
6.658722460269927979e-02
6.653210520744323730e-02
6.647738814353942871e-02
6.642306596040725708e-02
6.636913865804672241e-02
6.631559878587722778e-02
6.626242399215698242e-02
6.620964407920837402e-02
6.615721434354782104e-02
6.610516458749771118e-02
6.605345755815505981e-02
6.600210070610046387e-02
6.595109403133392334e-02
6.590041518211364746e-02
6.585007905960083008e-02
6.580006331205368042e-02
6.575036048889160156e-02
6.570097059011459351e-02
6.565189361572265625e-02
6.560309976339340210e-02
6.555461138486862183e-02
6.550640612840652466e-02
6.545848399400711060e-02
6.541083753108978271e-02
6.536345183849334717e-02
6.531633436679840088e-02
6.526946276426315308e-02
6.522283703088760376e-02
6.517645716667175293e-02
6.513031572103500366e-02
6.508439779281616211e-02
6.503869593143463135e-02
6.499321758747100830e-02
6.494794785976409912e-02
6.490287929773330688e-02
6.485799700021743774e-02
6.481330841779708862e-02
6.476879864931106567e-02
6.472446024417877197e-02
6.468029320240020752e-02
6.463629007339477539e-02
6.459243595600128174e-02
6.454872339963912964e-02
6.450515240430831909e-02
6.446170806884765625e-02
6.441839039325714111e-02
6.437518447637557983e-02
6.433209031820297241e-02
6.428909301757812500e-02
6.424619257450103760e-02
6.420336663722991943e-02
6.416062265634536743e-02
6.411794573068618774e-02
6.407533586025238037e-02
6.403277069330215454e-02
6.399025022983551025e-02
6.394776701927185059e-02
6.390530616044998169e-02
6.386286765336990356e-02
6.382043659687042236e-02
6.377800554037094116e-02
6.373557448387145996e-02
6.369312107563018799e-02
6.365064531564712524e-02
6.360813230276107788e-02
6.356558948755264282e-02
6.352299451828002930e-02
6.348033994436264038e-02
6.343761831521987915e-02
6.339482218027114868e-02
6.335194408893585205e-02
6.330898404121398926e-02
6.326591223478317261e-02
6.322274357080459595e-02
6.317945569753646851e-02
6.313605606555938721e-02
6.309251487255096436e-02
6.304884701967239380e-02
6.300503015518188477e-02
6.296107172966003418e-02
6.291694939136505127e-02
6.287267059087753296e-02
6.282821297645568848e-02
6.278358399868011475e-02
6.273877620697021484e-02
6.269377470016479492e-02
6.264857947826385498e-02
6.260318309068679810e-02
6.255759298801422119e-02
6.251178681850433350e-02
6.246576085686683655e-02
6.241952255368232727e-02
6.237306445837020874e-02
6.232637166976928711e-02
6.227944791316986084e-02
6.223229691386222839e-02
6.218490004539489746e-02
6.213725730776786804e-02
6.208937615156173706e-02
6.204123422503471375e-02
6.199285015463829041e-02
6.194420903921127319e-02
6.189531460404396057e-02
6.184615567326545715e-02
6.179673224687576294e-02
6.174704432487487793e-02
6.169709190726280212e-02
6.164686009287834167e-02
6.159636750817298889e-02
6.154559552669525146e-02
6.149455532431602478e-02
6.144323945045471191e-02
6.139163672924041748e-02
6.133975833654403687e-02
6.128759682178497314e-02
6.123515218496322632e-02
6.118242442607879639e-02
6.112941354513168335e-02
6.107611209154129028e-02
6.102252006530761719e-02
6.096864119172096252e-02
6.091447174549102783e-02
6.086001172661781311e-02
6.080525740981101990e-02
6.075020506978034973e-02
6.069486588239669800e-02
6.063922494649887085e-02
6.058329343795776367e-02
6.052705645561218262e-02
6.047052145004272461e-02
6.041368842124938965e-02
6.035656109452247620e-02
6.029913201928138733e-02
6.024140119552612305e-02
6.018336489796638489e-02
6.012503057718276978e-02
6.006639078259468079e-02
6.000745669007301331e-02
5.994821339845657349e-02
5.988867580890655518e-02
5.982882902026176453e-02
5.976868420839309692e-02
5.970824509859085083e-02
5.964750051498413086e-02
5.958646163344383240e-02
5.952512472867965698e-02
5.946348980069160461e-02
5.940156057476997375e-02
5.933934077620506287e-02
5.927682295441627502e-02
5.921401828527450562e-02
5.915093049407005310e-02
5.908755585551261902e-02
5.902390182018280029e-02
5.895996466279029846e-02
5.889575555920600891e-02
5.883126705884933472e-02
5.876651778817176819e-02
5.870149657130241394e-02
5.863621085882186890e-02
5.857066810131072998e-02
5.850487202405929565e-02
5.843883380293846130e-02
5.837253853678703308e-02
5.830600857734680176e-02
5.823924392461776733e-02
5.817224830389022827e-02
5.810501798987388611e-02
5.803757160902023315e-02
5.796991288661956787e-02
5.790204182267189026e-02
5.783396586775779724e-02
5.776569992303848267e-02
5.769722908735275269e-02
5.762857571244239807e-02
5.755974724888801575e-02
5.749073624610900879e-02
5.742155387997627258e-02
5.735221505165100098e-02
5.728271231055259705e-02
5.721306428313255310e-02
5.714326724410057068e-02
5.707332864403724670e-02
5.700325965881347656e-02
5.693306401371955872e-02
5.686274170875549316e-02
5.679230764508247375e-02
5.672176927328109741e-02
5.665111914277076721e-02
5.658037215471267700e-02
5.650953575968742371e-02
5.643860250711441040e-02
5.636759474873542786e-02
5.629651248455047607e-02
5.622535571455955505e-02
5.615412816405296326e-02
5.608284473419189453e-02
5.601150915026664734e-02
5.594011768698692322e-02
5.586867779493331909e-02
5.579720437526702881e-02
5.572568625211715698e-02
5.565413832664489746e-02
5.558257177472114563e-02
5.551097542047500610e-02
5.543936416506767273e-02
5.536773800849914551e-02
5.529610067605972290e-02
5.522445961833000183e-02
5.515282228589057922e-02
5.508118495345115662e-02
5.500956252217292786e-02
5.493794381618499756e-02
5.486635118722915649e-02
5.479478091001510620e-02
5.472323298454284668e-02
5.465171486139297485e-02
5.458023026585578918e-02
5.450878664851188660e-02
5.443738400936126709e-02
5.436603724956512451e-02
5.429473519325256348e-02
5.422349646687507629e-02
5.415231734514236450e-02
5.408120527863502502e-02
5.401016399264335632e-02
5.393920093774795532e-02
5.386831983923912048e-02
5.379752814769744873e-02
5.372682213783264160e-02
5.365621298551559448e-02
5.358570441603660583e-02
5.351530760526657104e-02
5.344501882791519165e-02
5.337484180927276611e-02
5.330479145050048828e-02
5.323486775159835815e-02
5.316507443785667419e-02
5.309542268514633179e-02
5.302590504288673401e-02
5.295654013752937317e-02
5.288732796907424927e-02
5.281827226281166077e-02
5.274937674403190613e-02
5.268065258860588074e-02
5.261209979653358459e-02
5.254372581839561462e-02
5.247553065419197083e-02
5.240752175450325012e-02
5.233971029520034790e-02
5.227208882570266724e-02
5.220467224717140198e-02
5.213745310902595520e-02
5.207044631242752075e-02
5.200365185737609863e-02
5.193706974387168884e-02
5.187071114778518677e-02
5.180457234382629395e-02
5.173866078257560730e-02
5.167297646403312683e-02
5.160752311348915100e-02
5.154230818152427673e-02
5.147732421755790710e-02
5.141257867217063904e-02
5.134807899594306946e-02
5.128381773829460144e-02
5.121980234980583191e-02
5.115603283047676086e-02
5.109250918030738831e-02
5.102923139929771423e-02
5.096620693802833557e-02
5.090342834591865540e-02
5.084089934825897217e-02
5.077861994504928589e-02
5.071659386157989502e-02
5.065481737256050110e-02
5.059329047799110413e-02
5.053200945258140564e-02
5.047098174691200256e-02
5.041020363569259644e-02
5.034967139363288879e-02
5.028938502073287964e-02
5.022935196757316589e-02
5.016955733299255371e-02
5.011000856757164001e-02
5.005070567131042480e-02
4.999164491891860962e-02
4.993282631039619446e-02
4.987424239516258240e-02
4.981590062379837036e-02
4.975779727101325989e-02
4.969992861151695251e-02
4.964229464530944824e-02
4.958489537239074707e-02
4.952772706747055054e-02
4.947079345583915710e-02
4.941409081220626831e-02
4.935761168599128723e-02
4.930136352777481079e-02
4.924533888697624207e-02
4.918954521417617798e-02
4.913397505879402161e-02
4.907862469553947449e-02
4.902350157499313354e-02
4.896859452128410339e-02
4.891391098499298096e-02
4.885945096611976624e-02
4.880520701408386230e-02
4.875118285417556763e-02
4.869737476110458374e-02
4.864378646016120911e-02
4.859041050076484680e-02
4.853725433349609375e-02
4.848431050777435303e-02
4.843157902359962463e-02
4.837906360626220703e-02
4.832675680518150330e-02
4.827466234564781189e-02
4.822277650237083435e-02
4.817109927535057068e-02
4.811963066458702087e-02
4.806836694478988647e-02
4.801731184124946594e-02
4.796645790338516235e-02
4.791580885648727417e-02
4.786535724997520447e-02
4.781510308384895325e-02
4.776505008339881897e-02
4.771518707275390625e-02
4.766551777720451355e-02
4.761604219675064087e-02
4.756674915552139282e-02
4.751764237880706787e-02
4.746871814131736755e-02
4.741997271776199341e-02
4.737139865756034851e-02
4.732299968600273132e-02
4.727476835250854492e-02
4.722670093178749084e-02
4.717879742383956909e-02
4.713105037808418274e-02
4.708345606923103333e-02
4.703600704669952393e-02
4.698870331048965454e-02
4.694154113531112671e-02
4.689451307058334351e-02
4.684761166572570801e-02
4.680084437131881714e-02
4.675418883562088013e-02
4.670765250921249390e-02
4.666122421622276306e-02
4.661490023136138916e-02
4.656867682933807373e-02
4.652255401015281677e-02
4.647651314735412598e-02
4.643055796623229980e-02
4.638468474149703979e-02
4.633888602256774902e-02
4.629315435886383057e-02
4.624748602509498596e-02
4.620187729597091675e-02
4.615632444620132446e-02
4.611082002520561218e-02
4.606536403298377991e-02
4.601994529366493225e-02
4.597456380724906921e-02
4.592921584844589233e-02
4.588389396667480469e-02
4.583859443664550781e-02
4.579332098364830017e-02
4.574805870652198792e-02
4.570281133055686951e-02
4.565757885575294495e-02
4.561234638094902039e-02
4.556712135672569275e-02
4.552190005779266357e-02
4.547667503356933594e-02
4.543144628405570984e-02
4.538621008396148682e-02
4.534097015857696533e-02
4.529571533203125000e-02
4.525045305490493774e-02
4.520517587661743164e-02
4.515988379716873169e-02
4.511457681655883789e-02
4.506925120949745178e-02
4.502390697598457336e-02
4.497854039072990417e-02
4.493315517902374268e-02
4.488774389028549194e-02
4.484231024980545044e-02
4.479685053229331970e-02
4.475136846303939819e-02
4.470585659146308899e-02
4.466031864285469055e-02
4.461475089192390442e-02
4.456915333867073059e-02
4.452352598309516907e-02
4.447786137461662292e-02
4.443216696381568909e-02
4.438643530011177063e-02
4.434066638350486755e-02
4.429486021399497986e-02
4.424900934100151062e-02
4.420311748981475830e-02
4.415718093514442444e-02
4.411119967699050903e-02
4.406516999006271362e-02
4.401908814907073975e-02
4.397295415401458740e-02
4.392676055431365967e-02
4.388051107525825500e-02
4.383419826626777649e-02
4.378782212734222412e-02
4.374137893319129944e-02
4.369486495852470398e-02
4.364827647805213928e-02
4.360160976648330688e-02
4.355486482381820679e-02
4.350803792476654053e-02
4.346112161874771118e-02
4.341411963105201721e-02
4.336702078580856323e-02
4.331982880830764771e-02
4.327253624796867371e-02
4.322514310479164124e-02
4.317764192819595337e-02
4.313003644347190857e-02
4.308231547474861145e-02
4.303448274731636047e-02
4.298653453588485718e-02
4.293846711516380310e-02
4.289028048515319824e-02
4.284197092056274414e-02
4.279353842139244080e-02
4.274497553706169128e-02
4.269628971815109253e-02
4.264747723937034607e-02
4.259853065013885498e-02
4.254945740103721619e-02
4.250025376677513123e-02
4.245091974735260010e-02
4.240145906805992126e-02
4.235186800360679626e-02
4.230214655399322510e-02
4.225230216979980469e-02
4.220232740044593811e-02
4.215222597122192383e-02
4.210200905799865723e-02
4.205166175961494446e-02
4.200120270252227783e-02
4.195062443614006042e-02
4.189993068575859070e-02
4.184912890195846558e-02
4.179821163415908813e-02
4.174719750881195068e-02
4.169607162475585938e-02
4.164485260844230652e-02
4.159353673458099365e-02
4.154212772846221924e-02
4.149062931537628174e-02
4.143904522061347961e-02
4.138737916946411133e-02
4.133563488721847534e-02
4.128381237387657166e-02
4.123191908001899719e-02
4.117995500564575195e-02
4.112792760133743286e-02
4.107583314180374146e-02
4.102368652820587158e-02
4.097147285938262939e-02
4.091921076178550720e-02
4.086689278483390808e-02
4.081452637910842896e-02
4.076211154460906982e-02
4.070965200662612915e-02
4.065714776515960693e-02
4.060459882020950317e-02
4.055200889706611633e-02
4.049937799572944641e-02
4.044670611619949341e-02
4.039399698376655579e-02
4.034125059843063354e-02
4.028846696019172668e-02
4.023564234375953674e-02
4.018278419971466064e-02
4.012988507747650146e-02
4.007694870233535767e-02
4.002397507429122925e-02
3.997096046805381775e-02
3.991790860891342163e-02
3.986481577157974243e-02
3.981168568134307861e-02
3.975851088762283325e-02
3.970529884099960327e-02
3.965204209089279175e-02
3.959874063730239868e-02
3.954539820551872253e-02
3.949201107025146484e-02
3.943858668208122253e-02
3.938511386513710022e-02
3.933160006999969482e-02
3.927804157137870789e-02
3.922444209456443787e-02
3.917079791426658630e-02
3.911711648106575012e-02
3.906339406967163086e-02
3.900963068008422852e-02
3.895583376288414001e-02
3.890200331807136536e-02
3.884813562035560608e-02
3.879424184560775757e-02
3.874032199382781982e-02
3.868637606501579285e-02
3.863240778446197510e-02
3.857842087745666504e-02
3.852441906929016113e-02
3.847040981054306030e-02
3.841640055179595947e-02
3.836238011717796326e-02
3.830836713314056396e-02
3.825436532497406006e-02
3.820037469267845154e-02
3.814640268683433533e-02
3.809245303273200989e-02
3.803853318095207214e-02
3.798464685678482056e-02
3.793080151081085205e-02
3.787700086832046509e-02
3.782325237989425659e-02
3.776955604553222656e-02
3.771592304110527039e-02
3.766235336661338806e-02
3.760886192321777344e-02
3.755544126033782959e-02
3.750210255384445190e-02
3.744884952902793884e-02
3.739568963646888733e-02
3.734262287616729736e-02
3.728965297341346741e-02
3.723678737878799438e-02
3.718402609229087830e-02
3.713136911392211914e-02
3.707882761955261230e-02
3.702639788389205933e-02
3.697407990694046021e-02
3.692188113927841187e-02
3.686980158090591431e-02
3.681784123182296753e-02
3.676600009202957153e-02
3.671428188681602478e-02
3.666267916560173035e-02
3.661119937896728516e-02
3.655983880162239075e-02
3.650859743356704712e-02
3.645747154951095581e-02
3.640646487474441528e-02
3.635557740926742554e-02
3.630479797720909119e-02
3.625413030385971069e-02
3.620357066392898560e-02
3.615311905741691589e-02
3.610277548432350159e-02
3.605253249406814575e-02
3.600239008665084839e-02
3.595235198736190796e-02
3.590240702033042908e-02
3.585255518555641174e-02
3.580279275774955750e-02
3.575312346220016479e-02
3.570354729890823364e-02
3.565405309200286865e-02
3.560464456677436829e-02
3.555532544851303101e-02
3.550608456134796143e-02
3.545692935585975647e-02
3.540785983204841614e-02
3.535886853933334351e-02
3.530996292829513550e-02
3.526113927364349365e-02
3.521239757537841797e-02
3.516374528408050537e-02
3.511517867445945740e-02
3.506670147180557251e-02
3.501830995082855225e-02
3.497001528739929199e-02
3.492181748151779175e-02
3.487371280789375305e-02
3.482571616768836975e-02
3.477782383561134338e-02
3.473003581166267395e-02
3.468235954642295837e-02
3.463480249047279358e-02
3.458736464381217957e-02
3.454004973173141479e-02
3.449285775423049927e-02
3.444580733776092529e-02
3.439888730645179749e-02
3.435210883617401123e-02
3.430547565221786499e-02
3.425898775458335876e-02
3.421265631914138794e-02
3.416647762060165405e-02
3.412045910954475403e-02
3.407460078597068787e-02
3.402891010046005249e-02
3.398338705301284790e-02
3.393803164362907410e-02
3.389284759759902954e-02
3.384783491492271423e-02
3.380300104618072510e-02
3.375833854079246521e-02
3.371385857462882996e-02
3.366954624652862549e-02
3.362541273236274719e-02
3.358145058155059814e-02
3.353766351938247681e-02
3.349404782056808472e-02
3.345059975981712341e-02
3.340731561183929443e-02
3.336419910192489624e-02
3.332124277949333191e-02
3.327844291925430298e-02
3.323579207062721252e-02
3.319329395890235901e-02
3.315093368291854858e-02
3.310871869325637817e-02
3.306663408875465393e-02
3.302467986941337585e-02
3.298284485936164856e-02
3.294112905859947205e-02
3.289952501654624939e-02
3.285803273320198059e-02
3.281663730740547180e-02
3.277533873915672302e-02
3.273412957787513733e-02
3.269300982356071472e-02
3.265196457505226135e-02
3.261099383234977722e-02
3.257009759545326233e-02
3.252926468849182129e-02
3.248849883675575256e-02
3.244778513908386230e-02
3.240712732076644897e-02
3.236652165651321411e-02
3.232596442103385925e-02
3.228545188903808594e-02
3.224498778581619263e-02
3.220456093549728394e-02
3.216417878866195679e-02
3.212383762001991272e-02
3.208353742957115173e-02
3.204327821731567383e-02
3.200305998325347900e-02
3.196288645267486572e-02
3.192275762557983398e-02
3.188267350196838379e-02
3.184263780713081360e-02
3.180264681577682495e-02
3.176271170377731323e-02
3.172283619642257690e-02
3.168301284313201904e-02
3.164325654506683350e-02
3.160356357693672180e-02
3.156394138932228088e-02
3.152438998222351074e-02
3.148490935564041138e-02
3.144551441073417664e-02
3.140619769692420959e-02
3.136697411537170410e-02
3.132783249020576477e-02
3.128878772258758545e-02
3.124983422458171844e-02
3.121097944676876068e-02
3.117222525179386139e-02
3.113356977701187134e-02
3.109502047300338745e-02
3.105657547712326050e-02
3.101823292672634125e-02
3.097999468445777893e-02
3.094186261296272278e-02
3.090383112430572510e-02
3.086590580642223358e-02
3.082808293402194977e-02
3.079035319387912750e-02
3.075272589921951294e-02
3.071518987417221069e-02
3.067774139344692230e-02
3.064038045704364777e-02
3.060310147702693939e-02
3.056589886546134949e-02
3.052876517176628113e-02
3.049170039594173431e-02
3.045469522476196289e-02
3.041774779558181763e-02
3.038084320724010468e-02
3.034398332238197327e-02
3.030715510249137878e-02
3.027035854756832123e-02
3.023358434438705444e-02
3.019682131707668304e-02
3.016006574034690857e-02
3.012331202626228333e-02
3.008655644953250885e-02
3.004978410899639130e-02
3.001299686729907990e-02
2.997618354856967926e-02
2.993934229016304016e-02
2.990246750414371490e-02
2.986555360257625580e-02
2.982859686017036438e-02
2.979158796370029449e-02
2.975453436374664307e-02
2.971742115914821625e-02
2.968025393784046173e-02
2.964302897453308105e-02
2.960574068129062653e-02
2.956839278340339661e-02
2.953098528087139130e-02
2.949351817369461060e-02
2.945598773658275604e-02
2.941840142011642456e-02
2.938075736165046692e-02
2.934305928647518158e-02
2.930530905723571777e-02
2.926751226186752319e-02
2.922967076301574707e-02
2.919178642332553864e-02
2.915387041866779327e-02
2.911591716110706329e-02
2.907794341444969177e-02
2.903994359076023102e-02
2.900193259119987488e-02
2.896390855312347412e-02
2.892588078975677490e-02
2.888785302639007568e-02
2.884983271360397339e-02
2.881181985139846802e-02
2.877382747828960419e-02
2.873585559427738190e-02
2.869790792465209961e-02
2.865999378263950348e-02
2.862211316823959351e-02
2.858427166938781738e-02
2.854647114872932434e-02
2.850871719419956207e-02
2.847100980579853058e-02
2.843335084617137909e-02
2.839574217796325684e-02
2.835818752646446228e-02
2.832068130373954773e-02
2.828323096036911011e-02
2.824582904577255249e-02
2.820847555994987488e-02
2.817116864025592804e-02
2.813390828669071198e-02
2.809668891131877899e-02
2.805951237678527832e-02
2.802236564457416534e-02
2.798525057733058929e-02
2.794816158711910248e-02
2.791109308600425720e-02
2.787403762340545654e-02
2.783699519932270050e-02
2.779995277523994446e-02
2.776290848851203918e-02
2.772585302591323853e-02
2.768878452479839325e-02
2.765169180929660797e-02
2.761457115411758423e-02
2.757741510868072510e-02
2.754022181034088135e-02
2.750297822058200836e-02
2.746568433940410614e-02
2.742832899093627930e-02
2.739091217517852783e-02
2.735343016684055328e-02
2.731587737798690796e-02
2.727824635803699493e-02
2.724054083228111267e-02
2.720274776220321655e-02
2.716487832367420197e-02
2.712692320346832275e-02
2.708888053894042969e-02
2.705075405538082123e-02
2.701254561543464661e-02
2.697424963116645813e-02
2.693587541580200195e-02
2.689742110669612885e-02
2.685888856649398804e-02
2.682028524577617645e-02
2.678161673247814178e-02
2.674288116395473480e-02
2.670408785343170166e-02
2.666524611413478851e-02
2.662635222077369690e-02
2.658742479979991913e-02
2.654846198856830597e-02
2.650947496294975281e-02
2.647047303617000580e-02
2.643145620822906494e-02
2.639244124293327332e-02
2.635343186557292938e-02
2.631443366408348083e-02
2.627545781433582306e-02
2.623651176691055298e-02
2.619760297238826752e-02
2.615873701870441437e-02
2.611992135643959045e-02
2.608116157352924347e-02
2.604246698319911957e-02
2.600384131073951721e-02
2.596529014408588409e-02
2.592681720852851868e-02
2.588842622935771942e-02
2.585012279450893402e-02
2.581190690398216248e-02
2.577378414571285248e-02
2.573575451970100403e-02
2.569781802594661713e-02
2.565997466444969177e-02
2.562222629785537720e-02
2.558457106351852417e-02
2.554700337350368500e-02
2.550952509045600891e-02
2.547213248908519745e-02
2.543481811881065369e-02
2.539758384227752686e-02
2.536042034626007080e-02
2.532332390546798706e-02
2.528628893196582794e-02
2.524931170046329498e-02
2.521237917244434357e-02
2.517549321055412292e-02
2.513864263892173767e-02
2.510182000696659088e-02
2.506502158939838409e-02
2.502823993563652039e-02
2.499146386981010437e-02
2.495469339191913605e-02
2.491791732609272003e-02
2.488113194704055786e-02
2.484432980418205261e-02
2.480750717222690582e-02
2.477065846323966980e-02
2.473377808928489685e-02
2.469686605036258698e-02
2.465991303324699402e-02
2.462291903793811798e-02
2.458588220179080963e-02
2.454880066215991974e-02
2.451167441904544830e-02
2.447450533509254456e-02
2.443728968501091003e-02
2.440003119409084320e-02
2.436273172497749329e-02
0.000000000000000000e+00
0.000000000000000000e+00
0.000000000000000000e+00
0.000000000000000000e+00
0.000000000000000000e+00
0.000000000000000000e+00
0.000000000000000000e+00
0.000000000000000000e+00
0.000000000000000000e+00
0.000000000000000000e+00
0.000000000000000000e+00
0.000000000000000000e+00
0.000000000000000000e+00
0.000000000000000000e+00
0.000000000000000000e+00
0.000000000000000000e+00
0.000000000000000000e+00
0.000000000000000000e+00
0.000000000000000000e+00
0.000000000000000000e+00
0.000000000000000000e+00
0.000000000000000000e+00
0.000000000000000000e+00
0.000000000000000000e+00
0.000000000000000000e+00
0.000000000000000000e+00
0.000000000000000000e+00
0.000000000000000000e+00
0.000000000000000000e+00
0.000000000000000000e+00
0.000000000000000000e+00
0.000000000000000000e+00
0.000000000000000000e+00
0.000000000000000000e+00
0.000000000000000000e+00
0.000000000000000000e+00
0.000000000000000000e+00
0.000000000000000000e+00
0.000000000000000000e+00
0.000000000000000000e+00
0.000000000000000000e+00
0.000000000000000000e+00
0.000000000000000000e+00
0.000000000000000000e+00
0.000000000000000000e+00
0.000000000000000000e+00
0.000000000000000000e+00
0.000000000000000000e+00
0.000000000000000000e+00
0.000000000000000000e+00
0.000000000000000000e+00
0.000000000000000000e+00
0.000000000000000000e+00
0.000000000000000000e+00
0.000000000000000000e+00
0.000000000000000000e+00
0.000000000000000000e+00
0.000000000000000000e+00
0.000000000000000000e+00
0.000000000000000000e+00
0.000000000000000000e+00
0.000000000000000000e+00
0.000000000000000000e+00
0.000000000000000000e+00
0.000000000000000000e+00
0.000000000000000000e+00
0.000000000000000000e+00
0.000000000000000000e+00
0.000000000000000000e+00
0.000000000000000000e+00
0.000000000000000000e+00
0.000000000000000000e+00
0.000000000000000000e+00
0.000000000000000000e+00
0.000000000000000000e+00
0.000000000000000000e+00
0.000000000000000000e+00
0.000000000000000000e+00
0.000000000000000000e+00
0.000000000000000000e+00
0.000000000000000000e+00
0.000000000000000000e+00
0.000000000000000000e+00
0.000000000000000000e+00
0.000000000000000000e+00
0.000000000000000000e+00
0.000000000000000000e+00
0.000000000000000000e+00
0.000000000000000000e+00
0.000000000000000000e+00
0.000000000000000000e+00
0.000000000000000000e+00
0.000000000000000000e+00
0.000000000000000000e+00
0.000000000000000000e+00
0.000000000000000000e+00
0.000000000000000000e+00
0.000000000000000000e+00
0.000000000000000000e+00
0.000000000000000000e+00
