# ee
4.655677452683448792e-02
7.237184792757034302e-02
7.712258398532867432e-02
6.431660801172256470e-02
4.432384669780731201e-02
2.636411413550376892e-02
1.475652586668729782e-02
9.258663281798362732e-03
7.409117650240659714e-03
6.792546715587377548e-03
6.207647267729043961e-03
5.323561374098062515e-03
4.663505125790834427e-03
4.386358894407749176e-03
4.481122829020023346e-03
4.842008464038372040e-03
5.194006487727165222e-03
5.528708454221487045e-03
5.960536189377307892e-03
6.561333313584327698e-03
7.448973599821329117e-03
8.608598262071609497e-03
9.968263097107410431e-03
1.153171528130769730e-02
1.328065991401672363e-02
1.519715879112482071e-02
1.728964783251285553e-02
1.955727115273475647e-02
2.200233377516269684e-02
2.460977248847484589e-02
2.736208774149417877e-02
3.029777295887470245e-02
3.347298875451087952e-02
3.691030293703079224e-02
4.062161222100257874e-02
4.457703605294227600e-02
4.875342175364494324e-02
5.316800624132156372e-02
5.785371363162994385e-02
6.284043192863464355e-02
6.812589615583419800e-02
7.369958609342575073e-02
7.953613996505737305e-02
8.562060445547103882e-02
9.194564819335937500e-02
9.852114319801330566e-02
1.053683534264564514e-01
1.124862134456634521e-01
1.198662370443344116e-01
1.274917572736740112e-01
1.354397237300872803e-01
1.438457667827606201e-01
1.526894569396972656e-01
1.619355231523513794e-01
1.714306771755218506e-01
1.810696870088577271e-01
1.908671110868453979e-01
2.008672356605529785e-01
2.111292183399200439e-01
2.217511534690856934e-01
2.327196449041366577e-01
2.439933270215988159e-01
2.555828690528869629e-01
2.674618065357208252e-01
2.795614004135131836e-01
2.918814718723297119e-01
3.044614493846893311e-01
3.172589242458343506e-01
3.303132355213165283e-01
3.436118662357330322e-01
3.571280837059020996e-01
3.708278536796569824e-01
3.846994638442993164e-01
3.987535238265991211e-01
4.129908084869384766e-01
4.274029731750488281e-01
4.420165419578552246e-01
4.567762613296508789e-01
4.716863632202148438e-01
4.866963922977447510e-01
5.018270611763000488e-01
5.170517563819885254e-01
5.323663353919982910e-01
5.477442145347595215e-01
5.631965398788452148e-01
5.786928534507751465e-01
5.942474603652954102e-01
6.098453402519226074e-01
6.254488825798034668e-01
6.410504579544067383e-01
6.566350460052490234e-01
6.721949577331542969e-01
6.876929998397827148e-01
7.031291127204895020e-01
7.184882760047912598e-01
7.337554693222045898e-01
7.489231824874877930e-01
7.639541029930114746e-01
7.788481712341308594e-01
7.936646938323974609e-01
8.082550168037414551e-01
8.226932883262634277e-01
8.369793295860290527e-01
8.510388731956481934e-01
8.649461865425109863e-01
8.785523176193237305e-01
8.919316530227661133e-01
9.050098657608032227e-01
9.177867174148559570e-01
9.303364753723144531e-01
9.425845742225646973e-01
9.545307159423828125e-01
9.661001563072204590e-01
9.774414300918579102e-01
9.883311390876770020e-01
9.988434910774230957e-01
1.009126663208007812e+00
1.019031882286071777e+00
1.028410077095031738e+00
1.037558317184448242e+00
1.046178936958312988e+00
1.054346323013305664e+00
1.062134146690368652e+00
1.069468140602111816e+00
1.076421976089477539e+00
1.082846999168395996e+00
1.088891625404357910e+00
1.094406843185424805e+00
1.099392533302307129e+00
1.103996872901916504e+00
1.108071684837341309e+00
1.111691236495971680e+00
1.114855885505676270e+00
1.117491483688354492e+00
1.119598269462585449e+00
1.121250510215759277e+00
1.122374534606933594e+00
1.123118877410888672e+00
1.123260855674743652e+00
1.122875094413757324e+00
1.122035980224609375e+00
1.120743870735168457e+00
1.118924617767333984e+00
1.116726994514465332e+00
1.113928318023681641e+00
1.110751748085021973e+00
1.107048869132995605e+00
1.102894186973571777e+00
1.098362207412719727e+00
1.093378901481628418e+00
1.087870240211486816e+00
1.081985116004943848e+00
1.075724005699157715e+00
1.069087266921997070e+00
1.062075018882751465e+00
1.054687619209289551e+00
1.046999931335449219e+00
1.038863539695739746e+00
1.030427217483520508e+00
1.021765828132629395e+00
1.012730956077575684e+00
1.003397226333618164e+00
9.938392639160156250e-01
9.839830994606018066e-01
9.739775061607360840e-01
9.636000394821166992e-01
9.532224535942077637e-01
9.425477981567382812e-01
9.317991733551025391e-01
9.209771156311035156e-01
9.100072383880615234e-01
8.988900184631347656e-01
8.879228830337524414e-01
8.768089413642883301e-01
8.657712936401367188e-01
8.547362685203552246e-01
8.439273238182067871e-01
8.330478668212890625e-01
8.223214149475097656e-01
8.117484450340270996e-01
8.014039993286132812e-01
7.912141680717468262e-01
7.812539339065551758e-01
7.716724872589111328e-01
7.623290419578552246e-01
7.533654570579528809e-01
7.447672486305236816e-01
7.365721464157104492e-01
7.288326621055603027e-01
7.215716838836669922e-01
7.148118615150451660e-01
7.085982561111450195e-01
7.029610872268676758e-01
6.979379653930664062e-01
6.935665011405944824e-01
6.898916363716125488e-01
6.869361996650695801e-01
6.847376227378845215e-01
6.833261847496032715e-01
6.827614903450012207e-01
6.830511689186096191e-01
6.842543482780456543e-01
6.863933205604553223e-01
6.895126700401306152e-01
6.936492919921875000e-01
6.988253593444824219e-01
7.050928473472595215e-01
7.124738097190856934e-01
7.210202217102050781e-01
7.307614088058471680e-01
7.417271137237548828e-01
7.539616823196411133e-01
7.674574851989746094e-01
7.824074029922485352e-01
7.986255884170532227e-01
8.162677288055419922e-01
8.353337645530700684e-01
8.558232188224792480e-01
8.778845071792602539e-01
9.014431238174438477e-01
9.266473650932312012e-01
9.534226059913635254e-01
9.817685484886169434e-01
1.011833548545837402e+00
1.043617248535156250e+00
1.077119231224060059e+00
1.112339258193969727e+00
1.149351358413696289e+00
1.188154935836791992e+00
1.228824138641357422e+00
1.271284222602844238e+00
1.315757870674133301e+00
1.362095952033996582e+00
1.410372257232666016e+00
1.460586667060852051e+00
1.512812852859497070e+00
1.567124962806701660e+00
1.623373746871948242e+00
1.681633114814758301e+00
1.742051243782043457e+00
1.804479360580444336e+00
1.869065403938293457e+00
1.935734629631042480e+00
2.004560947418212891e+00
2.075543880462646484e+00
2.148608922958374023e+00
2.224127054214477539e+00
2.301577568054199219e+00
2.381405591964721680e+00
2.463313817977905273e+00
2.547523975372314453e+00
2.633810997009277344e+00
2.722471237182617188e+00
2.813205480575561523e+00
2.906384468078613281e+00
3.001560688018798828e+00
3.099103927612304688e+00
3.198864459991455078e+00
3.300840377807617188e+00
3.404956817626953125e+00
3.511434555053710938e+00
3.620049238204956055e+00
3.730874300003051758e+00
3.843833684921264648e+00
3.959148406982421875e+00
4.076447010040283203e+00
4.196097850799560547e+00
4.317803382873535156e+00
4.441636562347412109e+00
4.567521095275878906e+00
4.695753097534179688e+00
4.825737476348876953e+00
4.958066463470458984e+00
5.092218875885009766e+00
5.228416442871093750e+00
5.366657733917236328e+00
5.506867885589599609e+00
5.648969650268554688e+00
5.792963504791259766e+00
5.938921928405761719e+00
6.086546421051025391e+00
6.236058235168457031e+00
6.387382507324218750e+00
6.540517807006835938e+00
6.695314884185791016e+00
6.851771354675292969e+00
7.009887695312500000e+00
7.169587612152099609e+00
7.330721378326416016e+00
7.494030952453613281e+00
7.658401012420654297e+00
7.823459148406982422e+00
7.990690708160400391e+00
8.158607482910156250e+00
8.328696250915527344e+00
8.498724937438964844e+00
8.670924186706542969e+00
8.844548225402832031e+00
9.018111228942871094e+00
9.193097114562988281e+00
9.368762969970703125e+00
9.545850753784179688e+00
9.724359512329101562e+00
9.902802467346191406e+00
1.008192157745361328e+01
1.026171588897705078e+01
1.044367122650146484e+01
1.062481403350830078e+01
1.080588626861572266e+01
1.098911857604980469e+01
1.117153549194335938e+01
1.135462379455566406e+01
1.153838348388671875e+01
1.172132492065429688e+01
1.190493774414062500e+01
1.208773231506347656e+01
1.227193832397460938e+01
1.245532703399658203e+01
1.263863849639892578e+01
1.282261848449707031e+01
1.300503540039062500e+01
1.318737506866455078e+01
1.337038230895996094e+01
1.355033874511718750e+01
1.373170471191406250e+01
1.391224956512451172e+01
1.409123039245605469e+01
1.427013206481933594e+01
1.444746971130371094e+01
1.462398719787597656e+01
1.480042457580566406e+01
1.497529983520507812e+01
1.514935111999511719e+01
1.532109642028808594e+01
1.549201869964599609e+01
1.566211986541748047e+01
1.582991504669189453e+01
1.599763011932373047e+01
1.616304016113281250e+01
1.632614135742187500e+01
1.648916435241699219e+01
1.664913940429687500e+01
1.680755043029785156e+01
1.696365547180175781e+01
1.711894035339355469e+01
1.727117729187011719e+01
1.742110824584960938e+01
1.756947898864746094e+01
1.771479988098144531e+01
1.785856246948242188e+01
1.800002288818359375e+01
1.813844108581542969e+01
1.827456855773925781e+01
1.840840148925781250e+01
1.853994750976562500e+01
1.866846466064453125e+01
1.879321289062500000e+01
1.891568374633789062e+01
1.903587913513183594e+01
1.915306091308593750e+01
1.926722908020019531e+01
1.937913131713867188e+01
1.948654365539550781e+01
1.959169578552246094e+01
1.969385147094726562e+01
1.979152488708496094e+01
1.988694763183593750e+01
1.997938346862792969e+01
2.006809043884277344e+01
2.015307235717773438e+01
2.023507690429687500e+01
2.031336212158203125e+01
2.038867378234863281e+01
2.046027565002441406e+01
2.052891349792480469e+01
2.059310150146484375e+01
2.065358734130859375e+01
2.071112060546875000e+01
2.076569938659667969e+01
2.081361579895019531e+01
2.086007308959960938e+01
2.090210151672363281e+01
2.093970489501953125e+01
2.097511482238769531e+01
2.100611114501953125e+01
2.103268814086914062e+01
2.105559921264648438e+01
2.107261276245117188e+01
2.108893775939941406e+01
2.110011672973632812e+01
2.110912704467773438e+01
2.111299896240234375e+01
2.111322021484375000e+01
2.110905265808105469e+01
2.110124015808105469e+01
2.108979034423828125e+01
2.107395744323730469e+01
2.105448913574218750e+01
2.103139305114746094e+01
2.100392150878906250e+01
2.097208404541015625e+01
2.093737030029296875e+01
2.089829444885253906e+01
2.085486221313476562e+01
2.080856132507324219e+01
2.075791358947753906e+01
2.070366287231445312e+01
2.064655494689941406e+01
2.058436393737792969e+01
2.051932334899902344e+01
2.045069503784179688e+01
2.037847900390625000e+01
2.030268287658691406e+01
2.022405052185058594e+01
2.014109611511230469e+01
2.005531311035156250e+01
1.996447372436523438e+01
1.987155532836914062e+01
1.977581405639648438e+01
1.967651367187500000e+01
1.957365417480468750e+01
1.946723937988281250e+01
1.935801506042480469e+01
1.924524116516113281e+01
1.913040733337402344e+01
1.901202774047851562e+01
1.889085006713867188e+01
1.876687622070312500e+01
1.864085197448730469e+01
1.851129150390625000e+01
1.837894248962402344e+01
1.824529457092285156e+01
1.810811805725097656e+01
1.796964263916015625e+01
1.782839012145996094e+01
1.768435668945312500e+01
1.753829193115234375e+01
1.739093780517578125e+01
1.724081039428710938e+01
1.708865547180175781e+01
1.693447303771972656e+01
1.677901077270507812e+01
1.662226867675781250e+01
1.646201896667480469e+01
1.630197715759277344e+01
1.614065933227539062e+01
1.597658252716064453e+01
1.581197547912597656e+01
1.564684009552001953e+01
1.547968959808349609e+01
1.531201171875000000e+01
1.514380264282226562e+01
1.497432136535644531e+01
1.480430984497070312e+01
1.463302040100097656e+01
1.446194171905517578e+01
1.429032707214355469e+01
1.411891937255859375e+01
1.394623184204101562e+01
1.377374649047851562e+01
1.360072135925292969e+01
1.342864036560058594e+01
1.325675868988037109e+01
1.308507442474365234e+01
1.291284370422363281e+01
1.274154949188232422e+01
1.257118988037109375e+01
1.240027904510498047e+01
1.223104286193847656e+01
1.206347846984863281e+01
1.189609909057617188e+01
1.172964477539062500e+01
1.156485748291015625e+01
1.140024757385253906e+01
1.123804283142089844e+01
1.107675457000732422e+01
1.091637992858886719e+01
1.075840377807617188e+01
1.060208034515380859e+01
1.044740676879882812e+01
1.029512310028076172e+01
1.014448547363281250e+01
9.996232032775878906e+00
9.849618911743164062e+00
9.706129074096679688e+00
9.565016746520996094e+00
9.425536155700683594e+00
9.289169311523437500e+00
9.155916213989257812e+00
9.025028228759765625e+00
8.897247314453125000e+00
8.771083831787109375e+00
8.649507522583007812e+00
8.530284881591796875e+00
8.414901733398437500e+00
8.302610397338867188e+00
8.192664146423339844e+00
8.087289810180664062e+00
7.984256267547607422e+00
7.885788440704345703e+00
7.791136264801025391e+00
7.699549674987792969e+00
7.611763954162597656e+00
7.528516292572021484e+00
7.449204444885253906e+00
7.373523235321044922e+00
7.302507400512695312e+00
7.235182285308837891e+00
7.172209262847900391e+00
7.113285064697265625e+00
7.058848381042480469e+00
7.008667945861816406e+00
6.963035106658935547e+00
6.921867847442626953e+00
6.885233879089355469e+00
6.853272914886474609e+00
6.825832366943359375e+00
6.803125858306884766e+00
6.785072803497314453e+00
6.771741390228271484e+00
6.763346195220947266e+00
6.759732723236083984e+00
6.760893821716308594e+00
6.766971111297607422e+00
6.777957916259765625e+00
6.793848514556884766e+00
6.814634799957275391e+00
6.840608596801757812e+00
6.871539592742919922e+00
6.907348155975341797e+00
6.948323249816894531e+00
6.994311809539794922e+00
7.045380592346191406e+00
7.101598739624023438e+00
7.162810325622558594e+00
7.229084014892578125e+00
7.300563335418701172e+00
7.376942634582519531e+00
7.458664417266845703e+00
7.545276165008544922e+00
7.636993885040283203e+00
7.733887672424316406e+00
7.835803031921386719e+00
7.942734241485595703e+00
8.054451942443847656e+00
8.171175956726074219e+00
8.292899131774902344e+00
8.419616699218750000e+00
8.551323890686035156e+00
8.688015937805175781e+00
8.829685211181640625e+00
8.974842071533203125e+00
9.126450538635253906e+00
9.282278060913085938e+00
9.443059921264648438e+00
9.608049392700195312e+00
9.778725624084472656e+00
9.952854156494140625e+00
1.013117313385009766e+01
1.031442165374755859e+01
1.050259304046630859e+01
1.069419765472412109e+01
1.089145851135253906e+01
1.109139728546142578e+01
1.129624176025390625e+01
1.150450038909912109e+01
1.171765422821044922e+01
1.193495559692382812e+01
1.215565776824951172e+01
1.238049888610839844e+01
1.260873317718505859e+01
1.284035682678222656e+01
1.307610797882080078e+01
1.331449794769287109e+01
1.355700874328613281e+01
1.380289459228515625e+01
1.405140686035156250e+01
1.430403137207031250e+01
1.455927753448486328e+01
1.481714248657226562e+01
1.507836723327636719e+01
1.534220504760742188e+01
1.560865402221679688e+01
1.587770938873291016e+01
1.614863014221191406e+01
1.642289543151855469e+01
1.669902229309082031e+01
1.697774696350097656e+01
1.725758361816406250e+01
1.754075813293457031e+01
1.782430076599121094e+01
1.811117553710937500e+01
1.839915657043457031e+01
1.868750000000000000e+01
1.897917556762695312e+01
1.926972198486328125e+01
1.956285476684570312e+01
1.985708808898925781e+01
2.015242004394531250e+01
2.044885063171386719e+01
2.074489784240722656e+01
2.104279327392578125e+01
2.134031105041503906e+01
2.163819885253906250e+01
2.193646049499511719e+01
2.223510169982910156e+01
2.253412437438964844e+01
2.283204460144042969e+01
2.312961769104003906e+01
2.342758178710937500e+01
2.372594833374023438e+01
2.402100181579589844e+01
2.431720733642578125e+01
2.461159896850585938e+01
2.490641021728515625e+01
2.520015525817871094e+01
2.549284553527832031e+01
2.578522491455078125e+01
2.607432746887207031e+01
2.636313056945800781e+01
2.665015411376953125e+01
2.693465995788574219e+01
2.721739196777343750e+01
2.749836540222167969e+01
2.777757644653320312e+01
2.805429267883300781e+01
2.832851409912109375e+01
2.860025405883789062e+01
2.886951255798339844e+01
2.913629722595214844e+01
2.939986801147460938e+01
2.966172027587890625e+01
2.991888809204101562e+01
3.017434310913085938e+01
3.042735290527343750e+01
3.067495155334472656e+01
3.092085838317871094e+01
3.116210937500000000e+01
3.140093231201171875e+01
3.163585662841796875e+01
3.186613464355468750e+01
3.209400939941406250e+01
3.231576919555664062e+01
3.253438949584960938e+01
3.274913787841796875e+01
3.295927047729492188e+01
3.316554260253906250e+01
3.336646652221679688e+01
3.356279754638671875e+01
3.375602722167968750e+01
3.394393157958984375e+01
3.412578964233398438e+01
3.430383682250976562e+01
3.447735214233398438e+01
3.464559555053710938e+01
3.480858230590820312e+01
3.496707534790039062e+01
3.512033843994140625e+01
3.526763916015625000e+01
3.540973663330078125e+01
3.554738616943359375e+01
3.567985916137695312e+01
3.580568313598632812e+01
3.592634963989257812e+01
3.604187393188476562e+01
3.615153121948242188e+01
3.625606536865234375e+01
3.635475921630859375e+01
3.644761276245117188e+01
3.653612899780273438e+01
3.661734771728515625e+01
3.669425582885742188e+01
3.676462936401367188e+01
3.682923126220703125e+01
3.688806533813476562e+01
3.694114303588867188e+01
3.698773574829101562e+01
3.702934646606445312e+01
3.706523132324218750e+01
3.709466171264648438e+01
3.711765289306640625e+01
3.713644409179687500e+01
3.714732742309570312e+01
3.715328979492187500e+01
3.715285110473632812e+01
3.714750671386718750e+01
3.713504028320312500e+01
3.711694717407226562e+01
3.709398269653320312e+01
3.706317901611328125e+01
3.702826690673828125e+01
3.698702239990234375e+01
3.693945693969726562e+01
3.688780593872070312e+01
3.682910919189453125e+01
3.676485443115234375e+01
3.669432067871093750e+01
3.661899185180664062e+01
3.653739166259765625e+01
3.645027160644531250e+01
3.635838699340820312e+01
3.626024627685546875e+01
3.615735626220703125e+01
3.604822540283203125e+01
3.593434906005859375e+01
3.581499481201171875e+01
3.569090652465820312e+01
3.556134796142578125e+01
3.542632293701171875e+01
3.528658294677734375e+01
3.514212799072265625e+01
3.499222946166992188e+01
3.483836364746093750e+01
3.467905807495117188e+01
3.451506042480468750e+01
3.434711837768554688e+01
3.417448806762695312e+01
3.399568557739257812e+01
3.381369781494140625e+01
3.362851715087890625e+01
3.343791580200195312e+01
3.324413681030273438e+01
3.304569244384765625e+01
3.284406661987304688e+01
3.264001083374023438e+01
3.243055343627929688e+01
3.221643829345703125e+01
3.199989891052246094e+01
3.178019142150878906e+01
3.155582809448242188e+01
3.133053398132324219e+01
3.110059356689453125e+01
3.086822891235351562e+01
3.063196372985839844e+01
3.039327812194824219e+01
3.015292167663574219e+01
2.991014671325683594e+01
2.966421508789062500e+01
2.941586875915527344e+01
2.916436004638671875e+01
2.891341018676757812e+01
2.866078758239746094e+01
2.840500259399414062e+01
2.814754486083984375e+01
2.788915634155273438e+01
2.762834739685058594e+01
2.736734962463378906e+01
2.710318565368652344e+01
2.683956909179687500e+01
2.657427406311035156e+01
2.630951881408691406e+01
2.604232025146484375e+01
2.577564620971679688e+01
2.550800132751464844e+01
2.524011802673339844e+01
2.497273063659667969e+01
2.470434379577636719e+01
2.443569564819335938e+01
2.416751289367675781e+01
2.389979171752929688e+01
2.363252067565917969e+01
2.336643409729003906e+01
2.310003662109375000e+01
2.283406066894531250e+01
2.256998062133789062e+01
2.230704879760742188e+01
2.204450988769531250e+01
2.178235244750976562e+01
2.152279663085937500e+01
2.126434516906738281e+01
2.100773620605468750e+01
2.075295257568359375e+01
2.049998855590820312e+01
2.024883270263671875e+01
2.000021934509277344e+01
1.975339126586914062e+01
1.950908470153808594e+01
1.926728820800781250e+01
1.902650642395019531e+01
1.879044342041015625e+01
1.855611419677734375e+01
1.832499885559082031e+01
1.809708213806152344e+01
1.787161636352539062e+01
1.764933013916015625e+01
1.743095779418945312e+01
1.721500205993652344e+01
1.700145339965820312e+01
1.679401397705078125e+01
1.658896255493164062e+01
1.638851547241210938e+01
1.619266128540039062e+01
1.600065040588378906e+01
1.581172561645507812e+01
1.562810802459716797e+01
1.544755744934082031e+01
1.527229499816894531e+01
1.510156631469726562e+01
1.493461704254150391e+01
1.477292346954345703e+01
1.461573028564453125e+01
1.446227741241455078e+01
1.431478118896484375e+01
1.417173862457275391e+01
1.403313732147216797e+01
1.390044593811035156e+01
1.377291202545166016e+01
1.365051746368408203e+01
1.353324890136718750e+01
1.342109203338623047e+01
1.331552028656005859e+01
1.321354675292968750e+01
1.311812973022460938e+01
1.302777004241943359e+01
1.294319725036621094e+01
1.286365413665771484e+01
1.279061508178710938e+01
1.272257900238037109e+01
1.266027927398681641e+01
1.260295677185058594e+01
1.255282974243164062e+01
1.250765609741210938e+01
1.246891021728515625e+01
1.243509292602539062e+01
1.240842247009277344e+01
1.238665771484375000e+01
1.237127304077148438e+01
1.236225700378417969e+01
1.235885524749755859e+01
1.236105728149414062e+01
1.236885261535644531e+01
1.238297271728515625e+01
1.240266418457031250e+01
1.242940521240234375e+01
1.246095275878906250e+01
1.249878597259521484e+01
1.254289531707763672e+01
1.259252834320068359e+01
1.264916038513183594e+01
1.271055507659912109e+01
1.277744674682617188e+01
1.285056972503662109e+01
1.292991638183593750e+01
1.301399230957031250e+01
1.310576248168945312e+01
1.320150279998779297e+01
1.330343723297119141e+01
1.341081523895263672e+01
1.352437210083007812e+01
1.364336013793945312e+01
1.376850986480712891e+01
1.389832878112792969e+01
1.403429412841796875e+01
1.417565250396728516e+01
1.432090854644775391e+01
1.447228527069091797e+01
1.463051414489746094e+01
1.479113388061523438e+01
1.495785045623779297e+01
1.512990951538085938e+01
1.530656623840332031e+01
1.548855400085449219e+01
1.567438316345214844e+01
1.586552906036376953e+01
1.606124496459960938e+01
1.626226806640625000e+01
1.646710777282714844e+01
1.667649841308593750e+01
1.688969612121582031e+01
1.710743522644042969e+01
1.732971382141113281e+01
1.755578422546386719e+01
1.778638458251953125e+01
1.801928138732910156e+01
1.825744438171386719e+01
1.849864006042480469e+01
1.874286651611328125e+01
1.899160385131835938e+01
1.924336624145507812e+01
1.949740600585937500e+01
1.975520896911621094e+01
2.001677131652832031e+01
2.027986335754394531e+01
2.054671287536621094e+01
2.081657028198242188e+01
2.108795547485351562e+01
2.136309242248535156e+01
2.163900756835937500e+01
2.191867256164550781e+01
2.219985961914062500e+01
2.248256683349609375e+01
2.276827812194824219e+01
2.305476951599121094e+01
2.334277915954589844e+01
2.363305473327636719e+01
2.392484855651855469e+01
2.421742248535156250e+01
2.451151847839355469e+01
2.480639457702636719e+01
2.510205268859863281e+01
2.539850425720214844e+01
2.569575500488281250e+01
2.599307250976562500e+01
2.629195404052734375e+01
2.659018135070800781e+01
2.688850593566894531e+01
2.718694114685058594e+01
2.748549461364746094e+01
2.778492164611816406e+01
2.808225822448730469e+01
2.838049316406250000e+01
2.867740249633789062e+01
2.897374534606933594e+01
2.926952743530273438e+01
2.956402397155761719e+01
2.985872459411621094e+01
3.015141677856445312e+01
3.044285392761230469e+01
3.073304367065429688e+01
3.102200698852539062e+01
3.130900382995605469e+01
3.159405136108398438e+01
3.187789916992187500e+01
3.215907669067382812e+01
3.243908309936523438e+01
3.271644210815429688e+01
3.299190902709960938e+01
3.326475143432617188e+01
3.353423690795898438e+01
3.380260848999023438e+01
3.406691360473632812e+01
3.432863616943359375e+01
3.458853912353515625e+01
3.484440612792968750e+01
3.509698486328125000e+01
3.534704208374023438e+01
3.559383392333984375e+01
3.583589172363281250e+01
3.607545852661132812e+01
3.631105422973632812e+01
3.654269409179687500e+01
3.677038574218750000e+01
3.699414825439453125e+01
3.721323776245117188e+01
3.742916107177734375e+01
3.764043807983398438e+01
3.784857177734375000e+01
3.805059051513671875e+01
3.824874114990234375e+01
3.844303512573242188e+01
3.863275146484375000e+01
3.881642532348632812e+01
3.899631500244140625e+01
3.917094802856445312e+01
3.934109878540039062e+01
3.950530624389648438e+01
3.966433334350585938e+01
3.981968688964843750e+01
3.996916198730468750e+01
4.011352539062500000e+01
4.025279998779296875e+01
4.038700485229492188e+01
4.051541900634765625e+01
4.063880920410156250e+01
4.075719451904296875e+01
4.087059783935546875e+01
4.097681045532226562e+01
4.107808303833007812e+01
4.117443466186523438e+01
4.126514053344726562e+01
4.134948348999023438e+01
4.142822265625000000e+01
4.150211334228515625e+01
4.157044601440429688e+01
4.163174057006835938e+01
4.168825531005859375e+01
4.173925781250000000e+01
4.178477096557617188e+01
4.182406616210937500e+01
4.185641860961914062e+01
4.188481903076171875e+01
4.190705490112304688e+01
4.192166137695312500e+01
4.193236541748046875e+01
4.193695068359375000e+01
4.193544387817382812e+01
4.192933654785156250e+01
4.191641998291015625e+01
4.190116882324218750e+01
4.187691116333007812e+01
4.184737014770507812e+01
4.181183242797851562e+01
4.177178192138671875e+01
4.172575759887695312e+01
4.167227935791015625e+01
4.161583328247070312e+01
4.155270004272460938e+01
4.148439025878906250e+01
4.141091156005859375e+01
4.133153915405273438e+01
4.124626922607421875e+01
4.115660095214843750e+01
4.106104660034179688e+01
4.096035385131835938e+01
4.085378646850585938e+01
4.074208450317382812e+01
4.062525939941406250e+01
4.050330352783203125e+01
4.037697219848632812e+01
4.024625778198242188e+01
4.010968017578125000e+01
3.996947479248046875e+01
3.982341003417968750e+01
3.967371749877929688e+01
3.951816558837890625e+01
3.935899353027343750e+01
3.919395828247070312e+01
3.902604293823242188e+01
3.885152816772460938e+01
3.867338943481445312e+01
3.849162292480468750e+01
3.830474472045898438e+01
3.811349487304687500e+01
3.791935729980468750e+01
3.772010803222656250e+01
3.751870727539062500e+01
3.731292724609375000e+01
3.710277175903320312e+01
3.688972091674804688e+01
3.667302322387695312e+01
3.645119857788085938e+01
3.622721099853515625e+01
3.600105667114257812e+01
3.577050399780273438e+01
3.553629302978515625e+01
3.529990005493164062e+01
3.506132888793945312e+01
3.481908798217773438e+01
3.457390594482421875e+01
3.432727050781250000e+01
3.407694625854492188e+01
3.382441711425781250e+01
3.356892395019531250e+01
3.331343841552734375e+01
3.305424118041992188e+01
3.279281234741210938e+01
3.252988052368164062e+01
3.226544570922851562e+01
3.199875450134277344e+01
3.173053932189941406e+01
3.146079444885253906e+01
3.118950462341308594e+01
3.091740608215332031e+01
3.064448738098144531e+01
3.036999130249023438e+01
3.009465217590332031e+01
2.981919860839843750e+01
2.954213714599609375e+01
2.926419448852539062e+01
2.898684501647949219e+01
2.870859336853027344e+01
2.843016433715820312e+01
2.815155029296875000e+01
2.787199592590332031e+01
2.759297180175781250e+01
2.731446647644042969e+01
2.703572463989257812e+01
2.675821685791015625e+01
2.647970199584960938e+01
2.620313835144042969e+01
2.592628860473632812e+01
2.565061759948730469e+01
2.537611770629882812e+01
2.510128784179687500e+01
2.482834434509277344e+01
2.455652809143066406e+01
2.428657341003417969e+01
2.401697540283203125e+01
2.374847030639648438e+01
2.348326683044433594e+01
2.321912956237792969e+01
2.295603752136230469e+01
2.269547080993652344e+01
2.243667030334472656e+01
2.218036651611328125e+01
2.192654609680175781e+01
2.167296600341796875e+01
2.142333221435546875e+01
2.117614173889160156e+01
2.093064117431640625e+01
2.068755912780761719e+01
2.044837379455566406e+01
2.021084022521972656e+01
1.997791671752929688e+01
1.974588203430175781e+01
1.951769065856933594e+01
1.929333686828613281e+01
1.907205963134765625e+01
1.885459518432617188e+01
1.863944244384765625e+01
1.842806816101074219e+01
1.822045135498046875e+01
1.801731300354003906e+01
1.781714630126953125e+01
1.761992835998535156e+01
1.742712783813476562e+01
1.723723793029785156e+01
1.704948997497558594e+01
1.686833000183105469e+01
1.669075965881347656e+01
1.651676177978515625e+01
1.634780311584472656e+01
1.618163299560546875e+01
1.602046394348144531e+01
1.586353588104248047e+01
1.571082401275634766e+01
1.556305885314941406e+01
1.541873168945312500e+01
1.527931404113769531e+01
1.514404296875000000e+01
1.501290225982666016e+01
1.488736057281494141e+01
1.476517295837402344e+01
1.464780616760253906e+01
1.453524589538574219e+01
1.442673206329345703e+01
1.432373523712158203e+01
1.422549724578857422e+01
1.413125801086425781e+01
1.404174709320068359e+01
1.395694732666015625e+01
1.387759113311767578e+01
1.380217552185058594e+01
1.373143005371093750e+01
1.366608524322509766e+01
1.360463905334472656e+01
1.354931068420410156e+01
1.349711227416992188e+01
1.345100688934326172e+01
1.340800666809082031e+01
1.337107372283935547e+01
1.333796787261962891e+01
1.330941963195800781e+01
1.328690433502197266e+01
1.326818370819091797e+01
1.325473213195800781e+01
1.324505424499511719e+01
1.324062633514404297e+01
1.324069595336914062e+01
1.324525356292724609e+01
1.325429058074951172e+01
1.326854324340820312e+01
1.328725814819335938e+01
1.331042957305908203e+01
1.333730602264404297e+01
1.336862277984619141e+01
1.340511798858642578e+01
1.344529819488525391e+01
1.349064254760742188e+01
1.353966045379638672e+01
1.359308815002441406e+01
1.365092372894287109e+01
1.371315765380859375e+01
1.377904415130615234e+01
1.384932422637939453e+01
1.392324829101562500e+01
1.400155735015869141e+01
1.408350372314453125e+01
1.416908645629882812e+01
1.425904369354248047e+01
1.435263156890869141e+01
1.444984817504882812e+01
1.454994773864746094e+01
1.465367126464843750e+01
1.476101875305175781e+01
1.487273311614990234e+01
1.498658180236816406e+01
1.510553932189941406e+01
1.522737598419189453e+01
1.535134792327880859e+01
1.547894382476806641e+01
1.560941791534423828e+01
1.574203109741210938e+01
1.587901115417480469e+01
1.601813316345214844e+01
1.616013908386230469e+01
1.630429267883300781e+01
1.645133209228515625e+01
1.660052299499511719e+01
1.675260734558105469e+01
1.690684700012207031e+01
1.706324386596679688e+01
1.722180175781250000e+01
1.738252449035644531e+01
1.754615592956542969e+01
1.771047592163085938e+01
1.787697029113769531e+01
1.804490280151367188e+01
1.821502113342285156e+01
1.838584136962890625e+01
1.855960655212402344e+01
1.873410224914550781e+01
1.891007995605468750e+01
1.908606910705566406e+01
1.926431083679199219e+01
1.944333076477050781e+01
1.962389183044433594e+01
1.980451202392578125e+01
1.998595428466796875e+01
2.016897392272949219e+01
2.035209655761718750e+01
2.053533935546875000e+01
2.072020149230957031e+01
2.090446472167968750e+01
2.108963584899902344e+01
2.127497863769531250e+01
2.146125411987304688e+01
2.164624786376953125e+01
2.183146095275878906e+01
2.201616477966308594e+01
2.220185852050781250e+01
2.238706970214843750e+01
2.257032775878906250e+01
2.275462341308593750e+01
2.293773651123046875e+01
2.312042999267578125e+01
2.330271339416503906e+01
2.348386192321777344e+01
2.366389083862304688e+01
2.384355545043945312e+01
2.402138710021972656e+01
2.419962692260742188e+01
2.437531852722167969e+01
2.455070495605468750e+01
2.472357368469238281e+01
2.489542388916015625e+01
2.506627082824707031e+01
2.523464012145996094e+01
2.540203666687011719e+01
2.556698417663574219e+01
2.573172760009765625e+01
2.589256858825683594e+01
2.605323028564453125e+01
2.621150398254394531e+01
2.636665344238281250e+01
2.652018547058105469e+01
2.667136573791503906e+01
2.682169532775878906e+01
2.696821212768554688e+01
2.711168098449707031e+01
2.725434112548828125e+01
2.739324951171875000e+01
2.752916908264160156e+01
2.766360092163085938e+01
2.779434394836425781e+01
2.792289924621582031e+01
2.804780578613281250e+01
2.817056083679199219e+01
2.828970909118652344e+01
2.840675163269042969e+01
2.852096557617187500e+01
2.863162422180175781e+01
2.873949241638183594e+01
2.884384346008300781e+01
2.894544410705566406e+01
2.904282188415527344e+01
2.913896560668945312e+01
2.922943687438964844e+01
2.931722640991210938e+01
2.940235137939453125e+01
2.948408699035644531e+01
2.956170272827148438e+01
2.963521575927734375e+01
2.970613288879394531e+01
2.977372360229492188e+01
2.983800315856933594e+01
2.989824295043945312e+01
2.995446205139160156e+01
3.000815582275390625e+01
3.005785751342773438e+01
3.010358238220214844e+01
3.014608001708984375e+01
3.018462753295898438e+01
3.021998023986816406e+01
3.025065994262695312e+01
3.027817344665527344e+01
3.030178260803222656e+01
3.032225036621093750e+01
3.033809280395507812e+01
3.035081672668457031e+01
3.035819625854492188e+01
3.036396598815917969e+01
3.036515808105468750e+01
3.036252403259277344e+01
3.035682296752929688e+01
3.034732055664062500e+01
3.033401870727539062e+01
3.031693649291992188e+01
3.029533004760742188e+01
3.027144432067871094e+01
3.024305534362792969e+01
3.021091461181640625e+01
3.017577743530273438e+01
3.013615989685058594e+01
3.009430313110351562e+01
3.004798316955566406e+01
2.999794960021972656e+01
2.994346618652343750e+01
2.988677215576171875e+01
2.982638549804687500e+01
2.976305580139160156e+01
2.969529724121093750e+01
2.962460327148437500e+01
2.955098342895507812e+01
2.947295188903808594e+01
2.939348602294921875e+01
2.930887413024902344e+01
2.922135162353515625e+01
2.913091468811035156e+01
2.903831672668457031e+01
2.894058036804199219e+01
2.884068870544433594e+01
2.873789596557617188e+01
2.863220405578613281e+01
2.852361488342285156e+01
2.841287612915039062e+01
2.829923629760742188e+01
2.818196105957031250e+01
2.806179237365722656e+01
2.793947029113769531e+01
2.781425094604492188e+01
2.768613815307617188e+01
2.755661392211914062e+01
2.742345046997070312e+01
2.728887176513671875e+01
2.715065193176269531e+01
2.701101303100585938e+01
2.686846923828125000e+01
2.672450447082519531e+01
2.657911682128906250e+01
2.643081474304199219e+01
2.628034019470214844e+01
2.612768936157226562e+01
2.597434425354003906e+01
2.581807327270507812e+01
2.566035652160644531e+01
2.550119209289550781e+01
2.533908843994140625e+01
2.517701148986816406e+01
2.501272964477539062e+01
2.484697341918945312e+01
2.468121719360351562e+01
2.451321983337402344e+01
2.434370994567871094e+01
2.417416572570800781e+01
2.400234222412109375e+01
2.382971191406250000e+01
2.365626525878906250e+01
2.348347282409667969e+01
2.330760765075683594e+01
2.313162612915039062e+01
2.295477485656738281e+01
2.277778434753417969e+01
2.259989547729492188e+01
2.242109298706054688e+01
2.224136734008789062e+01
2.206293296813964844e+01
2.188280296325683594e+01
2.170319175720214844e+01
2.152334403991699219e+01
2.134324645996093750e+01
2.116362571716308594e+01
2.098372459411621094e+01
2.080353355407714844e+01
2.062377548217773438e+01
2.044518470764160156e+01
2.026477241516113281e+01
2.008698081970214844e+01
1.990734100341796875e+01
1.972955131530761719e+01
1.955211448669433594e+01
1.937501525878906250e+01
1.919898223876953125e+01
1.902325820922851562e+01
1.884857368469238281e+01
1.867491149902343750e+01
1.850151824951171875e+01
1.832912063598632812e+01
1.815845108032226562e+01
1.798875045776367188e+01
1.782000541687011719e+01
1.765294837951660156e+01
1.748681831359863281e+01
1.732160377502441406e+01
1.715877914428710938e+01
1.699684333801269531e+01
1.683578300476074219e+01
1.667781639099121094e+01
1.652070236206054688e+01
1.636442375183105469e+01
1.621119308471679688e+01
1.605950355529785156e+01
1.591007804870605469e+01
1.576141452789306641e+01
1.561571598052978516e+01
1.547148323059082031e+01
1.532869434356689453e+01
1.518881607055664062e+01
1.505034542083740234e+01
1.491400623321533203e+01
1.478052234649658203e+01
1.464913177490234375e+01
1.451982021331787109e+01
1.439256572723388672e+01
1.426809787750244141e+01
1.414490890502929688e+01
1.402447128295898438e+01
1.390676593780517578e+01
1.379177761077880859e+01
1.367874717712402344e+01
1.356839942932128906e+01
1.346072101593017578e+01
1.335569477081298828e+01
1.325330638885498047e+01
1.315353965759277344e+01
1.305637931823730469e+01
1.296106910705566406e+01
1.286982345581054688e+01
1.278039932250976562e+01
1.269352531433105469e+01
1.260993194580078125e+01
1.252886295318603516e+01
1.245104694366455078e+01
1.237498760223388672e+01
1.230215644836425781e+01
1.223254299163818359e+01
1.216464805603027344e+01
1.210069179534912109e+01
1.203917503356933594e+01
1.198008632659912109e+01
1.192416000366210938e+01
1.187212848663330078e+01
1.182175254821777344e+01
1.177525234222412109e+01
1.173038864135742188e+01
1.168938064575195312e+01
1.165147876739501953e+01
1.161518859863281250e+01
1.158272933959960938e+01
1.155335235595703125e+01
1.152630329132080078e+01
1.150231933593750000e+01
1.148138999938964844e+01
1.146276569366455078e+01
1.144792461395263672e+01
1.143462944030761719e+01
1.142510318756103516e+01
1.141785240173339844e+01
1.141435718536376953e+01
1.141163921356201172e+01
1.141266441345214844e+01
1.141668605804443359e+01
1.142295360565185547e+01
1.143220615386962891e+01
1.144443798065185547e+01
1.145890426635742188e+01
1.147634220123291016e+01
1.149600601196289062e+01
1.151789188385009766e+01
1.154348278045654297e+01
1.157129001617431641e+01
1.160130977630615234e+01
1.163354206085205078e+01
1.166798305511474609e+01
1.170537567138671875e+01
1.174497413635253906e+01
1.178677845001220703e+01
1.183153057098388672e+01
1.187848567962646484e+01
1.192690181732177734e+01
1.197826480865478516e+01
1.203183174133300781e+01
1.208685970306396484e+01
1.214409255981445312e+01
1.220427608489990234e+01
1.226517963409423828e+01
1.232903575897216797e+01
1.239510250091552734e+01
1.246189594268798828e+01
1.253090381622314453e+01
1.260212898254394531e+01
1.267408847808837891e+01
1.274827194213867188e+01
1.282468032836914062e+01
1.290257549285888672e+01
1.298121738433837891e+01
1.306209659576416016e+01
1.314373111724853516e+01
1.322760963439941406e+01
1.331225299835205078e+01
1.339841175079345703e+01
1.348609638214111328e+01
1.357457351684570312e+01
1.366459751129150391e+01
1.375543498992919922e+01
1.384784030914306641e+01
1.394107818603515625e+01
1.403442096710205078e+01
1.413010597229003906e+01
1.422591400146484375e+01
1.432260227203369141e+01
1.442018127441406250e+01
1.451940441131591797e+01
1.461879825592041016e+01
1.471837615966796875e+01
1.481888771057128906e+01
1.492035007476806641e+01
1.502128791809082031e+01
1.512319850921630859e+01
1.522609329223632812e+01
1.532849884033203125e+01
1.543117332458496094e+01
1.553486824035644531e+01
1.563885402679443359e+01
1.574240207672119141e+01
1.584552288055419922e+01
1.594971275329589844e+01
1.605350303649902344e+01
1.615690422058105469e+01
1.626066970825195312e+01
1.636481475830078125e+01
1.646786499023437500e+01
1.657131767272949219e+01
1.667444229125976562e+01
1.677651214599609375e+01
1.687902069091796875e+01
1.698123931884765625e+01
1.708169364929199219e+01
1.718188285827636719e+01
1.728256225585937500e+01
1.738225555419921875e+01
1.748023414611816406e+01
1.757873725891113281e+01
1.767555236816406250e+01
1.777142906188964844e+01
1.786712265014648438e+01
1.796190261840820312e+01
1.805503845214843750e+01
1.814728164672851562e+01
1.823864936828613281e+01
1.832841110229492188e+01
1.841807365417480469e+01
1.850690841674804688e+01
1.859345245361328125e+01
1.867846107482910156e+01
1.876269912719726562e+01
1.884618186950683594e+01
1.892669677734375000e+01
1.900723457336425781e+01
1.908558082580566406e+01
1.916324043273925781e+01
1.923874473571777344e+01
1.931359291076660156e+01
1.938557434082031250e+01
1.945693397521972656e+01
1.952471351623535156e+01
1.959338951110839844e+01
1.965925979614257812e+01
1.972457313537597656e+01
1.978933715820312500e+01
1.984985923767089844e+01
1.990986251831054688e+01
1.996713829040527344e+01
2.002392578125000000e+01
2.007652282714843750e+01
2.012866210937500000e+01
2.017886924743652344e+01
2.022641563415527344e+01
2.027354049682617188e+01
2.031802940368652344e+01
2.036063957214355469e+01
2.039989471435546875e+01
2.043877983093261719e+01
2.047582054138183594e+01
2.050954246520996094e+01
2.054218673706054688e+01
2.057227897644042969e+01
2.060056877136230469e+01
2.062632751464843750e+01
2.065030860900878906e+01
2.067252159118652344e+01
2.069223213195800781e+01
2.071019172668457031e+01
2.072641181945800781e+01
2.073941421508789062e+01
2.075069236755371094e+01
2.075951576232910156e+01
2.076663017272949219e+01
2.077204704284667969e+01
2.077503013610839844e+01
2.077484321594238281e+01
2.077298355102539062e+01
2.076871681213378906e+01
2.076279067993164062e+01
2.075447654724121094e+01
2.074452018737792969e+01
2.073293113708496094e+01
2.071748542785644531e+01
2.070042037963867188e+01
2.068174171447753906e+01
2.065996932983398438e+01
2.063659858703613281e+01
2.061163139343261719e+01
2.058433151245117188e+01
2.055470085144042969e+01
2.052349472045898438e+01
2.048996734619140625e+01
2.045412254333496094e+01
2.041671371459960938e+01
2.037625503540039062e+01
2.033497810363769531e+01
2.029140090942382812e+01
2.024626731872558594e+01
2.019809532165527344e+01
2.014911842346191406e+01
2.009710693359375000e+01
2.004429054260253906e+01
1.998918724060058594e+01
1.993254089355468750e+01
1.987360954284667969e+01
1.981239128112792969e+01
1.975037574768066406e+01
1.968607521057128906e+01
1.962097740173339844e+01
1.955210876464843750e+01
1.948318290710449219e+01
1.941271591186523438e+01
1.933996200561523438e+01
1.926566505432128906e+01
1.918981933593750000e+01
1.911242675781250000e+01
1.903497123718261719e+01
1.895373725891113281e+01
1.887168884277343750e+01
1.878882980346679688e+01
1.870441246032714844e+01
1.861843490600585938e+01
1.853163337707519531e+01
1.844252395629882812e+01
1.835332870483398438e+01
1.826107025146484375e+01
1.816871070861816406e+01
1.807624626159667969e+01
1.798217964172363281e+01
1.788650321960449219e+01
1.778995323181152344e+01
1.769177818298339844e+01
1.759271240234375000e+01
1.749348831176757812e+01
1.739261245727539062e+01
1.729156494140625000e+01
1.718958854675292969e+01
1.708593368530273438e+01
1.698207855224609375e+01
1.687726593017578125e+01
1.677223587036132812e+01
1.666623115539550781e+01
1.655998802185058594e+01
1.645275115966796875e+01
1.634451293945312500e+01
1.623600387573242188e+01
1.612647247314453125e+01
1.601813888549804688e+01
1.590801906585693359e+01
1.579684638977050781e+01
1.568683910369873047e+01
1.557501506805419922e+01
1.546433639526367188e+01
1.535256290435791016e+01
1.523968410491943359e+01
1.512792015075683594e+01
1.501651477813720703e+01
1.490397262573242188e+01
1.479176998138427734e+01
1.467989444732666016e+01
1.456685161590576172e+01
1.445485782623291016e+01
1.434316062927246094e+01
1.423100471496582031e+01
1.411986732482910156e+01
1.400750827789306641e+01
1.389614677429199219e+01
1.378577041625976562e+01
1.367414188385009766e+01
1.356422042846679688e+01
1.345376777648925781e+01
1.334426021575927734e+01
1.323494338989257812e+01
1.312506484985351562e+01
1.301758480072021484e+01
1.290951728820800781e+01
1.280307579040527344e+01
1.269601631164550781e+01
1.259055233001708984e+01
1.248369598388671875e+01
1.237840557098388672e+01
1.227466583251953125e+01
1.217171859741210938e+01
1.207029342651367188e+01
1.196963214874267578e+01
1.186823368072509766e+01
1.176831340789794922e+01
1.166985797882080078e+01
1.157136631011962891e+01
1.147431182861328125e+01
1.137793636322021484e+01
1.128297138214111328e+01
1.118865966796875000e+01
1.109573173522949219e+01
1.100417327880859375e+01
1.091248607635498047e+01
1.082214546203613281e+01
1.073388004302978516e+01
1.064544773101806641e+01
1.055906963348388672e+01
1.047324371337890625e+01
1.039019012451171875e+01
1.030766677856445312e+01
1.022566318511962891e+01
1.014491176605224609e+01
1.006540203094482422e+01
9.987864494323730469e+00
9.910804748535156250e+00
9.835698127746582031e+00
9.761048316955566406e+00
9.689074516296386719e+00
9.617539405822753906e+00
9.547919273376464844e+00
9.479460716247558594e+00
9.412156105041503906e+00
9.346739768981933594e+00
9.282460212707519531e+00
9.220052719116210938e+00
9.158021926879882812e+00
9.098590850830078125e+00
9.041007995605468750e+00
8.985266685485839844e+00
8.929873466491699219e+00
8.876307487487792969e+00
8.823818206787109375e+00
8.772397994995117188e+00
8.722038269042968750e+00
8.674216270446777344e+00
8.628701210021972656e+00
8.583699226379394531e+00
8.540321350097656250e+00
8.498408317565917969e+00
8.458102226257324219e+00
8.419470787048339844e+00
8.382358551025390625e+00
8.346683502197265625e+00
8.312736511230468750e+00
8.280439376831054688e+00
8.249486923217773438e+00
8.220022201538085938e+00
8.192040443420410156e+00
8.165685653686523438e+00
8.140803337097167969e+00
8.117314338684082031e+00
8.095438003540039062e+00
8.074946403503417969e+00
8.055910110473632812e+00
8.038401603698730469e+00
8.022339820861816406e+00
8.007649421691894531e+00
7.994549751281738281e+00
7.982741832733154297e+00
7.972444534301757812e+00
7.963507652282714844e+00
7.955929279327392578e+00
7.949782371520996094e+00
7.944990158081054688e+00
7.941477775573730469e+00
7.939393043518066406e+00
7.938586235046386719e+00
7.939205169677734375e+00
7.941026210784912109e+00
7.944123744964599609e+00
7.948498725891113281e+00
7.954076290130615234e+00
7.960931777954101562e+00
7.968992233276367188e+00
7.978182315826416016e+00
7.988727092742919922e+00
8.000331878662109375e+00
8.012995719909667969e+00
8.026797294616699219e+00
8.041811943054199219e+00
8.057892799377441406e+00
8.074968338012695312e+00
8.093042373657226562e+00
8.112195968627929688e+00
8.132286071777343750e+00
8.153465270996093750e+00
8.175665855407714844e+00
8.198820114135742188e+00
8.222709655761718750e+00
8.247416496276855469e+00
8.273168563842773438e+00
8.299749374389648438e+00
8.327240943908691406e+00
8.355500221252441406e+00
8.384533882141113281e+00
8.414350509643554688e+00
8.444879531860351562e+00
8.476132392883300781e+00
8.508111953735351562e+00
8.540903091430664062e+00
8.574140548706054688e+00
8.608127593994140625e+00
8.642651557922363281e+00
8.677865028381347656e+00
8.713333129882812500e+00
8.749284744262695312e+00
8.786545753479003906e+00
8.823934555053710938e+00
8.861681938171386719e+00
8.899052619934082031e+00
8.938284873962402344e+00
8.977155685424804688e+00
9.016417503356933594e+00
9.056077003479003906e+00
9.095400810241699219e+00
9.135882377624511719e+00
9.177528381347656250e+00
9.217377662658691406e+00
9.258407592773437500e+00
9.299884796142578125e+00
9.340332031250000000e+00
9.381984710693359375e+00
9.423365592956542969e+00
9.464482307434082031e+00
9.506087303161621094e+00
9.547445297241210938e+00
9.589305877685546875e+00
9.630935668945312500e+00
9.672342300415039062e+00
9.713532447814941406e+00
9.754515647888183594e+00
9.796044349670410156e+00
9.838128089904785156e+00
9.878550529479980469e+00
9.918810844421386719e+00
9.958178520202636719e+00
9.998151779174804688e+00
1.003874206542968750e+01
1.007773303985595703e+01
1.011736583709716797e+01
1.015542221069335938e+01
1.019414520263671875e+01
1.023205947875976562e+01
1.026992034912109375e+01
1.030848217010498047e+01
1.034552764892578125e+01
1.038181018829345703e+01
1.041808605194091797e+01
1.045362377166748047e+01
1.048843288421630859e+01
1.052326869964599609e+01
1.055814170837402344e+01
1.059157752990722656e+01
1.062507247924804688e+01
1.065715026855468750e+01
1.068930912017822266e+01
1.072081661224365234e+01
1.075168132781982422e+01
1.078117084503173828e+01
1.081003856658935547e+01
1.083829402923583984e+01
1.086594867706298828e+01
1.089375305175781250e+01
1.091948699951171875e+01
1.094613361358642578e+01
1.097072792053222656e+01
1.099551010131835938e+01
1.101900100708007812e+01
1.104121017456054688e+01
1.106288814544677734e+01
1.108404350280761719e+01
1.110468387603759766e+01
1.112407398223876953e+01
1.114296531677246094e+01
1.116061973571777344e+01
1.117779064178466797e+01
1.119448280334472656e+01
1.120921802520751953e+01
1.122348785400390625e+01
1.123729896545410156e+01
1.124917221069335938e+01
1.126059913635253906e+01
1.127084541320800781e+01
1.127991771697998047e+01
1.128930950164794922e+01
1.129679965972900391e+01
1.130313873291015625e+01
1.130982017517089844e+01
1.131462097167968750e+01
1.131829071044921875e+01
1.132232189178466797e+01
1.132449150085449219e+01
1.132554912567138672e+01
1.132550144195556641e+01
1.132435035705566406e+01
1.132284927368164062e+01
1.132025623321533203e+01
1.131583499908447266e+01
1.131181907653808594e+01
1.130598449707031250e+01
1.129907798767089844e+01
1.129184722900390625e+01
1.128281021118164062e+01
1.127345561981201172e+01
1.126304531097412109e+01
1.125083923339843750e+01
1.123906993865966797e+01
1.122625541687011719e+01
1.121239662170410156e+01
1.119749736785888672e+01
1.118155860900878906e+01
1.116384220123291016e+01
1.114657688140869141e+01
1.112753772735595703e+01
1.110821247100830078e+01
1.108711338043212891e+01
1.106647586822509766e+01
1.104258251190185547e+01
1.101989459991455078e+01
1.099543857574462891e+01
1.097070407867431641e+01
1.094494628906250000e+01
1.091816806793212891e+01
1.089111042022705078e+01
1.086154556274414062e+01
1.083318901062011719e+01
1.080306720733642578e+01
1.077266597747802734e+01
1.074124240875244141e+01
1.070805263519287109e+01
1.067532444000244141e+01
1.064231395721435547e+01
1.060678863525390625e+01
1.057171916961669922e+01
1.053561592102050781e+01
1.049921894073486328e+01
1.046178150177001953e+01
1.042329978942871094e+01
1.038451480865478516e+01
1.034467792510986328e+01
1.030527210235595703e+01
1.026480674743652344e+01
1.022402191162109375e+01
1.018216896057128906e+01
1.013998794555664062e+01
1.009672927856445312e+01
1.005238914489746094e+01
1.000844955444335938e+01
9.963418960571289062e+00
9.918035507202148438e+00
9.873779296875000000e+00
9.827673912048339844e+00
9.780456542968750000e+00
9.734350204467773438e+00
9.686378479003906250e+00
9.638764381408691406e+00
9.590015411376953125e+00
9.541611671447753906e+00
9.492805480957031250e+00
9.443590164184570312e+00
9.393959999084472656e+00
9.343908309936523438e+00
9.293428421020507812e+00
9.242515563964843750e+00
9.191905975341796875e+00
9.140107154846191406e+00
9.088598251342773438e+00
9.037373542785644531e+00
8.985683441162109375e+00
8.934265136718750000e+00
8.882368087768554688e+00
8.829243659973144531e+00
8.777113914489746094e+00
8.725230216979980469e+00
8.672099113464355469e+00
8.619200706481933594e+00
8.565784454345703125e+00
8.512588500976562500e+00
8.460348129272460938e+00
8.406828880310058594e+00
8.354253768920898438e+00
8.301872253417968750e+00
8.248931884765625000e+00
8.196166038513183594e+00
8.143566131591796875e+00
8.090378761291503906e+00
8.038824081420898438e+00
7.985920906066894531e+00
7.933145046234130859e+00
7.881230831146240234e+00
7.829425334930419922e+00
7.776977062225341797e+00
7.725363731384277344e+00
7.673087596893310547e+00
7.622371673583984375e+00
7.570975780487060547e+00
7.520378112792968750e+00
7.469826221466064453e+00
7.419461727142333984e+00
7.369273185729980469e+00
7.319254398345947266e+00
7.269989967346191406e+00
7.220878124237060547e+00
7.172057628631591797e+00
7.123521327972412109e+00
7.075334072113037109e+00
7.027489662170410156e+00
6.980127811431884766e+00
6.933090209960937500e+00
6.886445999145507812e+00
6.840186595916748047e+00
6.794376850128173828e+00
6.748937129974365234e+00
6.704082012176513672e+00
6.659655094146728516e+00
6.615649223327636719e+00
6.572131156921386719e+00
6.529169082641601562e+00
6.486607074737548828e+00
6.444660663604736328e+00
6.403174400329589844e+00
6.362141609191894531e+00
6.321779727935791016e+00
6.281932353973388672e+00
6.242593288421630859e+00
6.203831195831298828e+00
6.165640354156494141e+00
6.128014087677001953e+00
6.091021060943603516e+00
6.054656028747558594e+00
6.018837928771972656e+00
5.983636856079101562e+00
5.949119567871093750e+00
5.915204524993896484e+00
5.881884098052978516e+00
5.849152088165283203e+00
5.817149162292480469e+00
5.785796165466308594e+00
5.755011558532714844e+00
5.724936962127685547e+00
5.695344448089599609e+00
5.666524887084960938e+00
5.638398170471191406e+00
5.610884666442871094e+00
5.584052562713623047e+00
5.557897567749023438e+00
5.532414436340332031e+00
5.507523536682128906e+00
5.483294963836669922e+00
5.459798812866210938e+00
5.436955928802490234e+00
5.414762496948242188e+00
5.393288612365722656e+00
5.372457027435302734e+00
5.352263927459716797e+00
5.332705497741699219e+00
5.313853263854980469e+00
5.295703887939453125e+00
5.278180599212646484e+00
5.261355400085449219e+00
5.245151042938232422e+00
5.229713916778564453e+00
5.214818954467773438e+00
5.200612545013427734e+00
5.187168121337890625e+00
5.174260616302490234e+00
5.162036895751953125e+00
5.150496482849121094e+00
5.139562606811523438e+00
5.129310131072998047e+00
5.119662761688232422e+00
5.110694885253906250e+00
5.102256774902343750e+00
5.094496726989746094e+00
5.087414264678955078e+00
5.080861091613769531e+00
5.075058937072753906e+00
5.069712162017822266e+00
5.065042972564697266e+00
5.060903549194335938e+00
5.057516098022460938e+00
5.054584980010986328e+00
5.052260398864746094e+00
5.050467967987060547e+00
5.049284458160400391e+00
5.048562526702880859e+00
5.048526287078857422e+00
5.048955440521240234e+00
5.049925327301025391e+00
5.051438331604003906e+00
5.053495407104492188e+00
5.055951595306396484e+00
5.059031009674072266e+00
5.062438488006591797e+00
5.066400051116943359e+00
5.070917606353759766e+00
5.075993537902832031e+00
5.081705093383789062e+00
5.087535381317138672e+00
5.093931674957275391e+00
5.100674629211425781e+00
5.107990264892578125e+00
5.115584373474121094e+00
5.123608112335205078e+00
5.131990909576416016e+00
5.140884876251220703e+00
5.149921417236328125e+00
5.159550189971923828e+00
5.169403076171875000e+00
5.179557323455810547e+00
5.190092563629150391e+00
5.201085090637207031e+00
5.212243080139160156e+00
5.223793029785156250e+00
5.235589981079101562e+00
5.247713088989257812e+00
5.259943008422851562e+00
5.272582054138183594e+00
5.285410881042480469e+00
5.298508644104003906e+00
5.311806201934814453e+00
5.325158596038818359e+00
5.338868618011474609e+00
5.352717399597167969e+00
5.366710662841796875e+00
5.380926609039306641e+00
5.395222187042236328e+00
5.409676551818847656e+00
5.424368381500244141e+00
5.439155578613281250e+00
5.453968048095703125e+00
5.468885421752929688e+00
5.483915328979492188e+00
5.498991012573242188e+00
5.514120101928710938e+00
5.529310226440429688e+00
5.544569015502929688e+00
5.559830188751220703e+00
5.575174808502197266e+00
5.590536594390869141e+00
5.605848789215087891e+00
5.621193885803222656e+00
5.636578559875488281e+00
5.651861667633056641e+00
5.667125225067138672e+00
5.682524681091308594e+00
5.697696685791015625e+00
5.712796211242675781e+00
5.727979183197021484e+00
5.742956161499023438e+00
5.757956027984619141e+00
5.772763252258300781e+00
5.787533283233642578e+00
5.802124023437500000e+00
5.816764831542968750e+00
5.831165313720703125e+00
5.845331668853759766e+00
5.859493255615234375e+00
5.873433113098144531e+00
5.887231826782226562e+00
5.900821208953857422e+00
5.914280891418457031e+00
5.927542686462402344e+00
5.940612316131591797e+00
5.953420639038085938e+00
5.965973377227783203e+00
5.978424072265625000e+00
5.990555763244628906e+00
6.002521991729736328e+00
6.014177799224853516e+00
6.025529861450195312e+00
6.036731243133544922e+00
6.047488212585449219e+00
6.058029651641845703e+00
6.068359375000000000e+00
6.078333377838134766e+00
6.087956428527832031e+00
6.097306251525878906e+00
6.106313228607177734e+00
6.114981651306152344e+00
6.123315334320068359e+00
6.131392478942871094e+00
6.138996601104736328e+00
6.146355152130126953e+00
6.153326511383056641e+00
6.159841060638427734e+00
6.166052818298339844e+00
6.171893596649169922e+00
6.177443027496337891e+00
6.182482719421386719e+00
6.187167167663574219e+00
6.191576004028320312e+00
6.195416927337646484e+00
6.198992252349853516e+00
6.202157974243164062e+00
6.204994201660156250e+00
6.207281589508056641e+00
6.209249019622802734e+00
6.210752010345458984e+00
6.211870193481445312e+00
6.212680816650390625e+00
6.213041305541992188e+00
6.212954521179199219e+00
6.212425708770751953e+00
6.211606979370117188e+00
6.210354328155517578e+00
6.208597183227539062e+00
6.206486701965332031e+00
6.203879833221435547e+00
6.200926780700683594e+00
6.197557926177978516e+00
6.193776130676269531e+00
6.189584255218505859e+00
6.184984683990478516e+00
6.179981231689453125e+00
6.174650192260742188e+00
6.168845176696777344e+00
6.162568569183349609e+00
6.155971050262451172e+00
6.148980617523193359e+00
6.141598701477050781e+00
6.133751869201660156e+00
6.125516891479492188e+00
6.116894721984863281e+00
6.107885360717773438e+00
6.098416805267333984e+00
6.088637351989746094e+00
6.078473567962646484e+00
6.067851066589355469e+00
6.056918144226074219e+00
6.045527458190917969e+00
6.033826351165771484e+00
6.021666526794433594e+00
6.009195327758789062e+00
5.996337890625000000e+00
5.983166694641113281e+00
5.969533443450927734e+00
5.955585002899169922e+00
5.941245079040527344e+00
5.926512718200683594e+00
5.911460399627685547e+00
5.896012783050537109e+00
5.880315780639648438e+00
5.864219188690185547e+00
5.847721576690673828e+00
5.830968379974365234e+00
5.813884735107421875e+00
5.796467304229736328e+00
5.778639793395996094e+00
5.760548591613769531e+00
5.742191791534423828e+00
5.723492145538330078e+00
5.704522609710693359e+00
5.685056209564208984e+00
5.665389060974121094e+00
5.645519256591796875e+00
5.625294208526611328e+00
5.604786872863769531e+00
5.584068775177001953e+00
5.562989711761474609e+00
5.541769027709960938e+00
5.520107746124267578e+00
5.498375415802001953e+00
5.476271629333496094e+00
5.454091548919677734e+00
5.431610584259033203e+00
5.408825397491455078e+00
5.385957717895507812e+00
5.362781047821044922e+00
5.339516639709472656e+00
5.315939426422119141e+00
5.292195796966552734e+00
5.268357276916503906e+00
5.244272708892822266e+00
5.220089435577392578e+00
5.195580959320068359e+00
5.171191692352294922e+00
5.146546363830566406e+00
5.121866703033447266e+00
5.097001075744628906e+00
5.071946620941162109e+00
5.046849727630615234e+00
5.021780490875244141e+00
4.996436119079589844e+00
4.971111297607421875e+00
4.945726394653320312e+00
4.920201778411865234e+00
4.894682884216308594e+00
4.869089126586914062e+00
4.843416690826416016e+00
4.817809581756591797e+00
4.791965007781982422e+00
4.766249179840087891e+00
4.740509033203125000e+00
4.714738368988037109e+00
4.688932895660400391e+00
4.663161754608154297e+00
4.637418270111083984e+00
4.611623764038085938e+00
4.585846424102783203e+00
4.560154914855957031e+00
4.534395217895507812e+00
4.508784770965576172e+00
4.483094215393066406e+00
4.457615375518798828e+00
4.432044982910156250e+00
4.406600952148437500e+00
4.381053447723388672e+00
4.355769157409667969e+00
4.330444335937500000e+00
4.305222511291503906e+00
4.280171871185302734e+00
4.255137920379638672e+00
4.230190277099609375e+00
4.205173969268798828e+00
4.180455684661865234e+00
4.155732154846191406e+00
4.131221294403076172e+00
4.106844425201416016e+00
4.082447052001953125e+00
4.058247566223144531e+00
4.034241199493408203e+00
4.010274410247802734e+00
3.986492156982421875e+00
3.962815046310424805e+00
3.939388036727905273e+00
3.916132211685180664e+00
3.892970085144042969e+00
3.870046615600585938e+00
3.847209453582763672e+00
3.824603796005249023e+00
3.802152633666992188e+00
3.779925107955932617e+00
3.757843255996704102e+00
3.736051321029663086e+00
3.714396953582763672e+00
3.693024635314941406e+00
3.671782016754150391e+00
3.650665998458862305e+00
3.629821777343750000e+00
3.609319448471069336e+00
3.589008808135986328e+00
3.568886041641235352e+00
3.549022436141967773e+00
3.529340744018554688e+00
3.510061979293823242e+00
3.490885496139526367e+00
3.471958160400390625e+00
3.453276395797729492e+00
3.434987306594848633e+00
3.416791200637817383e+00
3.398982286453247070e+00
3.381335973739624023e+00
3.364072322845458984e+00
3.347041130065917969e+00
3.330313920974731445e+00
3.313814163208007812e+00
3.297613859176635742e+00
3.281710863113403320e+00
3.266102790832519531e+00
3.250712871551513672e+00
3.235613346099853516e+00
3.220875740051269531e+00
3.206349134445190430e+00
3.192179918289184570e+00
3.178216695785522461e+00
3.164605855941772461e+00
3.151196479797363281e+00
3.138282775878906250e+00
3.125416517257690430e+00
3.112967014312744141e+00
3.100857257843017578e+00
3.088936090469360352e+00
3.077275276184082031e+00
3.065947055816650391e+00
3.054948568344116211e+00
3.044203042984008789e+00
3.033708810806274414e+00
3.023537158966064453e+00
3.013537883758544922e+00
3.003931522369384766e+00
2.994567632675170898e+00
2.985444068908691406e+00
2.976558923721313477e+00
2.968058824539184570e+00
2.959719419479370117e+00
2.951687574386596680e+00
2.943962097167968750e+00
2.936467170715332031e+00
2.929127931594848633e+00
2.922166109085083008e+00
2.915358543395996094e+00
2.908852815628051758e+00
2.902574777603149414e+00
2.896524429321289062e+00
2.890701532363891602e+00
2.885181188583374023e+00
2.879815340042114258e+00
2.874678611755371094e+00
2.869698286056518555e+00
2.865098476409912109e+00
2.860657215118408203e+00
2.856450796127319336e+00
2.852480649948120117e+00
2.848675012588500977e+00
2.845258235931396484e+00
2.841935634613037109e+00
2.838784217834472656e+00
2.835954904556274414e+00
2.833153486251831055e+00
2.830754041671752930e+00
2.828536272048950195e+00
2.826429605484008789e+00
2.824585437774658203e+00
2.822858333587646484e+00
2.821399688720703125e+00
2.820139169692993164e+00
2.819079160690307617e+00
2.818149328231811523e+00
2.817501544952392578e+00
2.816989660263061523e+00
2.816617727279663086e+00
2.816536903381347656e+00
2.816601753234863281e+00
2.816815137863159180e+00
2.817255020141601562e+00
2.817774534225463867e+00
2.818451642990112305e+00
2.819288253784179688e+00
2.820436000823974609e+00
2.821673870086669922e+00
2.822930574417114258e+00
2.824431419372558594e+00
2.826030969619750977e+00
2.827806711196899414e+00
2.829686641693115234e+00
2.831747770309448242e+00
2.833918333053588867e+00
2.836126565933227539e+00
2.838523387908935547e+00
2.840961933135986328e+00
2.843519210815429688e+00
2.846271038055419922e+00
2.848996877670288086e+00
2.851772308349609375e+00
2.854674100875854492e+00
2.857778310775756836e+00
2.860863685607910156e+00
2.863931655883789062e+00
2.867133140563964844e+00
2.870395183563232422e+00
2.873645305633544922e+00
2.876960277557373047e+00
2.880341053009033203e+00
2.883790016174316406e+00
2.887235164642333984e+00
2.890678405761718750e+00
2.894121408462524414e+00
2.897567033767700195e+00
2.901017427444458008e+00
2.904475212097167969e+00
2.907943010330200195e+00
2.911349058151245117e+00
2.914845228195190430e+00
2.918210983276367188e+00
2.921673059463500977e+00
2.925011396408081055e+00
2.928303718566894531e+00
2.931553840637207031e+00
2.934839248657226562e+00
2.938015222549438477e+00
2.941160202026367188e+00
2.944203853607177734e+00
2.947372913360595703e+00
2.950299978256225586e+00
2.953212261199951172e+00
2.956114292144775391e+00
2.958935737609863281e+00
2.961606979370117188e+00
2.964354753494262695e+00
2.966886997222900391e+00
0.000000000000000000e+00
0.000000000000000000e+00
0.000000000000000000e+00
0.000000000000000000e+00
0.000000000000000000e+00
0.000000000000000000e+00
0.000000000000000000e+00
0.000000000000000000e+00
0.000000000000000000e+00
0.000000000000000000e+00
0.000000000000000000e+00
0.000000000000000000e+00
0.000000000000000000e+00
0.000000000000000000e+00
0.000000000000000000e+00
0.000000000000000000e+00
0.000000000000000000e+00
0.000000000000000000e+00
0.000000000000000000e+00
0.000000000000000000e+00
0.000000000000000000e+00
0.000000000000000000e+00
0.000000000000000000e+00
0.000000000000000000e+00
0.000000000000000000e+00
0.000000000000000000e+00
0.000000000000000000e+00
0.000000000000000000e+00
0.000000000000000000e+00
0.000000000000000000e+00
0.000000000000000000e+00
0.000000000000000000e+00
0.000000000000000000e+00
0.000000000000000000e+00
0.000000000000000000e+00
0.000000000000000000e+00
0.000000000000000000e+00
0.000000000000000000e+00
0.000000000000000000e+00
0.000000000000000000e+00
0.000000000000000000e+00
0.000000000000000000e+00
0.000000000000000000e+00
0.000000000000000000e+00
0.000000000000000000e+00
0.000000000000000000e+00
0.000000000000000000e+00
0.000000000000000000e+00
0.000000000000000000e+00
0.000000000000000000e+00
0.000000000000000000e+00
0.000000000000000000e+00
0.000000000000000000e+00
0.000000000000000000e+00
0.000000000000000000e+00
0.000000000000000000e+00
0.000000000000000000e+00
0.000000000000000000e+00
0.000000000000000000e+00
0.000000000000000000e+00
0.000000000000000000e+00
0.000000000000000000e+00
0.000000000000000000e+00
0.000000000000000000e+00
0.000000000000000000e+00
0.000000000000000000e+00
0.000000000000000000e+00
0.000000000000000000e+00
0.000000000000000000e+00
0.000000000000000000e+00
0.000000000000000000e+00
0.000000000000000000e+00
0.000000000000000000e+00
0.000000000000000000e+00
0.000000000000000000e+00
0.000000000000000000e+00
0.000000000000000000e+00
0.000000000000000000e+00
0.000000000000000000e+00
0.000000000000000000e+00
0.000000000000000000e+00
0.000000000000000000e+00
0.000000000000000000e+00
0.000000000000000000e+00
0.000000000000000000e+00
0.000000000000000000e+00
0.000000000000000000e+00
0.000000000000000000e+00
0.000000000000000000e+00
0.000000000000000000e+00
0.000000000000000000e+00
0.000000000000000000e+00
0.000000000000000000e+00
0.000000000000000000e+00
0.000000000000000000e+00
0.000000000000000000e+00
0.000000000000000000e+00
0.000000000000000000e+00
0.000000000000000000e+00
0.000000000000000000e+00
