# pp
8.775884815671621584e-09
5.340311300489119484e-09
3.692193721482355089e-09
2.744038680558689243e-09
2.136219820188592543e-09
1.718509964366864216e-09
1.416742491505921119e-09
1.190486588848660126e-09
1.015654812536124618e-09
8.775737353688888369e-10
7.661618279380953175e-10
6.748053016575566448e-10
5.989271604508755584e-10
5.351393400420324914e-10
4.809498843990147004e-10
4.345083688176069489e-10
3.943978095366636386e-10
3.594811344258058294e-10
3.288724624236162106e-10
3.018990967387649385e-10
2.780197362926905083e-10
2.567706842248529095e-10
2.377715554718273331e-10
2.207172768215008731e-10
2.053554635244161978e-10
1.914714132294161846e-10
1.788817314018984746e-10
1.674233698846145558e-10
1.569597658587353106e-10
1.473856080076210918e-10
1.386103748075535257e-10
1.305479211582962480e-10
1.231223983782266664e-10
1.162693600378144018e-10
1.099327750292287448e-10
1.040630658329150477e-10
9.861636802593067901e-11
9.355329394558145902e-11
8.883890164955336567e-11
8.444229014695097363e-11
8.033613558078636113e-11
7.649611388346481779e-11
7.290048006158970431e-11
6.952974091720493695e-11
6.636630147048314562e-11
6.339402815123768270e-11
6.059830484824031377e-11
5.796592585615284727e-11
5.548493317097408667e-11
5.314442946198312608e-11
5.093433160485013963e-11
4.884542386887898010e-11
4.686930877236956691e-11
4.499832039611041529e-11
4.322542092640199474e-11
4.154405927281113568e-11
3.994820624485213691e-11
3.843232903425112933e-11
3.699134256072382880e-11
3.562058549564862367e-11
3.431583449105119842e-11
3.307320462980974458e-11
3.188910009463619251e-11
3.076018837451403330e-11
2.968335401569357292e-11
2.865561400266146574e-11
2.767417727888013781e-11
2.673645078722035609e-11
2.584002274478980577e-11
2.498263213582839578e-11
2.416211225418100380e-11
2.337643011258923822e-11
2.262369057706722818e-11
2.190212531444665670e-11
2.121009403493039256e-11
2.054610685665647686e-11
1.990877838339318093e-11
1.929680888518881759e-11
1.870897797520838626e-11
1.814413478353147105e-11
1.760118132135695955e-11
1.707908104058986912e-11
1.657685842759902815e-11
1.609359472676255002e-11
1.562842075487100792e-11
1.518050411796394572e-11
1.474905662624695683e-11
1.433333449169140660e-11
1.393263536287566242e-11
1.354629359955043752e-11
1.317367212424874467e-11
1.281416661782328183e-11
1.246720535531303831e-11
1.213224712865912561e-11
1.180877932184737205e-11
1.149631612584840561e-11
1.119439688188986667e-11
1.090258454264130108e-11
1.062046424183344230e-11
1.034764196368122083e-11
1.008374330424412467e-11
9.828412317547592457e-12
9.581310439912268637e-12
9.342115486502029614e-12
9.110520714611999955e-12
8.886233948680501571e-12
8.668976762428522621e-12
8.458483713911340412e-12
8.254501629613241757e-12
8.056787933713713290e-12
7.865107161831523535e-12
7.679233610256160558e-12
7.498951793495855316e-12
7.324055900100128286e-12
7.154349281794666014e-12
6.989643973626546125e-12
6.829760242994977679e-12
6.674526165604567612e-12
6.523777226526742675e-12
6.377355944690873196e-12
6.235111519251615514e-12
6.096899496393607757e-12
5.962581455239922057e-12
5.832024711627640622e-12
5.705102038602926561e-12
5.581691402570070175e-12
5.461675714104554044e-12
5.344942592509879886e-12
5.231384143262205412e-12
5.120896428436537684e-12
5.013378348940851010e-12
4.908732478130155685e-12
4.806865206135674142e-12
4.707686564863372283e-12
4.611110062196771828e-12
4.517052524857937250e-12
4.425433949416625536e-12
4.336177360971033681e-12
4.249208679054527825e-12
4.164456590351623027e-12
4.081852427833148736e-12
4.001330055945454664e-12
3.922825761511609777e-12
3.846278150024021546e-12
3.771628047027979480e-12
3.698818404314213467e-12
3.627794210655969090e-12
3.558502406842248201e-12
3.490891804774028589e-12
3.424913020086549912e-12
3.360518426754820253e-12
3.297662056352805546e-12
3.236299521538550021e-12
3.176387952567009211e-12
3.117885936724742978e-12
3.060753460534814591e-12
3.004951854588965285e-12
2.950443740872377627e-12
2.897192982454007427e-12
2.845164635422657280e-12
2.794324902955749128e-12
2.744641091414072981e-12
2.696081568361706007e-12
2.648615722415937479e-12
2.602213924837214167e-12
2.556847492774072202e-12
2.512488654082652057e-12
2.469110513644719882e-12
2.426687021112231665e-12
2.385192940010300841e-12
2.344603818134077508e-12
2.304895959178432920e-12
2.266046395542567193e-12
2.228032862254678935e-12
2.190833732250889550e-12
2.154427876835149186e-12
2.118794767882034928e-12
2.083914495938702657e-12
2.049767748597321777e-12
2.016335789731676203e-12
1.983600439559031067e-12
1.951544055490317509e-12
1.920149513733521954e-12
1.889400191616911143e-12
1.859279950600369245e-12
1.829773119944667889e-12
1.800864481009985977e-12
1.772539252156353843e-12
1.744783074220052613e-12
1.717581996541216547e-12
1.690922463519080493e-12
1.664791301672443039e-12
1.639175707183964494e-12
1.614063233907921683e-12
1.589441781822018374e-12
1.565299585904729045e-12
1.541625205420519220e-12
1.518407513596117474e-12
1.495635687671761965e-12
1.473299237138860292e-12
1.451388104980096264e-12
1.429892540182312799e-12
1.408803050873880732e-12
1.388110396347160780e-12
1.367805579361581274e-12
1.347879838716198864e-12
1.328324642081126959e-12
1.309131679077656758e-12
1.290292854597353298e-12
1.271800282350835480e-12
1.253646278637340633e-12
1.235823356326558229e-12
1.218324219044599299e-12
1.201141755556289981e-12
1.184269034336329013e-12
1.167699298322159813e-12
1.151425959841703200e-12
1.135442595709391891e-12
1.119742942484215668e-12
1.104320891883753103e-12
1.089170486348411886e-12
1.074285914750334883e-12
1.059661508241667154e-12
1.045291736237080063e-12
1.031171202525673442e-12
1.017294641507557036e-12
1.003656914550617717e-12
9.902530064631509384e-13
9.770780220782041895e-13
9.641271829456576931e-13
9.513958241282113892e-13
9.388793910976116278e-13
9.265734367275826660e-13
9.144736183800730654e-13
9.025756950815665273e-13
8.908755247863113165e-13
8.793690617234725699e-13
8.680523538252993331e-13
8.569215402335341787e-13
8.459728488813775744e-13
8.352025941484410450e-13
8.246071745862036480e-13
8.141830707115929114e-13
8.039268428663925673e-13
7.938351291402673604e-13
7.839046433552855845e-13
7.741321731098813928e-13
7.645145778802941437e-13
7.550487871775829359e-13
7.457318194550045960e-13
7.365608411465638560e-13
7.275331006431848302e-13
7.186459057383178386e-13
7.098966221481012755e-13
7.012826720736014447e-13
6.928015736177964807e-13
6.844507353577973949e-13
6.762278242438343313e-13
6.681305507858201844e-13
6.601565197881045965e-13
6.523033918919653375e-13
6.445690236556407558e-13
6.369513111925737703e-13
6.294480542056898575e-13
6.220571029798904080e-13
6.147764861044827167e-13
6.076042681351881106e-13
6.005384255815930751e-13
5.935769808382059796e-13
5.867181187877888583e-13
5.799600570582482707e-13
5.733009327691666956e-13
5.667389247199830572e-13
5.602723599740453139e-13
5.538995954440936224e-13
5.476189143371188866e-13
5.414286377695417981e-13
5.353272223101854694e-13
5.293131517703183702e-13
5.233848424030761273e-13
5.175407449852436511e-13
5.117794341904889865e-13
5.060995095846482334e-13
5.004995087387489271e-13
4.949780007026619947e-13
4.895336679859147623e-13
4.841652158684024498e-13
4.788712926765481683e-13
4.736505754735738607e-13
4.685018453423303805e-13
4.634239042179361030e-13
4.584155016564061615e-13
4.534754134777669444e-13
4.486025109721766214e-13
4.437956845458509849e-13
4.390537763819562105e-13
4.343756526947164658e-13
4.297602674154045976e-13
4.252065920178006100e-13
4.207135619684104086e-13
4.162801680387096085e-13
4.119054888983424934e-13
4.075886180369632371e-13
4.033286066830401196e-13
3.991245250174049794e-13
3.949755162965555827e-13
3.908807374226077905e-13
3.868393062963391779e-13
3.828503582300636247e-13
3.789130958999024076e-13
3.750267345584253333e-13
3.711904534312334463e-13
3.674034477561246127e-13
3.636649749288768375e-13
3.599743039472272628e-13
3.563306704987419470e-13
3.527333250108524071e-13
3.491815753191079262e-13
3.456747399718362370e-13
3.422121066913348518e-13
3.387929767815964507e-13
3.354167046162169783e-13
3.320826544693513611e-13
3.287901620628827550e-13
3.255385756449644261e-13
3.223272925663722503e-13
3.191557193357378076e-13
3.160232359927335419e-13
3.129292341404647844e-13
3.098731508536364297e-13
3.068544316849743523e-13
3.038724976289766673e-13
3.009267803642732067e-13
2.980167537142007101e-13
2.951418993572052654e-13
2.923016761676819428e-13
2.894955529003166482e-13
2.867230374032290576e-13
2.839836448083352358e-13
2.812768690555179767e-13
2.786022132293527314e-13
2.759592167066264672e-13
2.733474256234357075e-13
2.707663664066426524e-13
2.682155739539922626e-13
2.656946168813104341e-13
2.632030700817857104e-13
2.607404901046027620e-13
2.583064413520232495e-13
2.559005232732975796e-13
2.535223557700922261e-13
2.511715448975631650e-13
2.488477035077368145e-13
2.465504731443882321e-13
2.442795003086472786e-13
2.420344151174629021e-13
2.398148540037963895e-13
2.376204801229288292e-13
2.354509612498942911e-13
2.333059498842609302e-13
2.311851043992177103e-13
2.290881080737114140e-13
2.270146484948692886e-13
2.249643989982863463e-13
2.229370383858205827e-13
2.209322686881580717e-13
2.189497959563740759e-13
2.169893129363848011e-13
2.150505174649486137e-13
2.131331290583804855e-13
2.112368709873422340e-13
2.093614540926953536e-13
2.075065939598660500e-13
2.056720264213781152e-13
2.038574908179687990e-13
2.020627148708611691e-13
2.002874307261838424e-13
1.985313894516845476e-13
1.967943453954332845e-13
1.950760420365944683e-13
1.933762269839155769e-13
1.916946655403427105e-13
1.900311260779812717e-13
1.883853667958701116e-13
1.867571497495776072e-13
1.851462535514040646e-13
1.835524596870012194e-13
1.819755401144878939e-13
1.804152703958536168e-13
1.788714415949408314e-13
1.773438474672408500e-13
1.758322728400060660e-13
1.743365059103966626e-13
1.728563493984302700e-13
1.713916085470391950e-13
1.699420802276774095e-13
1.685075644648963961e-13
1.670878748968867749e-13
1.656828275279548761e-13
1.642922321190100065e-13
1.629159077608033695e-13
1.615536877485358273e-13
1.602054074103949335e-13
1.588708945183842920e-13
1.575499794295047283e-13
1.562425043064258896e-13
1.549483132226283924e-13
1.536672431568946783e-13
1.523991335126669549e-13
1.511438434885823989e-13
1.499011992477168038e-13
1.486710640951651725e-13
1.474533025463703808e-13
1.462477475917931677e-13
1.450542676800014257e-13
1.438727165532284937e-13
1.427029500905774628e-13
1.415448416621788823e-13
1.403982354426053762e-13
1.392630084309038397e-13
1.381390387078764337e-13
1.370261764718333378e-13
1.359243032817357319e-13
1.348332876882994032e-13
1.337530001296558916e-13
1.326833265311168139e-13
1.316241269629465282e-13
1.305752905642200900e-13
1.295367074424827242e-13
1.285082429942496147e-13
1.274897904093809899e-13
1.264812313481822454e-13
1.254824491415995920e-13
1.244933408610326531e-13
1.235137806354804926e-13
1.225436683882956360e-13
1.215829049112934103e-13
1.206313690528614169e-13
1.196889643418810351e-13
1.187555840682185739e-13
1.178311230035421948e-13
1.169154881339362125e-13
1.160085660483257661e-13
1.151102662686732423e-13
1.142204990969418007e-13
1.133391553121611905e-13
1.124661476515293902e-13
1.116013797420291458e-13
1.107447565275525279e-13
1.098961940563700387e-13
1.090555911050657931e-13
1.082228670817873820e-13
1.073979420728251333e-13
1.065807187399268871e-13
1.057711192943800009e-13
1.049690578043779183e-13
1.041744494887601550e-13
1.033872192506447035e-13
1.026072757599186549e-13
1.018345458938318765e-13
1.010689571410961636e-13
1.003104214319642373e-13
9.955886815357480611e-14
9.881421942180473534e-14
9.807639837931129784e-14
9.734533682490496043e-14
9.662095204695882126e-14
9.590317761003556909e-14
9.519194763080684754e-14
9.448718230963820388e-14
9.378881746218609633e-14
9.309678240009901867e-14
9.241100735290356120e-14
9.173143030051191595e-14
9.105797623028963074e-14
9.039058470421516067e-14
8.972919578345497359e-14
8.907373706076341407e-14
8.842415012037101165e-14
8.778037071902340481e-14
8.714233543540179048e-14
8.650998779906305828e-14
8.588325968693013914e-14
8.526209604838517715e-14
8.464644228473363334e-14
8.403623260790185318e-14
8.343141378677992372e-14
8.283192736042132019e-14
8.223771560512242678e-14
8.164872704100998169e-14
8.106489972059023713e-14
8.048618344023943390e-14
7.991252840597710084e-14
7.934387476640258045e-14
7.878017395744516987e-14
7.822137271414243556e-14
7.766741843387028853e-14
7.711826413141107552e-14
7.657385340386528217e-14
7.603414076529155081e-14
7.549908249163154073e-14
7.496862612486340584e-14
7.444272933574371080e-14
7.392134553081229130e-14
7.340442868074131403e-14
7.289193778625837487e-14
7.238382333143010489e-14
7.188004529153947964e-14
7.138056394966823241e-14
7.088533139692437904e-14
7.039430885697191089e-14
6.990745370944194850e-14
6.942472793267312294e-14
6.894607764649075223e-14
6.847148197800886352e-14
6.800088803151352117e-14
6.753425954719610622e-14
6.707156821799805729e-14
6.661275530776939539e-14
6.615779344513661919e-14
6.570665514390686631e-14
6.525928362100010268e-14
6.481565229312592797e-14
6.437572735214752573e-14
6.393946119071399567e-14
6.350683492876219447e-14
6.307780181757164872e-14
6.265232958945127649e-14
6.223038622154031103e-14
6.181192672463892886e-14
6.139693310144584533e-14
6.098536116776319557e-14
6.057718034600877749e-14
6.017236657642143410e-14
5.977087088108648386e-14
5.937266996642127339e-14
5.897774045745202786e-14
5.858603496358009084e-14
5.819753084983908055e-14
5.781219956397372296e-14
5.743000122857810913e-14
5.705091954649934515e-14
5.667491534500784206e-14
5.630196133995579938e-14
5.593203045204440574e-14
5.556508494265064989e-14
5.520110926590581022e-14
5.484006634502366857e-14
5.448193029254724737e-14
5.412668066928544196e-14
5.377427683103069015e-14
5.342469935098001992e-14
5.307792873856574051e-14
5.273392570555952855e-14
5.239267135806695944e-14
5.205414192344953913e-14
5.171830427920575146e-14
5.138514475367479270e-14
5.105463079334747932e-14
5.072673965007481602e-14
5.040144874180810668e-14
5.007872667242754288e-14
4.975856038125010910e-14
4.944091900752448399e-14
4.912578093382169221e-14
4.881312898427479685e-14
4.850292900158254770e-14
4.819516432079308170e-14
4.788981823213609132e-14
4.758685762824893860e-14
4.728626629372212481e-14
4.698802397556530436e-14
4.669210266835295574e-14
4.639849049682834393e-14
4.610715992755989899e-14
4.581809155984619452e-14
4.553126613324910380e-14
4.524665706807307198e-14
4.496425301286602747e-14
4.468402783273578940e-14
4.440596307096908062e-14
4.413004396686651864e-14
4.385624163922406712e-14
4.358454175232171240e-14
4.331492993946648979e-14
4.304737818680719959e-14
4.278187253917448770e-14
4.251839568365167815e-14
4.225692384859910733e-14
4.199744670270040331e-14
4.173994086766720599e-14
4.148438974280246825e-14
4.123077684626463828e-14
4.097907958956053757e-14
4.072928809135071995e-14
4.048138013438564762e-14
4.023533990943964564e-14
3.999115469707755962e-14
3.974879998162375908e-14
3.950826347101420271e-14
3.926953313951377608e-14
3.903258561794560137e-14
3.879740928603683262e-14
3.856398971253541607e-14
3.833230705518386889e-14
3.810235271629984070e-14
3.787410717203356129e-14
3.764755656713582804e-14
3.742268714214463395e-14
3.719948001454209617e-14
3.697792694767518263e-14
3.675800936001848264e-14
3.653971403695922120e-14
3.632303035328444015e-14
3.610793778062785043e-14
3.589442598202649582e-14
3.568248460220503023e-14
3.547209369885915353e-14
3.526324319628843714e-14
3.505592065991253442e-14
3.485010910691076268e-14
3.464580100756074077e-14
3.444297964688399419e-14
3.424163307609466250e-14
3.404174942826282250e-14
3.384331252457671936e-14
3.364631514779465701e-14
3.345074137263648305e-14
3.325657979229340222e-14
3.306382118337815158e-14
3.287244797756862409e-14
3.268245119451539070e-14
3.249382184171499188e-14
3.230654284185330647e-14
3.212060543830358101e-14
3.193599888654006876e-14
3.175270860305304499e-14
3.157072798439777621e-14
3.139004267326094221e-14
3.121064233639001613e-14
3.103251671068669812e-14
3.085565188898058900e-14
3.068004153875954816e-14
3.050567196723578938e-14
3.033253330133094409e-14
3.016061573469398328e-14
2.998990952756392408e-14
2.982040151578649480e-14
2.965208565456123181e-14
2.948494561032728459e-14
2.931897912644442163e-14
2.915417037446398648e-14
2.899051380993143094e-14
2.882800052814862604e-14
2.866661518492852492e-14
2.850635240839661359e-14
2.834720675126132545e-14
2.818916323873640272e-14
2.803221344950141364e-14
2.787635210539905936e-14
2.772156468534164847e-14
2.756784907817254873e-14
2.741519099540277374e-14
2.726358534462251052e-14
2.711302109265885049e-14
2.696349028510863068e-14
2.681498501925334948e-14
2.666749744396468634e-14
2.652101693787015774e-14
2.637553863045137406e-14
2.623105205771875522e-14
2.608754965500007506e-14
2.594502390678954179e-14
2.580346466181901756e-14
2.566286724036290692e-14
2.552322164069483689e-14
2.538452061964627639e-14
2.524675698092501811e-14
2.510992357501883656e-14
2.497401076864724118e-14
2.483901408545361844e-14
2.470492155228564286e-14
2.457173126409539070e-14
2.443943143488269653e-14
2.430801774247210048e-14
2.417748342784573559e-14
2.404781705032307255e-14
2.391901441672716256e-14
2.379107128442259881e-14
2.366397647841266735e-14
2.353772359052291178e-14
2.341230850446040482e-14
2.328772036969271621e-14
2.316395738116817668e-14
2.304100885605722613e-14
2.291887081866915365e-14
2.279753495895698408e-14
2.267699521376419256e-14
2.255724555869242940e-14
2.243828004764368413e-14
2.232009086612561460e-14
2.220267444369312877e-14
2.208602311556415637e-14
2.197013133573931024e-14
2.185499359252164902e-14
2.174060243982622918e-14
2.162695444014553311e-14
2.151404225201759776e-14
2.140186055422252644e-14
2.129040405831900669e-14
2.117966750858217332e-14
2.106964382182732355e-14
2.096032970249848381e-14
2.085171634111630228e-14
2.074380233068228928e-14
2.063657899323781642e-14
2.053004314120122417e-14
2.042418979266611745e-14
2.031901051273926143e-14
2.021450220440800033e-14
2.011066173556349337e-14
2.000748085848096362e-14
1.990495483824331095e-14
1.980308063154614904e-14
1.970185021967727583e-14
1.960126226447759946e-14
1.950130886566433996e-14
1.940198707884165881e-14
1.930329075256918705e-14
1.920521539522392778e-14
1.910775654252902508e-14
1.901090975749486763e-14
1.891466909976114900e-14
1.881903174521232242e-14
1.872399183505472766e-14
1.862954508134695323e-14
1.853568722225425460e-14
1.844241255969544859e-14
1.834971837263939666e-14
1.825759904084151508e-14
1.816605044476929619e-14
1.807506848987589320e-14
1.798464910654190224e-14
1.789478686514880639e-14
1.780547915550376275e-14
1.771671926180898093e-14
1.762850598212007680e-14
1.754083269769474511e-14
1.745369688158385063e-14
1.736709470104724312e-14
1.728101986790852872e-14
1.719547010542153189e-14
1.711044311118172926e-14
1.702593276038131135e-14
1.694193554909398867e-14
1.685844923711024017e-14
1.677546786250159548e-14
1.669299045800512916e-14
1.661101114580819894e-14
1.652952775481878979e-14
1.644853571166409777e-14
1.636803168390725167e-14
1.628801235833008614e-14
1.620847444089739679e-14
1.612941350834799558e-14
1.605082747338622271e-14
1.597271197063710892e-14
1.589506381168260331e-14
1.581787982649538820e-14
1.574115576433688703e-14
1.566488961005376373e-14
1.558907716825836571e-14
1.551371536996443817e-14
1.543880116382261772e-14
1.536433151608465283e-14
1.529030236752097103e-14
1.521671178055118262e-14
1.514355472353608760e-14
1.507083031803976065e-14
1.499853360194118604e-14
1.492666269633253572e-14
1.485521471401766641e-14
1.478418482107822640e-14
1.471357118765433508e-14
1.464337196624350904e-14
1.457358242227655160e-14
1.450419980031439512e-14
1.443522230099098431e-14
1.436664531110600124e-14
1.429846799501681710e-14
1.423068580264676331e-14
1.416329698871624185e-14
1.409629798979318461e-14
1.402968618190219065e-14
1.396345895598604073e-14
1.389761371787239003e-14
1.383214701721354872e-14
1.376705717522671214e-14
1.370234078557382686e-14
1.363799535665276732e-14
1.357401849858508163e-14
1.351040702154459430e-14
1.344715943258360691e-14
1.338427258144376493e-14
1.332174417239050910e-14
1.325957192214861401e-14
1.319775355988147728e-14
1.313628603324863594e-14
1.307516790337794046e-14
1.301439537492641137e-14
1.295396781386389568e-14
1.289388147499449387e-14
1.283413496074816125e-14
1.277472610471683278e-14
1.271565125459926144e-14
1.265690979029094851e-14
1.259849810749928751e-14
1.254041412333707789e-14
1.248265721494554463e-14
1.242522384884631822e-14
1.236811197574835306e-14
1.231131814394139144e-14
1.225484316473569332e-14
1.219868220637043525e-14
1.214283467675654799e-14
1.208729858130286301e-14
1.203207057982689057e-14
1.197714873280717298e-14
1.192253244548233051e-14
1.186821844263647381e-14
1.181420481581892290e-14
1.176048966679618854e-14
1.170707110753264044e-14
1.165394726017033131e-14
1.160111498625555218e-14
1.154857371954135937e-14
1.149632161229034357e-14
1.144435558667501879e-14
1.139267384513085614e-14
1.134127581985255827e-14
1.129015728189735418e-14
1.123931889301899039e-14
1.118875767353062156e-14
1.113847187342929766e-14
1.108845858007817591e-14
1.103871725305742779e-14
1.098924617024593758e-14
1.094004247473013514e-14
1.089110562544184295e-14
1.084243281666428434e-14
1.079402246313696748e-14
1.074587300225981500e-14
1.069798397864263033e-14
1.065035163824466665e-14
1.060297555031040828e-14
1.055585418389036200e-14
1.050898495109021102e-14
1.046236741837986914e-14
1.041600007818736215e-14
1.036988039099525090e-14
1.032400688949285086e-14
1.027837913720373239e-14
1.023299362657017477e-14
1.018784994395237702e-14
1.014294765097908298e-14
1.009828331021309408e-14
1.005385650583599325e-14
1.000966582190287762e-14
9.965708881188327625e-15
9.921984305010902421e-15
9.878491675048876841e-15
9.835228657959435865e-15
9.792193895806060004e-15
9.749386968872998007e-15
9.706804662841238573e-15
9.664446578920894402e-15
9.622311386418014263e-15
9.580397761419684220e-15
9.538703490959885485e-15
9.497228174327185502e-15
9.455969625666542273e-15
9.414926568300827487e-15
9.374098600376230711e-15
9.333483576073954944e-15
9.293080237934194059e-15
9.252886486254126535e-15
9.212902779864464792e-15
9.173126189514628794e-15
9.133556331372464861e-15
9.094191979316788086e-15
9.055031096955523606e-15
9.016072489407959237e-15
8.977315771815256187e-15
8.938758944741049620e-15
8.900400831178410554e-15
8.862240260003576861e-15
8.824276065965149036e-15
8.786507089672878903e-15
8.748931409504185633e-15
8.711548666683073760e-15
8.674357764991053938e-15
8.637356872017460656e-15
8.600544928455720195e-15
8.563921619463349991e-15
8.527484411287919034e-15
8.491233733064862516e-15
8.455167806216555344e-15
8.419285596603164537e-15
8.383585363059539695e-15
8.348066804112730834e-15
8.312728900415681465e-15
8.277569941484823315e-15
8.242589624414500891e-15
8.207786258870575105e-15
8.173158860548740201e-15
8.138706449811907081e-15
8.104428722146289430e-15
8.070323361307400422e-15
8.036390077124186667e-15
8.002627908562852431e-15
7.969035248504174458e-15
7.935611805556329218e-15
7.902356632438430491e-15
7.869268150139168979e-15
7.836345434726415600e-15
7.803588193576650961e-15
7.770994252921527929e-15
7.738563333503588703e-15
7.706295141939188032e-15
7.674187545161743125e-15
7.642240262997321248e-15
7.610452401864629736e-15
7.578822477182136688e-15
7.547349617090899428e-15
7.516033540404202991e-15
7.484872788205219927e-15
7.453866500945232472e-15
7.423014396934330222e-15
7.392314472924672218e-15
7.361766459546309091e-15
7.331369513430714997e-15
7.301122795237188476e-15
7.271024916474055497e-15
7.241075607055852494e-15
7.211273494427306204e-15
7.181617767063651195e-15
7.152108154500573452e-15
7.122743307740551346e-15
7.093522426720996797e-15
7.064444194875158131e-15
7.035508901714588400e-15
7.006714742901305524e-15
6.978061490773752012e-15
6.949548395478242766e-15
6.921174203662940367e-15
6.892938183369192460e-15
6.864840105630917266e-15
6.836878738174324421e-15
6.809053358979041092e-15
6.781363249299642602e-15
6.753807693661354724e-15
6.726385979855511411e-15
6.699096920343094635e-15
6.671940294865562372e-15
6.644915400900556459e-15
6.618021070759622574e-15
6.591256618423987215e-15
6.564621822711592840e-15
6.538115076939319012e-15
6.511736624592184351e-15
6.485485330242441856e-15
6.459360523281943000e-15
6.433361090559655672e-15
6.407486819476690279e-15
6.381737048493506786e-15
6.356110682907269292e-15
6.330607509615764973e-15
6.305226446042504095e-15
6.279966851795789726e-15
6.254828089356587950e-15
6.229809945111564815e-15
6.204910942239433239e-15
6.180130875836076936e-15
6.155469119830883184e-15
6.130924641672378602e-15
6.106497236055619577e-15
6.082186285379202490e-15
6.057990774085220637e-15
6.033910098643876561e-15
6.009944053429632791e-15
5.986091247114067534e-15
5.962351482225075340e-15
5.938724552982978472e-15
5.915209092582921011e-15
5.891804903307910629e-15
5.868511400390610911e-15
5.845327625371272947e-15
5.822253006632673610e-15
5.799287346241840709e-15
5.776429704210186865e-15
5.753679530845261434e-15
5.731036645218501799e-15
5.708499775754205073e-15
5.686068748806447875e-15
5.663743027065892856e-15
5.641522075591203754e-15
5.619405010658580178e-15
5.597391658027375723e-15
5.575481143445291057e-15
5.553672948481656181e-15
5.531966898544776065e-15
5.510362133397204520e-15
5.488858141370457436e-15
5.467454078393850189e-15
5.446150108805012533e-15
5.424945060602737091e-15
5.403838765595792021e-15
5.382830723177644349e-15
5.361920111584279755e-15
5.341106441232730433e-15
5.320389543628980003e-15
5.299768610074775322e-15
5.279243157339408425e-15
5.258812704286693292e-15
5.238476771871879035e-15
5.218234883138407678e-15
5.198086563214574911e-15
5.178030730995075572e-15
5.158067532299338110e-15
5.138196498395244311e-15
5.118417162622017230e-15
5.098728468319203457e-15
5.079130552994300696e-15
5.059622956085929578e-15
5.040204058685611196e-15
5.020875156630552353e-15
5.001634638859515327e-15
4.982482064432159856e-15
4.963416994273580835e-15
4.944439552187430448e-15
4.925548177040615993e-15
4.906743553676423815e-15
4.888025239372623596e-15
4.869391701065985885e-15
4.850843064444834397e-15
4.832378903501532721e-15
4.813998794071223519e-15
4.795702313828642318e-15
4.777489042284856360e-15
4.759358037596795650e-15
4.741309422421324763e-15
4.723342790952700454e-15
4.705457739137873004e-15
4.687653353688298401e-15
4.669929751784957722e-15
4.652286030281317694e-15
4.634722302937317351e-15
4.617237676637810615e-15
4.599832261811463692e-15
4.582504684168353408e-15
4.565255548448270729e-15
4.548084465860604968e-15
4.530990086375394643e-15
4.513973000231943758e-15
4.497031873275690563e-15
4.480167286256197174e-15
4.463377920698055070e-15
4.446664348037210298e-15
4.430025728159662354e-15
4.413461234731621145e-15
4.396970968685039038e-15
4.380554566587556266e-15
4.364211215635997558e-15
4.347941460281156277e-15
4.331744042783542760e-15
4.315618614576429772e-15
4.299565267824173153e-15
4.283583211771417429e-15
4.267672535791112828e-15
4.251832457768929248e-15
4.236063064359855044e-15
4.220363156717937137e-15
4.204733249624268901e-15
4.189172997714428214e-15
4.173681222941769785e-15
4.158258427919875688e-15
4.142903448217531412e-15
4.127616369386564868e-15
4.112397267734966585e-15
4.097244998945147209e-15
4.082160045989831154e-15
4.067141277756731847e-15
4.052188377334084386e-15
4.037301816281783816e-15
4.022480482940240542e-15
4.007724452883926728e-15
3.993033020811036940e-15
3.978406259922776608e-15
3.963843472501153217e-15
3.949344730393959831e-15
3.934909724516147358e-15
3.920537400129314099e-15
3.906228209164144184e-15
3.891981478096184703e-15
3.877796910961168426e-15
3.863674577555190573e-15
3.849613815137825788e-15
3.835613971436715384e-15
3.821675477521644602e-15
3.807797325796877070e-15
3.793979940611499122e-15
3.780222325793046697e-15
3.766524899090827770e-15
3.752886675619106653e-15
3.739307377932416957e-15
3.725787414055293129e-15
3.712325815733748796e-15
3.698922646779843829e-15
3.685577292038519842e-15
3.672289813307551382e-15
3.659059601924828511e-15
3.645886717726284716e-15
3.632770558475246215e-15
3.619710856690362122e-15
3.606707345964146068e-15
3.593760082318007255e-15
3.580868476123399090e-15
3.568032264226771266e-15
3.555251184541300379e-15
3.542524976045094086e-15
3.529853378779349512e-15
3.517236443390032499e-15
3.504673291030772606e-15
3.492163670683259311e-15
3.479707939946153017e-15
3.467305234584245455e-15
3.454955606651848348e-15
3.442658803537478736e-15
3.430414573676863353e-15
3.418222077458381845e-15
3.406081954493197853e-15
3.393993369006247403e-15
3.381956078936073701e-15
3.369970130538367381e-15
3.358034992784675196e-15
3.346150426530650158e-15
3.334316193588712860e-15
3.322532337088403487e-15
3.310798336952298588e-15
3.299113958614218852e-15
3.287478971348675370e-15
3.275893146075904013e-15
3.264356254632529599e-15
3.252868069769942812e-15
3.241428365152658188e-15
3.230036648414339621e-15
3.218692965234948519e-15
3.207397091974638896e-15
3.196148805900069681e-15
3.184947624677839311e-15
3.173793591050687380e-15
3.162686484961229819e-15
3.151625575668908989e-15
3.140611416936005975e-15
3.129643281311650771e-15
3.118720956878691323e-15
3.107844232549187900e-15
3.097013146210371409e-15
3.086226990636548242e-15
3.075486052036625596e-15
3.064790118193745016e-15
3.054138493339529678e-15
3.043531216524548793e-15
3.032968082456588992e-15
3.022448886661092023e-15
3.011973425479606611e-15
3.001541496068207581e-15
2.991152662777434112e-15
2.980806960804851677e-15
2.970504189712058754e-15
2.960244149868867848e-15
2.950026414374507642e-15
2.939851016011336690e-15
2.929717532173926176e-15
2.919625994470051927e-15
2.909575984547075680e-15
2.899567532868726554e-15
2.889600005252653074e-15
2.879673653705036944e-15
2.869788285658736277e-15
2.859943277054357374e-15
2.850138874317432588e-15
2.840374460025388334e-15
2.830650276945642499e-15
2.820965714218301307e-15
2.811321011015242992e-15
2.801715771541541562e-15
2.792149605708023462e-15
2.782622541287798643e-15
2.773134397630211902e-15
2.763684793766505040e-15
2.754273962383542202e-15
2.744901322058486238e-15
2.735566701823887236e-15
2.726270130304269962e-15
2.717011236538748652e-15
2.707790048134173327e-15
2.698606197797363660e-15
2.689459712143470937e-15
2.680350034328143193e-15
2.671277385443359914e-15
2.662241596332297475e-15
2.653242118888891497e-15
2.644279169378620377e-15
2.635352205426013007e-15
2.626461253618832997e-15
2.617606336788426379e-15
2.608786921037423579e-15
2.600003214819182291e-15
2.591254689810768435e-15
2.582541189127696678e-15
2.573862916671511698e-15
2.565219352345708685e-15
2.556610519075589765e-15
2.548036082268145300e-15
2.539496063975548809e-15
2.530990132866386161e-15
2.522518310142115782e-15
2.514080440632976804e-15
2.505676025917481568e-15
2.497305259887807425e-15
2.488967819220353672e-15
2.480663554095943821e-15
2.472392483274079106e-15
2.464154288140105832e-15
2.455948654525382868e-15
2.447775768026659003e-15
2.439635150471620121e-15
2.431526984777157879e-15
2.423450797692314250e-15
2.415406769498602500e-15
2.407394431813155620e-15
2.399413643257221477e-15
2.391464580223113901e-15
2.383546781513984251e-15
2.375660264177003490e-15
2.367804730358643654e-15
2.359980196385227627e-15
2.352186367267695383e-15
2.344423259272278325e-15
2.336690583449424476e-15
2.328988207022231059e-15
2.321315997706078031e-15
2.313673973531658545e-15
2.306061851673967088e-15
2.298479501336521987e-15
2.290926792211650947e-15
2.283403594479620145e-15
2.275909778807750711e-15
2.268445361157670397e-15
2.261009922734305146e-15
2.253603338113128301e-15
2.246225767064395929e-15
2.238876797117101896e-15
2.231556445004611451e-15
2.224264584762518887e-15
2.217001090906026209e-15
2.209765561606452542e-15
2.202558289900039837e-15
2.195378875664809762e-15
2.188227197611562852e-15
2.181103270228857310e-15
2.174006836270402681e-15
2.166937775795873160e-15
2.159895969308166805e-15
2.152881430082346949e-15
2.145893905697937522e-15
2.138933277996669223e-15
2.131999429260180641e-15
2.125092242209186009e-15
2.118211600002636637e-15
2.111357386236859879e-15
2.104529484944698875e-15
2.097727654048254206e-15
2.090951906402669866e-15
2.084202127331880564e-15
2.077478202592876454e-15
2.070779894613386878e-15
2.064107215146024895e-15
2.057460051228581538e-15
2.050838046892804263e-15
2.044241336160945708e-15
2.037669807331095682e-15
2.031123349128066073e-15
2.024601612599547056e-15
2.018104728048809874e-15
2.011632349964764623e-15
2.005184606823522521e-15
1.998761389420453384e-15
1.992362357962045560e-15
1.985987410946553634e-15
1.979636676916560609e-15
1.973310051909897828e-15
1.967007205783189092e-15
1.960728039088415777e-15
1.954472676825469393e-15
1.948240793687232641e-15
1.942032512944116921e-15
1.935847512479323704e-15
1.929685694621678473e-15
1.923546962044673452e-15
1.917431434619035223e-15
1.911338580817631325e-15
1.905268951379095003e-15
1.899221803359112317e-15
1.893197256838726872e-15
1.887195427583012635e-15
1.881215797510058958e-15
1.875258692946684071e-15
1.869323808671675260e-15
1.863411050816205042e-15
1.857520120499900205e-15
1.851651336341129585e-15
1.845804399014881677e-15
1.839979216001087086e-15
1.834175494174471045e-15
1.828393544652657314e-15
1.822632875111301245e-15
1.816893792993565354e-15
1.811175810958086502e-15
1.805479037245263087e-15
1.799803187126466075e-15
1.794148560824834972e-15
1.788514680782803136e-15
1.782901652293114461e-15
1.777309386452941167e-15
1.771737605335256132e-15
1.766186412077344169e-15
1.760655531413967218e-15
1.755145065067262456e-15
1.749654925732502752e-15
1.744184842096264134e-15
1.738734913808047597e-15
1.733304872149987636e-15
1.727894815410663712e-15
1.722504477441798500e-15
1.717133955192138350e-15
1.711782985057274097e-15
1.706451485111951076e-15
1.701139550864276945e-15
1.695846925157600305e-15
1.690573530146684477e-15
1.685319462057443153e-15
1.680084467920435905e-15
1.674868470699489687e-15
1.669671564675062559e-15
1.664493330323744322e-15
1.659334032608605586e-15
1.654193424507143904e-15
1.649071430311758946e-15
1.643967974576041437e-15
1.638882982114351319e-15
1.633816542817668392e-15
1.628768251517912701e-15
1.623738199500661659e-15
1.618726474840240107e-15
1.613732678350792408e-15
1.608756899483155986e-15
1.603799064864584649e-15
1.598859101379473251e-15
1.593936936168876485e-15
1.589032496630021367e-15
1.584145710415811638e-15
1.579276349912969870e-15
1.574424500436743799e-15
1.569590090389737238e-15
1.564772895339441380e-15
1.559973151174593387e-15
1.555190481671791152e-15
1.550424818621737308e-15
1.545676393861715485e-15
1.540944836676057135e-15
1.536230079553933969e-15
1.531532202783861201e-15
1.526851136992827266e-15
1.522186667014804985e-15
1.517538726255839973e-15
1.512907392869486120e-15
1.508292598449965853e-15
1.503694131811647696e-15
1.499111927271265112e-15
1.494546060911216306e-15
1.489996324474152050e-15
1.485462652949200078e-15
1.480945120899654669e-15
1.476443522954069464e-15
1.471957794770428621e-15
1.467487872224719589e-15
1.463033827903523585e-15
1.458595460649215274e-15
1.454172709171397886e-15
1.449765512817430635e-15
1.445373811135980964e-15
1.440997676883645393e-15
1.436636783311685804e-15
1.432291335907323758e-15
1.427961011063240386e-15
1.423645881651661864e-15
1.419346018042215858e-15
1.415061101278768536e-15
1.410791331090211442e-15
1.406536391581029931e-15
1.402296353249299131e-15
1.398071157837022525e-15
1.393860747283576205e-15
1.389665063725351705e-15
1.385483925097565002e-15
1.381317399599597481e-15
1.377165429945836107e-15
1.373027959046298050e-15
1.368904808131303235e-15
1.364796043619511296e-15
1.360701608994949504e-15
1.356621327915708103e-15
1.352555265496446238e-15
1.348503365792141095e-15
1.344465454854226949e-15
1.340441478926327447e-15
1.336431501421982357e-15
1.332435467145733652e-15
1.328453205280747447e-15
1.324484662776903910e-15
1.320529901396163305e-15
1.316588866687146451e-15
1.312661277423283160e-15
1.308747308795735698e-15
1.304846906902577746e-15
1.300959794492718833e-15
1.297086143838808230e-15
1.293225790942654547e-15
1.289378684311824074e-15
1.285544882151140552e-15
1.281724222671642405e-15
1.277916654894854187e-15
1.274122128009925108e-15
1.270340591373360828e-15
1.266571994508743207e-15
1.262816287106454211e-15
1.259073524750663277e-15
1.255343445803670362e-15
1.251626108335930557e-15
1.247921568780274200e-15
1.244229570772793568e-15
1.240550171580559325e-15
1.236883323956637664e-15
1.233228980808037828e-15
1.229587095195454941e-15
1.225957519279936403e-15
1.222340409039956657e-15
1.218735516389000228e-15
1.215142896044606585e-15
1.211562501823665224e-15
1.207994189139546780e-15
1.204438011651266984e-15
1.200893923623173214e-15
1.197361782380864125e-15
1.193841640547512451e-15
1.190333452832705762e-15
1.186837078447892411e-15
1.183352569002554136e-15
1.179879784948268863e-15
1.176418777228168903e-15
1.172969407522577904e-15
1.169531726117804050e-15
1.166105595911633827e-15
1.162690974166154092e-15
1.159287910196182342e-15
1.155896268701005811e-15
1.152516098361842128e-15
1.149147265067728882e-15
1.145789726759633014e-15
1.142443531181551168e-15
1.139108456754569996e-15
1.135784640719800512e-15
1.132471951882226541e-15
1.129170436764778960e-15
1.125879877841603680e-15
1.122600409385452175e-15
1.119331815863467678e-15
1.116074230087898469e-15
1.112827524274387824e-15
1.109591657821161296e-15
1.106366505321253652e-15
1.103152196719291171e-15
1.099948606448635482e-15
1.096755694425876187e-15
1.093573337414391364e-15
1.090401662560750203e-15
1.087240464006699290e-15
1.084089785684945510e-15
1.080949670939255859e-15
1.077819836800657511e-15
1.074700490410339214e-15
1.071591431895331078e-15
1.068492704902156438e-15
1.065404271931260807e-15
1.062326095602866003e-15
1.059258059739122253e-15
1.056200206884888319e-15
1.053152421860623229e-15
1.050114746668783725e-15
1.047087144512983647e-15
1.044069501697482644e-15
1.041061782784304952e-15
1.038064028713781635e-15
1.035076203150445933e-15
1.032098194342018689e-15
1.029129967285923884e-15
1.026171561889844866e-15
1.023222867833408478e-15
1.020283924518751626e-15
1.017354622571398628e-15
1.014434927526537970e-15
1.011524805024143324e-15
1.008624293470574251e-15
1.005733285352180912e-15
1.002851746628074602e-15
9.999796433615522641e-16
9.971170129907766627e-16
9.942636789022184391e-16
9.914197496730462352e-16
9.885851205164520962e-16
9.857597580198470228e-16
9.829436288738851730e-16
9.801366998723056950e-16
9.773389379117708138e-16
9.745503099917052980e-16
9.717707832141323767e-16
9.690003247835080785e-16
9.662389020065520213e-16
9.634864150203698260e-16
9.607429662010038159e-16
9.580083889360104975e-16
9.552827182060803245e-16
9.525659218216304633e-16
9.498579676943337025e-16
9.471587584712433958e-16
9.444683282553481683e-16
9.417866452560631436e-16
9.391136779333235809e-16
9.364493313175142500e-16
9.337936395519558674e-16
9.311465086125167216e-16
9.285079722129149240e-16
9.258780000337773817e-16
9.232564992330605308e-16
9.206434405732301934e-16
9.180388569263979689e-16
9.154427183426038739e-16
9.128549335287650752e-16
9.102754735969206526e-16
9.077043706004702122e-16
9.051415343880723831e-16
9.025869966121460124e-16
9.000406678757368214e-16
8.975025197227830658e-16
8.949725237814467224e-16
8.924507109140900169e-16
8.899369343375869708e-16
8.874313425490135656e-16
8.849337309041402885e-16
8.824441303257486166e-16
8.799625707176499732e-16
8.774889084899610599e-16
8.750232312123198393e-16
8.725654535059134463e-16
8.701155478432914001e-16
8.676734303577075278e-16
8.652391867967836352e-16
8.628127331927440348e-16
8.603940423489408538e-16
8.579830317809239361e-16
8.555797854566293051e-16
8.531841659427051811e-16
8.507962563327789453e-16
8.484159203904053233e-16
8.460431862595598661e-16
8.436779734809435116e-16
8.413203634260360915e-16
8.389702222148161949e-16
8.366275772931657893e-16
8.342924023554696928e-16
8.319646185898434577e-16
8.296442529300058421e-16
8.273312272108862759e-16
8.250255680292799399e-16
8.227272494751761268e-16
8.204361943452603094e-16
8.181524287413439759e-16
8.158758761879830192e-16
8.136065629343466655e-16
8.113444136030751298e-16
8.090894542114688370e-16
8.068416099988581414e-16
8.046008569340044709e-16
8.023672205502990804e-16
8.001406270004921968e-16
7.979210524640768172e-16
7.957085220002688795e-16
7.935029626636184638e-16
7.913043508434479750e-16
7.891127111343211633e-16
7.869279235668970306e-16
7.847500607891213977e-16
7.825790513308505131e-16
7.804148719267861593e-16
7.782574993797278459e-16
7.761069105604750901e-16
7.739631290108687940e-16
7.718260383164931095e-16
7.696956623704225515e-16
7.675720242769427130e-16
7.654550091089835097e-16
7.633446403181781199e-16
7.612408952484911427e-16
7.591437513110664729e-16
7.570531859841190305e-16
7.549691768128264891e-16
7.528917014092186385e-16
7.508206488499060014e-16
7.487561744905539834e-16
7.466980793406148699e-16
7.446465172648846583e-16
7.426012910211709179e-16
7.405624664065138466e-16
7.385300214917429615e-16
7.365038486105007306e-16
7.344840979636188859e-16
7.324705766010661208e-16
7.304633486541489919e-16
7.284623925165489916e-16
7.264676027837565089e-16
7.244791260894576847e-16
7.224967736742408506e-16
7.205205253274841914e-16
7.185505255855966097e-16
7.165865881536153352e-16
7.146287745923896163e-16
7.126769825753194798e-16
7.107313539568537919e-16
7.087916254859108350e-16
7.068580191953890665e-16
7.049303539757233123e-16
7.030086898917879047e-16
7.010929275343561591e-16
6.991831263585583863e-16
6.972791877878809928e-16
6.953811706745950514e-16
6.934890548895022083e-16
6.916027430937949660e-16
6.897222932508124430e-16
6.878476088358519902e-16
6.859787472262145666e-16
6.841156127039993932e-16
6.822582620670629629e-16
6.804066003970707376e-16
6.785606839189451149e-16
6.767204185067509958e-16
6.748858598189070822e-16
6.730569145147742195e-16
6.712335641676514730e-16
6.694158635956097588e-16
6.676037206203390764e-16
6.657971895091626635e-16
6.639961788516437806e-16
6.622006704818489316e-16
6.604107178500905392e-16
6.586262306824900170e-16
6.568471909677188720e-16
6.550736513527501645e-16
6.533055226851130915e-16
6.515427871074086027e-16
6.497854268118459542e-16
6.480334933935639116e-16
6.462868991705686313e-16
6.445456264880980315e-16
6.428097261689086850e-16
6.410791116179067979e-16
6.393537653326336909e-16
6.376336698597422067e-16
6.359188077949312343e-16
6.342092286991331107e-16
6.325047811354732230e-16
6.308055813838662402e-16
6.291115453236258465e-16
6.274226557989957586e-16
6.257388957028281187e-16
6.240603131268030112e-16
6.223867604708783060e-16
6.207182862578800002e-16
6.190549380783704019e-16
6.173965704687035412e-16
6.157432951613745351e-16
6.140950313624146185e-16
6.124516994566701899e-16
6.108134096189609906e-16
6.091800820465565941e-16
6.075516380988563436e-16
6.059281864170639746e-16
6.043095864063891381e-16
6.026959456987842825e-16
6.010871248887863858e-16
5.994832306094915279e-16
5.978841246338212312e-16
5.962898521870137157e-16
5.947003973143771906e-16
5.931157441071348238e-16
5.915358767023440812e-16
5.899607792828171496e-16
5.883904360770423474e-16
5.868247725182437561e-16
5.852638322841365640e-16
5.837075997359939039e-16
5.821560592804652725e-16
5.806091953694943905e-16
5.790669349401061499e-16
5.775293205996003187e-16
5.759963369316409630e-16
5.744679117584537153e-16
5.729441436152412984e-16
5.714249038539338333e-16
5.699102340404576808e-16
5.684000631606512029e-16
5.668944323697043554e-16
5.653933265573255118e-16
5.638966755679931238e-16
5.624045748000455453e-16
5.609168447254469483e-16
5.594336349549171288e-16
5.579548216125638682e-16
5.564803905578450115e-16
5.550103813508384628e-16
5.535447792240516088e-16
5.520835162566090250e-16
5.506266314286213318e-16
5.491740573650435172e-16
5.477258326634808606e-16
5.462819427678318057e-16
5.448423211146432725e-16
5.434069539503736725e-16
5.419758793091634788e-16
5.405490316515223659e-16
5.391264486773208590e-16
5.377080653723182556e-16
5.362939190681626584e-16
5.348839452713531688e-16
5.334781809492961578e-16
5.320765621247585768e-16
5.306790755664545358e-16
5.292857577012401353e-16
5.278965453164600225e-16
5.265114252895008984e-16
5.251304335154048327e-16
5.237535075363223513e-16
5.223806343378348935e-16
5.210118492917534039e-16
5.196470906853885885e-16
5.182863456120267427e-16
5.169296489286786364e-16
5.155769396582983384e-16
5.142282050013715369e-16
5.128834321930374949e-16
5.115426085030429021e-16
5.102057679468073994e-16
5.088728507506577552e-16
5.075438442907130302e-16
5.062187359774898745e-16
5.048975591698776518e-16
5.035802093220572295e-16
5.022667655804135475e-16
5.009571695812994290e-16
4.996514089092222912e-16
4.983494711827678490e-16
4.970513440545497271e-16
4.957570152111573947e-16
4.944665167373551733e-16
4.931797474693685361e-16
4.918967837360331715e-16
4.906175251997452262e-16
4.893420475017422051e-16
4.880702511232832168e-16
4.868021677852513600e-16
4.855378284993129156e-16
4.842771349614778270e-16
4.830201611237389449e-16
4.817668094829956688e-16
4.805171533272548506e-16
4.792710959472335039e-16
4.780286680066796822e-16
4.767898577318473333e-16
4.755546535280428977e-16
4.743230438692835870e-16
4.730950172615913899e-16
4.718705211600241213e-16
4.706496264745934664e-16
4.694322398138840552e-16
4.682183908918683286e-16
4.670080683713479709e-16
4.658012609468092643e-16
4.645979172953453975e-16
4.633980665627119071e-16
4.622016975357426827e-16
4.610087990327428258e-16
4.598193599034290898e-16
4.586333298196641406e-16
4.574507372342874228e-16
4.562715710885964259e-16
4.550957816404863549e-16
4.539233969348646502e-16
4.527544060041551536e-16
4.515887596850034368e-16
4.504264856208194772e-16
4.492675729346893227e-16
4.481119730348215018e-16
4.469597131694499669e-16
4.458107825518537970e-16
4.446651331547055181e-16
4.435227918372780490e-16
4.423837109439347624e-16
4.412479170773202426e-16
4.401153629504222095e-16
4.389860749119527462e-16
4.378600060404828609e-16
4.367371824334573022e-16
4.356175935697360198e-16
4.345011930716610636e-16
4.333879709293876485e-16
4.322779527457007073e-16
4.311710926779225124e-16
4.300674160853827021e-16
4.289668774790790312e-16
4.278694669824893351e-16
4.267752095935101611e-16
4.256840950502977703e-16
4.245960440043144669e-16
4.235111503602845521e-16
4.224293006994484233e-16
4.213505539886716243e-16
4.202748661228274722e-16
4.192022274741025654e-16
4.181326622939196694e-16
4.170661272105656499e-16
4.160026462841108603e-16
4.149421431928604306e-16
4.138846753300557332e-16
4.128301999859057263e-16
4.117787078971927414e-16
4.107302225580981559e-16
4.096847017486643447e-16
4.086421362800284142e-16
4.076025169874178038e-16
4.065658347301169071e-16
4.055321124509848859e-16
4.045013087319562136e-16
4.034734145060815686e-16
4.024484207303189462e-16
4.014263183854979137e-16
4.004070984762840625e-16
3.993907520311435582e-16
3.983773012440677360e-16
3.973666747787367861e-16
3.963589258907322744e-16
3.953539838060927707e-16
3.943519013149604190e-16
3.933526082009499460e-16
3.923561567932270546e-16
3.913625076808217159e-16
3.903716219786039374e-16
3.893835513325428849e-16
3.883982567795626991e-16
3.874156998755609169e-16
3.864359315930911058e-16
3.854588838990919104e-16
3.844845779314965633e-16
3.835130343646414574e-16
3.825441859652211989e-16
3.815780535747180506e-16
3.806146286666563926e-16
3.796539027375953926e-16
3.786958386332427488e-16
3.777404853614566704e-16
3.767877772565785881e-16
3.758377345791684663e-16
3.748903489387812186e-16
3.739456119677696909e-16
3.730035153212434924e-16
3.720640228158754772e-16
3.711271542413805679e-16
3.701929013193569235e-16
3.692612283099882616e-16
3.683321549080789870e-16
3.674056731195493444e-16
3.664817749718812178e-16
3.655604254405907376e-16
3.646416438907073395e-16
3.637254224126834828e-16
3.628117263750112881e-16
3.619005748724219816e-16
3.609919600580291178e-16
3.600858476886100436e-16
3.591822565927061140e-16
3.582811527828970238e-16
3.573825549120369650e-16
3.564864552364991167e-16
3.555928201494705154e-16
3.547016680443174469e-16
3.538129655649741763e-16
3.529267309335378423e-16
3.520429310427014175e-16
3.511615839450278447e-16
3.502826567799967013e-16
3.494061674323529997e-16
3.485320832864067936e-16
3.476604220607822021e-16
3.467911513826796994e-16
3.459242640545334217e-16
3.450597775482594739e-16
3.441976598511318687e-16
3.433379282731126800e-16
3.424805510395967401e-16
3.416255453002240474e-16
3.407728553598244975e-16
3.399225466205661230e-16
3.390745395616260768e-16
3.382288751723405990e-16
3.373855223799491391e-16
3.365444978614669339e-16
3.357057471974576557e-16
3.348693106785330202e-16
3.340351810778394698e-16
3.332033046019855228e-16
3.323737210263853321e-16
3.315464000759181896e-16
3.307213348806029774e-16
3.298985415083601927e-16
3.290779671912407646e-16
3.282596508610964025e-16
3.274435627986963160e-16
3.266296962226017760e-16
3.258180668656228992e-16
3.250086231318763340e-16
3.242014033295687079e-16
3.233963562903550715e-16
3.225935199960451831e-16
3.217928656850261278e-16
3.209943868953195429e-16
3.201980771813292910e-16
3.194039301138173501e-16
3.186119392798797538e-16
3.178220982829215935e-16
3.170344007426329589e-16
3.162488402949640393e-16
3.154654319125939165e-16
3.146841265376714058e-16
3.139049392608978086e-16
3.131278637830100444e-16
3.123528938208789145e-16
3.115800231074835627e-16
3.108092453918852951e-16
3.100405544392014979e-16
3.092739233818879469e-16
3.085093873968279092e-16
3.077468990814042011e-16
3.069864933150384411e-16
3.062281230549680261e-16
3.054718026453955773e-16
3.047175259620498948e-16
3.039652868965102131e-16
3.032150593564013487e-16
3.024668574237949382e-16
3.017206948776541059e-16
3.009765061485914373e-16
3.002343447290871753e-16
2.994941651577661174e-16
2.987559811965409977e-16
2.980197868608064181e-16
2.972855761815723835e-16
2.965533239093850564e-16
2.958230435554901101e-16
2.950947291965859572e-16
2.943683558574075824e-16
2.936439368641908366e-16
2.929214663390987008e-16
2.922009195779015598e-16
2.914823097245547033e-16
2.907656122534663146e-16
2.900508401882475505e-16
2.893379877260129895e-16
2.886270306070409508e-16
2.879179817060490397e-16
2.872108170829734527e-16
2.865055496389134730e-16
2.858021556353078345e-16
2.851006478556271438e-16
2.844010207713333629e-16
2.837032509006240180e-16
2.830073329562932450e-16
2.823132794900012249e-16
2.816210672728564597e-16
2.809307087423125327e-16
2.802421808367804049e-16
2.795554958806235460e-16
2.788706309782778159e-16
2.781875809327707610e-16
2.775063579004587917e-16
2.768269392320068447e-16
2.761493369734246287e-16
2.754735286382590096e-16
2.747995090933153110e-16
2.741272732177560177e-16
2.734568328392575590e-16
2.727881826622862138e-16
2.721212837982144270e-16
2.714561648501428820e-16
2.707928038907364797e-16
2.701311958746325141e-16
2.694713523103501683e-16
2.688132350289089744e-16
2.681568720406617999e-16
2.675022581563810306e-16
2.668493556323448423e-16
2.661981921299744353e-16
2.655487301856931021e-16
2.649009972303786757e-16
2.642549721093476455e-16
2.636106658687863067e-16
2.629680415995494628e-16
2.623271104345535379e-16
2.616878832698063201e-16
2.610503393260905350e-16
2.604144580830138755e-16
2.597802660706283678e-16
2.591477427311406260e-16
2.585168832391471644e-16
2.578876827811585649e-16
2.572601365555810375e-16
2.566342397726982763e-16
2.560099876546533652e-16
2.553873754354299439e-16
2.547663983838774796e-16
2.541470518726426730e-16
2.535293313087075433e-16
2.529132321102838408e-16
2.522987497067964803e-16
2.516858795388665318e-16
2.510745875190160519e-16
2.504649283034239003e-16
2.498568677117777005e-16
2.492503720325878730e-16
2.486454952688787332e-16
2.480421746469250738e-16
2.474404637389980023e-16
2.468403002445471063e-16
2.462417086735187241e-16
2.456446845761527058e-16
2.450492235137003642e-16
2.444553210584072680e-16
2.438629727934947529e-16
2.432721743131419748e-16
2.426828932456138277e-16
2.420951534000897156e-16
2.415089781631713427e-16
2.409243075420706833e-16
2.403411650528492569e-16
2.397595463537165799e-16
2.391794197790185929e-16
2.386008357834904086e-16
2.380237354929934836e-16
2.374481419423604207e-16
2.368740508424926018e-16
2.363014579150417096e-16
2.357303321840035475e-16
2.351606963066087888e-16
2.345925725384218767e-16
2.340258771334509794e-16
2.334606853747225142e-16
2.328969665436678705e-16
2.323346903379098647e-16
2.317738788613444224e-16
2.312145020318155808e-16
2.306566075688819581e-16
2.301001396129993413e-16
2.295451199068544043e-16
2.289915443064452929e-16
2.284393832745603688e-16
2.278886582868472751e-16
2.273393652295354278e-16
2.267914748868341698e-16
2.262450334870606648e-16
2.256999868359581908e-16
2.251563312361569349e-16
2.246141124750423780e-16
2.240732524148992796e-16
2.235338213062576725e-16
2.229957660439298572e-16
2.224591073429668661e-16
2.219238412932984685e-16
2.213899398274270087e-16
2.208574234070876854e-16
2.203262881506270838e-16
2.197965062949544022e-16
2.192680980518135612e-16
2.187410358587184004e-16
2.182153397622012326e-16
2.176910059272935299e-16
2.171680070900797710e-16
2.166463630525399893e-16
2.161260467475197526e-16
2.156071009869465128e-16
2.150894524674666470e-16
2.145731439294789262e-16
2.140581716025360520e-16
2.135445089053288980e-16
2.130321750808656239e-16
2.125211663864368582e-16
2.120114565279791280e-16
2.115030420393434218e-16
2.109959418514467265e-16
2.104901522576380834e-16
2.099856473410141131e-16
2.094824236671773816e-16
2.089804998603743112e-16
2.084798722497815899e-16
2.079805152898959404e-16
2.074824255779114905e-16
2.069856431550615489e-16
2.064900992311027834e-16
2.059958337812774280e-16
2.055028431880634560e-16
2.050110810616406297e-16
2.045206082187216377e-16
2.040313783674931133e-16
2.035433881678336991e-16
2.030566553555021893e-16
2.025711553769010218e-16
2.020868849147562970e-16
2.016038614893889206e-16
2.011220815617371934e-16
2.006415209288286335e-16
2.001621763171724281e-16
1.996840650288295926e-16
1.992071631963795167e-16
1.987314676324264587e-16
1.982569954420481822e-16
1.977837230130157725e-16
1.973116471796333999e-16
1.968407848398681303e-16
1.963711126337806488e-16
1.959026473230623740e-16
1.954353657146743036e-16
1.949692646792055221e-16
1.945043607756800592e-16
1.940406310585783686e-16
1.935780724199623785e-16
1.931166817587358568e-16
1.926564753674663511e-16
1.921974306260000699e-16
1.917395636958409422e-16
1.912828521181118720e-16
1.908272928275621215e-16
1.903728827657318623e-16
1.899196378344971436e-16
1.894675358930037338e-16
1.890165739039767133e-16
1.885667488368983476e-16
1.881180763384671407e-16
1.876705159806588822e-16
1.872241205552389207e-16
1.867788312582652786e-16
1.863346820860324284e-16
1.858916331964852697e-16
1.854497183224297595e-16
1.850089342827715276e-16
1.845692416691853989e-16
1.841306738241547722e-16
1.836931916251590494e-16
1.832568281566100736e-16
1.828215624276059836e-16
1.823874092850691070e-16
1.819543301722799866e-16
1.815223576646950851e-16
1.810914710673719522e-16
1.806616674732210384e-16
1.802329439817415081e-16
1.798052976990127599e-16
1.793787430589960549e-16
1.789532424736224259e-16
1.785288276471364162e-16
1.781054612632129298e-16
1.776831747909720552e-16
1.772619482313135164e-16
1.768417787931236536e-16
1.764226805656506915e-16
1.760046169593786897e-16
1.755876021392652452e-16
1.751716500255289868e-16
1.747567244240045344e-16
1.743428558919787001e-16
1.739300084963207445e-16
1.735182125592714425e-16
1.731074324067295342e-16
1.726976981278190400e-16
1.722889905618872764e-16
1.718813069936144626e-16
1.714746447138775174e-16
1.710689849438825527e-16
1.706643571982975837e-16
1.702607426507352894e-16
1.698581386167727112e-16
1.694565424181394382e-16
1.690559356030272379e-16
1.686563471233399017e-16
1.682577584807651809e-16
1.678601670215543568e-16
1.674635545511305171e-16
1.670679495794334471e-16
1.666733338662348292e-16
1.662796894073792335e-16
1.658870443860604800e-16
1.654953654919552788e-16
1.651046654879857902e-16
1.647149569167389147e-16
1.643262068255976277e-16
1.639384278254732560e-16
1.635516173286341873e-16
1.631657727533573167e-16
1.627808915239191961e-16
1.623969562551107506e-16
1.620139940688521442e-16
1.616319728307042377e-16
1.612509194556209824e-16
1.608708020391170312e-16
1.604916327468653651e-16
1.601134090442331664e-16
1.597361284025133436e-16
1.593597739152520432e-16
1.589843718859128045e-16
1.586098910887909468e-16
1.582363434018220165e-16
1.578637263314773852e-16
1.574920232947187910e-16
1.571212601343774727e-16
1.567514062161633905e-16
1.563824732211200018e-16
1.560144587153832361e-16
1.556473602707796434e-16
1.552811616531225350e-16
1.549158743588467557e-16
1.545514959761941388e-16
1.541880240990618369e-16
1.538254427172360566e-16
1.534637767053971913e-16
1.531029829944667110e-16
1.527430998795739999e-16
1.523841114223987936e-16
1.520260018882361810e-16
1.516687823695094933e-16
1.513124372399598590e-16
1.509569775039724752e-16
1.506024008097495066e-16
1.502487048110499774e-16
1.498958740967045488e-16
1.495439194977967456e-16
1.491928386841325265e-16
1.488426164036577942e-16
1.484932633592387387e-16
1.481447772366543470e-16
1.477971557271759761e-16
1.474503837883800697e-16
1.471044592622719490e-16
1.467593926413993516e-16
1.464151816378145234e-16
1.460718239690174111e-16
1.457293048499338366e-16
1.453876346083268762e-16
1.450467985606443130e-16
1.447068069530204110e-16
1.443676575289799835e-16
1.440293357561353723e-16
1.436918395232276672e-16
1.433551911070202225e-16
1.430193638433391277e-16
1.426843556349315497e-16
1.423501764478188070e-16
1.420168120465029908e-16
1.416842842896207554e-16
1.413525550531396208e-16
1.410216461615238224e-16
1.406915554145214732e-16
1.403622688262121851e-16
1.400337961246627338e-16
1.397061234536705777e-16
1.393792604715100210e-16
1.390531934167713025e-16
1.387279318717358077e-16
1.384034621691000743e-16
1.380797938157831405e-16
1.377569132379063163e-16
1.374348298676517358e-16
1.371135302238891318e-16
1.367930236646833600e-16
1.364732968009814277e-16
1.361543476650417165e-16
1.358361855046648658e-16
1.355187970674321416e-16
1.352021915285534740e-16
1.348863557260354797e-16
1.345712987630981217e-16
1.342570075675197712e-16
1.339434802013910396e-16
1.336307256608304632e-16
1.333187418972232665e-16
1.330075051650017179e-16
1.326970352844980835e-16
1.323873302210013105e-16
1.320783664776648547e-16
1.317701636520274835e-16
1.314627197232161446e-16
1.311560220577995789e-16
1.308500687598693734e-16
1.305448684783218590e-16
1.302403982055002967e-16
1.299366875660329846e-16
1.296337031722502508e-16
1.293314640405880876e-16
1.290299578351287275e-16
1.287291930030612050e-16
1.284291470151330581e-16
1.281298386038815407e-16
1.278312658031160828e-16
1.275334063188218047e-16
1.272362786736623268e-16
1.269398809149484335e-16
1.266441909812995125e-16
1.263492271879926320e-16
1.260549776113998194e-16
1.257614404249166809e-16
1.254686138058429692e-16
1.251765058122439582e-16
1.248851046811020056e-16
1.245944086011993261e-16
1.243044157650820118e-16
1.240151341046085620e-16
1.237265520146040197e-16
1.234386676996405875e-16
1.231514793681544320e-16
1.228649852324405315e-16
1.225791930702981260e-16
1.222940819440623227e-16
1.220096691667765353e-16
1.217259434048604103e-16
1.214429123152066216e-16
1.211605552497204811e-16
1.208788892643505057e-16
1.205978938540013134e-16
1.203175859473970405e-16
1.200379544384632165e-16
1.197589975823623102e-16
1.194807136380503238e-16
1.192031100261077722e-16
1.189261666645631609e-16
1.186498910145094990e-16
1.183742904097526758e-16
1.180993540034993466e-16
1.178250800777249188e-16
1.175514579554266973e-16
1.172785038836372556e-16
1.170062071606382949e-16
1.167345660833922237e-16
1.164635789525944882e-16
1.161932528761725646e-16
1.159235685237777830e-16
1.156545330423812052e-16
1.153861447475556025e-16
1.151184106368548294e-16
1.148513116456952857e-16
1.145848548101553168e-16
1.143190470461862193e-16
1.140538694859932401e-16
1.137893290836678682e-16
1.135254241806059900e-16
1.132621615855004681e-16
1.129995226896114939e-16
1.127375143392655749e-16
1.124761432638541722e-16
1.122153910464613078e-16
1.119552644537364915e-16
1.116957618526233633e-16
1.114368816136924498e-16
1.111786221331036434e-16
1.109209818983582641e-16
1.106639594221337953e-16
1.104075450826933075e-16
1.101517537031822318e-16
1.098965756390992826e-16
1.096420013647849709e-16
1.093880455393150210e-16
1.091346906207814099e-16
1.088819431945941610e-16
1.086298017983218580e-16
1.083782649726660335e-16
1.081273312614565590e-16
1.078769913589831201e-16
1.076272595485529106e-16
1.073781187057236409e-16
1.071295752391434348e-16
1.068816277079035531e-16
1.066342746741975506e-16
1.063875147033167651e-16
1.061413387041499405e-16
1.058957529620323002e-16
1.056507636564442388e-16
1.054063465490277971e-16
1.051625230358793945e-16
1.049192840952475565e-16
1.046766208157647960e-16
1.044345393381072548e-16
1.041930382546394593e-16
1.039521161607797888e-16
1.037117642628052225e-16
1.034719886067847752e-16
1.032327877969749897e-16
1.029941531267380108e-16
1.027560978601496440e-16
1.025186060083975717e-16
1.022816835014942456e-16
1.020453217475983163e-16
1.018095338162130098e-16
1.015743039358940798e-16
1.013396308107192090e-16
1.011055273661593042e-16
1.008719779916767153e-16
1.006389813992034930e-16
1.004065503718433494e-16
1.001746694582334227e-16
9.994334436290002472e-17
9.971256677392442656e-17
9.948234235170648919e-17
9.925266975008638576e-17
9.902354068098502287e-17
9.879496044868582157e-17
9.856692736771549898e-17
9.833943294265231441e-17
9.811248235826405705e-17
9.788606717496702628e-17
9.766019927926135752e-17
9.743485677883963132e-17
9.721005823867675000e-17
9.698578858777057556e-17
9.676204624303054444e-17
9.653883624912695220e-17
9.631615695997040895e-17
9.609400015577116792e-17
9.587237082244197203e-17
9.565126079413477923e-17
9.543067501790045580e-17
9.521060538146294749e-17
9.499105679332527223e-17
9.477202763446621203e-17
9.455350987240552003e-17
9.433550835853286950e-17
9.411801511302514460e-17
9.390102859953259159e-17
9.368455361277161252e-17
9.346858855652350693e-17
9.325312555520281079e-17
9.303816308658698726e-17
9.282370587105313259e-17
9.260975232743732808e-17
9.239629468297246514e-17
9.218333142946164567e-17
9.197086721413208982e-17
9.175890047075693546e-17
9.154741741903476811e-17
9.133643489155600339e-17
9.112593307053198331e-17
9.091592262222919087e-17
9.070640199880946910e-17
9.049736365365239709e-17
9.028880610963136190e-17
9.008073385350775080e-17
8.987313941243787991e-17
8.966602723832925257e-17
8.945938990718249235e-17
8.925322595886240925e-17
8.904753979340236934e-17
8.884232405933685822e-17
8.863757730660648577e-17
8.843330388398903401e-17
8.822949674057574531e-17
8.802616133370620176e-17
8.782328606339358731e-17
8.762088806376022968e-17
8.741895005831401835e-17
8.721748338404933630e-17
8.701648225238695186e-17
8.681594658850144834e-17
8.661588193207220535e-17
8.641628255124786637e-17
8.621714836818064207e-17
8.601848486086007714e-17
8.582028635357141434e-17
8.562255276550439581e-17
8.542528401480373254e-17
8.522848549822556144e-17
8.503215161392210060e-17
8.483628227715505790e-17
8.464088282461885798e-17
8.444594230571764757e-17
8.425147145879389959e-17
8.405747013871610316e-17
8.386392750545155031e-17
8.367085418164397323e-17
8.347823940016897608e-17
8.328609370712346894e-17
8.309441695372530221e-17
8.290319848143444170e-17
8.271244872281173127e-17
8.252215709091719702e-17
8.233233394319811001e-17
8.214297394558128249e-17
8.195408216311105620e-17
8.176564815069998147e-17
8.157768211746840183e-17
8.139017879842276685e-17
8.120313299914481911e-17
8.101655481883104229e-17
8.083044410043588253e-17
8.064479060771183239e-17
8.045959930952788819e-17
8.027487510372638924e-17
8.009060785667693774e-17
7.990680745166304967e-17
7.972346877532250492e-17
7.954059171785581254e-17
7.935817616862149580e-17
7.917622201614224287e-17
7.899472914811068769e-17
7.881369745139544968e-17
7.863312601076569026e-17
7.845301071007738948e-17
7.827335146172544841e-17
7.809413372514882115e-17
7.791536224140577588e-17
7.773702256492343808e-17
7.755911939854592807e-17
7.738163839104377222e-17
7.720458420738370027e-17
7.702794259004284384e-17
7.685171348127663396e-17
7.667589677213184254e-17
7.650047834446985361e-17
7.632546276999245519e-17
7.615083602271052372e-17
7.597660263757402559e-17
7.580274868013399624e-17
7.562927864889534871e-17
7.545617870034773403e-17
7.528344875534282706e-17
7.511108415941500489e-17
7.493908027163081387e-17
7.476743246455227530e-17
7.459613612419995679e-17
7.442518665001633963e-17
7.425457945482901343e-17
7.408430996481422831e-17
7.391436920192409407e-17
7.374476146925634199e-17
7.357547341290215191e-17
7.340650930135544009e-17
7.323785586792310850e-17
7.306950866329258711e-17
7.290147190438938780e-17
7.273374107768974594e-17
7.256629449561847467e-17
7.239915354149470250e-17
7.223228804920164614e-17
7.206571074475893513e-17
7.189941717998565736e-17
7.173339447386758154e-17
7.156763829223453420e-17
7.140215270094014721e-17
7.123692494509567434e-17
7.107195072820893576e-17
7.090723406673236944e-17
7.074277060250179628e-17
7.057853950422266074e-17
7.041455303998595213e-17
7.025080688959324666e-17
