# te
3.282827377319335938e+00
3.974943161010742188e+00
3.987480163574218750e+00
3.618237733840942383e+00
3.087363958358764648e+00
2.531119585037231445e+00
2.028500080108642578e+00
1.617101311683654785e+00
1.313499331474304199e+00
1.119192481040954590e+00
1.025411128997802734e+00
1.005670070648193359e+00
1.030593395233154297e+00
1.083277940750122070e+00
1.150977730751037598e+00
1.221904516220092773e+00
1.287632703781127930e+00
1.345463156700134277e+00
1.392899751663208008e+00
1.436869382858276367e+00
1.483903169631958008e+00
1.534426689147949219e+00
1.587723851203918457e+00
1.644541382789611816e+00
1.706227898597717285e+00
1.767870306968688965e+00
1.824953317642211914e+00
1.875684618949890137e+00
1.917596936225891113e+00
1.949114203453063965e+00
1.968775510787963867e+00
1.974838852882385254e+00
1.967583537101745605e+00
1.952611088752746582e+00
1.933809518814086914e+00
1.906752467155456543e+00
1.868285298347473145e+00
1.819812059402465820e+00
1.763672113418579102e+00
1.701137781143188477e+00
1.630033612251281738e+00
1.547339677810668945e+00
1.450928449630737305e+00
1.338746428489685059e+00
1.207597732543945312e+00
1.059599637985229492e+00
9.008541107177734375e-01
7.368689775466918945e-01
5.663672685623168945e-01
3.861273825168609619e-01
1.907811462879180908e-01
-2.372507378458976746e-02
-2.534743249416351318e-01
-4.944336712360382080e-01
-7.486199140548706055e-01
-1.015933752059936523e+00
-1.296980023384094238e+00
-1.592385292053222656e+00
-1.901342391967773438e+00
-2.222883224487304688e+00
-2.557775735855102539e+00
-2.906851053237915039e+00
-3.271162271499633789e+00
-3.651167869567871094e+00
-4.044893264770507812e+00
-4.449690341949462891e+00
-4.864044666290283203e+00
-5.286367416381835938e+00
-5.718487262725830078e+00
-6.162937164306640625e+00
-6.621124744415283203e+00
-7.093677043914794922e+00
-7.579733371734619141e+00
-8.077838897705078125e+00
-8.587352752685546875e+00
-9.107997894287109375e+00
-9.641052246093750000e+00
-1.018259716033935547e+01
-1.073391151428222656e+01
-1.129537963867187500e+01
-1.186604785919189453e+01
-1.244555377960205078e+01
-1.303204536437988281e+01
-1.362664699554443359e+01
-1.422831630706787109e+01
-1.483626651763916016e+01
-1.545051479339599609e+01
-1.607256889343261719e+01
-1.669947433471679688e+01
-1.733199691772460938e+01
-1.796941947937011719e+01
-1.861177253723144531e+01
-1.925759696960449219e+01
-1.990766525268554688e+01
-2.056126403808593750e+01
-2.121767997741699219e+01
-2.187471008300781250e+01
-2.253536224365234375e+01
-2.319519805908203125e+01
-2.385722732543945312e+01
-2.451924324035644531e+01
-2.518202590942382812e+01
-2.584262657165527344e+01
-2.650256156921386719e+01
-2.716111755371093750e+01
-2.781684112548828125e+01
-2.847050094604492188e+01
-2.912064361572265625e+01
-2.976581192016601562e+01
-3.040750312805175781e+01
-3.104494285583496094e+01
-3.167658805847167969e+01
-3.230164337158203125e+01
-3.292005538940429688e+01
-3.353102493286132812e+01
-3.413376235961914062e+01
-3.472895431518554688e+01
-3.531431961059570312e+01
-3.588980484008789062e+01
-3.645536041259765625e+01
-3.701018905639648438e+01
-3.755423736572265625e+01
-3.808448410034179688e+01
-3.860310363769531250e+01
-3.910930252075195312e+01
-3.960228347778320312e+01
-4.008125305175781250e+01
-4.054541778564453125e+01
-4.099398040771484375e+01
-4.142839050292968750e+01
-4.184568786621093750e+01
-4.224813079833984375e+01
-4.263127899169921875e+01
-4.299813461303710938e+01
-4.334501266479492188e+01
-4.367415618896484375e+01
-4.398411941528320312e+01
-4.427417755126953125e+01
-4.454510116577148438e+01
-4.479468536376953125e+01
-4.502370834350585938e+01
-4.523218536376953125e+01
-4.541940689086914062e+01
-4.558465576171875000e+01
-4.572795486450195312e+01
-4.584784698486328125e+01
-4.594585037231445312e+01
-4.602050018310546875e+01
-4.606959533691406250e+01
-4.609613037109375000e+01
-4.609860610961914062e+01
-4.607479095458984375e+01
-4.602689743041992188e+01
-4.595417022705078125e+01
-4.585659408569335938e+01
-4.573267364501953125e+01
-4.558314132690429688e+01
-4.540797424316406250e+01
-4.520568847656250000e+01
-4.497774887084960938e+01
-4.472414398193359375e+01
-4.444338226318359375e+01
-4.413692855834960938e+01
-4.380254364013671875e+01
-4.344170761108398438e+01
-4.305514907836914062e+01
-4.264062500000000000e+01
-4.219812011718750000e+01
-4.172911834716796875e+01
-4.123136520385742188e+01
-4.070634841918945312e+01
-4.015404891967773438e+01
-3.957445526123046875e+01
-3.896681213378906250e+01
-3.833111190795898438e+01
-3.766885757446289062e+01
-3.697857284545898438e+01
-3.626026916503906250e+01
-3.551544952392578125e+01
-3.474413299560546875e+01
-3.394484329223632812e+01
-3.311908721923828125e+01
-3.226612854003906250e+01
-3.138821792602539062e+01
-3.048239707946777344e+01
-2.955016326904296875e+01
-2.859301948547363281e+01
-2.760949134826660156e+01
-2.660182952880859375e+01
-2.556707191467285156e+01
-2.450745964050292969e+01
-2.342449760437011719e+01
-2.231596755981445312e+01
-2.118411636352539062e+01
-2.002821350097656250e+01
-1.884975814819335938e+01
-1.764802360534667969e+01
-1.642376518249511719e+01
-1.517774009704589844e+01
-1.390921974182128906e+01
-1.261970901489257812e+01
-1.130848407745361328e+01
-9.978535652160644531e+00
-8.627653121948242188e+00
-7.257117748260498047e+00
-5.867395401000976562e+00
-4.459023475646972656e+00
-3.032392263412475586e+00
-1.588411092758178711e+00
-1.271577775478363037e-01
1.350413560867309570e+00
2.844329833984375000e+00
4.353369712829589844e+00
5.876772880554199219e+00
7.415041923522949219e+00
8.966152191162109375e+00
1.053031253814697266e+01
1.210846996307373047e+01
1.369614982604980469e+01
1.529556465148925781e+01
1.690521049499511719e+01
1.852581787109375000e+01
2.015365409851074219e+01
2.179167556762695312e+01
2.343614959716796875e+01
2.508854866027832031e+01
2.674736976623535156e+01
2.841111564636230469e+01
3.008051109313964844e+01
3.175479698181152344e+01
3.343247604370117188e+01
3.511204528808593750e+01
3.679423904418945312e+01
3.847754669189453125e+01
4.016196823120117188e+01
4.184598922729492188e+01
4.352960968017578125e+01
4.521206665039062500e+01
4.689111709594726562e+01
4.856749725341796875e+01
5.024044418334960938e+01
5.190846252441406250e+01
5.357228469848632812e+01
5.522892761230468750e+01
5.687986755371093750e+01
5.852285003662109375e+01
6.015788269042968750e+01
6.178419113159179688e+01
6.340029907226562500e+01
6.500691986083984375e+01
6.660259246826171875e+01
6.818579864501953125e+01
6.975655364990234375e+01
7.131485748291015625e+01
7.286069488525390625e+01
7.438591003417968750e+01
7.590312194824218750e+01
7.739747619628906250e+01
7.888382720947265625e+01
8.033988952636718750e+01
8.178795623779296875e+01
8.322058105468750000e+01
8.463035583496093750e+01
8.600984191894531250e+01
8.738133239746093750e+01
8.872252655029296875e+01
9.004829406738281250e+01
9.135121917724609375e+01
9.263127899169921875e+01
9.388848876953125000e+01
9.511541748046875000e+01
9.632692718505859375e+01
9.750073242187500000e+01
9.865911865234375000e+01
9.977980041503906250e+01
1.008850708007812500e+02
1.019526443481445312e+02
1.029899520874023438e+02
1.040118560791015625e+02
1.049960632324218750e+02
1.059500198364257812e+02
1.068737106323242188e+02
1.077671508789062500e+02
1.086303405761718750e+02
1.094558486938476562e+02
1.102585525512695312e+02
1.110235748291015625e+02
1.117583694458007812e+02
1.124629211425781250e+02
1.131223831176757812e+02
1.137590332031250000e+02
1.143506164550781250e+02
1.149193954467773438e+02
1.154430923461914062e+02
1.159365844726562500e+02
1.163998641967773438e+02
1.168180770874023438e+02
1.171986389160156250e+02
1.175415725708007812e+02
1.178543243408203125e+02
1.181368942260742188e+02
1.183744430541992188e+02
1.185669937133789062e+02
1.187294464111328125e+02
1.188543701171875000e+02
1.189343719482421875e+02
1.189917602539062500e+02
1.189968414306640625e+02
1.189719085693359375e+02
1.189021301269531250e+02
1.188024063110351562e+02
1.186578750610351562e+02
1.184834365844726562e+02
1.182642288208007812e+02
1.180077209472656250e+02
1.177139434814453125e+02
1.173828735351562500e+02
1.170145797729492188e+02
1.166165008544921875e+02
1.161737747192382812e+02
1.156938552856445312e+02
1.151767883300781250e+02
1.146151504516601562e+02
1.140312423706054688e+02
1.133953704833984375e+02
1.127298431396484375e+02
1.120346755981445312e+02
1.112950286865234375e+02
1.105183563232421875e+02
1.097120895385742188e+02
1.088762741088867188e+02
1.080034713745117188e+02
1.070937042236328125e+02
1.061470031738281250e+02
1.051707992553710938e+02
1.041502609252929688e+02
1.031076812744140625e+02
1.020282287597656250e+02
1.009267807006835938e+02
9.978104400634765625e+01
9.860591125488281250e+01
9.740139007568359375e+01
9.616748809814453125e+01
9.490423583984375000e+01
9.361907196044921875e+01
9.229713439941406250e+01
9.094588470458984375e+01
8.956532287597656250e+01
8.816290283203125000e+01
8.673120117187500000e+01
8.527024078369140625e+01
8.379488372802734375e+01
8.228288269042968750e+01
8.074909210205078125e+01
7.920096588134765625e+01
7.762366485595703125e+01
7.603205871582031250e+01
7.441130828857421875e+01
7.277257537841796875e+01
7.111141204833984375e+01
6.943080139160156250e+01
6.773300170898437500e+01
6.601430511474609375e+01
6.428065490722656250e+01
6.252910995483398438e+01
6.076190567016601562e+01
5.898054122924804688e+01
5.718280410766601562e+01
5.537390136718750000e+01
5.355012893676757812e+01
5.171596145629882812e+01
4.986843490600585938e+01
4.801127243041992188e+01
4.614448928833007812e+01
4.426809692382812500e+01
4.238506698608398438e+01
4.049244308471679688e+01
3.859469223022460938e+01
3.668959808349609375e+01
3.478013229370117188e+01
3.286705017089843750e+01
3.094886970520019531e+01
2.902932167053222656e+01
2.710691642761230469e+01
2.518389701843261719e+01
2.326026725769042969e+01
2.133751678466796875e+01
1.941565704345703125e+01
1.749691581726074219e+01
1.557981681823730469e+01
1.366733551025390625e+01
1.175873279571533203e+01
9.856243133544921875e+00
7.958382129669189453e+00
6.068721771240234375e+00
4.185927867889404297e+00
2.311340093612670898e+00
4.458316266536712646e-01
-1.409711122512817383e+00
-3.254687547683715820e+00
-5.088199615478515625e+00
-6.909674167633056641e+00
-8.717570304870605469e+00
-1.051272583007812500e+01
-1.229293251037597656e+01
-1.405969715118408203e+01
-1.580858325958251953e+01
-1.754184150695800781e+01
-1.925875091552734375e+01
-2.095709991455078125e+01
-2.263765907287597656e+01
-2.429896163940429688e+01
-2.594102668762207031e+01
-2.756165313720703125e+01
-2.916234207153320312e+01
-3.074238014221191406e+01
-3.229881668090820312e+01
-3.383240890502929688e+01
-3.534319305419921875e+01
-3.682968902587890625e+01
-3.829267883300781250e+01
-3.972994613647460938e+01
-4.114225769042968750e+01
-4.252741241455078125e+01
-4.388616943359375000e+01
-4.521929550170898438e+01
-4.652310562133789062e+01
-4.779909896850585938e+01
-4.904729843139648438e+01
-5.026625061035156250e+01
-5.145670700073242188e+01
-5.261573028564453125e+01
-5.374630737304687500e+01
-5.484622955322265625e+01
-5.591553115844726562e+01
-5.695273208618164062e+01
-5.795786285400390625e+01
-5.893242645263671875e+01
-5.987348175048828125e+01
-6.078326416015625000e+01
-6.165958023071289062e+01
-6.250318908691406250e+01
-6.331261444091796875e+01
-6.408863067626953125e+01
-6.482978057861328125e+01
-6.553829193115234375e+01
-6.621271514892578125e+01
-6.685157012939453125e+01
-6.745711517333984375e+01
-6.802713775634765625e+01
-6.856391143798828125e+01
-6.906523895263671875e+01
-6.953264617919921875e+01
-6.996617126464843750e+01
-7.035916137695312500e+01
-7.072577667236328125e+01
-7.104748535156250000e+01
-7.133991241455078125e+01
-7.159716033935546875e+01
-7.182000732421875000e+01
-7.200254058837890625e+01
-7.216337585449218750e+01
-7.227282714843750000e+01
-7.236064910888671875e+01
-7.240458679199218750e+01
-7.241952514648437500e+01
-7.239808654785156250e+01
-7.234770965576171875e+01
-7.226102447509765625e+01
-7.213803863525390625e+01
-7.198622894287109375e+01
-7.179817962646484375e+01
-7.158137512207031250e+01
-7.132839965820312500e+01
-7.104151153564453125e+01
-7.073040008544921875e+01
-7.037652587890625000e+01
-7.000444030761718750e+01
-6.959483337402343750e+01
-6.915145874023437500e+01
-6.868029022216796875e+01
-6.818357849121093750e+01
-6.765541076660156250e+01
-6.709729003906250000e+01
-6.651146697998046875e+01
-6.589797973632812500e+01
-6.525609588623046875e+01
-6.458733367919921875e+01
-6.389096450805664062e+01
-6.316998291015625000e+01
-6.242367553710937500e+01
-6.165056610107421875e+01
-6.085439682006835938e+01
-6.003369522094726562e+01
-5.918997573852539062e+01
-5.832250595092773438e+01
-5.743428039550781250e+01
-5.652233123779296875e+01
-5.559114837646484375e+01
-5.463925933837890625e+01
-5.366666412353515625e+01
-5.267559814453125000e+01
-5.166458511352539062e+01
-5.063733673095703125e+01
-4.959162902832031250e+01
-4.852970504760742188e+01
-4.745080947875976562e+01
-4.635792160034179688e+01
-4.525030136108398438e+01
-4.412794494628906250e+01
-4.299234008789062500e+01
-4.184498214721679688e+01
-4.068585205078125000e+01
-3.951496505737304688e+01
-3.833379364013671875e+01
-3.714308547973632812e+01
-3.594357681274414062e+01
-3.473451995849609375e+01
-3.351888656616210938e+01
-3.229666900634765625e+01
-3.106786346435546875e+01
-2.983395004272460938e+01
-2.859566497802734375e+01
-2.735226058959960938e+01
-2.610595893859863281e+01
-2.485749435424804688e+01
-2.360834503173828125e+01
-2.235701942443847656e+01
-2.110721969604492188e+01
-1.985596847534179688e+01
-1.860696792602539062e+01
-1.736021232604980469e+01
-1.611643028259277344e+01
-1.487635898590087891e+01
-1.363998413085937500e+01
-1.240878105163574219e+01
-1.118348217010498047e+01
-9.964818000793457031e+00
-8.753520011901855469e+00
-7.549575805664062500e+00
-6.355202198028564453e+00
-5.169939517974853516e+00
-3.994741439819335938e+00
-2.830188989639282227e+00
-1.677308678627014160e+00
-5.363840460777282715e-01
5.915583968162536621e-01
1.705834269523620605e+00
2.805878400802612305e+00
3.891101121902465820e+00
4.960459709167480469e+00
6.013781070709228516e+00
7.050295829772949219e+00
8.069234848022460938e+00
9.070498466491699219e+00
1.005235195159912109e+01
1.101543807983398438e+01
1.195906352996826172e+01
1.288179016113281250e+01
1.378366565704345703e+01
1.466399860382080078e+01
1.552432155609130859e+01
1.635948181152343750e+01
1.717324447631835938e+01
1.796268272399902344e+01
1.872858810424804688e+01
1.946952819824218750e+01
2.018777465820312500e+01
2.087817382812500000e+01
2.154300689697265625e+01
2.218231773376464844e+01
2.279392433166503906e+01
2.337936019897460938e+01
2.393644714355468750e+01
2.446671104431152344e+01
2.496871376037597656e+01
2.544176292419433594e+01
2.588664245605468750e+01
2.630117034912109375e+01
2.668762207031250000e+01
2.704380989074707031e+01
2.736903762817382812e+01
2.766483497619628906e+01
2.792975997924804688e+01
2.816385269165039062e+01
2.836716079711914062e+01
2.853823661804199219e+01
2.867861175537109375e+01
2.878758239746093750e+01
2.886444282531738281e+01
2.890849876403808594e+01
2.892201423645019531e+01
2.890205574035644531e+01
2.885089492797851562e+01
2.876633644104003906e+01
2.864990997314453125e+01
2.850090789794921875e+01
2.832010650634765625e+01
2.810605812072753906e+01
2.785954856872558594e+01
2.757987785339355469e+01
2.726932907104492188e+01
2.692572593688964844e+01
2.654986190795898438e+01
2.614178276062011719e+01
2.570154190063476562e+01
2.522918701171875000e+01
2.472476196289062500e+01
2.418832015991210938e+01
2.362064743041992188e+01
2.302253150939941406e+01
2.239179039001464844e+01
2.172995376586914062e+01
2.103780746459960938e+01
2.031539535522460938e+01
1.956275558471679688e+01
1.877919197082519531e+01
1.796771240234375000e+01
1.712613105773925781e+01
1.625522613525390625e+01
1.535503768920898438e+01
1.442783069610595703e+01
1.347215747833251953e+01
1.248805141448974609e+01
1.147703361511230469e+01
1.043913841247558594e+01
9.374399185180664062e+00
8.283591270446777344e+00
7.166002273559570312e+00
6.024634361267089844e+00
4.857289314270019531e+00
3.666224956512451172e+00
2.451468706130981445e+00
1.213419556617736816e+00
-4.722739011049270630e-02
-1.331041216850280762e+00
-2.635842561721801758e+00
-3.962573051452636719e+00
-5.309614658355712891e+00
-6.676976680755615234e+00
-8.063862800598144531e+00
-9.469767570495605469e+00
-1.089400386810302734e+01
-1.233625411987304688e+01
-1.379583168029785156e+01
-1.527257156372070312e+01
-1.676452636718750000e+01
-1.827242088317871094e+01
-1.979475593566894531e+01
-2.133151817321777344e+01
-2.288197517395019531e+01
-2.444464492797851562e+01
-2.601879501342773438e+01
-2.760517883300781250e+01
-2.920232772827148438e+01
-3.080875968933105469e+01
-3.242523193359375000e+01
-3.405027770996093750e+01
-3.568316268920898438e+01
-3.732241821289062500e+01
-3.896954345703125000e+01
-4.062306976318359375e+01
-4.228078460693359375e+01
-4.394345092773437500e+01
-4.560959625244140625e+01
-4.727924346923828125e+01
-4.895166778564453125e+01
-5.062540054321289062e+01
-5.229897689819335938e+01
-5.397390747070312500e+01
-5.564871978759765625e+01
-5.732122039794921875e+01
-5.899215698242187500e+01
-6.066082000732421875e+01
-6.232500839233398438e+01
-6.398547363281250000e+01
-6.564151763916015625e+01
-6.729165649414062500e+01
-6.893592834472656250e+01
-7.057213592529296875e+01
-7.220177459716796875e+01
-7.382413482666015625e+01
-7.543701934814453125e+01
-7.704044342041015625e+01
-7.862553405761718750e+01
-8.020344543457031250e+01
-8.177198791503906250e+01
-8.332375335693359375e+01
-8.486621093750000000e+01
-8.639194488525390625e+01
-8.790099334716796875e+01
-8.940081024169921875e+01
-9.087657165527343750e+01
-9.233571624755859375e+01
-9.379315185546875000e+01
-9.521919250488281250e+01
-9.662870788574218750e+01
-9.801430511474609375e+01
-9.938345336914062500e+01
-1.007361755371093750e+02
-1.020576782226562500e+02
-1.033777694702148438e+02
-1.046593475341796875e+02
-1.059173507690429688e+02
-1.071592941284179688e+02
-1.083777923583984375e+02
-1.095580825805664062e+02
-1.107299575805664062e+02
-1.118711624145507812e+02
-1.129818038940429688e+02
-1.140768127441406250e+02
-1.151339416503906250e+02
-1.161681289672851562e+02
-1.171794586181640625e+02
-1.181605682373046875e+02
-1.191040802001953125e+02
-1.200323715209960938e+02
-1.209157791137695312e+02
-1.217841033935546875e+02
-1.226076660156250000e+02
-1.234014205932617188e+02
-1.241728515625000000e+02
-1.249145889282226562e+02
-1.256193008422851562e+02
-1.262870101928710938e+02
-1.269326629638671875e+02
-1.275414657592773438e+02
-1.281209106445312500e+02
-1.286636199951171875e+02
-1.291696624755859375e+02
-1.296390991210937500e+02
-1.300868682861328125e+02
-1.304832763671875000e+02
-1.308655548095703125e+02
-1.311966094970703125e+02
-1.315062255859375000e+02
-1.317647247314453125e+02
-1.319944763183593750e+02
-1.321955108642578125e+02
-1.323604583740234375e+02
-1.324819641113281250e+02
-1.325749206542968750e+02
-1.326245422363281250e+02
-1.326531372070312500e+02
-1.326236419677734375e+02
-1.325732269287109375e+02
-1.324871215820312500e+02
-1.323727722167968750e+02
-1.322153625488281250e+02
-1.320223846435546875e+02
-1.317864532470703125e+02
-1.315224914550781250e+02
-1.312156982421875000e+02
-1.308809967041015625e+02
-1.305109863281250000e+02
-1.300982971191406250e+02
-1.296504211425781250e+02
-1.291748352050781250e+02
-1.286641387939453125e+02
-1.281184082031250000e+02
-1.275376739501953125e+02
-1.269219894409179688e+02
-1.262788238525390625e+02
-1.255933532714843750e+02
-1.248805084228515625e+02
-1.241328735351562500e+02
-1.233430633544921875e+02
-1.225334243774414062e+02
-1.216891174316406250e+02
-1.208101959228515625e+02
-1.198892440795898438e+02
-1.189486083984375000e+02
-1.179808883666992188e+02
-1.169786834716796875e+02
-1.159494476318359375e+02
-1.148857955932617188e+02
-1.137877426147460938e+02
-1.126701965332031250e+02
-1.115183181762695312e+02
-1.103469848632812500e+02
-1.091562347412109375e+02
-1.079237976074218750e+02
-1.066645507812500000e+02
-1.053859405517578125e+02
-1.040582885742187500e+02
-1.027187500000000000e+02
-1.013599319458007812e+02
-9.998182678222656250e+01
-9.856961059570312500e+01
-9.713071441650390625e+01
-9.568002319335937500e+01
-9.419525146484375000e+01
-9.269872283935546875e+01
-9.117556762695312500e+01
-8.964066314697265625e+01
-8.807916259765625000e+01
-8.650592803955078125e+01
-8.491353607177734375e+01
-8.330200195312500000e+01
-8.167876434326171875e+01
-8.002149963378906250e+01
-7.836736297607421875e+01
-7.668663024902343750e+01
-7.499413299560546875e+01
-7.328986358642578125e+01
-7.157381439208984375e+01
-6.983852386474609375e+01
-6.809884643554687500e+01
-6.633990478515625000e+01
-6.456984710693359375e+01
-6.279310989379882812e+01
-6.100894546508789062e+01
-5.921509170532226562e+01
-5.741375732421875000e+01
-5.560492324829101562e+01
-5.378930282592773438e+01
-5.196762847900390625e+01
-5.014060211181640625e+01
-4.830820465087890625e+01
-4.647339248657226562e+01
-4.463463592529296875e+01
-4.279266357421875000e+01
-4.094818496704101562e+01
-3.910340881347656250e+01
-3.725754928588867188e+01
-3.541281890869140625e+01
-3.356843948364257812e+01
-3.172586631774902344e+01
-2.988730049133300781e+01
-2.805122375488281250e+01
-2.621908950805664062e+01
-2.439161300659179688e+01
-2.256875610351562500e+01
-2.075197792053222656e+01
-1.894124031066894531e+01
-1.713800239562988281e+01
-1.534222793579101562e+01
-1.355388355255126953e+01
-1.177516651153564453e+01
-1.000752830505371094e+01
-8.247961997985839844e+00
-6.502379894256591797e+00
-4.767032146453857422e+00
-3.044857501983642578e+00
-1.336341857910156250e+00
3.588456213474273682e-01
2.038806676864624023e+00
3.704191684722900391e+00
5.353927135467529297e+00
6.987453460693359375e+00
8.604451179504394531e+00
1.020426177978515625e+01
1.178555583953857422e+01
1.334938335418701172e+01
1.489396953582763672e+01
1.641865158081054688e+01
1.792351531982421875e+01
1.940938568115234375e+01
2.087336540222167969e+01
2.231554603576660156e+01
2.373674201965332031e+01
2.513480949401855469e+01
2.651057052612304688e+01
2.786187362670898438e+01
2.918954277038574219e+01
3.049291229248046875e+01
3.177206039428710938e+01
3.302632141113281250e+01
3.425502777099609375e+01
3.545751190185546875e+01
3.663459396362304688e+01
3.778486251831054688e+01
3.890764617919921875e+01
4.000450897216796875e+01
4.107403182983398438e+01
4.211479949951171875e+01
4.312763595581054688e+01
4.411259841918945312e+01
4.506902313232421875e+01
4.599549484252929688e+01
4.689281082153320312e+01
4.775956726074218750e+01
4.859804534912109375e+01
4.940534973144531250e+01
5.018228149414062500e+01
5.092890167236328125e+01
5.164454269409179688e+01
5.232925033569335938e+01
5.298160552978515625e+01
5.360389709472656250e+01
5.419543838500976562e+01
5.475480651855468750e+01
5.528205108642578125e+01
5.577946090698242188e+01
5.624411392211914062e+01
5.667755508422851562e+01
5.707909011840820312e+01
5.744802093505859375e+01
5.778589248657226562e+01
5.809126281738281250e+01
5.836494445800781250e+01
5.860626602172851562e+01
5.881528854370117188e+01
5.899207305908203125e+01
5.913668823242187500e+01
5.924919509887695312e+01
5.933040237426757812e+01
5.937887954711914062e+01
5.939690399169921875e+01
5.938232421875000000e+01
5.933667373657226562e+01
5.925926208496093750e+01
5.915163040161132812e+01
5.901309204101562500e+01
5.884294509887695312e+01
5.864347076416015625e+01
5.841249847412109375e+01
5.815155410766601562e+01
5.785993576049804688e+01
5.753843688964843750e+01
5.718784332275390625e+01
5.680820083618164062e+01
5.639879608154296875e+01
5.596041488647460938e+01
5.549458312988281250e+01
5.499985885620117188e+01
5.447700881958007812e+01
5.392755508422851562e+01
5.335004806518554688e+01
5.274600219726562500e+01
5.211545181274414062e+01
5.145915985107421875e+01
5.077790451049804688e+01
5.006948471069335938e+01
4.933689498901367188e+01
4.857940673828125000e+01
4.779780197143554688e+01
4.699209213256835938e+01
4.616304016113281250e+01
4.531066894531250000e+01
4.443574142456054688e+01
4.353901290893554688e+01
4.261975479125976562e+01
4.167947006225585938e+01
4.071817398071289062e+01
3.973736190795898438e+01
3.873630523681640625e+01
3.771649932861328125e+01
3.667720794677734375e+01
3.561992263793945312e+01
3.454536437988281250e+01
3.345277404785156250e+01
3.234360504150390625e+01
3.121783256530761719e+01
3.007543373107910156e+01
2.891860771179199219e+01
2.774583625793457031e+01
2.655858230590820312e+01
2.535903739929199219e+01
2.414494895935058594e+01
2.291850662231445312e+01
2.167968177795410156e+01
2.042992782592773438e+01
1.916846275329589844e+01
1.789673995971679688e+01
1.661472511291503906e+01
1.532312488555908203e+01
1.402338504791259766e+01
1.271398448944091797e+01
1.139711284637451172e+01
1.007347393035888672e+01
8.742284774780273438e+00
7.404250621795654297e+00
6.061556816101074219e+00
4.713420867919921875e+00
3.361286878585815430e+00
2.004963636398315430e+00
6.457465291023254395e-01
-7.165564894676208496e-01
-2.081245899200439453e+00
-3.447324752807617188e+00
-4.814737796783447266e+00
-6.182789802551269531e+00
-7.551076412200927734e+00
-8.918626785278320312e+00
-1.028556346893310547e+01
-1.165074157714843750e+01
-1.301286983489990234e+01
-1.437340736389160156e+01
-1.573039054870605469e+01
-1.708386993408203125e+01
-1.843314552307128906e+01
-1.977678108215332031e+01
-2.111556625366210938e+01
-2.244805526733398438e+01
-2.377504730224609375e+01
-2.509360885620117188e+01
-2.640527915954589844e+01
-2.770935821533203125e+01
-2.900366592407226562e+01
-3.028903007507324219e+01
-3.156552696228027344e+01
-3.283175277709960938e+01
-3.408631134033203125e+01
-3.533076095581054688e+01
-3.656370162963867188e+01
-3.778447341918945312e+01
-3.899314880371093750e+01
-4.018907546997070312e+01
-4.137158584594726562e+01
-4.254224777221679688e+01
-4.369742202758789062e+01
-4.483941650390625000e+01
-4.596609115600585938e+01
-4.707825088500976562e+01
-4.817523956298828125e+01
-4.925638580322265625e+01
-5.032177352905273438e+01
-5.137072753906250000e+01
-5.240332412719726562e+01
-5.341889572143554688e+01
-5.441453933715820312e+01
-5.539405441284179688e+01
-5.635229492187500000e+01
-5.729380035400390625e+01
-5.821640777587890625e+01
-5.911870574951171875e+01
-6.000299072265625000e+01
-6.086709213256835938e+01
-6.170959854125976562e+01
-6.253577423095703125e+01
-6.334048461914062500e+01
-6.412378692626953125e+01
-6.488723754882812500e+01
-6.563015747070312500e+01
-6.635185241699218750e+01
-6.705239105224609375e+01
-6.772811126708984375e+01
-6.838426971435546875e+01
-6.901572418212890625e+01
-6.962699127197265625e+01
-7.021366119384765625e+01
-7.077951049804687500e+01
-7.132458496093750000e+01
-7.184149169921875000e+01
-7.234516143798828125e+01
-7.282076263427734375e+01
-7.326835632324218750e+01
-7.369541168212890625e+01
-7.410197448730468750e+01
-7.448068237304687500e+01
-7.483901214599609375e+01
-7.517704772949218750e+01
-7.548739624023437500e+01
-7.577756500244140625e+01
-7.604016876220703125e+01
-7.628269958496093750e+01
-7.649778747558593750e+01
-7.669290161132812500e+01
-7.686067962646484375e+01
-7.700858306884765625e+01
-7.712924957275390625e+01
-7.723758697509765625e+01
-7.731876373291015625e+01
-7.737284851074218750e+01
-7.739987182617187500e+01
-7.740730285644531250e+01
-7.740262603759765625e+01
-7.737100219726562500e+01
-7.731249237060546875e+01
-7.722711181640625000e+01
-7.712234497070312500e+01
-7.699822235107421875e+01
-7.685476684570312500e+01
-7.668458557128906250e+01
-7.650257873535156250e+01
-7.627903747558593750e+01
-7.605115509033203125e+01
-7.580409240722656250e+01
-7.553044128417968750e+01
-7.523766326904296875e+01
-7.492577362060546875e+01
-7.459479522705078125e+01
-7.423731994628906250e+01
-7.387565612792968750e+01
-7.347266387939453125e+01
-7.306552124023437500e+01
-7.263194274902343750e+01
-7.219424438476562500e+01
-7.172270965576171875e+01
-7.123963928222656250e+01
-7.073760986328125000e+01
-7.022407531738281250e+01
-6.969902801513671875e+01
-6.914761352539062500e+01
-6.857727050781250000e+01
-6.799543762207031250e+01
-6.740212249755859375e+01
-6.678988647460937500e+01
-6.616391754150390625e+01
-6.552199554443359375e+01
-6.486706542968750000e+01
-6.419760131835937500e+01
-6.351582717895507812e+01
-6.282022857666015625e+01
-6.211225891113281250e+01
-6.139264297485351562e+01
-6.066061401367187500e+01
-5.991762542724609375e+01
-5.916291046142578125e+01
-5.839866638183593750e+01
-5.762262725830078125e+01
-5.683773803710937500e+01
-5.604396820068359375e+01
-5.524055099487304688e+01
-5.442892074584960938e+01
-5.360756683349609375e+01
-5.277942657470703125e+01
-5.194372177124023438e+01
-5.109967041015625000e+01
-5.025020599365234375e+01
-4.939455413818359375e+01
-4.853267288208007812e+01
-4.766452026367187500e+01
-4.679229354858398438e+01
-4.591520690917968750e+01
-4.503470230102539062e+01
-4.414925384521484375e+01
-4.326105499267578125e+01
-4.237080764770507812e+01
-4.147697448730468750e+01
-4.058174896240234375e+01
-3.968434524536132812e+01
-3.878546524047851562e+01
-3.788729095458984375e+01
-3.698681259155273438e+01
-3.608769607543945312e+01
-3.518767166137695312e+01
-3.428966903686523438e+01
-3.339215087890625000e+01
-3.249657058715820312e+01
-3.160362243652343750e+01
-3.071326065063476562e+01
-2.982544517517089844e+01
-2.894087028503417969e+01
-2.806023788452148438e+01
-2.718350791931152344e+01
-2.631211853027343750e+01
-2.544528388977050781e+01
-2.458369827270507812e+01
-2.372802734375000000e+01
-2.287893295288085938e+01
-2.203484535217285156e+01
-2.119790840148925781e+01
-2.036878776550292969e+01
-1.954591178894042969e+01
-1.873142814636230469e+01
-1.792451667785644531e+01
-1.712732124328613281e+01
-1.633753776550292969e+01
-1.555731105804443359e+01
-1.478656387329101562e+01
-1.402521705627441406e+01
-1.327319335937500000e+01
-1.253190135955810547e+01
-1.180126380920410156e+01
-1.108046245574951172e+01
-1.037239265441894531e+01
-9.674009323120117188e+00
-8.988206863403320312e+00
-8.314173698425292969e+00
-7.651833057403564453e+00
-7.002229213714599609e+00
-6.365217208862304688e+00
-5.741470336914062500e+00
-5.130471706390380859e+00
-4.532822132110595703e+00
-3.948677778244018555e+00
-3.378268480300903320e+00
-2.821825504302978516e+00
-2.279581785202026367e+00
-1.751621603965759277e+00
-1.238275885581970215e+00
-7.395648360252380371e-01
-2.558657824993133545e-01
2.127546966075897217e-01
6.659837365150451660e-01
1.103953242301940918e+00
1.526274204254150391e+00
1.933075904846191406e+00
2.323967218399047852e+00
2.699001073837280273e+00
3.058155059814453125e+00
3.401183128356933594e+00
3.727688789367675781e+00
4.038017272949218750e+00
4.330804347991943359e+00
4.608325481414794922e+00
4.869064331054687500e+00
5.112324714660644531e+00
5.339651107788085938e+00
5.549616336822509766e+00
5.743022441864013672e+00
5.919183731079101562e+00
6.078899383544921875e+00
6.220737457275390625e+00
6.346980571746826172e+00
6.456194400787353516e+00
6.547687053680419922e+00
6.622250556945800781e+00
6.680675506591796875e+00
6.723009586334228516e+00
6.747811317443847656e+00
6.755867958068847656e+00
6.747221946716308594e+00
6.722657680511474609e+00
6.680728912353515625e+00
6.623703002929687500e+00
6.549388408660888672e+00
6.459306716918945312e+00
6.352006912231445312e+00
6.230494022369384766e+00
6.091084003448486328e+00
5.936037540435791016e+00
5.766125679016113281e+00
5.579890727996826172e+00
5.378845214843750000e+00
5.161527633666992188e+00
4.930191993713378906e+00
4.683373928070068359e+00
4.422581195831298828e+00
4.145604133605957031e+00
3.855433940887451172e+00
3.550601959228515625e+00
3.231866836547851562e+00
2.898500919342041016e+00
2.551260471343994141e+00
2.190158128738403320e+00
1.816691040992736816e+00
1.429383277893066406e+00
1.030472517013549805e+00
6.167712807655334473e-01
1.920757591724395752e-01
-2.452437132596969604e-01
-6.934738159179687500e-01
-1.154172062873840332e+00
-1.626667976379394531e+00
-2.110068559646606445e+00
-2.604523420333862305e+00
-3.109887599945068359e+00
-3.625955581665039062e+00
-4.152080535888671875e+00
-4.688209533691406250e+00
-5.234217643737792969e+00
-5.789512157440185547e+00
-6.354074001312255859e+00
-6.927512645721435547e+00
-7.509588241577148438e+00
-8.099948883056640625e+00
-8.698416709899902344e+00
-9.304499626159667969e+00
-9.918229103088378906e+00
-1.053933906555175781e+01
-1.116734123229980469e+01
-1.180182266235351562e+01
-1.244281673431396484e+01
-1.308998584747314453e+01
-1.374254894256591797e+01
-1.440143203735351562e+01
-1.506503582000732422e+01
-1.573340034484863281e+01
-1.640656089782714844e+01
-1.708381080627441406e+01
-1.776445007324218750e+01
-1.844925689697265625e+01
-1.913678741455078125e+01
-1.982782173156738281e+01
-2.052091789245605469e+01
-2.121759986877441406e+01
-2.191493988037109375e+01
-2.261446189880371094e+01
-2.331546783447265625e+01
-2.401799964904785156e+01
-2.472061347961425781e+01
-2.542409324645996094e+01
-2.612699699401855469e+01
-2.683085632324218750e+01
-2.753274154663085938e+01
-2.823492622375488281e+01
-2.893596267700195312e+01
-2.963590049743652344e+01
-3.033478355407714844e+01
-3.102893638610839844e+01
-3.172286224365234375e+01
-3.241214752197265625e+01
-3.309980773925781250e+01
-3.378366088867187500e+01
-3.446448898315429688e+01
-3.514085006713867188e+01
-3.581279373168945312e+01
-3.647965621948242188e+01
-3.714298629760742188e+01
-3.780065155029296875e+01
-3.845420455932617188e+01
-3.910075378417968750e+01
-3.974111557006835938e+01
-4.037760543823242188e+01
-4.100583648681640625e+01
-4.162885665893554688e+01
-4.224451065063476562e+01
-4.285287475585937500e+01
-4.345476913452148438e+01
-4.404804229736328125e+01
-4.463424682617187500e+01
-4.521197128295898438e+01
-4.578203201293945312e+01
-4.634302139282226562e+01
-4.689648437500000000e+01
-4.744026947021484375e+01
-4.797594070434570312e+01
-4.850131988525390625e+01
-4.901723480224609375e+01
-4.952448654174804688e+01
-5.002092361450195312e+01
-5.050808715820312500e+01
-5.098530578613281250e+01
-5.145041275024414062e+01
-5.190644454956054688e+01
-5.235123443603515625e+01
-5.278484725952148438e+01
-5.320808410644531250e+01
-5.361877822875976562e+01
-5.401921844482421875e+01
-5.440797042846679688e+01
-5.478361892700195312e+01
-5.514842987060546875e+01
-5.550099563598632812e+01
-5.584209823608398438e+01
-5.617179489135742188e+01
-5.648790740966796875e+01
-5.679197692871093750e+01
-5.708330535888671875e+01
-5.736194229125976562e+01
-5.762719726562500000e+01
-5.788134765625000000e+01
-5.812145996093750000e+01
-5.834832000732421875e+01
-5.856198120117187500e+01
-5.876248550415039062e+01
-5.894986724853515625e+01
-5.912343978881835938e+01
-5.928400802612304688e+01
-5.943162918090820312e+01
-5.956560134887695312e+01
-5.968748092651367188e+01
-5.979432678222656250e+01
-5.988620376586914062e+01
-5.996686935424804688e+01
-6.003266525268554688e+01
-6.008585357666015625e+01
-6.012426376342773438e+01
-6.015164184570312500e+01
-6.016357803344726562e+01
-6.016160202026367188e+01
-6.014797973632812500e+01
-6.012052536010742188e+01
-6.007927322387695312e+01
-6.002426147460937500e+01
-5.995700073242187500e+01
-5.987605285644531250e+01
-5.978219604492187500e+01
-5.967544555664062500e+01
-5.955509567260742188e+01
-5.942266082763671875e+01
-5.927668380737304688e+01
-5.911868286132812500e+01
-5.894792938232421875e+01
-5.876444625854492188e+01
-5.856900787353515625e+01
-5.836014175415039062e+01
-5.813861846923828125e+01
-5.790592956542968750e+01
-5.766062164306640625e+01
-5.740345001220703125e+01
-5.713442230224609375e+01
-5.685355758666992188e+01
-5.656161117553710938e+01
-5.625710678100585938e+01
-5.594303131103515625e+01
-5.561715698242187500e+01
-5.528024673461914062e+01
-5.493229675292968750e+01
-5.457479858398437500e+01
-5.420553207397460938e+01
-5.382747650146484375e+01
-5.343839645385742188e+01
-5.303904342651367188e+01
-5.263015747070312500e+01
-5.221173858642578125e+01
-5.178377914428710938e+01
-5.134701538085937500e+01
-5.090068054199218750e+01
-5.044549942016601562e+01
-4.998145294189453125e+01
-4.951000976562500000e+01
-4.902965927124023438e+01
-4.854111862182617188e+01
-4.804436874389648438e+01
-4.754087448120117188e+01
-4.702911758422851562e+01
-4.650982284545898438e+01
-4.598369979858398438e+01
-4.544997787475585938e+01
-4.491012573242187500e+01
-4.436409759521484375e+01
-4.381262207031250000e+01
-4.325342941284179688e+01
-4.268946838378906250e+01
-4.211995697021484375e+01
-4.154486846923828125e+01
-4.096490859985351562e+01
-4.038004684448242188e+01
-3.979025268554687500e+01
-3.919622039794921875e+01
-3.859793090820312500e+01
-3.799534606933593750e+01
-3.738990783691406250e+01
-3.677935409545898438e+01
-3.616736602783203125e+01
-3.555093002319335938e+01
-3.493223571777343750e+01
-3.431051254272460938e+01
-3.368645477294921875e+01
-3.306076812744140625e+01
-3.243415832519531250e+01
-3.180435562133789062e+01
-3.117504119873046875e+01
-3.054245185852050781e+01
-2.991026687622070312e+01
-2.927844810485839844e+01
-2.864546585083007812e+01
-2.801128196716308594e+01
-2.737808418273925781e+01
-2.674582862854003906e+01
-2.611299514770507812e+01
-2.547953987121582031e+01
-2.484987831115722656e+01
-2.422025680541992188e+01
-2.359212303161621094e+01
-2.296691513061523438e+01
-2.234457206726074219e+01
-2.172279167175292969e+01
-2.110299491882324219e+01
-2.048660087585449219e+01
-1.987428283691406250e+01
-1.926374435424804688e+01
-1.865640449523925781e+01
-1.805145454406738281e+01
-1.745105361938476562e+01
-1.685513877868652344e+01
-1.626289939880371094e+01
-1.567426872253417969e+01
-1.508992576599121094e+01
-1.451054668426513672e+01
-1.393532752990722656e+01
-1.336568737030029297e+01
-1.280082035064697266e+01
-1.224140834808349609e+01
-1.168664264678955078e+01
-1.113869190216064453e+01
-1.059600925445556641e+01
-1.006001853942871094e+01
-9.529175758361816406e+00
-9.004904747009277344e+00
-8.487892150878906250e+00
-7.976592063903808594e+00
-7.472433567047119141e+00
-6.975582599639892578e+00
-6.485537052154541016e+00
-6.002687931060791016e+00
-5.527203559875488281e+00
-5.059327125549316406e+00
-4.599080085754394531e+00
-4.146708011627197266e+00
-3.702085018157958984e+00
-3.265605926513671875e+00
-2.837221860885620117e+00
-2.417256116867065430e+00
-2.005630493164062500e+00
-1.602632761001586914e+00
-1.208232164382934570e+00
-8.226363658905029297e-01
-4.459203183650970459e-01
-7.816738635301589966e-02
2.805900275707244873e-01
6.301699280738830566e-01
9.704636335372924805e-01
1.301509976387023926e+00
1.623124003410339355e+00
1.935419678688049316e+00
2.237927675247192383e+00
2.530848979949951172e+00
2.814310073852539062e+00
3.087989568710327148e+00
3.352011203765869141e+00
3.606348991394042969e+00
3.850678443908691406e+00
4.085194587707519531e+00
4.309644699096679688e+00
4.524816036224365234e+00
4.728522300720214844e+00
4.923776626586914062e+00
5.108390808105468750e+00
5.283889770507812500e+00
5.448082923889160156e+00
5.603236198425292969e+00
5.749385356903076172e+00
5.883592128753662109e+00
6.008863925933837891e+00
6.124488353729248047e+00
6.229754447937011719e+00
6.325435161590576172e+00
6.410816669464111328e+00
6.486669063568115234e+00
6.553019523620605469e+00
6.608407020568847656e+00
6.655085563659667969e+00
6.692335128784179688e+00
6.719434261322021484e+00
6.736403942108154297e+00
6.744750976562500000e+00
6.744493484497070312e+00
6.732676506042480469e+00
6.713032722473144531e+00
6.683347702026367188e+00
6.644378662109375000e+00
6.596882343292236328e+00
6.540127754211425781e+00
6.474869251251220703e+00
6.399630069732666016e+00
6.316648960113525391e+00
6.223704814910888672e+00
6.123033046722412109e+00
6.013897418975830078e+00
5.895559310913085938e+00
5.769509315490722656e+00
5.635006427764892578e+00
5.492795944213867188e+00
5.342136383056640625e+00
5.183026313781738281e+00
5.016942977905273438e+00
4.843877315521240234e+00
4.662331104278564453e+00
4.473778724670410156e+00
4.277464389801025391e+00
4.074117183685302734e+00
3.864465475082397461e+00
3.647007703781127930e+00
3.422470808029174805e+00
3.191580295562744141e+00
2.953575134277343750e+00
2.709923267364501953e+00
2.459861993789672852e+00
2.203371047973632812e+00
1.941915512084960938e+00
1.673244714736938477e+00
1.399417042732238770e+00
1.119963526725769043e+00
8.352321386337280273e-01
5.457931160926818848e-01
2.504325509071350098e-01
-4.968602582812309265e-02
-3.546630144119262695e-01
-6.642277836799621582e-01
-9.783331751823425293e-01
-1.296783924102783203e+00
-1.619310975074768066e+00
-1.945868492126464844e+00
-2.276263236999511719e+00
-2.610301017761230469e+00
-2.947863817214965820e+00
-3.288758516311645508e+00
-3.632941722869873047e+00
-3.980073690414428711e+00
-4.329998970031738281e+00
-4.682801246643066406e+00
-5.038134574890136719e+00
-5.395792484283447266e+00
-5.755637168884277344e+00
-6.117485523223876953e+00
-6.481095314025878906e+00
-6.846573829650878906e+00
-7.213509559631347656e+00
-7.581562995910644531e+00
-7.950842380523681641e+00
-8.321084022521972656e+00
-8.691950798034667969e+00
-9.063549041748046875e+00
-9.435615539550781250e+00
-9.807891845703125000e+00
-1.018020820617675781e+01
-1.055276775360107422e+01
-1.092548084259033203e+01
-1.129714202880859375e+01
-1.166914272308349609e+01
-1.204079914093017578e+01
-1.241067981719970703e+01
-1.278032779693603516e+01
-1.314905548095703125e+01
-1.351617622375488281e+01
-1.388248920440673828e+01
-1.424730491638183594e+01
-1.461068058013916016e+01
-1.497192478179931641e+01
-1.533109474182128906e+01
-1.568824386596679688e+01
-1.604342460632324219e+01
-1.639669227600097656e+01
-1.674735450744628906e+01
-1.709546279907226562e+01
-1.744107437133789062e+01
-1.778423500061035156e+01
-1.812351226806640625e+01
-1.846044349670410156e+01
-1.879433441162109375e+01
-1.912449264526367188e+01
-1.945170974731445312e+01
-1.977454566955566406e+01
-2.009453773498535156e+01
-2.041024589538574219e+01
-2.072245979309082031e+01
-2.103048324584960938e+01
-2.133436012268066406e+01
-2.163413619995117188e+01
-2.192911148071289062e+01
-2.222081947326660156e+01
-2.250706672668457031e+01
-2.278864479064941406e+01
-2.306633377075195312e+01
-2.333869171142578125e+01
-2.360501289367675781e+01
-2.386756515502929688e+01
-2.412638854980468750e+01
-2.437854957580566406e+01
-2.462556838989257812e+01
-2.486599540710449219e+01
-2.510283851623535156e+01
-2.533390235900878906e+01
-2.555847930908203125e+01
-2.577883148193359375e+01
-2.599203300476074219e+01
-2.619887161254882812e+01
-2.640236473083496094e+01
-2.659735679626464844e+01
-2.678760719299316406e+01
-2.697167205810546875e+01
-2.715033721923828125e+01
-2.732215309143066406e+01
-2.748790740966796875e+01
-2.764838027954101562e+01
-2.780286407470703125e+01
-2.794991874694824219e+01
-2.809105682373046875e+01
-2.822632217407226562e+01
-2.835648345947265625e+01
-2.847860908508300781e+01
-2.859570121765136719e+01
-2.870556068420410156e+01
-2.880896186828613281e+01
-2.890742111206054688e+01
-2.899873733520507812e+01
-2.908368492126464844e+01
-2.916228485107421875e+01
-2.923456382751464844e+01
-2.930054855346679688e+01
-2.936026573181152344e+01
-2.941373062133789062e+01
-2.946096992492675781e+01
-2.950126075744628906e+01
-2.953536415100097656e+01
-2.956478691101074219e+01
-2.958657646179199219e+01
-2.960297393798828125e+01
-2.961325454711914062e+01
-2.961594772338867188e+01
-2.961329460144042969e+01
-2.960531234741210938e+01
-2.958978271484375000e+01
-2.956894111633300781e+01
-2.954280471801757812e+01
-2.950989341735839844e+01
-2.947095680236816406e+01
-2.942749214172363281e+01
-2.937653541564941406e+01
-2.932105636596679688e+01
-2.925958251953125000e+01
-2.919285583496093750e+01
-2.911939430236816406e+01
-2.904142951965332031e+01
-2.895748138427734375e+01
-2.886827850341796875e+01
-2.877456855773925781e+01
-2.867485427856445312e+01
-2.856987380981445312e+01
-2.845962142944335938e+01
-2.834557533264160156e+01
-2.822549247741699219e+01
-2.810085487365722656e+01
-2.797090721130371094e+01
-2.783563613891601562e+01
-2.769652175903320312e+01
-2.755280303955078125e+01
-2.740372657775878906e+01
-2.725150871276855469e+01
-2.709390449523925781e+01
-2.693238258361816406e+01
-2.676693153381347656e+01
-2.659678840637207031e+01
-2.642342758178710938e+01
-2.624534034729003906e+01
-2.606399726867675781e+01
-2.587863922119140625e+01
-2.568998527526855469e+01
-2.549727630615234375e+01
-2.530197906494140625e+01
-2.510258483886718750e+01
-2.490056037902832031e+01
-2.469514083862304688e+01
-2.448555946350097656e+01
-2.427476882934570312e+01
-2.405977439880371094e+01
-2.384278297424316406e+01
-2.362302398681640625e+01
-2.339973258972167969e+01
-2.317586135864257812e+01
-2.294840621948242188e+01
-2.271883583068847656e+01
-2.248786354064941406e+01
-2.225472259521484375e+01
-2.201864433288574219e+01
-2.178257560729980469e+01
-2.154351806640625000e+01
-2.130367279052734375e+01
-2.106227493286132812e+01
-2.081929206848144531e+01
-2.057544517517089844e+01
-2.033070373535156250e+01
-2.008355903625488281e+01
-1.983695220947265625e+01
-1.959011268615722656e+01
-1.934076881408691406e+01
-1.909259033203125000e+01
-1.884330558776855469e+01
-1.859361267089843750e+01
-1.834346771240234375e+01
-1.809356880187988281e+01
-1.784387207031250000e+01
-1.759433364868164062e+01
-1.734416389465332031e+01
-1.709480667114257812e+01
-1.684547805786132812e+01
-1.659612655639648438e+01
-1.634820365905761719e+01
-1.610017013549804688e+01
-1.585347747802734375e+01
-1.560659122467041016e+01
-1.536095523834228516e+01
-1.511727046966552734e+01
-1.487326431274414062e+01
-1.463112545013427734e+01
-1.439081001281738281e+01
-1.415004920959472656e+01
-1.391251564025878906e+01
-1.367593860626220703e+01
-1.344027900695800781e+01
-1.320772457122802734e+01
-1.297600746154785156e+01
-1.274657249450683594e+01
-1.251864051818847656e+01
-1.229291343688964844e+01
-1.206935596466064453e+01
-1.184792709350585938e+01
-1.162784862518310547e+01
-1.141131401062011719e+01
-1.119679832458496094e+01
-1.098426818847656250e+01
-1.077591896057128906e+01
-1.056874084472656250e+01
-1.036493110656738281e+01
-1.016445732116699219e+01
-9.965798377990722656e+00
-9.770410537719726562e+00
-9.578261375427246094e+00
-9.389319419860839844e+00
-9.202812194824218750e+00
-9.020197868347167969e+00
-8.839959144592285156e+00
-8.663555145263671875e+00
-8.490959167480468750e+00
-8.321100234985351562e+00
-8.155130386352539062e+00
-7.993160247802734375e+00
-7.833739757537841797e+00
-7.678391456604003906e+00
-7.526634216308593750e+00
-7.378654003143310547e+00
-7.234193801879882812e+00
-7.093588352203369141e+00
-6.956807136535644531e+00
-6.823740005493164062e+00
-6.694653987884521484e+00
-6.569368362426757812e+00
-6.447999954223632812e+00
-6.330520153045654297e+00
-6.217122077941894531e+00
-6.107479095458984375e+00
-6.001862049102783203e+00
-5.900317192077636719e+00
-5.802744388580322266e+00
-5.709192276000976562e+00
-5.619710445404052734e+00
-5.534274578094482422e+00
-5.452787399291992188e+00
-5.375523090362548828e+00
-5.302237510681152344e+00
-5.232984066009521484e+00
-5.167890548706054688e+00
-5.106789112091064453e+00
-5.049736022949218750e+00
-4.996786117553710938e+00
-4.947923660278320312e+00
-4.902982711791992188e+00
-4.862319469451904297e+00
-4.825398921966552734e+00
-4.792726993560791016e+00
-4.763993263244628906e+00
-4.739333629608154297e+00
-4.718587875366210938e+00
-4.701893329620361328e+00
-4.689091205596923828e+00
-4.680245876312255859e+00
-4.675348758697509766e+00
-4.674243927001953125e+00
-4.677072048187255859e+00
-4.683603763580322266e+00
-4.694130420684814453e+00
-4.708275794982910156e+00
-4.726184368133544922e+00
-4.747778892517089844e+00
-4.773055553436279297e+00
-4.802014350891113281e+00
-4.834507465362548828e+00
-4.870683670043945312e+00
-4.910321712493896484e+00
-4.953351497650146484e+00
-4.999922752380371094e+00
-5.049891471862792969e+00
-5.103336811065673828e+00
-5.159966945648193359e+00
-5.220010280609130859e+00
-5.283175945281982422e+00
-5.349472045898437500e+00
-5.418979167938232422e+00
-5.491558551788330078e+00
-5.567218780517578125e+00
-5.645672321319580078e+00
-5.727226257324218750e+00
-5.811521053314208984e+00
-5.898789405822753906e+00
-5.988672733306884766e+00
-6.081406116485595703e+00
-6.176705360412597656e+00
-6.274658203125000000e+00
-6.375130176544189453e+00
-6.477986335754394531e+00
-6.583316802978515625e+00
-6.690987110137939453e+00
-6.800790786743164062e+00
-6.912966728210449219e+00
-7.027160167694091797e+00
-7.143387794494628906e+00
-7.261665821075439453e+00
-7.381864547729492188e+00
-7.504001140594482422e+00
-7.627796173095703125e+00
-7.753491401672363281e+00
-7.880733489990234375e+00
-8.009616851806640625e+00
-8.140085220336914062e+00
-8.271860122680664062e+00
-8.405186653137207031e+00
-8.539635658264160156e+00
-8.675228118896484375e+00
-8.812059402465820312e+00
-8.950000762939453125e+00
-9.088923454284667969e+00
-9.228921890258789062e+00
-9.369647026062011719e+00
-9.511265754699707031e+00
-9.653727531433105469e+00
-9.796767234802246094e+00
-9.940121650695800781e+00
-1.008352756500244141e+01
-1.022820758819580078e+01
-1.037345218658447266e+01
-1.051781082153320312e+01
-1.066354465484619141e+01
-1.080846023559570312e+01
-1.095407772064208984e+01
-1.110042953491210938e+01
-1.124532127380371094e+01
-1.139027404785156250e+01
-1.153532028198242188e+01
-1.168049430847167969e+01
-1.182508563995361328e+01
-1.196987342834472656e+01
-1.211414527893066406e+01
-1.225793647766113281e+01
-1.240127944946289062e+01
-1.254346370697021484e+01
-1.268526554107666016e+01
-1.282597637176513672e+01
-1.296636962890625000e+01
-1.310647964477539062e+01
-1.324485111236572266e+01
-1.338374614715576172e+01
-1.351873683929443359e+01
-1.365505790710449219e+01
-1.378902339935302734e+01
-1.392215442657470703e+01
-1.405373477935791016e+01
-1.418453884124755859e+01
-1.431385707855224609e+01
-1.444171619415283203e+01
-1.456814670562744141e+01
-1.469243431091308594e+01
-1.481535434722900391e+01
-1.493693161010742188e+01
-1.505719566345214844e+01
-1.517468833923339844e+01
-1.529092311859130859e+01
-1.540592765808105469e+01
-1.551824378967285156e+01
-1.562789535522460938e+01
-1.573713874816894531e+01
-1.584302616119384766e+01
-1.594781208038330078e+01
-1.604929161071777344e+01
-1.614971923828125000e+01
-1.624688911437988281e+01
-1.634231758117675781e+01
-1.643529891967773438e+01
-1.652586364746093750e+01
-1.661478614807128906e+01
-1.670061111450195312e+01
-1.678411483764648438e+01
-1.686532402038574219e+01
-1.694427108764648438e+01
-1.702098274230957031e+01
-1.709474754333496094e+01
-1.716559028625488281e+01
-1.723353767395019531e+01
-1.729936027526855469e+01
-1.736234092712402344e+01
-1.742325019836425781e+01
-1.748136520385742188e+01
-1.753671264648437500e+01
-1.758931350708007812e+01
-1.763919258117675781e+01
-1.768636894226074219e+01
-1.773012351989746094e+01
-1.777196121215820312e+01
-1.781116104125976562e+01
-1.784774017333984375e+01
-1.788097572326660156e+01
-1.791162490844726562e+01
-1.793896675109863281e+01
-1.796375846862792969e+01
-1.798601722717285156e+01
-1.800501251220703125e+01
-1.802150726318359375e+01
-1.803551101684570312e+01
-1.804629516601562500e+01
-1.805461883544921875e+01
-1.805974769592285156e+01
-1.806243705749511719e+01
-1.806195640563964844e+01
-1.805757331848144531e+01
-1.805226707458496094e+01
-1.804307746887207031e+01
-1.803149986267089844e+01
-1.801679611206054688e+01
-1.799972343444824219e+01
-1.798028182983398438e+01
-1.795773887634277344e+01
-1.793135643005371094e+01
-1.790262603759765625e+01
-1.787229537963867188e+01
-1.783814048767089844e+01
-1.780165100097656250e+01
-1.776283073425292969e+01
-1.772093963623046875e+01
-1.767672348022460938e+01
-1.762944030761718750e+01
-1.758057594299316406e+01
-1.752790451049804688e+01
-1.747365570068359375e+01
-1.741559791564941406e+01
-1.735596084594726562e+01
-1.729400062561035156e+01
-1.722971725463867188e+01
-1.716310310363769531e+01
-1.709267616271972656e+01
-1.702214241027832031e+01
-1.694778633117675781e+01
-1.687183189392089844e+01
-1.679353141784667969e+01
-1.671139526367187500e+01
-1.662913131713867188e+01
-1.654376029968261719e+01
-1.645676231384277344e+01
-1.636738967895507812e+01
-1.627637481689453125e+01
-1.618296813964843750e+01
-1.608790206909179688e+01
-1.599042701721191406e+01
-1.589127540588378906e+01
-1.579043769836425781e+01
-1.568790340423583984e+01
-1.558366107940673828e+01
-1.547770023345947266e+01
-1.537000942230224609e+01
-1.526057529449462891e+01
-1.514938640594482422e+01
-1.503717231750488281e+01
-1.492317867279052734e+01
-1.480813217163085938e+01
-1.469053268432617188e+01
-1.457259750366210938e+01
-1.445282459259033203e+01
-1.433268451690673828e+01
-1.420993423461914062e+01
-1.408678627014160156e+01
-1.396248245239257812e+01
-1.383774948120117188e+01
-1.371182823181152344e+01
-1.358395862579345703e+01
-1.345635318756103516e+01
-1.332676601409912109e+01
-1.319741058349609375e+01
-1.306677246093750000e+01
-1.293482685089111328e+01
-1.280303478240966797e+01
-1.267062568664550781e+01
-1.253757476806640625e+01
-1.240311145782470703e+01
-1.226943969726562500e+01
-1.213430309295654297e+01
-1.199841880798339844e+01
-1.186250305175781250e+01
-1.172653198242187500e+01
-1.158973217010498047e+01
-1.145282459259033203e+01
-1.131578159332275391e+01
-1.117932033538818359e+01
-1.104192829132080078e+01
-1.090506744384765625e+01
-1.076722526550292969e+01
-1.063060474395751953e+01
-1.049369621276855469e+01
-1.035647392272949219e+01
-1.021965599060058594e+01
-1.008321762084960938e+01
-9.946392059326171875e+00
-9.809895515441894531e+00
-9.674450874328613281e+00
-9.538544654846191406e+00
-9.403641700744628906e+00
-9.268230438232421875e+00
-9.134518623352050781e+00
-9.000252723693847656e+00
-8.868383407592773438e+00
-8.735914230346679688e+00
-8.603567123413085938e+00
-8.472062110900878906e+00
-8.342121124267578125e+00
-8.212979316711425781e+00
-8.083870887756347656e+00
-7.956262111663818359e+00
-7.829389095306396484e+00
-7.703972816467285156e+00
-7.577764511108398438e+00
-7.453715801239013672e+00
-7.331063747406005859e+00
-7.209937095642089844e+00
-7.089349746704101562e+00
-6.970471382141113281e+00
-6.851722717285156250e+00
-6.735388755798339844e+00
-6.619962692260742188e+00
-6.505789756774902344e+00
-6.393066883087158203e+00
-6.281692981719970703e+00
-6.171715259552001953e+00
-6.063182830810546875e+00
-5.956143379211425781e+00
-5.850571632385253906e+00
-5.746442317962646484e+00
-5.643879413604736328e+00
-5.542858600616455078e+00
-5.443355083465576172e+00
-5.345568180084228516e+00
-5.249326229095458984e+00
-5.154680252075195312e+00
-5.061681270599365234e+00
-4.970530986785888672e+00
-4.880834579467773438e+00
-4.792943954467773438e+00
-4.706688404083251953e+00
-4.622270584106445312e+00
-4.539522171020507812e+00
-4.458571910858154297e+00
-4.379326820373535156e+00
-4.301842689514160156e+00
-4.226175785064697266e+00
-4.152383327484130859e+00
-4.080299377441406250e+00
-4.010056018829345703e+00
-3.941638708114624023e+00
-3.875105381011962891e+00
-3.810293674468994141e+00
-3.747486352920532227e+00
-3.686522006988525391e+00
-3.627238750457763672e+00
-3.570070743560791016e+00
-3.514634609222412109e+00
-3.461142778396606445e+00
-3.409509658813476562e+00
-3.359726905822753906e+00
-3.311932802200317383e+00
-3.265971183776855469e+00
-3.221982479095458984e+00
-3.179736137390136719e+00
-3.139597177505493164e+00
-3.101217746734619141e+00
-3.064785718917846680e+00
-3.030273199081420898e+00
-2.997624158859252930e+00
-2.966879129409790039e+00
-2.938034772872924805e+00
-2.911056518554687500e+00
-2.885985612869262695e+00
-2.862788677215576172e+00
-2.841455459594726562e+00
-2.821968078613281250e+00
-2.804339885711669922e+00
-2.788546800613403320e+00
-2.774579763412475586e+00
-2.762431144714355469e+00
-2.752086400985717773e+00
-2.743544340133666992e+00
-2.736784219741821289e+00
-2.731796979904174805e+00
-2.728570938110351562e+00
-2.727098226547241211e+00
-2.727364063262939453e+00
-2.729351520538330078e+00
-2.733037471771240234e+00
-2.738402605056762695e+00
-2.745426416397094727e+00
-2.754091739654541016e+00
-2.764377593994140625e+00
-2.776261806488037109e+00
-2.789727687835693359e+00
-2.804751396179199219e+00
-2.821308612823486328e+00
-2.839382886886596680e+00
-2.858952999114990234e+00
-2.879993438720703125e+00
-2.902486324310302734e+00
-2.926407337188720703e+00
-2.951702356338500977e+00
-2.978376865386962891e+00
-3.006384849548339844e+00
-3.035694599151611328e+00
-3.066290616989135742e+00
-3.098127126693725586e+00
-3.131188869476318359e+00
-3.165438175201416016e+00
-3.200860261917114258e+00
-3.237425088882446289e+00
-3.275096178054809570e+00
-3.313852071762084961e+00
-3.353715896606445312e+00
-3.394547939300537109e+00
-3.436334609985351562e+00
-3.479085683822631836e+00
-3.522810220718383789e+00
-3.567444562911987305e+00
-3.612850427627563477e+00
-3.659341573715209961e+00
-3.706339359283447266e+00
-3.754233121871948242e+00
-3.802817344665527344e+00
-3.852183341979980469e+00
-3.902126789093017578e+00
-3.952666044235229492e+00
-4.003967761993408203e+00
-4.055975914001464844e+00
-4.108488082885742188e+00
-4.161670684814453125e+00
-4.215320587158203125e+00
-4.269383430480957031e+00
-4.324101448059082031e+00
-4.379197120666503906e+00
-4.434690475463867188e+00
-4.490676879882812500e+00
-4.547027111053466797e+00
-4.603761672973632812e+00
-4.660901069641113281e+00
-4.718168258666992188e+00
-4.775731563568115234e+00
-4.833612442016601562e+00
-4.891607761383056641e+00
-4.949811935424804688e+00
-5.008244991302490234e+00
-5.066853046417236328e+00
-5.125358104705810547e+00
-5.184151649475097656e+00
-5.242881774902343750e+00
-5.301715850830078125e+00
-5.360450267791748047e+00
-5.419178485870361328e+00
-5.477918624877929688e+00
-5.536466121673583984e+00
-5.594987392425537109e+00
-5.653573989868164062e+00
-5.711723327636718750e+00
-5.769601345062255859e+00
-5.827372550964355469e+00
-5.884905338287353516e+00
-5.941917419433593750e+00
-5.998796939849853516e+00
-6.055335044860839844e+00
-6.111546993255615234e+00
-6.167373180389404297e+00
-6.222752571105957031e+00
-6.277550697326660156e+00
-6.332077980041503906e+00
-6.385902881622314453e+00
-6.439340591430664062e+00
-6.492186546325683594e+00
-6.544460773468017578e+00
-6.596107006072998047e+00
-6.647217273712158203e+00
-6.697660446166992188e+00
-6.747380256652832031e+00
-6.796690940856933594e+00
-6.845163822174072266e+00
-6.892815113067626953e+00
-6.939736366271972656e+00
-6.986018180847167969e+00
-7.031230449676513672e+00
-7.075760364532470703e+00
-7.119550704956054688e+00
-7.162169933319091797e+00
-7.204524993896484375e+00
-7.246335983276367188e+00
-7.287022113800048828e+00
-7.326598167419433594e+00
-7.365078926086425781e+00
-7.402481079101562500e+00
-7.439560890197753906e+00
-7.475589275360107422e+00
-7.509840011596679688e+00
-7.543810367584228516e+00
-7.577517986297607422e+00
-7.609488010406494141e+00
-7.641221523284912109e+00
-7.671247005462646484e+00
-7.700318813323974609e+00
-7.728453636169433594e+00
-7.754918575286865234e+00
-7.781215190887451172e+00
-7.806611061096191406e+00
-7.830377578735351562e+00
-7.853268623352050781e+00
-7.875297546386718750e+00
-7.895732402801513672e+00
-7.916069984436035156e+00
-7.934835910797119141e+00
-7.952783107757568359e+00
-7.969180583953857422e+00
-7.984779357910156250e+00
-7.998846530914306641e+00
-8.012877464294433594e+00
-8.025393486022949219e+00
-8.036404609680175781e+00
-8.046658515930175781e+00
-8.056164741516113281e+00
-8.064929962158203125e+00
-8.071475982666015625e+00
-8.077296257019042969e+00
-8.082397460937500000e+00
-8.086042404174804688e+00
-8.089721679687500000e+00
-8.091212272644042969e+00
-8.092003822326660156e+00
-8.091355323791503906e+00
-8.090015411376953125e+00
-8.087985038757324219e+00
-8.084522247314453125e+00
-8.079628944396972656e+00
-8.074048042297363281e+00
-8.067780494689941406e+00
-8.060083389282226562e+00
-8.052438735961914062e+00
-8.043361663818359375e+00
-8.032850265502929688e+00
-8.020899772644042969e+00
-8.008252143859863281e+00
-7.994903564453125000e+00
-7.980850219726562500e+00
-7.965343952178955078e+00
-7.949868202209472656e+00
-7.932188510894775391e+00
-7.913786888122558594e+00
-7.894655704498291016e+00
-7.874791622161865234e+00
-7.853446006774902344e+00
-7.832098484039306641e+00
-7.809258460998535156e+00
-7.785661697387695312e+00
-7.761302471160888672e+00
-7.736175060272216797e+00
-7.708788394927978516e+00
-7.682107448577880859e+00
-7.653897285461425781e+00
-7.623408794403076172e+00
-7.595839023590087891e+00
-7.565237045288085938e+00
-7.533824920654296875e+00
-7.501599311828613281e+00
-7.469296932220458984e+00
-7.436170101165771484e+00
-7.401469230651855469e+00
-7.367419719696044922e+00
-7.331786632537841797e+00
-7.296052455902099609e+00
-7.258723258972167969e+00
-7.220537185668945312e+00
-7.182971000671386719e+00
-7.144530296325683594e+00
-7.105949878692626953e+00
-7.065736293792724609e+00
-7.025366783142089844e+00
-6.985577106475830078e+00
-6.944129943847656250e+00
-6.902501583099365234e+00
-6.860685348510742188e+00
-6.817929267883300781e+00
-6.774968147277832031e+00
-6.731792926788330078e+00
-6.688395023345947266e+00
-6.644021034240722656e+00
-6.599406242370605469e+00
-6.554539680480957031e+00
-6.510155677795410156e+00
-6.465499877929687500e+00
-6.419076442718505859e+00
-6.373103618621826172e+00
-6.327569484710693359e+00
-6.280530929565429688e+00
-6.234280586242675781e+00
-6.188433170318603516e+00
-6.141490459442138672e+00
-6.094851970672607422e+00
-6.048057556152343750e+00
-6.001317501068115234e+00
-5.954245567321777344e+00
-5.907273292541503906e+00
-5.859940528869628906e+00
-5.812827110290527344e+00
-5.765694141387939453e+00
-5.718526840209960938e+00
-5.671309947967529297e+00
-5.624175548553466797e+00
-5.577033519744873047e+00
-5.530091285705566406e+00
-5.483109951019287109e+00
-5.436295509338378906e+00
-5.389558315277099609e+00
-5.342881679534912109e+00
-5.296473503112792969e+00
-5.250093936920166016e+00
-5.203950405120849609e+00
-5.157954216003417969e+00
-5.112163066864013672e+00
-5.066488742828369141e+00
-5.021063804626464844e+00
-4.975871086120605469e+00
-4.930815696716308594e+00
-4.886103153228759766e+00
-4.841640949249267578e+00
-4.797412872314453125e+00
-4.753400325775146484e+00
-4.709662437438964844e+00
-4.666331768035888672e+00
-4.623170375823974609e+00
-4.580460548400878906e+00
-4.537891387939453125e+00
-4.495821952819824219e+00
-4.454014778137207031e+00
-4.412607669830322266e+00
-4.371589183807373047e+00
-4.330799579620361328e+00
-4.290600299835205078e+00
-4.250758171081542969e+00
-4.211338996887207031e+00
-4.172333717346191406e+00
-4.133734703063964844e+00
-4.095682621002197266e+00
-4.058022022247314453e+00
-4.020894050598144531e+00
-3.984293699264526367e+00
-3.948139667510986328e+00
-3.912574768066406250e+00
-3.877593755722045898e+00
-3.843117952346801758e+00
-3.809215068817138672e+00
-3.775881767272949219e+00
-3.743186712265014648e+00
-3.711051464080810547e+00
-3.679545164108276367e+00
-3.648663520812988281e+00
-3.618475675582885742e+00
-3.588828563690185547e+00
-3.559940099716186523e+00
-3.531656742095947266e+00
-3.504121780395507812e+00
-3.477255821228027344e+00
-3.450978517532348633e+00
-3.425432920455932617e+00
-3.400687217712402344e+00
-3.376512050628662109e+00
-3.353049993515014648e+00
-3.330442905426025391e+00
-3.308460235595703125e+00
-3.287095308303833008e+00
-3.266563415527343750e+00
-3.246706485748291016e+00
-3.227515220642089844e+00
-3.209054231643676758e+00
-3.191313982009887695e+00
-3.174209833145141602e+00
-3.157880783081054688e+00
-3.142242670059204102e+00
-3.127359628677368164e+00
-3.112999200820922852e+00
-3.099374532699584961e+00
-3.086401939392089844e+00
-3.073997735977172852e+00
-3.062375545501708984e+00
-3.051303863525390625e+00
-3.040848970413208008e+00
-3.031002521514892578e+00
-3.021831274032592773e+00
-3.013254404067993164e+00
-3.005339622497558594e+00
-2.997932434082031250e+00
-2.991101741790771484e+00
-2.984769105911254883e+00
-2.979078769683837891e+00
-2.973953723907470703e+00
-2.969465970993041992e+00
-2.965465068817138672e+00
-2.961950540542602539e+00
-2.959070682525634766e+00
-2.956529378890991211e+00
-2.954699277877807617e+00
-2.953286647796630859e+00
-2.952442169189453125e+00
-2.952170848846435547e+00
-2.952254056930541992e+00
-2.952920675277709961e+00
-2.954176425933837891e+00
-2.955806016921997070e+00
-2.957964897155761719e+00
-2.960662126541137695e+00
-2.963757514953613281e+00
-2.967482805252075195e+00
-2.971551418304443359e+00
-2.976195812225341797e+00
-2.981277942657470703e+00
-2.986883163452148438e+00
-2.992947816848754883e+00
-2.999483585357666016e+00
-3.006575345993041992e+00
-3.014086246490478516e+00
0.000000000000000000e+00
0.000000000000000000e+00
0.000000000000000000e+00
0.000000000000000000e+00
0.000000000000000000e+00
0.000000000000000000e+00
0.000000000000000000e+00
0.000000000000000000e+00
0.000000000000000000e+00
0.000000000000000000e+00
0.000000000000000000e+00
0.000000000000000000e+00
0.000000000000000000e+00
0.000000000000000000e+00
0.000000000000000000e+00
0.000000000000000000e+00
0.000000000000000000e+00
0.000000000000000000e+00
0.000000000000000000e+00
0.000000000000000000e+00
0.000000000000000000e+00
0.000000000000000000e+00
0.000000000000000000e+00
0.000000000000000000e+00
0.000000000000000000e+00
0.000000000000000000e+00
0.000000000000000000e+00
0.000000000000000000e+00
0.000000000000000000e+00
0.000000000000000000e+00
0.000000000000000000e+00
0.000000000000000000e+00
0.000000000000000000e+00
0.000000000000000000e+00
0.000000000000000000e+00
0.000000000000000000e+00
0.000000000000000000e+00
0.000000000000000000e+00
0.000000000000000000e+00
0.000000000000000000e+00
0.000000000000000000e+00
0.000000000000000000e+00
0.000000000000000000e+00
0.000000000000000000e+00
0.000000000000000000e+00
0.000000000000000000e+00
0.000000000000000000e+00
0.000000000000000000e+00
0.000000000000000000e+00
0.000000000000000000e+00
0.000000000000000000e+00
0.000000000000000000e+00
0.000000000000000000e+00
0.000000000000000000e+00
0.000000000000000000e+00
0.000000000000000000e+00
0.000000000000000000e+00
0.000000000000000000e+00
0.000000000000000000e+00
0.000000000000000000e+00
0.000000000000000000e+00
0.000000000000000000e+00
0.000000000000000000e+00
0.000000000000000000e+00
0.000000000000000000e+00
0.000000000000000000e+00
0.000000000000000000e+00
0.000000000000000000e+00
0.000000000000000000e+00
0.000000000000000000e+00
0.000000000000000000e+00
0.000000000000000000e+00
0.000000000000000000e+00
0.000000000000000000e+00
0.000000000000000000e+00
0.000000000000000000e+00
0.000000000000000000e+00
0.000000000000000000e+00
0.000000000000000000e+00
0.000000000000000000e+00
0.000000000000000000e+00
0.000000000000000000e+00
0.000000000000000000e+00
0.000000000000000000e+00
0.000000000000000000e+00
0.000000000000000000e+00
0.000000000000000000e+00
0.000000000000000000e+00
0.000000000000000000e+00
0.000000000000000000e+00
0.000000000000000000e+00
0.000000000000000000e+00
0.000000000000000000e+00
0.000000000000000000e+00
0.000000000000000000e+00
0.000000000000000000e+00
0.000000000000000000e+00
0.000000000000000000e+00
0.000000000000000000e+00
0.000000000000000000e+00
