# d_a
# unit = Mpc
0.000000000000000000e+00
4.354560910992017853e+01
8.603203831016411129e+01
1.274890540552793254e+02
1.679453406825421951e+02
2.074285516177778845e+02
2.459653576179439085e+02
2.835814922469481871e+02
3.203017947667034377e+02
3.561502506120859266e+02
3.911500296062620805e+02
4.253235220615700882e+02
4.586923729008038890e+02
4.912775139242086198e+02
5.230991943386865159e+02
5.541770096576025253e+02
5.845299290721012540e+02
6.141763213878845136e+02
6.431339796150344910e+02
6.714201442925171932e+02
6.990515256235222523e+02
7.260443244927112119e+02
7.524142524317331890e+02
7.781765505949907720e+02
8.033460078035878951e+02
8.279369777116152136e+02
8.519633951454189855e+02
8.754387916632699671e+02
8.983763103797780332e+02
9.207887200966171122e+02
9.426884287784655498e+02
9.640874964106573088e+02
9.849976472727217924e+02
1.005430281659892103e+03
1.025396487082660997e+03
1.044907048972631628e+03
1.063972460921165293e+03
1.082602934475719394e+03
1.100808408517271346e+03
1.118598558240809780e+03
1.135982803759547323e+03
1.152970318352304503e+03
1.169570036372326285e+03
1.185790660834758910e+03
1.201640670698955091e+03
1.217128327860883473e+03
1.232261683869992339e+03
1.247048586384073587e+03
1.261496685374884464e+03
1.275613439096560796e+03
1.289406119828179499e+03
1.302881819401167604e+03
1.316047454521689588e+03
1.328909771897543351e+03
1.341475353178593195e+03
1.353750619719266297e+03
1.365741837171156021e+03
1.377455119913379121e+03
1.388896435327867721e+03
1.400071607926434126e+03
1.410986323336078385e+03
1.421646132148625156e+03
1.432056453640529071e+03
1.442222579368311472e+03
1.452149676644862666e+03
1.461842791901536657e+03
1.471306853940752035e+03
1.480546677083527584e+03
1.489566964216219276e+03
1.498372309740449737e+03
1.506967202430075076e+03
1.515356028198812965e+03
1.523543072782012814e+03
1.531532524335828384e+03
1.539328475956974671e+03
1.546934928126014256e+03
1.554355791077062122e+03
1.561594887096598313e+03
1.568655952753993915e+03
1.575542641066222131e+03
1.582258523599121645e+03
1.588807092507460993e+03
1.595191762515970368e+03
1.601415872843394936e+03
1.607482689071553523e+03
1.613395404961280974e+03
1.619157144217068662e+03
1.624770962202129567e+03
1.630239847605551859e+03
1.635566724063128277e+03
1.640754451733387668e+03
1.645805828830293649e+03
1.650723593114007144e+03
1.655510423341075011e+03
1.660168940675327804e+03
1.664701710060735877e+03
1.669111241557419362e+03
1.673399991641964107e+03
1.677570364473154541e+03
1.681624713124173013e+03
1.685565340782312433e+03
1.689394501917172647e+03
1.693114403418301890e+03
1.696727205703195295e+03
1.700235023796535643e+03
1.703639928381531490e+03
1.706943946824168279e+03
1.710149064171174132e+03
1.713257224122458410e+03
1.716270329978769269e+03
1.719190245565282567e+03
1.722018796131799945e+03
1.724757769230251370e+03
1.727408915570112413e+03
1.729973949852387250e+03
1.732454551582741260e+03
1.734852365864375315e+03
1.737169004171210645e+03
1.739406045101911104e+03
1.741565035115296723e+03
1.743647489247635349e+03
1.745654891812334199e+03
1.747588697082480394e+03
1.749450329956726819e+03
1.751241186608952376e+03
1.752962635122140682e+03
1.754616016106901952e+03
1.756202643305052334e+03
1.757723804178632918e+03
1.759180760484777693e+03
1.760574748836786284e+03
1.761906981251775733e+03
1.763178645685258743e+03
1.764390906552992647e+03
1.765544905240438084e+03
1.766641760600133694e+03
1.767682569437315806e+03
1.768668406984088733e+03
1.769600327362422149e+03
1.770479364036283869e+03
1.771306530253180199e+03
1.772082819475364204e+03
1.772809205800995869e+03
1.773486644375492915e+03
1.774116071793325091e+03
1.774698406490502975e+03
1.775234549127984792e+03
1.775725382966233610e+03
1.776171774231153904e+03
1.776574572471611873e+03
1.776934610908763489e+03
1.777252706777377398e+03
1.777529661659376870e+03
1.777766261809760181e+03
1.777963278475130210e+03
1.778121468204968778e+03
1.778241573155880587e+03
1.778324321388943872e+03
1.778370427160360350e+03
1.778380591205552491e+03
1.778355501016883181e+03
1.778295831115140118e+03
1.778202243314947054e+03
1.778075386984241277e+03
1.777915899297969190e+03
1.777724405486130081e+03
1.777501519076315162e+03
1.777247842130871732e+03
1.776963965478812497e+03
1.776650468942606039e+03
1.776307921559974375e+03
1.775936881800803349e+03
1.775537897779294781e+03
1.775111507461467909e+03
1.774658238868122908e+03
1.774178610273368349e+03
1.773673130398835156e+03
1.773142298603648896e+03
1.772586605070295491e+03
1.772006530986446023e+03
1.771402548722856636e+03
1.770775122007428308e+03
1.770124706095512465e+03
1.769451747936556558e+03
1.768756686337173505e+03
1.768039952120713906e+03
1.767301968283432643e+03
1.766543150147308552e+03
1.765763905509629012e+03
1.764964634789371075e+03
1.764145731170489853e+03
1.763307580742168511e+03
1.762450562636096947e+03
1.761575049160860317e+03
1.760681405933485394e+03
1.759769992008235249e+03
1.758841160002682955e+03
1.757895256221158434e+03
1.756932620775605074e+03
1.755953587703911353e+03
1.754958485085785696e+03
1.753947635156211390e+03
1.752921354416551594e+03
1.751879953743347869e+03
1.750823738494873396e+03
1.749753008615476801e+03
1.748668058737782985e+03
1.747569178282792336e+03
1.746456651557913574e+03
1.745330757852998204e+03
1.744191771534403188e+03
1.743039962137135944e+03
1.741875594455114424e+03
1.740698928629600914e+03
1.739510220235827319e+03
1.738309720367867385e+03
1.737097675721800442e+03
1.735874328677176891e+03
1.734639917376856602e+03
1.733394675805228417e+03
1.732138833864865774e+03
1.730872617451638689e+03
1.729596248528323031e+03
1.728309945196739363e+03
1.727013921768451382e+03
1.725708388834054858e+03
1.724393553331090970e+03
1.723069618610607677e+03
1.721736784502408909e+03
1.720395246455692813e+03
1.719045199266435475e+03
1.717686831683926812e+03
1.716320330080016902e+03
1.714945877612720324e+03
1.713563654284122322e+03
1.712173836997146964e+03
1.710776599611220945e+03
1.709372112996851911e+03
1.707960545089138122e+03
1.706542060940246529e+03
1.705116822770866520e+03
1.703684990020670057e+03
1.702246719397789320e+03
1.700802164927352806e+03
1.699351477999072813e+03
1.697894807413924354e+03
1.696432299429925024e+03
1.694964097807041753e+03
1.693490343851228545e+03
1.692011176457634065e+03
1.690526732152979093e+03
1.689037145137127482e+03
1.687542547323867893e+03
1.686043068380918839e+03
1.684538835769182924e+03
1.683029974781250985e+03
1.681516608579184094e+03
1.679998858231580925e+03
1.678476842749948446e+03
1.676950679124392309e+03
1.675420482358630579e+03
1.673886365504361038e+03
1.672348439694979561e+03
1.670806814178671630e+03
1.669261596350888112e+03
1.667712891786215778e+03
1.666160804269656410e+03
1.664605435827327483e+03
1.663046886756590766e+03
1.661485255655632727e+03
1.659920639452487194e+03
1.658353133433533003e+03
1.656782831271466193e+03
1.655209825052756059e+03
1.653634205304599618e+03
1.652056061021383812e+03
1.650475479690659995e+03
1.648892547318653214e+03
1.647307348455299234e+03
1.645719966218828404e+03
1.644130482319906605e+03
1.642538977085334864e+03
1.640945529481323092e+03
1.639350217136339779e+03
1.637753116363555819e+03
1.636154302182877927e+03
1.634553848342588481e+03
1.632951827340597447e+03
1.631348310445317338e+03
1.629743367716151852e+03
1.628137068023636402e+03
1.626529479069205308e+03
1.624920667404612004e+03
1.623310698451006374e+03
1.621699636517670115e+03
1.620087544820417861e+03
1.618474485499681805e+03
1.616860519638265714e+03
1.615245707278794271e+03
1.613630107440847269e+03
1.612013778137800955e+03
1.610396776393367645e+03
1.608779158257847712e+03
1.607160978824093036e+03
1.605542292243200336e+03
1.603923151739919831e+03
1.602303609627804690e+03
1.600683717324088320e+03
1.599063525364310181e+03
1.597443083416685340e+03
1.595822440296220293e+03
1.594201643978595484e+03
1.592580741613797045e+03
1.590959779539519104e+03
1.589338803294331683e+03
1.587717857630633034e+03
1.586096986527355739e+03
1.584476233202485446e+03
1.582855640125340415e+03
1.581235249028653698e+03
1.579615100920445684e+03
1.577995236095694054e+03
1.576375694147804779e+03
1.574756513979889860e+03
1.573137733815853153e+03
1.571519391211282255e+03
1.569901523064168941e+03
1.568284165625433843e+03
1.566667354509284905e+03
1.565051124703394180e+03
1.563435510578904768e+03
1.561820545900273828e+03
1.560206263834942320e+03
1.558592696962851505e+03
1.556979877285792782e+03
1.555367836236604262e+03
1.553756604688216385e+03
1.552146212962541085e+03
1.550536690839219091e+03
1.548928067564211233e+03
1.547320371858265617e+03
1.545713631925222217e+03
1.544107875460199466e+03
1.542503129657630552e+03
1.540899421219175565e+03
1.539296776361501543e+03
1.537695220823931550e+03
1.536094779875973018e+03
1.534495478324716032e+03
1.532897340522112245e+03
1.531300390372141919e+03
1.529704651337850692e+03
1.528110146448280830e+03
1.526516898305286531e+03
1.524924929090238493e+03
1.523334260570615697e+03
1.521744914106498754e+03
1.520156910656944319e+03
1.518570270786272204e+03
1.516985014670235159e+03
1.515401162102100898e+03
1.513818732498628151e+03
1.512237744905949739e+03
1.510658218005359004e+03
1.509080170119006880e+03
1.507503619215498702e+03
1.505928582915414381e+03
1.504355078496726264e+03
1.502783122900137869e+03
1.501212732734339170e+03
1.499643924281168438e+03
1.498076713500701317e+03
1.496511116036254862e+03
1.494947147219310864e+03
1.493384822074361637e+03
1.491824155323678497e+03
1.490265161392009304e+03
1.488707854411190510e+03
1.487152248224696905e+03
1.485598356392116330e+03
1.484046192193547995e+03
1.482495768633942134e+03
1.480947098447360759e+03
1.479400194101175202e+03
1.477855067800203642e+03
1.476311731490770853e+03
1.474770196864715672e+03
1.473230475363329788e+03
1.471692578181239014e+03
1.470156516270215434e+03
1.468622300342943390e+03
1.467089940876712035e+03
1.465559448117061947e+03
1.464030832081367180e+03
1.462504102562364096e+03
1.460979269131632464e+03
1.459456341143007421e+03
1.457935327735948476e+03
1.456416237838861662e+03
1.454899080172355525e+03
1.453383863252455058e+03
