# d_m
# unit = Mpc
0.000000000000000000e+00
4.398106520101938344e+01
8.775267907636740006e+01
1.313137256769377075e+02
1.746631543098438897e+02
2.177999791986667901e+02
2.607232790750205709e+02
3.034321967042345705e+02
3.459259383480397219e+02
3.882037731671736651e+02
4.302650325668883511e+02
4.721091094883428241e+02
5.137354576489003648e+02
5.551435907343557119e+02
5.963330815461026759e+02
6.373035611062429098e+02
6.780547177236373955e+02
7.185862960238248434e+02
7.588980959457406925e+02
7.989899717080953678e+02
8.388618307482266800e+02
8.785136326361805459e+02
9.179453879667145202e+02
9.571571572318385961e+02
9.961490496764489535e+02
1.034921222139518932e+03
1.073473877883227942e+03
1.111807265412352763e+03
1.149921677286115937e+03
1.187817448924636210e+03
1.225494957412005306e+03
1.262954620297961128e+03
1.300196894399992743e+03
1.337222274607656573e+03
1.374031292690765895e+03
1.410624516113052778e+03
1.447002546852784690e+03
1.483166020231735729e+03
1.519115603753834421e+03
1.554851995954725680e+03
1.590375925263366071e+03
1.625688148876749437e+03
1.660789451648703334e+03
1.695680644993705073e+03
1.730362565806495240e+03
1.764836075398281082e+03
1.799102058450188679e+03
1.833161421984588060e+03
1.867015094354828989e+03
1.900664024253875596e+03
1.934109179742269134e+03
1.967351547295763112e+03
2.000392130872968210e+03
2.033231951003241420e+03
2.065872043895033585e+03
2.098313460564862908e+03
2.130557265987003575e+03
2.162604538264005441e+03
2.194456367818031140e+03
2.226113856603029944e+03
2.257578117337725416e+03
2.288850272759286327e+03
2.319931454897657204e+03
2.350822804370347512e+03
2.381525469697574863e+03
2.412040606637535348e+03
2.442369377541648646e+03
2.472512950729490967e+03
2.502472499883248474e+03
2.532249203461360139e+03
2.561844244131128107e+03
2.591258808219969978e+03
2.620494085185061977e+03
2.649551267100983296e+03
2.678431548165136064e+03
2.707136124220524835e+03
2.735666192295629571e+03
2.764022950160979235e+03
2.792207595902109006e+03
2.820221327508537797e+03
2.848065342478419097e+03
2.875740837438504514e+03
2.903249007779066233e+03
2.930591047303412779e+03
2.957768147891658373e+03
2.984781499178369813e+03
3.011632288243747553e+03
3.038321699317982620e+03
3.064850913498437421e+03
3.091221108479312534e+03
3.117433458293436615e+03
3.143489133065861097e+03
3.169389298778893590e+03
3.195135117048274878e+03
3.220727744910135698e+03
3.246168334618435438e+03
3.271458033452541713e+03
3.296597983534669311e+03
3.321589321656846096e+03
3.346433179117104373e+03
3.371130681564624865e+03
3.395682948853516791e+03
3.420091094904969850e+03
3.444356227577487061e+03
3.468479448544932893e+03
3.492461853182139293e+03
3.516304530457786768e+03
3.540008562834330860e+03
3.563575026174713457e+03
3.587004989655627469e+03
3.610299515687093390e+03
3.633459659838098560e+03
3.656486470768133131e+03
3.679380990164339437e+03
3.702144252684108778e+03
3.724777285902894164e+03
3.747281110267050735e+03
3.769656739051526984e+03
3.791905178322165739e+03
3.814027426902499883e+03
3.836024476344798131e+03
3.857897310905258564e+03
3.879646907523106165e+03
3.901274235803500687e+03
3.922780258004053849e+03
3.944165929024816705e+03
3.965432196401598048e+03
3.986580000302468761e+03
4.007610273527283425e+03
4.028523941510140958e+03
4.049321922324608295e+03
4.070005126691602072e+03
4.090574457989800976e+03
4.111030812268472800e+03
4.131375078262624811e+03
4.151608137410314157e+03
4.171730863872066038e+03
4.191744124552290486e+03
4.211648779122564520e+03
4.231445680046718735e+03
4.251135672607632841e+03
4.270719594935628265e+03
4.290198278038409626e+03
4.309572545832446849e+03
4.328843215175713340e+03
4.348011095901732915e+03
4.367076990854842734e+03
4.386041695926596731e+03
4.404906000093261355e+03
4.423670685454313571e+03
4.442336527271908380e+03
4.460904294011216734e+03
4.479374747381630186e+03
4.497748642378694058e+03
4.516026727326830951e+03
4.534209743922669986e+03
4.552298427279054522e+03
4.570293505969586477e+03
4.588195702073729990e+03
4.606005731222380746e+03
4.623724302643896408e+03
4.641352119210516321e+03
4.658889877485161378e+03
4.676338267768554033e+03
4.693697974146638444e+03
4.710969674538245272e+03
4.728154040742998404e+03
4.745251738489427225e+03
4.762263427483217129e+03
4.779189761455610096e+03
4.796031388211930789e+03
4.812788949680177211e+03
4.829463081959681404e+03
4.846054415369807430e+03
4.862563574498657545e+03
4.878991178251762904e+03
4.895337839900784275e+03
4.911604167132107250e+03
4.927790762095421996e+03
4.943898221452184771e+03
4.959927136423998490e+03
4.975878092840873251e+03
4.991751671189345871e+03
5.007548446660454829e+03
5.023268989197572409e+03
5.038913863544034939e+03
5.054483629290617500e+03
5.069978840922775817e+03
5.085400047867731701e+03
5.100747794541282929e+03
5.116022620394421210e+03
5.131225059959710961e+03
5.146355642897403413e+03
5.161414894041320622e+03
5.176403333444446616e+03
5.191321476424293905e+03
5.206169833607941655e+03
5.220948910976840125e+03
5.235659209911303151e+03
5.250301227234695034e+03
5.264875455257357316e+03
5.279382381820196315e+03
5.293822490337985982e+03
5.308196259842344261e+03
5.322504165024414760e+03
5.336746676277203733e+03
5.350924259737616012e+03
5.365037377328172624e+03
5.379086486798373699e+03
5.393072041765763970e+03
5.406994491756649950e+03
5.420854282246492403e+03
5.434651854699956857e+03
5.448387646610650336e+03
5.462062091540497931e+03
5.475675619158781956e+03
5.489228655280890052e+03
5.502721621906650398e+03
5.516154937258404061e+03
5.529529015818678999e+03
5.542844268367571203e+03
5.556101102019760219e+03
5.569299920261200896e+03
5.582441122985467700e+03
5.595525106529782533e+03
5.608552263710678744e+03
5.621522983859356827e+03
5.634437652856687237e+03
5.647296653167901241e+03
5.660100360839229324e+03
5.672849157579237726e+03
5.685543412873797934e+03
5.698183495865655459e+03
5.710769772450358687e+03
5.723302605308967941e+03
5.735782353940442590e+03
5.748209374693702557e+03
5.760584020799391510e+03
5.772906642401286263e+03
5.785177586587436053e+03
5.797397197420946213e+03
5.809565815970485346e+03
5.821683780340439625e+03
5.833751425700820619e+03
5.845769084316810222e+03
5.857737085578039114e+03
5.869655756027540519e+03
5.881525419390434763e+03
5.893346396602275490e+03
5.905119005837143050e+03
5.916843562535426827e+03
5.928520379431317451e+03
5.940149766580015239e+03
5.951732031384643960e+03
5.963267478622907220e+03
5.974756410473441065e+03
5.986199126541895566e+03
5.997595923886743549e+03
6.008947097044815564e+03
6.020252938056568382e+03
6.031513736491070631e+03
6.042729779470742869e+03
6.053901351695826634e+03
6.065028735468577906e+03
6.076112210717233211e+03
6.087152055019687396e+03
6.098148543626943137e+03
6.109101949486292142e+03
6.120012543264254418e+03
6.130880593369284725e+03
6.141706365974202527e+03
6.152490125038407314e+03
6.163232132329854721e+03
6.173932647446779811e+03
6.184591927839202981e+03
6.195210228830189408e+03
6.205787803636882018e+03
6.216324903391322550e+03
6.226821777161031605e+03
6.237278671969359493e+03
6.247695832815645190e+03
6.258073502695126081e+03
6.268411922618653989e+03
6.278711331632181100e+03
6.288971966836053980e+03
6.299194063404080225e+03
6.309377854602391380e+03
6.319523571808112138e+03
6.329631444527831263e+03
6.339701700415830601e+03
6.349734565292182197e+03
6.359730263160592585e+03
6.369689016226078820e+03
6.379611044912455327e+03
6.389496567879619761e+03
6.399345802040650597e+03
6.409158962578740102e+03
6.418936262963915397e+03
6.428677914969601261e+03
6.438384128688981036e+03
6.448055112551203820e+03
6.457691073337404305e+03
6.467292216196547088e+03
6.476858744661095443e+03
6.486390860662529121e+03
6.495888764546676612e+03
6.505352655088888241e+03
6.514782729509040109e+03
6.524179183486385227e+03
6.533542211174242766e+03
6.542872005214502678e+03
6.552168756752026638e+03
6.561432655448844343e+03
6.570663889498213393e+03
6.579862645638533650e+03
6.589029109167127899e+03
6.598163463953799692e+03
6.607265892454363893e+03
6.616336575723922579e+03
6.625375693430058163e+03
6.634383423865871919e+03
6.643359943962871512e+03
6.652305429303737583e+03
6.661220054134934799e+03
6.670103991379217405e+03
6.678957412647949241e+03
6.687780488253359181e+03
6.696573387220601944e+03
6.705336277299739777e+03
6.714069324977561337e+03
6.722772695489291436e+03
6.731446552830180735e+03
6.740091059766950821e+03
6.748706377849147430e+03
6.757292667420340877e+03
6.765850087629228256e+03
6.774378796440622864e+03
6.782878950646304475e+03
6.791350705875779568e+03
6.799794216606887858e+03
6.808209636176369713e+03
6.816597116790229848e+03
6.824956809534081913e+03
6.833288864383303007e+03
6.841593430213139072e+03
6.849870654808682048e+03
6.858120684874734252e+03
6.866343666045600003e+03
6.874539742894728079e+03
6.882709058944284152e+03
6.890851756674638636e+03
6.898967977533706289e+03
6.907057861946228513e+03
6.915121549322948340e+03
6.923159178069682639e+03
6.931170885596302469e+03
6.939156808325635211e+03
6.947117081702235737e+03
6.955051840201126652e+03
6.962961217336379377e+03
6.970845345669663402e+03
6.978704356818674569e+03
6.986538381465487873e+03
6.994347549364812039e+03
7.002131989352193159e+03
7.009891829352069180e+03
7.017627196385831667e+03
7.025338216579711116e+03
7.033025015172644999e+03
7.040687716524050302e+03
7.048326444121491477e+03
7.055941320588302915e+03
7.063532467691124111e+03
7.071100006347341150e+03
7.078644056632474530e+03
7.086164737787472404e+03
7.093662168225963796e+03
7.101136465541378129e+03
7.108587746514052014e+03
7.116016127118236909e+03
7.123421722529031285e+03
7.130804647129262776e+03
7.138165014516279371e+03
7.145502937508676041e+03
7.152818528152984982e+03
7.160111897730238525e+03
7.167383156762517501e+03
7.174632415019415930e+03
7.181859781524446589e+03
7.189065364561354727e+03
7.196249271680422680e+03
7.203411609704656257e+03
7.210552484735944745e+03
7.217672002161139972e+03
7.224770266658078071e+03
7.231847382201581240e+03
7.238903452069316700e+03
7.245938578847664758e+03
7.252952864437531389e+03
7.259946410060054404e+03
7.266919316262275061e+03
