# h
# unit = 1.0/Mpc
2.268324531591370318e-04
2.279122751072155549e-04
2.290084511236321571e-04
2.301209589098307973e-04
2.312497731350578135e-04
2.323948655267258094e-04
2.335562049612259136e-04
2.347337575550287347e-04
2.359274867559200549e-04
2.371373534342206141e-04
2.383633159738476534e-04
2.396053303630795784e-04
2.408633502848921441e-04
2.421373272067408851e-04
2.434272104696691983e-04
2.447329473766306500e-04
2.460544832799177657e-04
2.473917616675974456e-04
2.487447242488600649e-04
2.501133110381938401e-04
2.514974604383047739e-04
2.528971093217068263e-04
2.543121931109148192e-04
2.557426458571768679e-04
2.571884003176913677e-04
2.586493880312570924e-04
2.601255393923122762e-04
2.616167837233230524e-04
2.631230493454879632e-04
2.646442636477289428e-04
2.661803531539454074e-04
2.677312435885122101e-04
2.692968599400068761e-04
2.708771265231550056e-04
2.724719670389891290e-04
2.740813046332164597e-04
2.757050619527985267e-04
2.773431612007465894e-04
2.789955241891402087e-04
2.806620723903812233e-04
2.823427269866945187e-04
2.840374089178942336e-04
2.857460389274325374e-04
2.874685376067524431e-04
2.892048254379663962e-04
2.909548228348875264e-04
2.927184501824374690e-04
2.944956278744603013e-04
2.962862763499711613e-04
2.980903161278696911e-04
2.999076678401503418e-04
3.017382522636410372e-04
3.035819903503041844e-04
3.054388032561328853e-04
3.073086123686769315e-04
3.091913393332333887e-04
3.110869060777362465e-04
3.129952348363806416e-04
3.149162481720166199e-04
3.168498689973478369e-04
3.187960205949704330e-04
3.207546266362863979e-04
3.227256111993283424e-04
3.247088987855269019e-04
3.267044143354591525e-04
3.287120832436080174e-04
3.307318313721690399e-04
3.327635850639354214e-04
3.348072711542967239e-04
3.368628169823788309e-04
3.389301504013618655e-04
3.410091997880011663e-04
3.430998940513879658e-04
3.452021626409728663e-04
3.473159355538861558e-04
3.494411433415802273e-04
3.515777171158225600e-04
3.537255885540678871e-04
3.558846899042311250e-04
3.580549539888931558e-04
3.602363142089575702e-04
3.624287045467886200e-04
3.646320595688477264e-04
3.668463144278574393e-04
3.690714048645097603e-04
3.713072672087440918e-04
3.735538383806110752e-04
3.758110558907485016e-04
3.780788578404821964e-04
3.803571829215751893e-04
3.826459704156414321e-04
3.849451601932408150e-04
3.872546927126743472e-04
3.895745090184944085e-04
3.919045507397446557e-04
3.942447600879482855e-04
3.965950798548535444e-04
3.989554534099576822e-04
4.013258246978146067e-04
4.037061382351464609e-04
4.060963391077659522e-04
4.084963729673261315e-04
4.109061860279039635e-04
4.133257250624329223e-04
4.157549373989923090e-04
4.181937709169660866e-04
4.206421740430769224e-04
4.231000957473081241e-04
4.255674855387208419e-04
4.280442934611752110e-04
4.305304700889633473e-04
4.330259665223605949e-04
4.355307343831055417e-04
4.380447258098129769e-04
4.405678934533269458e-04
4.431001904720211675e-04
4.456415705270513677e-04
4.481919877775682008e-04
4.507513968758917913e-04
4.533197529626569475e-04
4.558970116619321918e-04
4.584831290763171068e-04
4.610780617820245571e-04
4.636817668239483822e-04
4.662942017107234464e-04
4.689153244097813518e-04
4.715450933424044700e-04
4.741834673787818726e-04
4.768304058330716569e-04
4.794858684584693445e-04
4.821498154422912408e-04
4.848222074010680410e-04
4.875030053756557289e-04
4.901921708263672376e-04
4.928896656281215672e-04
4.955954520656192467e-04
4.983094928285401867e-04
5.010317510067691235e-04
5.037621900856502832e-04
5.065007739412708855e-04
5.092474668357759807e-04
5.120022334127172225e-04
5.147650386924344920e-04
5.175358480674738422e-04
5.203146272980402462e-04
5.231013425074892672e-04
5.258959601778547249e-04
5.286984471454183199e-04
5.315087705963162301e-04
5.343268980621870140e-04
5.371527974158602815e-04
5.399864368670890570e-04
5.428277849583196561e-04
5.456768105605084001e-04
5.485334828689784458e-04
5.513977713993209592e-04
5.542696459833397656e-04
5.571490767650378500e-04
5.600360341966491773e-04
5.629304890347157234e-04
5.658324123362049474e-04
5.687417754546738842e-04
5.716585500364769305e-04
5.745827080170174328e-04
5.775142216170430767e-04
5.804530633389854040e-04
5.833992059633436728e-04
5.863526225451115440e-04
5.893132864102478951e-04
5.922811711521916520e-04
5.952562506284180379e-04
5.982384989570390570e-04
6.012278905134478893e-04
6.042243999270039420e-04
6.072280020777589930e-04
6.102386720932298459e-04
6.132563853452081739e-04
6.162811174466148153e-04
6.193128442483915828e-04
6.223515418364387181e-04
6.253971865285880153e-04
6.284497548716190974e-04
6.315092236383142892e-04
6.345755698245519796e-04
6.376487706464410753e-04
6.407288035374921007e-04
6.438156461458270034e-04
6.469092763314275574e-04
6.500096721634203044e-04
6.531168119173987908e-04
6.562306740727822350e-04
6.593512373102113815e-04
6.624784805089791589e-04
6.656123827444964660e-04
6.687529232857941696e-04
6.719000815930592551e-04
6.750538373152046960e-04
6.782141702874733670e-04
6.813810605290757843e-04
6.845544882408605885e-04
6.877344338030163618e-04
6.909208777728088977e-04
6.941138008823448174e-04
6.973131840363737833e-04
7.005190083101139149e-04
7.037312549471142842e-04
7.069499053571422394e-04
7.101749411141055311e-04
7.134063439539994845e-04
7.166440957728855039e-04
7.198881786248979842e-04
7.231385747202782183e-04
7.263952664234373620e-04
7.296582362510457441e-04
7.329274668701515590e-04
7.362029410963218936e-04
7.394846418918151962e-04
7.427725523637752122e-04
7.460666557624537603e-04
7.493669354794563848e-04
7.526733750460155468e-04
7.559859581312841983e-04
7.593046685406576544e-04
7.626294902141173655e-04
7.659604072245986515e-04
7.692974037763795772e-04
7.726404642034968243e-04
7.759895729681793447e-04
7.793447146593081428e-04
7.827058739908943812e-04
7.860730358005818801e-04
7.894461850481690251e-04
7.928253068141519243e-04
7.962103862982896837e-04
7.996014088181857288e-04
8.029983598078953635e-04
8.064012248165466652e-04
8.098099895069851232e-04
8.132246396544353002e-04
8.166451611451825505e-04
8.200715399752717604e-04
8.235037622492254964e-04
8.269418141787791745e-04
8.303856820816358543e-04
8.338353523802355611e-04
8.372908116005449907e-04
8.407520463708612014e-04
8.442190434206327601e-04
8.476917895793002972e-04
8.511702717751480109e-04
8.546544770341754464e-04
8.581443924789826112e-04
8.616400053276717860e-04
8.651413028927635402e-04
8.686482725801278164e-04
8.721609018879319291e-04
8.756791784055986466e-04
8.792030898127844388e-04
8.827326238783655315e-04
8.862677684594428250e-04
8.898085115003587404e-04
8.933548410317262078e-04
8.969067451694737007e-04
9.004642121139000291e-04
9.040272301487450694e-04
9.075957876402716623e-04
9.111698730363595447e-04
9.147494748656128348e-04
9.183345817364790093e-04
9.219251823363791565e-04
9.255212654308518899e-04
9.291228198627051772e-04
9.327298345511850827e-04
9.363422984911499297e-04
9.399602007522604025e-04
9.435835304781753927e-04
9.472122768857651944e-04
9.508464292643278425e-04
9.544859769748231240e-04
9.581309094491092995e-04
9.617812161891985817e-04
9.654368867665128308e-04
9.690979108211586566e-04
9.727642780612042557e-04
9.764359782619704518e-04
9.801130012653306266e-04
9.837953369790162876e-04
9.874829753759378163e-04
9.911759064935073832e-04
9.948741204329767177e-04
9.985776073587792137e-04
1.002286357497883095e-03
1.006000361139151519e-03
1.009719608632712005e-03
1.013444090389333668e-03
1.017173796879812693e-03
1.020908718634363664e-03
1.024648846242024770e-03
1.028394170350062364e-03
1.032144681663387659e-03
1.035900370943984052e-03
1.039661229010334018e-03
1.043427246736860310e-03
1.047198415053370848e-03
1.050974724944509680e-03
1.054756167449219214e-03
1.058542733660204410e-03
1.062334414723407807e-03
1.066131201837486938e-03
1.069933086253303019e-03
1.073740059273412895e-03
1.077552112251566833e-03
1.081369236592216298e-03
1.085191423750023025e-03
1.089018665229378935e-03
1.092850952583927998e-03
1.096688277416096782e-03
1.100530631376629319e-03
1.104378006164129363e-03
1.108230393524605242e-03
1.112087785251023812e-03
1.115950173182867020e-03
1.119817549205696927e-03
1.123689905250721587e-03
1.127567233294372211e-03
1.131449525357878811e-03
1.135336773506858419e-03
1.139228969850899619e-03
1.143126106543160313e-03
1.147028175779964826e-03
1.150935169800409259e-03
1.154847080885967924e-03
1.158763901360109752e-03
1.162685623587914052e-03
1.166612239975693428e-03
1.170543742970620374e-03
1.174480125060361254e-03
1.178421378772709404e-03
1.182367496675224092e-03
1.186318471374880760e-03
1.190274295517712577e-03
1.194234961788468059e-03
1.198200462910266068e-03
1.202170791644256460e-03
1.206145940789285715e-03
1.210125903181565174e-03
1.214110671694342090e-03
1.218100239237579355e-03
1.222094598757632626e-03
1.226093743236935469e-03
1.230097665693686247e-03
1.234106359181540201e-03
1.238119816789301974e-03
1.242138031640626370e-03
1.246160996893716727e-03
1.250188705741033706e-03
1.254221151408999512e-03
1.258258327157712759e-03
1.262300226280662014e-03
1.266346842104443260e-03
1.270398167988482556e-03
1.274454197324758698e-03
1.278514923537533684e-03
1.282580340083079497e-03
1.286650440449414647e-03
1.290725218156038752e-03
1.294804666753673200e-03
1.298888779824004195e-03
1.302977550979426014e-03
1.307070973862789909e-03
1.311169042147155824e-03
1.315271749535544326e-03
1.319379089760694401e-03
1.323491056584821454e-03
1.327607643799378354e-03
1.331728845224821895e-03
1.335854654710376876e-03
1.339985066133807549e-03
1.344120073401187552e-03
1.348259670446674396e-03
1.352403851232288285e-03
1.356552609747688340e-03
1.360705940009955539e-03
1.364863836063376964e-03
1.369026291979229823e-03
1.373193301855572855e-03
1.377364859817034473e-03
1.381540960014606984e-03
1.385721596625438855e-03
1.389906763852637389e-03
1.394096455925062728e-03
1.398290667097132258e-03
1.402489391648623291e-03
1.406692623884477468e-03
1.410900358134611898e-03
1.415112588753725514e-03
1.419329310121109772e-03
1.423550516640468026e-03
1.427776202739722972e-03
1.432006362870839921e-03
1.436240991509645740e-03
