# k_h
1.042909025272820145e-05
1.152139884652569890e-05
1.272811368835391477e-05
1.406121464242460206e-05
1.553394213260617107e-05
1.716091719572432339e-05
1.895829518616665155e-05
2.094392584695015103e-05
2.313752520421985537e-05
2.556087565608322620e-05
2.823803879437036812e-05
3.119560278719291091e-05
3.446292612352408469e-05
3.807246321230195463e-05
4.206005178275518119e-05
4.646528395824134350e-05
5.133191007189452648e-05
5.670824975823052227e-05
6.264769035624340177e-05
6.920920714037492871e-05
7.645795267308130860e-05
8.446591527899727225e-05
9.331259934697300196e-05
1.030858620651997626e-04
1.138827428803779185e-04
1.258104603039100766e-04
1.389874378219246864e-04
1.535445335321128368e-04
1.696262916084378958e-04
1.873924047686159611e-04
2.070192858809605241e-04
2.287018141942098737e-04
2.526552998460829258e-04
2.791176084429025650e-04
3.083515039179474115e-04
3.406472387723624706e-04
3.763255372177809477e-04
4.157406510785222054e-04
4.592839977703988552e-04
5.073879146948456764e-04
5.605301121249794960e-04
6.192382425069808960e-04
6.840952555648982525e-04
7.557451608590781689e-04
8.348994888365268707e-04
9.223441593348979950e-04
1.018947572447359562e-03
1.125668757595121861e-03
1.243567792698740959e-03
1.373815000988543034e-03
1.517703989520668983e-03
1.676663407124578953e-03
1.852271729148924351e-03
2.046272624284029007e-03
2.260592766106128693e-03
2.497359877452254295e-03
2.758925314992666245e-03
3.047886304557323456e-03
3.367112018167972565e-03
3.719772677868604660e-03
4.109369590878486633e-03
4.539771936833858490e-03
5.015252623707056046e-03
5.540534388273954391e-03
6.120832171291112900e-03
6.761908065527677536e-03
7.470128592103719711e-03
8.252525702118873596e-03
9.116868488490581512e-03
1.007174048572778702e-02
1.112662255764007568e-02
1.229198835790157318e-02
1.357941236346960068e-02
1.500167604535818100e-02
1.657290384173393250e-02
1.830869540572166443e-02
2.022628858685493469e-02
2.234472520649433136e-02
2.468504011631011963e-02
2.727047167718410492e-02
3.012669272720813751e-02
3.328206762671470642e-02
3.676792234182357788e-02
4.044471681118011475e-02
4.412150755524635315e-02
4.779830202460289001e-02
5.147509276866912842e-02
5.515188723802566528e-02
5.882867798209190369e-02
6.250546872615814209e-02
6.618226319551467896e-02
6.985905766487121582e-02
7.353584468364715576e-02
7.721263915300369263e-02
8.268440514802932739e-02
8.815617114305496216e-02
9.362793713808059692e-02
9.909970313310623169e-02
1.045714691281318665e-01
1.100432276725769043e-01
1.155149936676025391e-01
1.209867596626281738e-01
1.264585256576538086e-01
1.319302916526794434e-01
1.374020576477050781e-01
1.428738236427307129e-01
1.483455896377563477e-01
1.538173556327819824e-01
1.592891216278076172e-01
1.647608876228332520e-01
1.702326536178588867e-01
1.757044196128845215e-01
1.811761707067489624e-01
1.866479367017745972e-01
1.921197026968002319e-01
1.975914686918258667e-01
2.030632346868515015e-01
2.085350006818771362e-01
2.140067666769027710e-01
2.194785326719284058e-01
2.249502986669540405e-01
2.304220646619796753e-01
2.358938306570053101e-01
2.413655966520309448e-01
2.468373626470565796e-01
2.523091137409210205e-01
2.577808797359466553e-01
2.632526457309722900e-01
2.687244117259979248e-01
2.741961777210235596e-01
2.796679437160491943e-01
2.851397097110748291e-01
2.906114757061004639e-01
2.960832417011260986e-01
3.015550076961517334e-01
3.070267736911773682e-01
3.124985396862030029e-01
3.179703056812286377e-01
3.234420716762542725e-01
3.289138376712799072e-01
3.343856036663055420e-01
3.398573696613311768e-01
3.453291356563568115e-01
3.508009016513824463e-01
3.562726676464080811e-01
3.617444336414337158e-01
3.672161996364593506e-01
3.726879656314849854e-01
3.781597316265106201e-01
3.836314976215362549e-01
3.891032636165618896e-01
3.945750296115875244e-01
4.000467956066131592e-01
4.055185616016387939e-01
4.109902977943420410e-01
4.164620637893676758e-01
4.219338297843933105e-01
4.274055957794189453e-01
4.328773617744445801e-01
4.383491277694702148e-01
4.438208937644958496e-01
4.492926597595214844e-01
4.547644257545471191e-01
4.602361917495727539e-01
4.657079577445983887e-01
4.711797237396240234e-01
4.766514897346496582e-01
4.821232557296752930e-01
4.875950217247009277e-01
4.930667877197265625e-01
4.985385537147521973e-01
5.040103197097778320e-01
5.094820857048034668e-01
5.149538516998291016e-01
5.204256176948547363e-01
5.258973836898803711e-01
5.313691496849060059e-01
5.368409156799316406e-01
5.423126816749572754e-01
7.381779551506042480e-01
1.030210375785827637e+00
1.437774300575256348e+00
2.006575822830200195e+00
2.800401926040649414e+00
3.908275842666625977e+00
5.454438209533691406e+00
7.612281799316406250e+00
1.062379550933837891e+01
1.482670116424560547e+01
2.069232749938964844e+01
2.887846946716308594e+01
4.030315017700195312e+01
5.624757766723632812e+01
