# d_l
# unit = Mpc
0.000000000000000000e+00
7.550833208670418628e+01
1.521455479260693266e+02
2.298989465759059954e+02
3.087558691369456483e+02
3.887037037000266082e+02
4.697298901304128549e+02
5.518219246862981890e+02
6.349673644691233676e+02
7.191538317037600336e+02
8.043690178471766785e+02
8.906006875245732317e+02
9.778366822924900816e+02
1.066064924228796372e+03
1.155273419349856340e+03
1.245450260855560600e+03
1.336583632203339675e+03
1.428661810012479691e+03
1.521673166800558647e+03
1.615606173553975623e+03
1.710449402134906222e+03
1.806191527527265862e+03
1.902821329924460088e+03
2.000327696661977143e+03
2.098699623998021707e+03
2.197926218745601545e+03
2.297996699759609328e+03
2.398900399282596027e+03
2.500626764153053500e+03
2.603165356880111631e+03
2.706505856588632923e+03
2.810638059838811387e+03
2.915551881324357510e+03
3.021237354453446187e+03
3.127684631816619458e+03
3.234883985545811811e+03
3.342825807568745859e+03
3.451500609762833392e+03
3.560899024012771406e+03
3.671011802175995399e+03
3.781829815960003998e+03
3.893344056715705392e+03
4.005545635150669568e+03
4.118425780966318598e+03
4.231975842422803908e+03
4.346187285835440889e+03
4.461051695006362024e+03
4.576560770595019676e+03
4.692706329431069207e+03
4.809480303773075320e+03
4.926874740516384009e+03
5.044881800353437939e+03
5.163493756889661199e+03
5.282702995717997510e+03
5.402502013455043198e+03
5.522883416741645306e+03
5.643839921210732427e+03
5.765364350425019438e+03
5.887449634787162722e+03
6.010088810424815165e+03
6.133275018052981068e+03
6.257001501815862866e+03
6.381261608110486122e+03
6.506048784394047289e+03
6.631356577977120651e+03
6.757178634804454305e+03
6.883508698225337866e+03
7.010340607755107158e+03
7.137668297829538460e+03
7.265485796553622095e+03
7.393787224446191431e+03
7.522566793181872526e+03
7.651818804331593128e+03
7.781537648102927051e+03
7.911717802081486298e+03
8.042353829974400469e+03
8.173440380357035792e+03
8.304972185423817791e+03
8.436944059744097103e+03
8.569350899024060709e+03
8.702187678875252459e+03
8.835449453590650592e+03
8.969131354928902510e+03
9.103228590907405305e+03
9.237736444604759527e+03
9.372650272973296524e+03
9.507965505661948555e+03
9.643677643850229288e+03
9.779782259093450193e+03
9.916274992179829496e+03
1.005315155199960464e+04
1.019040771442667392e+04
1.032803932121289290e+04
1.046604227889541289e+04
1.060441255771714168e+04
1.074314619056069205e+04
1.088223927189580718e+04
1.102168795674057947e+04
1.116148845963643362e+04
1.130163705363712506e+04
1.144213006931166638e+04
1.158296389376139086e+04
1.172413496965110062e+04
1.186563979425435355e+04
1.200747491851289305e+04
1.214963694611022402e+04
1.229212253255928408e+04
1.243492838430420670e+04
1.257805125783606127e+04
1.272148795882265404e+04
1.286523534125214610e+04
1.300929030659047930e+04
1.315364980295258465e+04
1.329831082428718400e+04
1.344327040957512145e+04
1.358852564204104419e+04
1.373407364837845125e+04
1.387991159798787521e+04
1.402603670222804794e+04
1.417244621367999935e+04
1.431913742542387990e+04
1.446610767032840158e+04
1.461335432035273698e+04
1.476087478586072393e+04
1.490866651494715188e+04
1.505672699277611719e+04
1.520505374093123828e+04
1.535364431677738867e+04
1.550249631283409690e+04
1.565160735616018792e+04
1.580097510774968214e+04
1.595059726193861570e+04
1.610047154582277471e+04
1.625059571868613239e+04
1.640096757143969080e+04
1.655158492607081280e+04
1.670244563510261651e+04
1.685354758106346708e+04
1.700488867596633281e+04
1.715646686079772553e+04
1.730828010501629979e+04
1.746032640606074710e+04
1.761260378886691979e+04
1.776511030539400599e+04
1.791784403415961060e+04
1.807080307978347264e+04
1.822398557253995386e+04
1.837738966791876010e+04
1.853101354619406629e+04
1.868485541200171428e+04
1.883891349392439588e+04
1.899318604408468309e+04
1.914767133774577087e+04
1.930236767291964134e+04
1.945727336998283135e+04
1.961238677129932694e+04
1.976770624085060263e+04
1.992323016387271855e+04
2.007895694650021687e+04
2.023488501541679943e+04
2.039101281751260467e+04
2.054733881954788376e+04
2.070386150782318509e+04
2.086057938785562146e+04
2.101749098406134726e+04
2.117459483944395470e+04
2.133188951528878533e+04
2.148937359086303331e+04
2.164704566312145471e+04
2.180490434641758839e+04
2.196294827222046661e+04
2.212117608883661887e+04
2.227958646113732902e+04
2.243817807029092364e+04
2.259694961350016820e+04
2.275589980374450533e+04
2.291502736952716441e+04
2.307433105462700769e+04
2.323380961785489490e+04
2.339346183281470439e+04
2.355328648766870538e+04
2.371328238490744116e+04
2.387344834112366516e+04
2.403378318679059885e+04
2.419428576604436603e+04
2.435495493647016337e+04
2.451578956889275287e+04
2.467678854717046488e+04
2.483795076799325034e+04
2.499927514068426535e+04
2.516076058700514113e+04
2.532240604096489551e+04
2.548421044863224233e+04
2.564617276795128419e+04
2.580829196856073395e+04
2.597056703161624682e+04
2.613299694961598652e+04
2.629558072622950567e+04
2.645831737612956931e+04
2.662120592482696884e+04
2.678424540850847188e+04
2.694743487387762070e+04
2.711077337799830275e+04
2.727425998814119521e+04
2.743789378163289803e+04
2.760167384570792274e+04
2.776559927736298778e+04
2.792966918321423509e+04
2.809388267935681506e+04
2.825823889122687251e+04
2.842273695346615568e+04
2.858737600978886985e+04
2.875215521285096111e+04
2.891707372412149562e+04
2.908213071375664003e+04
2.924732536047538451e+04
2.941265685143789960e+04
2.957812438212561028e+04
2.974372715622359829e+04
2.990946438550485618e+04
3.007533528971676424e+04
3.024133909646922621e+04
3.040747504112503157e+04
3.057374236669181482e+04
3.074014032371606299e+04
3.090666817017882568e+04
3.107332517139325500e+04
3.124011059990379727e+04
3.140702373538717802e+04
3.157406384784856346e+04
3.174123026373022003e+04
3.190852226742322091e+04
3.207593916617530340e+04
3.224348027389571871e+04
3.241114491106563946e+04
3.257893240465018607e+04
3.274684208801192290e+04
3.291487330082566041e+04
3.308302538899479987e+04
3.325129770456899132e+04
3.341968960566313035e+04
3.358820045637775183e+04
3.375682962672058784e+04
3.392557649252961710e+04
3.409444043539706763e+04
3.426342084259499825e+04
3.443251710700173135e+04
3.460172862702981365e+04
3.477105480655482825e+04
3.494049505484554538e+04
3.511004878649517195e+04
3.527971542135356140e+04
3.544949438446066051e+04
3.561938510598100402e+04
3.578938702113899490e+04
3.595949957015569089e+04
3.612972219818599115e+04
3.630005435525737994e+04
3.647049549620925973e+04
3.664104508063323738e+04
3.681170257281463273e+04
3.698246744167458382e+04
3.715333916071319982e+04
3.732431720795352885e+04
3.749540106588654453e+04
3.766659022141669266e+04
3.783788416580855119e+04
3.800928239463415230e+04
3.818078440772117028e+04
3.835238970910182252e+04
3.852409780696268717e+04
3.869590821359508118e+04
3.886782044534641318e+04
3.903983402257199486e+04
3.921194846958792914e+04
3.938416331462436938e+04
3.955647808977959357e+04
3.972889233097487886e+04
3.990140557790993626e+04
4.007401737401890568e+04
4.024672726642726047e+04
4.041953480590905383e+04
4.059243954684502387e+04
4.076544104718128074e+04
4.093853886838835751e+04
4.111173257542120700e+04
4.128502173667951865e+04
4.145840592396884313e+04
4.163188471246185509e+04
4.180545768066080200e+04
4.197912441035989468e+04
4.215288448660859285e+04
4.232673749767534900e+04
4.250068303501171613e+04
4.267472069321721210e+04
4.284885007000445330e+04
4.302307076616491395e+04
4.319738238553509291e+04
4.337178453496334987e+04
4.354627682427685068e+04
4.372085886624927662e+04
4.389553027656884660e+04
4.407029067380695051e+04
4.424513967938689166e+04
4.442007691755334235e+04
4.459510201534218504e+04
4.477021460255067359e+04
4.494541431170805299e+04
4.512070077804653556e+04
4.529607363947279373e+04
4.547153253653973661e+04
4.564707711241860670e+04
4.582270701287175325e+04
4.599842188622523099e+04
4.617422138334241026e+04
4.635010515759749251e+04
4.652607286484949145e+04
4.670212416341668722e+04
4.687825871405116777e+04
4.705447617991400330e+04
4.723077622655058076e+04
4.740715852186612756e+04
4.758362273610200646e+04
4.776016854181171220e+04
4.793679561383782857e+04
4.811350362928867253e+04
4.829029226751570241e+04
4.846716121009102062e+04
4.864411014078516746e+04
4.882113874554524955e+04
4.899824671247330843e+04
4.917543373180498020e+04
4.935269949588851159e+04
4.953004369916388532e+04
4.970746603814235277e+04
4.988496621138617775e+04
5.006254391948852572e+04
5.024019886505386967e+04
5.041793075267830864e+04
5.059573928893051925e+04
5.077362418233248900e+04
5.095158514334101346e+04
5.112962188432889525e+04
5.130773411956676864e+04
5.148592156520506251e+04
5.166418393925594137e+04
5.184252096157588676e+04
5.202093235384811123e+04
5.219941783956537984e+04
5.237797714401307167e+04
5.255660999425233604e+04
5.273531611910354695e+04
5.291409524912983761e+04
5.309294711662096233e+04
5.327187145557726035e+04
5.345086800169401249e+04
5.362993649234562326e+04
5.380907666657028312e+04
5.398828826505476172e+04
5.416757103011933941e+04
5.434692470570281148e+04
5.452634903734805266e+04
5.470584377218726149e+04
5.488540865892752481e+04
5.506504344783701526e+04
5.524474789073051215e+04
5.542452174095597002e+04
5.560436475338043238e+04
5.578427668437684042e+04
5.596425729181033967e+04
5.614430633502540877e+04
5.632442357483239903e+04
5.650460877349499788e+04
5.668486169471712492e+04
5.686518210363057733e+04
5.704556976678236242e+04
5.722602445212246676e+04
5.740654592899165436e+04
5.758713396810933045e+04
5.776778834156169614e+04
5.794850882278990321e+04
5.812929518657849258e+04
5.831014720904381102e+04
5.849106466762255150e+04
5.867204734106068645e+04
5.885309500940205908e+04
5.903420745397760038e+04
5.921538445739434974e+04
5.939662580352457735e+04
5.957793127749536507e+04
5.975930066567780887e+04
5.994073375567678886e+04
6.012223033632060833e+04
6.030379019765076373e+04
6.048541313091183110e+04
6.066709892854170175e+04
6.084884738416135224e+04
6.103065829256551660e+04
6.121253144971263828e+04
6.139446665271557868e+04
6.157646369983208569e+04
