# d_m
# unit = Mpc
0.000000000000000000e+00
7.476072483832098214e+01
1.491623018883032614e+02
2.232028607533067941e+02
2.968806434009092641e+02
3.701940035238348514e+02
4.431414057834083451e+02
5.157214249404655675e+02
5.879327448788178572e+02
6.597741575263853520e+02
7.312445616792514329e+02
8.023429617338497337e+02
8.730684663325803285e+02
9.434202869281384665e+02
1.013397736271803637e+03
1.083000226830922429e+03
1.152227269140810222e+03
1.221078470096136471e+03
1.289553531186914142e+03
1.357652246684013107e+03
1.425374501779088632e+03
1.492720270683690842e+03
1.559689614692180385e+03
1.626282680212989590e+03
1.692499696772598099e+03
1.758340974996481236e+03
1.823806904571118366e+03
1.888897952191020295e+03
1.953614659494573061e+03
2.017957640992334518e+03
2.081927581991255920e+03
2.145525236518176371e+03
2.208751425245725386e+03
2.271607033423643770e+03
2.334093008818372709e+03
2.396210359663564304e+03
2.457960152624078091e+03
2.519343510775790492e+03
2.580361611603457732e+03
2.641015685018701333e+03
2.701307011400002921e+03
2.761236919656528244e+03
2.820806785317372942e+03
2.880018028647775282e+03
2.938872112793614178e+03
2.997370541955476256e+03
3.055514859593398796e+03
3.113306646663278570e+03
3.170747519885857855e+03
3.227839130049043888e+03
3.284583160344256157e+03
3.340981324737376326e+03
3.397035366374776913e+03
3.452747056024834819e+03
3.508118190555222554e+03
3.563150591446222734e+03
3.617846103340212721e+03
3.672206592627400823e+03
3.726233946067824490e+03
3.779930069449569601e+03
3.833296886283113054e+03
3.886336336531592224e+03
3.939050375376843022e+03
3.991440972020888239e+03
4.043510108522634255e+03
4.095259778669366369e+03
4.146691986882733545e+03
4.197808747158746883e+03
4.248612082041391659e+03
4.299104021629362251e+03
4.349286602615406082e+03
4.399161867357820483e+03
4.448731862983484461e+03
4.497998640521923335e+03
4.546964254069819617e+03
4.595630759985371697e+03
4.644000216111951886e+03
4.692074681030405372e+03
4.739856213339380702e+03
4.787346870963162473e+03
4.834548710486251366e+03
4.881463786514171261e+03
4.928094151059835895e+03
4.974441852954866590e+03
5.020508937285196225e+03
5.066297444850430111e+03
5.111809411646208900e+03
5.157046868369106051e+03
5.202011839943324958e+03
5.246706345068692826e+03
5.291132395789265502e+03
5.335291997082027592e+03
5.379187146465048500e+03
5.422819833624565945e+03
5.466192040060382169e+03
5.509305738749072589e+03
5.552162893824391176e+03
5.594765460274405996e+03
5.637115383654764628e+03
5.679214599817651106e+03
5.721065034655833188e+03
5.762668603861388874e+03
5.804027212698564654e+03
5.845142755790321644e+03
5.886017116918084866e+03
5.926652168834256372e+03
5.967049773087031099e+03
6.007211779857103465e+03
6.047140027805798127e+03
6.086836343934284741e+03
6.126302543453402905e+03
6.165540429663733448e+03
6.204551793845558677e+03
6.243338415158302269e+03
6.281902060549121416e+03
6.320244484670251950e+03
6.358367429804838139e+03
6.396272625800864262e+03
6.433961790012866913e+03
6.471436627251141545e+03
6.508698829738126733e+03
6.545750077071675150e+03
6.582592036194927459e+03
6.619226361372521751e+03
6.655654694172834752e+03
6.691878663456051981e+03
6.727899885367804927e+03
6.763719963338056914e+03
6.799340488085129437e+03
6.834763037624536082e+03
6.869989177282471246e+03
6.905020459713686250e+03
6.939858424923609164e+03
6.974504600294477314e+03
7.008960500615252386e+03
7.043227628115239895e+03
7.077307472501108350e+03
7.111201510997243531e+03
7.144911208389215972e+03
7.178438017070177011e+03
7.211783377090124304e+03
7.244948716207778489e+03
7.277935449945008259e+03
7.310744981643624669e+03
7.343378702524430992e+03
7.375837991748356217e+03
7.408124216479656752e+03
7.440238731950916190e+03
7.472182881529864972e+03
7.503957996787837146e+03
7.535565397569758716e+03
7.567006392065612090e+03
7.598282276883242048e+03
7.629394337122387697e+03
7.660343846449934063e+03
7.691132067176206874e+03
7.721760250332266878e+03
7.752229635748139117e+03
7.782541452131866208e+03
7.812696917149343790e+03
7.842697237504847180e+03
7.872543609022177407e+03
7.902237216726405677e+03
7.931779234926092613e+03
7.961170827295964045e+03
7.990413146959982441e+03
8.019507336574730289e+03
8.048454528413121807e+03
8.077255844448304742e+03
8.105912396437765892e+03
8.134425286007580326e+03
8.162795604736759742e+03
8.191024434241665404e+03
8.219112846260411970e+03
8.247061902737286800e+03
8.274872655907092849e+03
8.302546148379407896e+03
8.330083413222746458e+03
8.357485474048522519e+03
8.384753345094875840e+03
8.411888031310252700e+03
8.438890528436812019e+03
8.465761823093496787e+03
8.492502892858869018e+03
8.519114706353650035e+03
8.545598223322864214e+03
8.571954394717744435e+03
8.598184162777164602e+03
8.624288461108768388e+03
8.650268214769641418e+03
8.676124340346599638e+03
8.701857746036046592e+03
8.727469331723370487e+03
8.752959989061871966e+03
8.778330601551269865e+03
8.803582044615675841e+03
8.828715185681076036e+03
8.853730884252359829e+03
8.878629991989788323e+03
8.903413352784938979e+03
8.928081802836157294e+03
8.952636170723460964e+03
8.977077277482881982e+03
9.001405936680261220e+03
9.025622954484506408e+03
9.049729129740302596e+03
9.073725254040191430e+03
9.097612111796168392e+03
9.121390480310654311e+03
9.145061129846884796e+03
9.168624823698759428e+03
9.192082318260087050e+03
9.215434363093256252e+03
9.238681700997283770e+03
9.261825068075362651e+03
9.284865193801710120e+03
9.307802801087942498e+03
9.330638606348773465e+03
9.353373319567168437e+03
9.376007644358889593e+03
9.398542278036487915e+03
9.420977911672656774e+03
9.443315230163052547e+03
9.465554912288487685e+03
9.487697630776561709e+03
9.509744052362715593e+03
9.531694837850691329e+03
9.553550642172414882e+03
9.575312114447309796e+03
9.596979892963088787e+03
9.618554625372793453e+03
9.640036938798555639e+03
9.661427459691356489e+03
9.682726808977693508e+03
9.703935602115461734e+03
9.725054449149309221e+03
9.746083954765454109e+03
9.767024718345892325e+03
9.787877334022130526e+03
9.808642390728315149e+03
9.829320472253861226e+03
9.849912157295528232e+03
9.870418019508944781e+03
9.890838627559654924e+03
9.911174545173566003e+03
9.931426331186954485e+03
9.951594539595875176e+03
9.971679719605133869e+03
9.991682415676674282e+03
1.001160316757751934e+04
1.003144251042719225e+04
1.005120097474460272e+04
1.007087908649450583e+04
1.009047736713342783e+04
1.010999633365508271e+04
1.012943649863540486e+04
1.014879837027696340e+04
1.016808245245304897e+04
1.018728924475118947e+04
1.020641924251622186e+04
1.022547293689295293e+04
1.024445081486830532e+04
1.026335335931303780e+04
1.028218104902301093e+04
1.030093435876003969e+04
1.031961375929224414e+04
1.033821971743402901e+04
1.035675269608559938e+04
1.037521315427205627e+04
1.039360154718206650e+04
1.041191832620613059e+04
1.043016393897441594e+04
1.044833882939419709e+04
1.046644343768686122e+04
1.048447820042457897e+04
1.050244355056649874e+04
1.052033991749457164e+04
1.053816772704903997e+04
1.055592740156347463e+04
1.057361935989944686e+04
1.059124401748085802e+04
1.060880178632783463e+04
1.062629307509032151e+04
1.064371828908127463e+04
1.066107783030946848e+04
1.067837209751200135e+04
1.069560148618640414e+04
1.071276638862243999e+04
1.072986719393346903e+04
1.074690428808760953e+04
1.076387805393843519e+04
1.078078887125539404e+04
1.079763711675391642e+04
1.081442316412511900e+04
1.083114738406528159e+04
1.084781014430492360e+04
1.086441180963760416e+04
1.088095274194838566e+04
1.089743330024204806e+04
1.091385384067088853e+04
1.093021471656231915e+04
1.094651627844609720e+04
1.096275887408133167e+04
1.097894284848309871e+04
1.099506854394884613e+04
1.101113630008448854e+04
1.102714645383021343e+04
1.104309933948600701e+04
1.105899528873689633e+04
1.107483463067794582e+04
1.109061769183896104e+04
1.110634479620890852e+04
1.112201626526013388e+04
1.113763241797221053e+04
1.115319357085565389e+04
1.116870003797529898e+04
1.118415213097343440e+04
1.119955015909273061e+04
1.121489442919884459e+04
1.123018524580286612e+04
1.124542291108347126e+04
1.126060772490881936e+04
1.127573998485829361e+04
1.129081998624390326e+04
1.130584802213156217e+04
1.132082438336203995e+04
1.133574935857176206e+04
1.135062323421335532e+04
1.136544629457597330e+04
1.138021882180541979e+04
1.139494109592402310e+04
1.140961339485034296e+04
1.142423599441863553e+04
1.143880916839812562e+04
1.145333318851206241e+04
1.146780832445659325e+04
1.148223484391938837e+04
1.149661301259813990e+04
1.151094309421879188e+04
1.152522535055364824e+04
1.153946004143920072e+04
1.155364742479388042e+04
1.156778775663549641e+04
1.158188129109859437e+04
1.159592828045159149e+04
1.160992897511369483e+04
1.162388362367172340e+04
1.163779247289666819e+04
1.165165576776012858e+04
1.166547375145057231e+04
1.167924666538940801e+04
1.169297474924690687e+04
1.170665824095792959e+04
1.172029737673751879e+04
1.173389239109631308e+04
1.174744351685582478e+04
1.176095098516351209e+04
1.177441502550772020e+04
1.178783586573248067e+04
1.180121373205214331e+04
1.181454884906582993e+04
1.182784143977181338e+04
1.184109172558165847e+04
1.185429992633423899e+04
1.186746626030970037e+04
1.188059094424312025e+04
1.189367419333819089e+04
1.190671622128060699e+04
1.191971724025146250e+04
1.193267746094037284e+04
1.194559709255859707e+04
1.195847634285188906e+04
1.197131541811334500e+04
1.198411452319600903e+04
1.199687386152543695e+04
1.200959363511207630e+04
1.202227404456354452e+04
1.203491528909678345e+04
1.204751756655006830e+04
1.206008107339492562e+04
1.207260600474789499e+04
1.208509255438222135e+04
1.209754091473937842e+04
1.210995127694048642e+04
1.212232383079766259e+04
1.213465876482516796e+04
1.214695626625053592e+04
1.215921652102553344e+04
1.217143971383700409e+04
1.218362602811766010e+04
1.219577564605669431e+04
1.220788874861034310e+04
1.221996551551231823e+04
1.223200612528413149e+04
1.224401075524531188e+04
1.225597958152357569e+04
1.226791277906478899e+04
1.227981052164295943e+04
1.229167298187000597e+04
1.230350033120552689e+04
1.231529273996641678e+04
