# h
# unit = 1.0/Mpc
1.334407138437541235e-04
1.340815583636025118e-04
1.347320853630020235e-04
1.353922808859986718e-04
1.360621291879570436e-04
1.367416127898619146e-04
1.374307125328508002e-04
1.381294076328811089e-04
1.388376757354408818e-04
1.395554929702131817e-04
1.402828340056092667e-04
1.410196721030889625e-04
1.417659791711893026e-04
1.425217258191878195e-04
1.432868814103296885e-04
1.440614141145518830e-04
1.448452909606423253e-04
1.456384778877743735e-04
1.464409397963625174e-04
1.472526405981880806e-04
1.480735432657474685e-04
1.489036098807806777e-04
1.497428016819391666e-04
1.505910791115586621e-04
1.514484018615031577e-04
1.523147289180527809e-04
1.531900186058090477e-04
1.540742286305955507e-04
1.549673161213359178e-04
1.558692376708922659e-04
1.567799493758511382e-04
1.576994068752477092e-04
1.586275653882196924e-04
1.595643797505865867e-04
1.605098044503512806e-04
1.614637936621241758e-04
1.624263012804713212e-04
1.633972809521906243e-04
1.643766861075214233e-04
1.653644699902958248e-04
1.663605856870399363e-04
1.673649861550362446e-04
1.683776242493589012e-04
1.693984527488954421e-04
1.704274243813691980e-04
1.714644918473777371e-04
1.725096078434645787e-04
1.735627250842404414e-04
1.746237963235729716e-04
1.756927743748633297e-04
1.767696121304286898e-04
1.778542625800112774e-04
1.789466788284332747e-04
1.800468141124186231e-04
1.811546218166025968e-04
1.822700554887500980e-04
1.833930688542040604e-04
1.845236158295842624e-04
1.856616505357600770e-04
1.868071273101155091e-04
1.879600007181306427e-04
1.891202255642980123e-04
1.902877569023974237e-04
1.914625500451475493e-04
1.926445605732571189e-04
1.938337443438942459e-04
1.950300574985949504e-04
1.962334564706305303e-04
1.974438979918533487e-04
1.986613390990390646e-04
1.998857371397460951e-04
2.011170497777082199e-04
2.023552349977812811e-04
2.036002511104582620e-04
2.048520567559729375e-04
2.061106109080070600e-04
2.073758728770180740e-04
2.086478023132037039e-04
2.099263592091179175e-04
2.112115039019548247e-04
2.125031970755136856e-04
2.138013997618608297e-04
2.151060733427010904e-04
2.164171795504726055e-04
2.177346804691786437e-04
2.190585385349686290e-04
2.203887165364790406e-04
2.217251776149498565e-04
2.230678852641230180e-04
2.244168033299386901e-04
2.257718960100360138e-04
2.271331278530715496e-04
2.285004637578631639e-04
2.298738689723708254e-04
2.312533090925211938e-04
2.326387500608879022e-04
2.340301581652322208e-04
2.354275000369164355e-04
2.368307426491939797e-04
2.382398533153867552e-04
2.396547996869548725e-04
2.410755497514673496e-04
2.425020718304792986e-04
2.439343345773221862e-04
2.453723069748136730e-04
2.468159583328932401e-04
2.482652582861874773e-04
2.497201767915124067e-04
2.511806841253168797e-04
2.526467508810720350e-04
2.541183479666124013e-04
2.555954466014304332e-04
2.570780183139328295e-04
2.585660349386590664e-04
2.600594686134680015e-04
2.615582917766952039e-04
2.630624771642850772e-04
2.645719978069012435e-04
2.660868270270176834e-04
2.676069384359944258e-04
2.691323059311388180e-04
2.706629036927588809e-04
2.721987061812064187e-04
2.737396881339167133e-04
2.752858245624435567e-04
2.768370907494947168e-04
2.783934622459672409e-04
2.799549148679875837e-04
2.815214246939544461e-04
2.830929680615901244e-04
2.846695215649991785e-04
2.862510620517370202e-04
2.878375666198893976e-04
2.894290126151649991e-04
2.910253776280015002e-04
2.926266394906864654e-04
2.942327762744942408e-04
2.958437662868401404e-04
2.974595880684530094e-04
2.990802203905654059e-04
3.007056422521248704e-04
3.023358328770251987e-04
3.039707717113582057e-04
3.056104384206889636e-04
3.072548128873516925e-04
3.089038752077690169e-04
3.105576056897958325e-04
3.122159848500859420e-04
3.138789934114835189e-04
3.155466123004384781e-04
3.172188226444475415e-04
3.188956057695215419e-04
3.205769431976755496e-04
3.222628166444477834e-04
3.239532080164422129e-04
3.256480994088987524e-04
3.273474731032893683e-04
3.290513115649391224e-04
3.307595974406761096e-04
3.324723135565061153e-04
3.341894429153142694e-04
3.359109686945934261e-04
3.376368742441985095e-04
3.393671430841282912e-04
3.411017589023330782e-04
3.428407055525481526e-04
3.445839670521549654e-04
3.463315275800673762e-04
3.480833714746444556e-04
3.498394832316294709e-04
3.515998475021144595e-04
3.533644490905302258e-04
3.551332729526630655e-04
3.569063041936958278e-04
3.586835280662739166e-04
3.604649299685982328e-04
3.622504954425412099e-04
3.640402101717877875e-04
3.658340599800016997e-04
3.676320308290157248e-04
3.694341088170453543e-04
3.712402801769272348e-04
3.730505312743811379e-04
3.748648486062939938e-04
3.766832187990296196e-04
3.785056286067593734e-04
3.803320649098156851e-04
3.821625147130695475e-04
3.839969651443286077e-04
3.858354034527580268e-04
3.876778170073232944e-04
3.895241932952538599e-04
3.913745199205289900e-04
3.932287846023838464e-04
3.950869751738364890e-04
3.969490795802359121e-04
3.988150858778298133e-04
4.006849822323528001e-04
4.025587569176342735e-04
4.044363983142253952e-04
4.063178949080460027e-04
4.082032352890509327e-04
4.100924081499134738e-04
4.119854022847297998e-04
4.138822065877390682e-04
4.157828100520644999e-04
4.176872017684692562e-04
4.195953709241324837e-04
4.215073068014420004e-04
4.234229987768023244e-04
4.253424363194630302e-04
4.272656089903603877e-04
4.291925064409779739e-04
4.311231184122214875e-04
4.330574347333118333e-04
4.349954453206917042e-04
4.369371401769484259e-04
4.388825093897539328e-04
4.408315431308168324e-04
4.427842316548511120e-04
4.447405652985604585e-04
4.467005344796341239e-04
4.486641296957600850e-04
4.506313415236505083e-04
4.526021606180821765e-04
4.545765777109484081e-04
4.565545836103278364e-04
4.585361691995634877e-04
4.605213254363562259e-04
4.625100433518709365e-04
4.645023140498554491e-04
4.664981287057713331e-04
4.684974785659382448e-04
4.705003549466896598e-04
4.725067492335389583e-04
4.745166528803615577e-04
4.765300574085833867e-04
4.785469544063852983e-04
4.805673355279152883e-04
4.825911924925147542e-04
4.846185170839528321e-04
4.866493011496740681e-04
4.886835366000546023e-04
4.907212154076699522e-04
4.927623296065732593e-04
4.948068712915824809e-04
4.968548326175788567e-04
4.989062057988139951e-04
5.009609831082278020e-04
5.030191568767747572e-04
5.050807194927609250e-04
5.071456634011887706e-04
5.092139811031122770e-04
5.112856651549998674e-04
5.133607081681074115e-04
5.154391028078589287e-04
5.175208417932358577e-04
5.196059178961766247e-04
5.216943239409806577e-04
5.237860528037248690e-04
5.258810974116851248e-04
5.279794507427673644e-04
5.300811058249453329e-04
5.321860557357072042e-04
5.342942936015083848e-04
5.364058125972333150e-04
5.385206059456632346e-04
5.406386669169520797e-04
5.427599888281091009e-04
5.448845650424886380e-04
5.470123889692870504e-04
5.491434540630449595e-04
5.512777538231591412e-04
5.534152817933981044e-04
5.555560315614258005e-04
5.576999967583303212e-04
5.598471710581621368e-04
5.619975481774733099e-04
5.641511218748684192e-04
5.663078859505562418e-04
5.684678342459130364e-04
5.706309606430456103e-04
5.727972590643656608e-04
5.749667234721652026e-04
5.771393478682013177e-04
5.793151262932840504e-04
5.814940528268696144e-04
5.836761215866611901e-04
5.858613267282131902e-04
5.880496624445398631e-04
5.902411229657314852e-04
5.924357025585738059e-04
5.946333955261732390e-04
5.968341962075853066e-04
5.990380989774513228e-04
6.012450982456356199e-04
6.034551884568698215e-04
6.056683640904039463e-04
6.078846196596552351e-04
6.101039497118686868e-04
6.123263488277782456e-04
6.145518116212724327e-04
6.167803327390652913e-04
6.190119068603717762e-04
6.212465286965842279e-04
6.234841929909586047e-04
6.257248945182983290e-04
6.279686280846475668e-04
6.302153885269842900e-04
6.324651707129195187e-04
6.347179695404007917e-04
6.369737799374155292e-04
6.392325968617046947e-04
6.414944153004721204e-04
6.437592302701052168e-04
6.460270368158925382e-04
6.482978300117505635e-04
6.505716049599482003e-04
6.528483567908400717e-04
6.551280806625995852e-04
6.574107717609561224e-04
6.596964252989355893e-04
6.619850365166049782e-04
6.642766006808184477e-04
6.665711130849682814e-04
6.688685690487366055e-04
6.711689639178536121e-04
6.734722930638535046e-04
6.757785518838395518e-04
6.780877358002467556e-04
6.803998402606103741e-04
6.827148607373366125e-04
6.850327927274745075e-04
6.873536317524944241e-04
6.896773733580629758e-04
6.920040131138281356e-04
6.943335466132001185e-04
6.966659694731394204e-04
6.990012773339445307e-04
7.013394658590449589e-04
7.036805307347931754e-04
7.060244676702628419e-04
7.083712723970458491e-04
7.107209406690548825e-04
7.130734682623250144e-04
7.154288509748220164e-04
7.177870846262465526e-04
7.201481650578486727e-04
7.225120881322361251e-04
7.248788497331916684e-04
7.272484457654894083e-04
7.296208721547113498e-04
7.319961248470714318e-04
7.343741998092368503e-04
7.367550930281514419e-04
7.391388005108664398e-04
7.415253182843654835e-04
7.439146423953981943e-04
7.463067689103121231e-04
7.487016939148860009e-04
7.510994135141687341e-04
7.534999238323157990e-04
7.559032210124308395e-04
7.583093012164059642e-04
7.607181606247669222e-04
7.631297954365187132e-04
7.655442018689911964e-04
7.679613761576897964e-04
7.703813145561449072e-04
7.728040133357641159e-04
7.752294687856875694e-04
7.776576772126409572e-04
7.800886349407943482e-04
7.825223383116209188e-04
7.849587836837553564e-04
7.873979674328577920e-04
7.898398859514754559e-04
7.922845356489075863e-04
7.947319129510729396e-04
7.971820143003742649e-04
7.996348361555706942e-04
8.020903749916466615e-04
8.045486272996831001e-04
8.070095895867321085e-04
8.094732583756900990e-04
8.119396302051744155e-04
8.144087016294012521e-04
8.168804692180623795e-04
8.193549295562053405e-04
8.218320792441172239e-04
8.243119148972019323e-04
8.267944331458685096e-04
8.292796306354138303e-04
8.317675040259075656e-04
8.342580499920824620e-04
8.367512652232191993e-04
8.392471464230372115e-04
8.417456903095875669e-04
8.442468936151398869e-04
8.467507530860805386e-04
8.492572654828030223e-04
