# mu
-inf
3.438997438593548139e+01
3.591129624290471156e+01
3.680768490642644508e+01
3.744807610922626395e+01
3.794809339377661672e+01
3.835924098173040164e+01
3.870899475818156077e+01
3.901375702177323035e+01
3.928410899373787402e+01
3.952727667189889615e+01
3.974841513030665396e+01
3.995133162617720046e+01
4.013891827193167927e+01
4.031342390582526036e+01
4.047663193970263507e+01
4.062998069226062370e+01
4.077464717814690687e+01
4.091160691165552521e+01
4.104167752013552928e+01
4.116555115788274577e+01
4.128381900380195191e+01
4.139699005527960907e+01
4.150550574130519976e+01
4.160975142355720635e+01
4.171006554842311687e+01
4.180674700322952475e+01
4.190006108364922000e+01
4.199024437555571154e+01
4.207750878003844974e+01
4.216204485597407370e+01
4.224402461449160029e+01
4.232360386979441813e+01
4.240092422828650598e+01
4.247611478081591940e+01
4.254929354969014099e+01
4.262056873192678808e+01
4.269003977224701885e+01
4.275779829306121371e+01
4.282392890373986205e+01
4.288850990751014081e+01
4.295161392114751919e+01
4.301330842007202904e+01
4.307365621938142652e+01
4.313271589965783903e+01
4.319054218499427122e+01
4.324718627954133154e+01
4.330269616792598697e+01
4.335711688410506071e+01
4.341049075255789091e+01
4.346285760516990138e+01
4.351425497669455922e+01
4.356471828128839263e+01
4.361428097228130696e+01
4.366297468706122231e+01
4.371082937871101848e+01
4.375787343582901201e+01
4.380413379178672528e+01
4.384963602452546638e+01
4.389440444786100670e+01
4.393846219515192786e+01
4.398183129608807462e+01
4.402453274726951804e+01
4.406658657717130723e+01
4.410801190602380473e+01
4.414882700108068292e+01
4.418904932769655858e+01
4.422869559659143590e+01
4.426778180764043213e+01
4.430632329049230123e+01
4.434433474229003735e+01
4.438183026273957665e+01
4.441882338674842856e+01
4.445532711483488697e+01
4.449135394148928668e+01
4.452691588165156134e+01
4.456202449545449440e+01
4.459669091136802166e+01
4.463092584786802064e+01
4.466473963374181722e+01
4.469814222713291940e+01
4.473114323341848575e+01
4.476375192200506348e+01
4.479597724212087684e+01
4.482782783767636658e+01
4.485931206125876258e+01
4.489043798732117807e+01
4.492121342462161948e+01
4.495164592796311354e+01
4.498174280928201796e+01
4.501151114812781628e+01
4.504095780157454243e+01
4.507008941360072640e+01
4.509891242397212352e+01
4.512743307665887471e+01
4.515565742781627279e+01
4.518359135335650478e+01
4.521124055613640280e+01
4.523861057278460862e+01
4.526570678019002258e+01
4.529253440167160250e+01
4.531909851284838453e+01
4.534540404722729079e+01
4.537145580152490254e+01
4.539725844073871031e+01
4.542281650298164664e+01
4.544813440409365057e+01
4.547321644204221514e+01
4.549806680112387625e+01
4.552268955597732258e+01
4.554708867541831552e+01
4.557126802610598304e+01
4.559523137604942633e+01
4.561898239796300203e+01
4.564252467247811751e+01
4.566586169121901406e+01
4.568899685974943026e+01
4.571193350039666115e+01
4.573467485495920926e+01
4.575722408730381829e+01
4.577958428585723993e+01
4.580175846599803435e+01
4.582374957235310831e+01
4.584556048100365899e+01
4.586719400160470883e+01
4.588865287942250859e+01
4.590993979729343266e+01
4.593105737750820339e+01
4.595200818362469875e+01
4.597279472221276109e+01
4.599341944453404096e+01
4.601388474815966845e+01
4.603419297852876468e+01
4.605434643045016685e+01
4.607434734954999556e+01
4.609419793366740237e+01
4.611390033420072143e+01
4.613345665740610002e+01
4.615286896565073960e+01
4.617213927862253087e+01
4.619126957449806525e+01
4.621026179107055754e+01
4.622911782683954840e+01
4.624783954206375114e+01
4.626642875977868385e+01
4.628488726678045140e+01
4.630321681457701999e+01
4.632141912030833453e+01
4.633949586763640838e+01
4.635744870760669301e+01
4.637527925948176488e+01
4.639298911154833149e+01
4.641057982189882836e+01
4.642805291918823229e+01
4.644540990336734865e+01
4.646265224639323321e+01
4.647978139291772948e+01
4.649679876095487430e+01
4.651370574252800338e+01
4.653050370429721738e+01
4.654719398816799725e+01
4.656377791188165105e+01
4.658025676958818906e+01
4.659663183240226658e+01
4.661290434894290513e+01
4.662907554585736136e+01
4.664514662832986858e+01
4.666111878057573392e+01
4.667699316632128870e+01
4.669277092927008255e+01
4.670845319355601788e+01
4.672404106418365188e+01
4.673953562745619195e+01
4.675493795139160369e+01
4.677024908612720111e+01
4.678547006431311672e+01
4.680060190149502120e+01
4.681564559648641932e+01
4.683060213173091313e+01
4.684547247365465239e+01
4.686025757300949124e+01
4.687495836520686510e+01
4.688957577064296345e+01
4.690411069501528374e+01
4.691856402963090744e+01
4.693293665170678253e+01
4.694722942466221127e+01
4.696144319840378500e+01
4.697557880960307841e+01
4.698963708196722422e+01
4.700361882650261691e+01
4.701752484177200841e+01
4.703135591414512362e+01
4.704511281804301603e+01
4.705879631617637671e+01
4.707240715977793855e+01
4.708594608882914656e+01
4.709941383228132850e+01
4.711281110827142982e+01
4.712613862433256173e+01
4.713939707759942621e+01
4.715258715500888087e+01
4.716570953349563666e+01
4.717876488018334413e+01
4.719175385257116773e+01
4.720467709871596895e+01
4.721753525741014812e+01
4.723032895835546441e+01
4.724305882233272769e+01
4.725572546136757524e+01
4.726832947889248260e+01
4.728087146990502276e+01
4.729335202112255132e+01
4.730577171113333179e+01
4.731813111054432852e+01
4.733043078212557475e+01
4.734267128095137878e+01
4.735485315453841793e+01
4.736697694298062800e+01
4.737904317908128604e+01
4.739105238848204493e+01
4.740300508978923943e+01
4.741490179469737853e+01
4.742674300811000165e+01
4.743852922825787743e+01
4.745026094681469431e+01
4.746193864901024284e+01
4.747356281374123910e+01
4.748513391367971082e+01
4.749665241423015516e+01
4.750811877819288043e+01
4.751953345908032134e+01
4.753089690570502057e+01
4.754220956116368768e+01
4.755347186293268891e+01
4.756468424296159014e+01
4.757584712776472458e+01
4.758696093851095554e+01
4.759802609111154936e+01
4.760904299630625047e+01
4.762001205974770812e+01
4.763093368208408407e+01
4.764180825904008287e+01
4.765263618149634084e+01
4.766341783556720912e+01
4.767415360267702340e+01
4.768484385963483874e+01
4.769548897870774340e+01
4.770608932769265209e+01
4.771664526998678468e+01
4.772715716465670255e+01
4.773762536650607302e+01
4.774805022614201988e+01
4.775843209004033696e+01
4.776877130060933752e+01
4.777906819625253121e+01
4.778932311143010025e+01
4.779953637671922451e+01
4.780970831887321992e+01
4.781983926087963255e+01
4.782992952201719561e+01
4.783997941791172082e+01
4.784998926059097357e+01
4.785995935853851790e+01
4.786989001674655242e+01
4.787978153676782256e+01
4.788963421676649546e+01
4.789944835156820346e+01
4.790922423270906449e+01
4.791896214848394919e+01
4.792866238399373202e+01
4.793832522119178918e+01
4.794795093892961546e+01
4.795753981300165947e+01
4.796709211618931334e+01
4.797660811830414218e+01
4.798608808623036026e+01
4.799553228396653992e+01
4.800494097266661697e+01
4.801431441068009320e+01
4.802365285359163494e+01
4.803295655425994681e+01
4.804222576285593505e+01
4.805146072690025960e+01
4.806066169130022558e+01
4.806982889838599249e+01
4.807896258794625766e+01
4.808806299726324340e+01
4.809713036114710860e+01
4.810616491196984157e+01
4.811516687969846373e+01
4.812413649192777143e+01
4.813307397391251641e+01
4.814197954859895390e+01
4.815085343665600703e+01
4.815969585650578466e+01
4.816850702435370124e+01
4.817728715421799279e+01
4.818603645795883494e+01
4.819475514530692806e+01
4.820344342389164893e+01
4.821210149926869803e+01
4.822072957494738432e+01
4.822932785241731324e+01
4.823789653117484022e+01
4.824643580874894155e+01
4.825494588072672286e+01
4.826342694077851547e+01
4.827187918068263883e+01
4.828030279034960870e+01
4.828869795784612506e+01
4.829706486941861243e+01
4.830540370951634799e+01
4.831371466081429844e+01
4.832199790423558028e+01
4.833025361897350791e+01
4.833848198251340733e+01
4.834668317065398924e+01
4.835485735752843084e+01
4.836300471562515924e+01
4.837112541580827951e+01
4.837921962733766179e+01
4.838728751788883642e+01
4.839532925357239890e+01
4.840334499895332954e+01
4.841133491706983705e+01
4.841929916945205292e+01
4.842723791614035633e+01
4.843515131570345034e+01
4.844303952525621071e+01
4.845090270047715109e+01
4.845874099562578863e+01
4.846655456355961888e+01
4.847434355575089882e+01
4.848210812230315980e+01
4.848984841196749329e+01
4.849756457215860905e+01
4.850525674897059503e+01
4.851292508719254926e+01
4.852056973032387077e+01
4.852819082058940126e+01
4.853578849895435354e+01
4.854336290513897723e+01
4.855091417763301820e+01
4.855844245371002899e+01
4.856594786944138775e+01
4.857343055971021073e+01
4.858089065822495201e+01
4.858832829753293936e+01
4.859574360903361168e+01
4.860313672299162135e+01
4.861050776854975197e+01
4.861785687374162279e+01
4.862518416550425115e+01
4.863248976969042303e+01
4.863977381108087172e+01
4.864703641339634288e+01
4.865427769930941793e+01
4.866149779045622381e+01
4.866869680744800775e+01
4.867587486988243484e+01
4.868303209635487860e+01
4.869016860446946282e+01
4.869728451084995413e+01
4.870437993115059783e+01
4.871145498006664809e+01
4.871850977134491245e+01
4.872554441779404755e+01
4.873255903129479805e+01
4.873955372281001530e+01
4.874652860239457652e+01
4.875348377920521870e+01
4.876041936151017353e+01
4.876733545669866743e+01
4.877423217129040722e+01
4.878110961094476750e+01
4.878796788047002053e+01
4.879480708383233889e+01
4.880162732416471982e+01
4.880842870377577469e+01
4.881521132415845443e+01
4.882197528599857606e+01
4.882872068918331365e+01
4.883544763280954726e+01
4.884215621519209094e+01
4.884884653387183562e+01
4.885551868562380662e+01
4.886217276646505070e+01
4.886880887166250176e+01
4.887542709574068311e+01
4.888202753248933163e+01
4.888861027497097211e+01
4.889517541552829982e+01
4.890172304579155593e+01
4.890825325668576795e+01
4.891476613843791199e+01
4.892126178058395425e+01
4.892774027197589248e+01
4.893420170078856302e+01
4.894064615452652589e+01
4.894707372003073687e+01
