# bb
1.788441522876382805e-06
3.577418510758434422e-06
5.963544026599265635e-06
8.947530659497715533e-06
1.253024038305738941e-05
1.671270001679658890e-05
2.149608008039649576e-05
2.688170206965878606e-05
3.287100480520166457e-05
3.946554716094397008e-05
4.666699533117935061e-05
5.447711009765043855e-05
6.289772863965481520e-05
7.193074270617216825e-05
8.157809497788548470e-05
9.184177179122343659e-05
1.027237594826146960e-04
1.142260516644455492e-04
1.263506419491022825e-04
1.390994584653526545e-04
1.524744147900491953e-04
1.664773590164259076e-04
1.811100664781406522e-04
1.963741960935294628e-04
2.122713631251826882e-04
2.288030373165383935e-04
2.459705574437975883e-04
2.637751458678394556e-04
2.822178939823061228e-04
3.012997331097722054e-04
3.210215072613209486e-04
3.413837694097310305e-04
3.623870143201202154e-04
3.840316203422844410e-04
4.063176747877150774e-04
4.292452358640730381e-04
4.528141580522060394e-04
4.770240921061486006e-04
5.018746596761047840e-04
5.273652495816349983e-04
5.534951342269778252e-04
5.802635569125413895e-04
6.076695281080901623e-04
6.357120582833886147e-04
6.643899832852184772e-04
6.937021971680223942e-04
7.236474193632602692e-04
7.542243693023920059e-04
7.854316500015556812e-04
8.172681555151939392e-04
8.497323142364621162e-04
8.828230202198028564e-04
9.165387600660324097e-04
9.508786024525761604e-04
9.858411503955721855e-04
1.021425356157124043e-03
1.057630404829978943e-03
1.094455132260918617e-03
1.131898839958012104e-03
1.169960945844650269e-03
1.208640867844223976e-03
1.247938256710767746e-03
1.287852763198316097e-03
1.328384387306869030e-03
1.369533361867070198e-03
1.411299919709563255e-03
1.453684293664991856e-03
1.496687298640608788e-03
1.540309749543666840e-03
1.584552577696740627e-03
1.629416947253048420e-03
1.674904371611773968e-03
1.721016014926135540e-03
1.767753972671926022e-03
1.815119874663650990e-03
1.863115699961781502e-03
1.911743660457432270e-03
1.961006317287683487e-03
2.010905649513006210e-03
2.061444800347089767e-03
2.112626098096370697e-03
2.164452336728572845e-03
2.216927008703351021e-03
2.270052442327141762e-03
2.323832130059599876e-03
2.378269098699092865e-03
2.433366840705275536e-03
2.489128382876515388e-03
2.545557683333754539e-03
2.602657303214073181e-03
2.660431666299700737e-03
2.718883566558361053e-03
2.778016729280352592e-03
2.837835112586617470e-03
2.898341976106166840e-03
2.959541045129299164e-03
3.021436044946312904e-03
3.084030468016862869e-03
3.147328039631247520e-03
3.211332717910408974e-03
3.276048228144645691e-03
3.341478062793612480e-03
3.407626645639538765e-03
3.474497003480792046e-03
3.542093560099601746e-03
3.610420273616909981e-03
3.679481102153658867e-03
3.749280003830790520e-03
3.819821635261178017e-03
3.891109721735119820e-03
3.963148687034845352e-03
4.035943653434514999e-03
4.109498113393783569e-03
4.183817654848098755e-03
4.258906468749046326e-03
4.334769677370786667e-03
4.411412402987480164e-03
4.488840233534574509e-03
4.567057825624942780e-03
4.646071232855319977e-03
4.725886043161153793e-03
4.806507844477891922e-03
4.887943156063556671e-03
4.970197565853595734e-03
5.053277127444744110e-03
5.137189291417598724e-03
5.221940111368894577e-03
5.307536572217941284e-03
5.393985193222761154e-03
5.481293424963951111e-03
5.569468252360820770e-03
5.658516660332679749e-03
5.748446099460124969e-03
5.839264485985040665e-03
5.930978804826736450e-03
6.023596506565809250e-03
6.117125507444143295e-03
6.211572792381048203e-03
6.306945811957120895e-03
6.403253413736820221e-03
6.500501185655593872e-03
6.598697509616613388e-03
6.697848439216613770e-03
6.797963287681341171e-03
6.899047177284955978e-03
7.001106627285480499e-03
7.104149088263511658e-03
7.208180148154497147e-03
7.313205860555171967e-03
7.419233210384845734e-03
7.526265457272529602e-03
7.634309120476245880e-03
7.743368390947580338e-03
7.853447459638118744e-03
7.964551448822021484e-03
8.076682686805725098e-03
8.189843967556953430e-03
8.304039016366004944e-03
8.419269695878028870e-03
8.535536937415599823e-03
8.652843534946441650e-03
8.771188557147979736e-03
8.890574797987937927e-03
9.010998532176017761e-03
9.132462553679943085e-03
9.254963137209415436e-03
9.378498420119285583e-03
9.503069333732128143e-03
9.628670290112495422e-03
9.755298495292663574e-03
9.882951155304908752e-03
1.001162454485893250e-02
1.014131214469671249e-02
1.027201022952795029e-02
1.040371321141719818e-02
1.053641550242900848e-02
1.067011058330535889e-02
1.080479193478822708e-02
1.094045210629701614e-02
1.107708364725112915e-02
1.121468003839254379e-02
1.135323103517293930e-02
1.149272918701171875e-02
1.163316797465085983e-02
1.177453529089689255e-02
1.191682368516921997e-02
1.206002291291952133e-02
1.220412459224462509e-02
1.234911661595106125e-02
1.249499060213565826e-02
1.264173723757266998e-02
1.278934255242347717e-02
1.293779909610748291e-02
1.308709476143121719e-02
1.323721837252378464e-02
1.338815782219171524e-02
1.353990472853183746e-02
1.369244605302810669e-02
1.384576968848705292e-02
1.399986352771520615e-02
1.415471732616424561e-02
1.431031525135040283e-02
1.446664892137050629e-02
1.462370529770851135e-02
1.478147134184837341e-02
1.493993028998374939e-02
1.509907469153404236e-02
1.525888871401548386e-02
1.541936025023460388e-02
1.558047253638505936e-02
1.574221253395080566e-02
1.590456813573837280e-02
1.606752350926399231e-02
1.623106375336647034e-02
1.639517210423946381e-02
1.655983552336692810e-02
1.672503538429737091e-02
1.689075678586959839e-02
1.705698668956756592e-02
1.722370460629463196e-02
1.739089377224445343e-02
1.755853556096553802e-02
1.772661507129669189e-02
1.789511181414127350e-02
1.806400716304779053e-02
1.823328435420989990e-02
1.840292103588581085e-02
1.857290044426918030e-02
1.874320022761821747e-02
1.891380175948143005e-02
1.908468268811702728e-02
1.925582252442836761e-02
1.942720264196395874e-02
1.959879696369171143e-02
1.977058872580528259e-02
1.994255371391773224e-02
2.011466585099697113e-02
2.028691023588180542e-02
2.045925892889499664e-02
2.063169144093990326e-02
2.080418542027473450e-02
2.097671665251255035e-02
2.114926278591156006e-02
2.132180146872997284e-02
2.149430848658084869e-02
2.166676335036754608e-02
2.183914370834827423e-02
2.201142348349094391e-02
2.218358218669891357e-02
2.235560119152069092e-02
2.252745442092418671e-02
2.269912138581275940e-02
2.287057973444461823e-02
2.304181084036827087e-02
2.321279421448707581e-02
2.338350564241409302e-02
2.355392649769783020e-02
2.372404187917709351e-02
2.389382570981979370e-02
2.406326495110988617e-02
2.423233911395072937e-02
2.440103143453598022e-02
2.456932142376899719e-02
2.473719604313373566e-02
2.490464039146900177e-02
2.507163397967815399e-02
2.523816563189029694e-02
2.540422044694423676e-02
2.556978166103363037e-02
2.573483996093273163e-02
2.589937858283519745e-02
2.606338821351528168e-02
2.622685395181179047e-02
2.638976648449897766e-02
2.655211649835109711e-02
2.671388909220695496e-02
2.687507867813110352e-02
2.703567408025264740e-02
2.719566412270069122e-02
2.735504508018493652e-02
2.751380763947963715e-02
2.767193876206874847e-02
2.782944031059741974e-02
2.798629552125930786e-02
2.814250625669956207e-02
2.829806320369243622e-02
2.845295891165733337e-02
2.860718965530395508e-02
2.876074798405170441e-02
2.891363576054573059e-02
2.906583994626998901e-02
2.921736054122447968e-02
2.936819382011890411e-02
2.951833605766296387e-02
2.966778352856636047e-02
2.981653623282909393e-02
2.996458299458026886e-02
3.011193126440048218e-02
3.025857172906398773e-02
3.040450811386108398e-02
3.054973110556602478e-02
3.069424815475940704e-02
3.083805553615093231e-02
3.098114952445030212e-02
3.112353198230266571e-02
3.126520290970802307e-02
3.140616416931152344e-02
3.154641762375831604e-02
3.168595582246780396e-02
3.182479366660118103e-02
3.196292370557785034e-02
3.210035711526870728e-02
3.223708644509315491e-02
3.237312287092208862e-02
3.250847384333610535e-02
3.264313563704490662e-02
3.277711570262908936e-02
3.291042149066925049e-02
3.304306417703628540e-02
3.317504003643989563e-02
3.330637142062187195e-02
3.343705460429191589e-02
3.356710448861122131e-02
3.369652479887008667e-02
3.382533416152000427e-02
3.395354002714157104e-02
3.408115729689598083e-02
3.420818969607353210e-02
3.433465957641601562e-02
3.446057438850402832e-02
3.458595648407936096e-02
3.471081703901290894e-02
3.483516350388526917e-02
3.495902568101882935e-02
3.508241474628448486e-02
3.520534560084342957e-02
3.532784059643745422e-02
3.544991835951805115e-02
3.557159751653671265e-02
3.569289669394493103e-02
3.581383451819419861e-02
3.593443706631660461e-02
3.605471923947334290e-02
3.617471083998680115e-02
3.629442676901817322e-02
3.641388565301895142e-02
3.653312474489212036e-02
3.665215149521827698e-02
3.677099570631980896e-02
3.688968345522880554e-02
3.700823336839675903e-02
3.712666779756546021e-02
3.724501281976699829e-02
3.736329078674316406e-02
3.748152777552604675e-02
3.759974241256713867e-02
3.771796450018882751e-02
3.783621266484260559e-02
3.795451298356056213e-02
3.807288780808448792e-02
3.819135949015617371e-02
3.830994665622711182e-02
3.842868283390998840e-02
3.854757919907569885e-02
3.866666555404663086e-02
3.878596425056457520e-02
3.890549018979072571e-02
3.902526944875717163e-02
3.914532437920570374e-02
3.926566988229751587e-02
3.938633203506469727e-02
3.950733318924903870e-02
3.962868824601173401e-02
3.975042328238487244e-02
3.987254947423934937e-02
3.999509289860725403e-02
4.011806845664978027e-02
4.024149477481842041e-02
4.036539793014526367e-02
4.048978537321090698e-02
4.061468690633773804e-02
4.074010998010635376e-02
4.086607694625854492e-02
4.099260643124580383e-02
4.111971706151962280e-02
4.124742001295089722e-02
4.137573391199111938e-02
4.150468111038208008e-02
4.163427278399467468e-02
4.176452383399009705e-02
4.189545661211013794e-02
4.202708601951599121e-02
4.215942695736885071e-02
4.229249432682991028e-02
4.242630302906036377e-02
4.256087169051170349e-02
4.269621521234512329e-02
4.283234477043151855e-02
4.296928271651268005e-02
4.310704022645950317e-02
4.324562847614288330e-02
4.338506609201431274e-02
4.352536797523498535e-02
4.366654530167579651e-02
4.380861669778823853e-02
4.395158961415290833e-02
4.409548267722129822e-02
4.424030333757400513e-02
4.438606649637222290e-02
4.453278705477714539e-02
4.468047618865966797e-02
4.482913762331008911e-02
4.497878998517990112e-02
4.512944072484970093e-02
4.528110101819038391e-02
4.543378204107284546e-02
4.558748379349708557e-02
4.574222117662429810e-02
4.589800164103507996e-02
4.605483263731002808e-02
4.621271416544914246e-02
4.637165367603302002e-02
4.653165861964225769e-02
4.669273272156715393e-02
4.685487225651741028e-02
4.701809212565422058e-02
4.718238115310668945e-02
4.734774306416511536e-02
4.751417785882949829e-02
4.768169298768043518e-02
4.785026982426643372e-02
4.801991954445838928e-02
4.819063097238540649e-02
4.836240038275718689e-02
4.853522777557373047e-02
4.870909824967384338e-02
4.888401180505752563e-02
4.905995354056358337e-02
4.923691973090171814e-02
4.941489920020103455e-02
4.959388077259063721e-02
4.977385327219963074e-02
4.995480924844741821e-02
5.013673007488250732e-02
5.031960085034370422e-02
5.050341039896011353e-02
5.068814754486083984e-02
5.087379366159439087e-02
5.106033012270927429e-02
5.124774202704429626e-02
5.143601447343826294e-02
5.162512883543968201e-02
5.181506276130676270e-02
5.200580134987831116e-02
5.219732969999313354e-02
5.238961800932884216e-02
5.258265882730484009e-02
5.277641862630844116e-02
5.297088623046875000e-02
5.316603928804397583e-02
5.336185172200202942e-02
5.355830863118171692e-02
5.375538021326065063e-02
5.395305529236793518e-02
5.415130406618118286e-02
5.435010790824890137e-02
5.454944446682929993e-02
5.474928393959999084e-02
5.494960770010948181e-02
5.515040084719657898e-02
5.535162612795829773e-02
5.555326491594314575e-02
5.575530230998992920e-02
5.595770478248596191e-02
5.616045370697975159e-02
5.636351555585861206e-02
5.656688287854194641e-02
5.677051842212677002e-02
5.697439983487129211e-02
5.717850103974342346e-02
5.738280341029167175e-02
5.758727714419364929e-02
5.779189616441726685e-02
5.799663811922073364e-02
5.820147320628166199e-02
5.840637907385826111e-02
5.861132219433784485e-02
5.881628766655921936e-02
5.902124568819999695e-02
5.922615900635719299e-02
5.943100899457931519e-02
5.963576585054397583e-02
5.984040349721908569e-02
6.004488840699195862e-02
6.024920567870140076e-02
6.045330688357353210e-02
6.065717712044715881e-02
6.086077913641929626e-02
6.106409430503845215e-02
6.126708164811134338e-02
6.146971881389617920e-02
6.167196854948997498e-02
6.187380477786064148e-02
6.207520142197608948e-02
6.227611750364303589e-02
6.247653067111968994e-02
6.267640739679336548e-02
6.287571042776107788e-02
6.307442486286163330e-02
6.327251344919204712e-02
6.346993893384933472e-02
6.366667151451110840e-02
6.386268883943557739e-02
6.405794620513916016e-02
6.425242871046066284e-02
6.444609165191650391e-02
6.463892012834548950e-02
6.483087688684463501e-02
6.502193212509155273e-02
6.521204859018325806e-02
6.540121883153915405e-02
6.558939069509506226e-02
6.577655673027038574e-02
6.596267968416213989e-02
6.614773720502853394e-02
6.633169949054718018e-02
6.651454418897628784e-02
6.669623404741287231e-02
6.687676161527633667e-02
6.705608963966369629e-02
6.723421066999435425e-02
6.741108745336532593e-02
6.758671253919601440e-02
6.776104867458343506e-02
6.793408095836639404e-02
6.810579448938369751e-02
6.827617436647415161e-02
6.844519078731536865e-02
6.861282885074615479e-02
6.877908110618591309e-02
6.894392520189285278e-02
6.910734623670578003e-02
6.926932930946350098e-02
6.942986696958541870e-02
6.958893686532974243e-02
6.974653154611587524e-02
6.990265101194381714e-02
7.005726546049118042e-02
7.021036744117736816e-02
7.036196440458297729e-02
7.051203399896621704e-02
7.066056877374649048e-02
7.080756127834320068e-02
7.095301151275634766e-02
7.109690457582473755e-02
7.123924046754837036e-02
7.138001918792724609e-02
7.151922583580017090e-02
7.165686041116714478e-02
7.179292291402816772e-02
7.192740589380264282e-02
7.206030935049057007e-02
7.219162583351135254e-02
7.232136279344558716e-02
7.244951277971267700e-02
7.257608324289321899e-02
7.270105928182601929e-02
7.282446324825286865e-02
7.294628024101257324e-02
7.306651026010513306e-02
7.318516075611114502e-02
7.330223172903060913e-02
7.341773062944412231e-02
7.353165745735168457e-02
7.364401221275329590e-02
7.375480234622955322e-02
7.386403530836105347e-02
7.397171854972839355e-02
7.407784461975097656e-02
7.418243587017059326e-02
7.428548485040664673e-02
7.438700646162033081e-02
7.448701560497283936e-02
7.458550482988357544e-02
7.468249648809432983e-02
7.477799803018569946e-02
7.487201690673828125e-02
7.496456056833267212e-02
7.505565136671066284e-02
7.514528930187225342e-02
7.523350417613983154e-02
7.532029598951339722e-02
7.540567964315414429e-02
7.548967748880386353e-02
7.557230442762374878e-02
7.565356791019439697e-02
7.573349773883819580e-02
7.581210881471633911e-02
7.588941603899002075e-02
7.596544176340103149e-02
7.604020833969116211e-02
7.611373811960220337e-02
7.618604600429534912e-02
7.625715434551239014e-02
7.632710039615631104e-02
7.639589905738830566e-02
7.646357268095016479e-02
7.653014361858367920e-02
7.659564167261123657e-02
7.666010409593582153e-02
7.672353833913803101e-02
7.678599655628204346e-02
7.684747874736785889e-02
7.690802961587905884e-02
7.696767151355743408e-02
7.702644169330596924e-02
7.708436995744705200e-02
7.714148610830307007e-02
7.719781249761581421e-02
7.725338637828826904e-02
7.730823010206222534e-02
7.736238837242126465e-02
7.741588354110717773e-02
7.746875286102294922e-02
7.752101868391036987e-02
7.757272571325302124e-02
7.762389630079269409e-02
7.767456769943237305e-02
7.772476226091384888e-02
7.777451723814010620e-02
7.782387733459472656e-02
7.787285000085830688e-02
7.792148739099502563e-02
7.796981185674667358e-02
7.801785320043563843e-02
7.806564122438430786e-02
7.811321318149566650e-02
7.816059887409210205e-02
7.820782065391540527e-02
7.825491577386856079e-02
7.830191403627395630e-02
7.834883779287338257e-02
7.839573174715042114e-02
7.844260334968566895e-02
7.848950475454330444e-02
7.853644341230392456e-02
7.858346402645111084e-02
7.863058149814605713e-02
7.867783308029174805e-02
7.872523367404937744e-02
7.877282798290252686e-02
7.882063835859298706e-02
7.886867970228195190e-02
7.891698181629180908e-02
7.896558195352554321e-02
7.901450246572494507e-02
7.906375825405120850e-02
7.911337912082672119e-02
7.916339486837387085e-02
7.921383529901504517e-02
7.926470786333084106e-02
7.931604981422424316e-02
7.936789095401763916e-02
7.942024618387222290e-02
7.947313785552978516e-02
7.952658832073211670e-02
7.958062738180160522e-02
7.963526993989944458e-02
7.969055324792861938e-02
7.974649220705032349e-02
7.980310171842575073e-02
7.986041158437728882e-02
7.991843670606613159e-02
7.997721433639526367e-02
8.003675192594528198e-02
8.009707182645797729e-02
8.015820384025573730e-02
8.022016286849975586e-02
8.028295636177062988e-02
8.034662157297134399e-02
8.041116595268249512e-02
8.047661930322647095e-02
8.054298907518386841e-02
8.061029762029647827e-02
8.067855983972549438e-02
8.074779808521270752e-02
8.081801980733871460e-02
8.088924735784530640e-02
8.096148818731307983e-02
8.103476464748382568e-02
8.110908418893814087e-02
8.118446171283721924e-02
8.126091212034225464e-02
8.133844286203384399e-02
8.141705393791198730e-02
8.149678260087966919e-02
8.157761394977569580e-02
8.165956288576126099e-02
8.174263685941696167e-02
8.182684332132339478e-02
8.191218227148056030e-02
8.199866861104965210e-02
8.208630234003067017e-02
8.217507600784301758e-02
8.226501196622848511e-02
8.235608786344528198e-02
8.244832605123519897e-02
8.254170417785644531e-02
8.263624459505081177e-02
8.273192495107650757e-02
8.282874524593353271e-02
8.292671293020248413e-02
8.302581310272216797e-02
8.312604576349258423e-02
8.322739601135253906e-02
8.332986384630203247e-02
8.343343436717987061e-02
8.353811502456665039e-02
8.364386856555938721e-02
8.375070989131927490e-02
8.385861665010452271e-02
8.396758139133453369e-02
8.407758176326751709e-02
8.418861031532287598e-02
8.430066704750061035e-02
8.441371470689773560e-02
8.452774584293365479e-02
8.464275300502777100e-02
8.475871384143829346e-02
8.487562090158462524e-02
8.499343693256378174e-02
8.511216193437576294e-02
8.523177355527877808e-02
8.535225689411163330e-02
8.547358959913253784e-02
8.559574931859970093e-02
8.571871370077133179e-02
8.584248274564743042e-02
8.596701174974441528e-02
8.609229326248168945e-02
8.621830493211746216e-02
8.634502440690994263e-02
8.647242933511734009e-02
8.660050481557846069e-02
8.672921359539031982e-02
8.685855567455291748e-02
8.698848634958267212e-02
8.711899071931838989e-02
8.725005388259887695e-02
8.738163858652114868e-02
8.751372247934341431e-02
8.764629811048507690e-02
8.777931332588195801e-02
8.791276812553405762e-02
8.804662525653839111e-02
8.818086236715316772e-02
8.831544965505599976e-02
8.845037221908569336e-02
8.858559280633926392e-02
8.872108161449432373e-02
8.885682374238967896e-02
8.899278193712234497e-02
8.912893384695053101e-02
8.926524221897125244e-02
8.940169215202331543e-02
8.953824639320373535e-02
8.967487514019012451e-02
8.981155604124069214e-02
8.994825184345245361e-02
9.008493274450302124e-02
9.022157639265060425e-02
9.035813808441162109e-02
9.049460291862487793e-02
9.063092619180679321e-02
9.076707810163497925e-02
9.090303629636764526e-02
9.103876352310180664e-02
9.117421507835388184e-02
9.130938351154327393e-02
9.144421666860580444e-02
9.157869219779968262e-02
9.171276539564132690e-02
9.184642136096954346e-02
9.197960793972015381e-02
9.211230278015136719e-02
9.224446862936019897e-02
9.237608313560485840e-02
9.250709414482116699e-02
9.263747930526733398e-02
9.276721626520156860e-02
9.289624541997909546e-02
9.302456676959991455e-02
9.315212070941925049e-02
9.327889233827590942e-02
9.340484440326690674e-02
9.352993220090866089e-02
9.365414828062057495e-02
9.377744793891906738e-02
9.389980882406234741e-02
9.402117878198623657e-02
9.414155781269073486e-02
9.426089376211166382e-02
9.437917172908782959e-02
9.449636191129684448e-02
9.461243450641632080e-02
9.472734481096267700e-02
9.484109282493591309e-02
9.495364129543304443e-02
9.506496787071228027e-02
9.517503529787063599e-02
9.528382867574691772e-02
9.539133310317993164e-02
9.549750387668609619e-02
9.560233354568481445e-02
9.570579230785369873e-02
9.580786526203155518e-02
9.590852260589599609e-02
9.600774943828582764e-02
9.610553085803985596e-02
9.620183706283569336e-02
9.629666805267333984e-02
9.638997912406921387e-02
9.648177027702331543e-02
9.657201915979385376e-02
9.666071087121963501e-02
9.674783051013946533e-02
9.683337062597274780e-02
9.691729396581649780e-02
9.699961543083190918e-02
9.708030521869659424e-02
9.715934097766876221e-02
9.723673015832901001e-02
9.731245040893554688e-02
9.738649427890777588e-02
9.745883941650390625e-02
9.752949327230453491e-02
9.759844094514846802e-02
9.766566008329391479e-02
9.773115813732147217e-02
9.779491275548934937e-02
9.785693138837814331e-02
9.791719168424606323e-02
9.797569364309310913e-02
9.803243726491928101e-02
9.808740764856338501e-02
9.814058989286422729e-02
9.819200634956359863e-02
9.824162721633911133e-02
9.828946739435195923e-02
9.833551198244094849e-02
9.837976098060607910e-02
9.842220693826675415e-02
9.846286475658416748e-02
9.850171208381652832e-02
9.853877127170562744e-02
9.857401996850967407e-02
9.860747307538986206e-02
9.863913059234619141e-02
9.866898506879806519e-02
9.869705885648727417e-02
9.872332960367202759e-02
9.874783456325531006e-02
9.877054393291473389e-02
9.879148006439208984e-02
9.881065040826797485e-02
9.882806241512298584e-02
9.884371608495712280e-02
9.885761886835098267e-02
9.886979311704635620e-02
9.888023138046264648e-02
9.888896346092224121e-02
9.889598935842514038e-02
9.890131652355194092e-02
9.890497475862503052e-02
9.890695661306381226e-02
9.890729188919067383e-02
9.890599548816680908e-02
9.890306740999221802e-02
9.889854490756988525e-02
9.889242798089981079e-02
9.888474643230438232e-02
9.887551516294479370e-02
9.886474162340164185e-02
9.885247051715850830e-02
9.883869439363479614e-02
9.882345795631408691e-02
9.880676865577697754e-02
9.878866374492645264e-02
9.876914322376251221e-02
9.874825179576873779e-02
9.872599691152572632e-02
9.870241582393646240e-02
9.867753088474273682e-02
9.865135699510574341e-02
9.862393140792846680e-02
9.859528392553329468e-02
9.856542199850082397e-02
9.853438287973403931e-02
9.850219637155532837e-02
9.846889227628707886e-02
9.843449294567108154e-02
9.839903563261032104e-02
9.836252778768539429e-02
9.832502156496047974e-02
9.828652441501617432e-02
9.824707359075546265e-02
9.820670634508132935e-02
9.816543757915496826e-02
9.812331199645996094e-02
9.808033704757690430e-02
9.803655743598937988e-02
9.799201041460037231e-02
9.794670343399047852e-02
9.790067374706268311e-02
9.785396605730056763e-02
9.780658781528472900e-02
9.775858372449874878e-02
9.770996868610382080e-02
9.766078740358352661e-02
9.761106222867965698e-02
9.756081551313400269e-02
9.751008450984954834e-02
9.745889902114868164e-02
9.740728884935379028e-02
9.735527634620666504e-02
9.730289876461029053e-02
9.725017845630645752e-02
9.719714522361755371e-02
9.714382886886596680e-02
9.709026664495468140e-02
9.703647345304489136e-02
9.698248654603958130e-02
9.692833572626113892e-02
9.687404334545135498e-02
9.681964665651321411e-02
9.676516056060791016e-02
9.671062976121902466e-02
9.665607661008834839e-02
9.660152345895767212e-02
9.654700011014938354e-02
9.649253636598587036e-02
9.643817692995071411e-02
9.638392180204391479e-02
9.632981568574905396e-02
9.627588838338851929e-02
9.622215479612350464e-02
9.616865217685699463e-02
9.611540287733078003e-02
9.606244415044784546e-02
9.600979089736938477e-02
9.595748037099838257e-02
9.590553492307662964e-02
9.585396945476531982e-02
9.580282866954803467e-02
9.575212746858596802e-02
9.570190310478210449e-02
9.565216302871704102e-02
9.560294449329376221e-02
9.555427730083465576e-02
9.550617635250091553e-02
9.545867145061492920e-02
9.541177749633789062e-02
9.536552429199218750e-02
9.531993418931961060e-02
9.527502208948135376e-02
9.523082524538040161e-02
9.518735110759735107e-02
9.514463692903518677e-02
9.510267525911331177e-02
9.506151825189590454e-02
9.502115845680236816e-02
9.498162567615509033e-02
9.494294971227645874e-02
9.490513056516647339e-02
9.486818313598632812e-02
9.483213722705841064e-02
9.479700028896331787e-02
9.476280212402343750e-02
9.472952783107757568e-02
9.469720721244812012e-02
9.466586261987686157e-02
9.463549405336380005e-02
9.460611641407012939e-02
9.457773715257644653e-02
9.455037862062454224e-02
9.452403336763381958e-02
9.449871629476547241e-02
9.447444975376129150e-02
9.445121884346008301e-02
9.442904591560363770e-02
9.440792351961135864e-02
9.438788145780563354e-02
9.436890482902526855e-02
9.435099363327026367e-02
9.433417022228240967e-02
9.431842714548110962e-02
9.430376440286636353e-02
9.429019689559936523e-02
9.427770972251892090e-02
9.426631778478622437e-02
9.425601363182067871e-02
9.424679726362228394e-02
9.423866868019104004e-02
9.423163533210754395e-02
9.422568231821060181e-02
9.422080963850021362e-02
9.421702474355697632e-02
9.421432018280029297e-02
9.421268105506896973e-02
9.421212226152420044e-02
9.421262145042419434e-02
9.421419352293014526e-02
9.421681612730026245e-02
9.422048926353454590e-02
9.422520548105239868e-02
9.423096477985382080e-02
9.423775970935821533e-02
9.424556791782379150e-02
9.425440430641174316e-02
9.426423907279968262e-02
9.427507966756820679e-02
9.428690373897552490e-02
9.429971873760223389e-02
9.431350231170654297e-02
9.432824701070785522e-02
9.434394538402557373e-02
9.436058253049850464e-02
9.437815099954605103e-02
9.439662843942642212e-02
9.441601485013961792e-02
9.443629533052444458e-02
9.445745497941970825e-02
9.447947889566421509e-02
9.450235217809677124e-02
9.452605992555618286e-02
9.455059468746185303e-02
9.457593411207199097e-02
9.460207074880599976e-02
9.462897479534149170e-02
9.465663880109786987e-02
9.468504041433334351e-02
9.471417218446731567e-02
9.474400430917739868e-02
9.477452188730239868e-02
9.480571001768112183e-02
9.483755379915237427e-02
9.487001597881317139e-02
9.490308910608291626e-02
9.493675082921981812e-02
9.497097879648208618e-02
9.500575810670852661e-02
9.504105150699615479e-02
9.507685154676437378e-02
9.511312842369079590e-02
9.514985978603363037e-02
9.518703073263168335e-02
9.522460401058197021e-02
9.526256471872329712e-02
9.530088305473327637e-02
9.533954411745071411e-02
9.537851810455322266e-02
9.541778266429901123e-02
9.545730054378509521e-02
9.549705684185028076e-02
9.553702920675277710e-02
9.557718783617019653e-02
9.561751037836074829e-02
9.565795958042144775e-02
9.569852054119110107e-02
9.573916345834732056e-02
9.577987343072891235e-02
9.582060575485229492e-02
9.586134552955627441e-02
9.590207040309906006e-02
9.594274312257766724e-02
9.598334878683090210e-02
9.602385014295578003e-02
9.606423974037170410e-02
9.610448032617568970e-02
9.614454209804534912e-02
9.618440270423889160e-02
9.622404724359512329e-02
9.626343846321105957e-02
9.630255401134490967e-02
9.634137898683547974e-02
9.637988358736038208e-02
9.641803801059722900e-02
9.645582735538482666e-02
9.649322181940078735e-02
9.653019160032272339e-02
9.656673669815063477e-02
9.660281240940093994e-02
9.663840383291244507e-02
9.667349606752395630e-02
9.670805186033248901e-02
9.674207121133804321e-02
9.677550196647644043e-02
9.680835157632827759e-02
9.684059023857116699e-02
9.687218815088272095e-02
9.690313786268234253e-02
9.693340212106704712e-02
9.696298837661743164e-02
9.699185192584991455e-02
9.701999276876449585e-02
9.704738110303878784e-02
9.707398712635040283e-02
9.709981828927993774e-02
9.712484478950500488e-02
9.714903682470321655e-02
9.717239439487457275e-02
9.719490259885787964e-02
9.721651673316955566e-02
9.723725169897079468e-02
9.725707769393920898e-02
9.727597981691360474e-02
9.729395061731338501e-02
9.731095284223556519e-02
9.732699394226074219e-02
9.734204411506652832e-02
9.735609591007232666e-02
9.736913442611694336e-02
9.738115221261978149e-02
9.739211946725845337e-02
9.740203619003295898e-02
9.741088747978210449e-02
9.741865843534469604e-02
9.742533415555953979e-02
9.743091464042663574e-02
9.743537753820419312e-02
9.743870794773101807e-02
9.744090586900711060e-02
9.744195640087127686e-02
9.744185954332351685e-02
9.744059294462203979e-02
9.743814915418624878e-02
9.743453562259674072e-02
9.742972254753112793e-02
9.742370992898941040e-02
9.741649776697158813e-02
9.740807861089706421e-02
9.739843755960464478e-02
9.738758206367492676e-02
9.737549722194671631e-02
9.736218303442001343e-02
9.734763205051422119e-02
9.733185172080993652e-02
9.731482714414596558e-02
9.729655832052230835e-02
9.727704524993896484e-02
9.725629538297653198e-02
9.723429381847381592e-02
9.721105545759201050e-02
9.718657284975051880e-02
9.716083854436874390e-02
9.713387489318847656e-02
9.710566699504852295e-02
9.707622230052947998e-02
9.704555571079254150e-02
9.701365232467651367e-02
9.698053449392318726e-02
9.694619476795196533e-02
9.691064059734344482e-02
9.687388688325881958e-02
9.683592617511749268e-02
9.679678082466125488e-02
9.675644338130950928e-02
9.671493619680404663e-02
9.667225182056427002e-02
9.662842005491256714e-02
9.658342599868774414e-02
9.653729945421218872e-02
9.649004042148590088e-02
9.644166380167007446e-02
9.639217704534530640e-02
9.634158760309219360e-02
9.628992527723312378e-02
9.623717516660690308e-02
9.618338197469711304e-02
9.612852334976196289e-02
9.607263654470443726e-02
9.601572901010513306e-02
9.595780819654464722e-02
9.589888900518417358e-02
9.583900123834609985e-02
9.577813744544982910e-02
9.571632742881774902e-02
9.565357863903045654e-02
9.558990597724914551e-02
9.552533179521560669e-02
9.545985609292984009e-02
9.539351612329483032e-02
9.532631933689117432e-02
9.525826573371887207e-02
9.518939256668090820e-02
9.511971473693847656e-02
9.504923969507217407e-02
9.497798234224319458e-02
9.490597248077392578e-02
9.483321011066436768e-02
9.475973993539810181e-02
9.468554705381393433e-02
9.461067616939544678e-02
9.453512728214263916e-02
9.445892274379730225e-02
9.438209235668182373e-02
9.430464357137680054e-02
9.422659128904342651e-02
9.414796531200408936e-02
9.406877309083938599e-02
9.398905187845230103e-02
9.390879422426223755e-02
9.382803738117218018e-02
9.374680370092391968e-02
9.366510063409805298e-02
9.358295798301696777e-02
9.350039809942245483e-02
9.341742098331451416e-02
9.333407133817672729e-02
9.325035661458969116e-02
9.316629916429519653e-02
9.308191388845443726e-02
9.299723803997039795e-02
9.291226416826248169e-02
9.282704442739486694e-02
9.274158626794815063e-02
9.265590459108352661e-02
9.257002174854278564e-02
9.248396754264831543e-02
9.239774942398071289e-02
9.231140464544296265e-02
9.222494810819625854e-02
9.213839471340179443e-02
9.205175936222076416e-02
9.196508675813674927e-02
9.187837690114974976e-02
9.179165959358215332e-02
9.170494973659515381e-02
9.161827713251113892e-02
9.153164178133010864e-02
9.144508838653564453e-02
9.135863184928894043e-02
9.127227962017059326e-02
9.118605405092239380e-02
9.109998494386672974e-02
9.101409465074539185e-02
9.092838317155838013e-02
9.084288775920867920e-02
9.075761586427688599e-02
9.067258983850479126e-02
9.058783203363418579e-02
9.050335735082626343e-02
9.041917324066162109e-02
9.033531695604324341e-02
9.025178849697113037e-02
9.016861021518707275e-02
9.008581191301345825e-02
9.000339359045028687e-02
8.992137014865875244e-02
8.983976393938064575e-02
8.975858986377716064e-02
8.967786282300949097e-02
8.959759771823883057e-02
8.951780945062637329e-02
8.943850547075271606e-02
8.935970067977905273e-02
8.928141742944717407e-02
8.920365571975708008e-02
8.912643790245056152e-02
8.904977142810821533e-02
8.897367864847183228e-02
8.889815211296081543e-02
8.882321417331695557e-02
8.874887973070144653e-02
8.867514133453369141e-02
8.860203623771667480e-02
8.852954953908920288e-02
8.845769613981246948e-02
8.838649094104766846e-02
8.831594139337539673e-02
8.824605494737625122e-02
8.817683905363082886e-02
8.810830116271972656e-02
8.804044872522354126e-02
8.797328174114227295e-02
8.790682256221771240e-02
8.784106373786926270e-02
8.777602016925811768e-02
8.771168440580368042e-02
8.764807879924774170e-02
8.758518844842910767e-02
8.752303570508956909e-02
8.746162056922912598e-02
8.740094304084777832e-02
8.734100311994552612e-02
8.728182315826416016e-02
8.722337335348129272e-02
8.716569095849990845e-02
8.710874617099761963e-02
8.705256879329681396e-02
8.699715137481689453e-02
8.694248646497726440e-02
8.688858151435852051e-02
8.683544397354125977e-02
8.678305894136428833e-02
8.673144131898880005e-02
8.668057620525360107e-02
8.663047850131988525e-02
8.658113330602645874e-02
8.653255552053451538e-02
8.648472279310226440e-02
8.643765002489089966e-02
8.639132231473922729e-02
8.634574711322784424e-02
8.630090951919555664e-02
8.625681698322296143e-02
8.621346205472946167e-02
8.617084473371505737e-02
8.612894266843795776e-02
8.608777821063995361e-02
8.604732900857925415e-02
8.600758761167526245e-02
8.596855401992797852e-02
8.593022078275680542e-02
8.589258044958114624e-02
8.585562556982040405e-02
8.581934869289398193e-02
8.578374981880187988e-02
8.574879914522171021e-02
8.571451902389526367e-02
8.568087220191955566e-02
8.564786612987518311e-02
8.561547845602035522e-02
8.558371663093566895e-02
8.555255830287933350e-02
8.552199602127075195e-02
8.549201488494873047e-02
8.546261489391326904e-02
8.543377369642257690e-02
8.540548384189605713e-02
8.537773042917251587e-02
8.535051345825195312e-02
8.532380312681198120e-02
8.529759943485260010e-02
8.527188003063201904e-02
8.524664491415023804e-02
8.522187173366546631e-02
8.519753813743591309e-02
8.517365157604217529e-02
8.515018224716186523e-02
8.512712270021438599e-02
8.510445803403854370e-02
8.508217334747314453e-02
8.506025373935699463e-02
8.503869175910949707e-02
8.501745760440826416e-02
8.499655127525329590e-02
8.497594296932220459e-02
8.495563268661499023e-02
8.493559807538986206e-02
8.491583168506622314e-02
8.489630371332168579e-02
8.487701416015625000e-02
8.485793322324752808e-02
8.483905345201492310e-02
8.482036739587783813e-02
8.480185270309448242e-02
8.478347957134246826e-02
8.476526290178298950e-02
8.474715799093246460e-02
8.472917228937149048e-02
8.471126854419708252e-02
8.469344675540924072e-02
8.467569202184677124e-02
8.465798199176788330e-02
8.464030921459197998e-02
8.462265878915786743e-02
8.460499346256256104e-02
8.458732813596725464e-02
8.456963300704956055e-02
8.455189317464828491e-02
8.453409373760223389e-02
8.451622724533081055e-02
8.449826389551162720e-02
8.448020368814468384e-02
8.446203172206878662e-02
8.444372564554214478e-02
8.442527055740356445e-02
8.440665155649185181e-02
8.438786119222640991e-02
8.436887711286544800e-02
8.434969931840896606e-02
8.433029055595397949e-02
8.431065827608108521e-02
8.429078012704849243e-02
8.427064865827560425e-02
8.425023406744003296e-02
8.422953635454177856e-02
8.420853316783905029e-02
8.418722450733184814e-02
8.416558057069778442e-02
8.414360135793685913e-02
8.412126451730728149e-02
8.409856259822845459e-02
8.407548069953918457e-02
8.405201137065887451e-02
8.402813225984573364e-02
8.400384336709976196e-02
8.397911489009857178e-02
8.395395427942276001e-02
8.392833173274993896e-02
8.390225470066070557e-02
8.387570083141326904e-02
8.384865522384643555e-02
8.382111042737960815e-02
8.379305899143218994e-02
8.376448601484298706e-02
8.373538404703140259e-02
8.370573818683624268e-02
8.367554843425750732e-02
8.364479243755340576e-02
8.361347019672393799e-02
8.358156681060791016e-02
8.354907482862472534e-02
8.351597934961318970e-02
8.348228037357330322e-02
8.344797044992446899e-02
8.341304212808609009e-02
8.337748050689697266e-02
8.334128558635711670e-02
8.330443501472473145e-02
8.326693624258041382e-02
8.322878926992416382e-02
8.318997174501419067e-02
8.315048366785049438e-02
8.311032503843307495e-02
8.306948095560073853e-02
8.302794396877288818e-02
8.298572897911071777e-02
8.294281363487243652e-02
8.289920538663864136e-02
8.285488933324813843e-02
8.280987292528152466e-02
8.276414126157760620e-02
8.271770179271697998e-02
8.267054706811904907e-02
8.262267708778381348e-02
8.257409185171127319e-02
8.252478390932083130e-02
8.247476071119308472e-02
8.242400735616683960e-02
8.237253874540328979e-02
8.232035487890243530e-02
8.226744085550308228e-02
8.221380412578582764e-02
8.215945214033126831e-02
8.210438489913940430e-02
8.204859495162963867e-02
8.199208974838256836e-02
8.193486928939819336e-02
8.187693357467651367e-02
8.181829750537872314e-02
8.175894618034362793e-02
8.169889450073242188e-02
8.163814246654510498e-02
8.157669007778167725e-02
8.151454478502273560e-02
8.145171403884887695e-02
8.138819038867950439e-02
8.132399618625640869e-02
8.125911653041839600e-02
8.119356632232666016e-02
8.112735301256179810e-02
8.106047660112380981e-02
8.099293708801269531e-02
8.092475682497024536e-02
8.085592091083526611e-02
8.078645914793014526e-02
8.071635663509368896e-02
8.064563572406768799e-02
8.057428896427154541e-02
8.050233125686645508e-02
8.042977005243301392e-02
8.035661280155181885e-02
8.028285950422286987e-02
8.020852506160736084e-02
8.013360947370529175e-02
8.005812764167785645e-02
7.998209446668624878e-02
7.990549504756927490e-02
7.982836663722991943e-02
7.975069433450698853e-02
7.967250049114227295e-02
7.959377765655517578e-02
7.951456308364868164e-02
7.943483442068099976e-02
7.935462146997451782e-02
7.927392423152923584e-02
7.919275760650634766e-02
7.911112904548645020e-02
7.902904599905014038e-02
7.894653081893920898e-02
7.886357605457305908e-02
7.878019660711288452e-02
7.869641482830047607e-02
7.861223071813583374e-02
7.852765172719955444e-02
7.844270020723342896e-02
7.835738360881805420e-02
7.827170193195343018e-02
7.818568497896194458e-02
7.809933274984359741e-02
7.801265269517898560e-02
7.792567461729049683e-02
7.783839106559753418e-02
7.775082439184188843e-02
7.766297459602355957e-02
7.757487148046493530e-02
7.748652249574661255e-02
7.739793509244918823e-02
7.730911672115325928e-02
7.722008973360061646e-02
7.713086158037185669e-02
7.704145461320877075e-02
7.695186138153076172e-02
7.686211168766021729e-02
7.677221298217773438e-02
7.668217271566390991e-02
7.659202069044113159e-02
7.650174945592880249e-02
7.641138136386871338e-02
7.632092386484146118e-02
7.623039931058883667e-02
7.613981515169143677e-02
7.604918628931045532e-02
7.595852017402648926e-02
7.586783170700073242e-02
7.577712833881378174e-02
7.568643242120742798e-02
7.559575140476226807e-02
7.550510019063949585e-02
7.541448622941970825e-02
7.532391697168350220e-02
7.523341476917266846e-02
7.514298707246780396e-02
7.505264878273010254e-02
7.496240735054016113e-02
7.487227022647857666e-02
7.478225976228713989e-02
7.469237595796585083e-02
7.460264116525650024e-02
7.451305538415908813e-02
7.442362606525421143e-02
7.433438301086425781e-02
7.424531131982803345e-02
7.415644079446792603e-02
7.406777143478393555e-02
7.397931814193725586e-02
7.389108836650848389e-02
7.380308955907821655e-02
7.371533662080764771e-02
7.362782955169677734e-02
7.354059070348739624e-02
7.345360517501831055e-02
7.336691021919250488e-02
7.328049093484878540e-02
7.319436967372894287e-02
7.310855388641357422e-02
7.302304357290267944e-02
7.293785363435745239e-02
7.285298407077789307e-02
7.276844233274459839e-02
7.268425077199935913e-02
7.260039448738098145e-02
7.251690328121185303e-02
7.243376225233078003e-02
7.235099375247955322e-02
7.226859033107757568e-02
7.218658179044723511e-02
7.210494577884674072e-02
7.202370464801788330e-02
7.194286584854125977e-02
7.186242192983627319e-02
7.178239524364471436e-02
7.170278578996658325e-02
7.162358611822128296e-02
7.154481858015060425e-02
7.146648317575454712e-02
7.138857245445251465e-02
7.131111621856689453e-02
7.123409211635589600e-02
7.115752995014190674e-02
7.108140736818313599e-02
7.100575417280197144e-02
7.093055546283721924e-02
7.085581868886947632e-02
7.078155130147933960e-02
7.070776075124740601e-02
7.063443958759307861e-02
7.056160271167755127e-02
7.048924267292022705e-02
7.041736692190170288e-02
7.034597545862197876e-02
7.027507573366165161e-02
7.020466029644012451e-02
7.013473659753799438e-02
7.006530463695526123e-02
6.999637186527252197e-02
6.992793083190917969e-02
6.985998153686523438e-02
6.979253143072128296e-02
6.972558796405792236e-02
6.965912878513336182e-02
6.959316134452819824e-02
6.952770054340362549e-02
6.946273148059844971e-02
6.939826160669326782e-02
6.933427602052688599e-02
6.927078217267990112e-02
6.920778006315231323e-02
6.914526224136352539e-02
6.908322870731353760e-02
6.902168691158294678e-02
6.896061450242996216e-02
6.890002638101577759e-02
6.883990764617919922e-02
6.878025829792022705e-02
6.872107833623886108e-02
6.866236031055450439e-02
6.860409677028656006e-02
6.854628771543502808e-02
6.848893314599990845e-02
6.843201816082000732e-02
6.837555021047592163e-02
6.831950694322586060e-02
6.826389580965042114e-02
6.820871680974960327e-02
6.815395504236221313e-02
6.809960305690765381e-02
6.804565340280532837e-02
6.799211353063583374e-02
6.793896108865737915e-02
6.788620352745056152e-02
6.783382594585418701e-02
6.778182089328765869e-02
6.773019582033157349e-02
6.767892837524414062e-02
6.762801855802536011e-02
6.757745891809463501e-02
6.752724200487136841e-02
6.747736036777496338e-02
6.742781400680541992e-02
6.737858802080154419e-02
6.732967495918273926e-02
6.728107482194900513e-02
6.723277270793914795e-02
6.718476861715316772e-02
6.713705509901046753e-02
6.708960980176925659e-02
6.704244762659072876e-02
6.699555367231369019e-02
6.694891303777694702e-02
6.690252572298049927e-02
6.685638427734375000e-02
6.681048125028610229e-02
6.676480919122695923e-02
6.671935319900512695e-02
6.667412072420120239e-02
6.662908941507339478e-02
6.658425927162170410e-02
6.653962284326553345e-02
6.649517267942428589e-02
6.645090878009796143e-02
6.640680134296417236e-02
6.636286526918411255e-02
6.631908565759658813e-02
6.627544760704040527e-02
6.623195111751556396e-02
6.618858873844146729e-02
6.614534556865692139e-02
6.610222160816192627e-02
6.605920940637588501e-02
6.601628661155700684e-02
6.597346812486648560e-02
6.593071669340133667e-02
6.588805466890335083e-02
6.584545224905014038e-02
6.580291688442230225e-02
6.576043367385864258e-02
6.571798026561737061e-02
6.567557156085968018e-02
6.563318520784378052e-02
6.559081375598907471e-02
6.554845720529556274e-02
6.550610065460205078e-02
6.546372920274734497e-02
6.542134284973144531e-02
6.537894159555435181e-02
6.533649563789367676e-02
6.529401987791061401e-02
6.525148451328277588e-02
6.520888954401016235e-02
6.516623497009277344e-02
6.512350589036941528e-02
6.508068740367889404e-02
6.503778696060180664e-02
6.499477475881576538e-02
6.495166569948196411e-02
6.490844488143920898e-02
6.486508995294570923e-02
6.482160836458206177e-02
6.477800011634826660e-02
6.473423540592193604e-02
6.469032168388366699e-02
6.464625149965286255e-02
6.460200995206832886e-02
6.455759704113006592e-02
6.451300531625747681e-02
6.446823477745056152e-02
6.442325562238693237e-02
6.437809020280838013e-02
6.433271616697311401e-02
6.428713351488113403e-02
6.424133479595184326e-02
6.419532001018524170e-02
6.414907425642013550e-02
6.410259753465652466e-02
6.405588984489440918e-02
6.400892883539199829e-02
6.396172940731048584e-02
6.391428411006927490e-02
6.386657804250717163e-02
6.381861120462417603e-02
6.377039104700088501e-02
6.372190266847610474e-02
6.367314606904983521e-02
6.362411379814147949e-02
6.357480585575103760e-02
6.352522224187850952e-02
6.347534805536270142e-02
6.342519819736480713e-02
6.337476521730422974e-02
6.332403421401977539e-02
6.327301263809204102e-02
6.322170048952102661e-02
6.317009776830673218e-02
6.311818957328796387e-02
6.306598335504531860e-02
6.301347166299819946e-02
6.296065449714660645e-02
6.290754675865173340e-02
6.285411864519119263e-02
6.280039250850677490e-02
6.274634599685668945e-02
6.269200146198272705e-02
6.263733655214309692e-02
6.258236616849899292e-02
6.252707540988922119e-02
6.247147545218467712e-02
6.241555511951446533e-02
6.235932931303977966e-02
6.230277940630912781e-02
6.224591657519340515e-02
6.218873336911201477e-02
6.213123351335525513e-02
6.207342073321342468e-02
6.201529130339622498e-02
6.195684149861335754e-02
6.189807131886482239e-02
6.183898448944091797e-02
6.177958473563194275e-02
6.171986833214759827e-02
6.165983527898788452e-02
6.159948185086250305e-02
6.153882294893264771e-02
6.147785112261772156e-02
6.141656264662742615e-02
6.135496497154235840e-02
6.129305437207221985e-02
6.123083829879760742e-02
6.116831675171852112e-02
6.110549345612525940e-02
6.104236841201782227e-02
6.097893789410591125e-02
6.091521307826042175e-02
6.085118651390075684e-02
6.078687682747840881e-02
6.072227284312248230e-02
6.065738201141357422e-02
6.059220433235168457e-02
6.052675098180770874e-02
6.046101823449134827e-02
6.039500981569290161e-02
6.032873317599296570e-02
6.026219204068183899e-02
6.019538640975952148e-02
6.012832745909690857e-02
6.006100773811340332e-02
5.999344587326049805e-02
5.992563441395759583e-02
5.985758826136589050e-02
5.978930741548538208e-02
5.972079187631607056e-02
5.965205654501914978e-02
5.958309397101402283e-02
5.951392650604248047e-02
5.944454297423362732e-02
5.937495827674865723e-02
5.930517241358757019e-02
5.923520028591156006e-02
5.916503444314002991e-02
5.909468978643417358e-02
5.902416631579399109e-02
5.895347520709037781e-02
5.888262391090393066e-02
5.881161242723464966e-02
5.874044075608253479e-02
5.866913124918937683e-02
5.859767645597457886e-02
5.852609127759933472e-02
5.845437198877334595e-02
5.838253721594810486e-02
5.831057950854301453e-02
5.823850631713867188e-02
5.816633626818656921e-02
5.809406563639640808e-02
5.802169814705848694e-02
5.794924125075340271e-02
5.787670612335205078e-02
5.780409276485443115e-02
5.773140490055084229e-02
5.765865743160247803e-02
5.758585035800933838e-02
5.751298367977142334e-02
5.744007602334022522e-02
5.736712366342544556e-02
5.729413032531738281e-02
5.722110718488693237e-02
5.714806169271469116e-02
5.707499012351036072e-02
5.700190737843513489e-02
5.692880973219871521e-02
5.685571208596229553e-02
5.678261443972587585e-02
5.670952051877975464e-02
5.663644149899482727e-02
5.656337738037109375e-02
5.649033561348915100e-02
5.641731992363929749e-02
5.634433776140213013e-02
5.627139285206794739e-02
5.619848892092704773e-02
5.612564086914062500e-02
5.605283752083778381e-02
5.598010122776031494e-02
5.590742081403732300e-02
5.583481490612030029e-02
5.576227605342864990e-02
5.568982288241386414e-02
5.561744794249534607e-02
5.554516613483428955e-02
5.547297373414039612e-02
5.540088936686515808e-02
5.532890185713768005e-02
5.525702610611915588e-02
5.518526956439018250e-02
5.511362850666046143e-02
5.504211038351058960e-02
5.497071892023086548e-02
5.489946901798248291e-02
5.482835322618484497e-02
5.475737899541854858e-02
5.468655377626419067e-02
5.461588501930236816e-02
5.454536899924278259e-02
5.447501689195632935e-02
5.440482869744300842e-02
5.433481559157371521e-02
5.426497384905815125e-02
5.419531464576721191e-02
5.412583798170089722e-02
5.405654758214950562e-02
5.398744717240333557e-02
5.391854420304298401e-02
5.384983494877815247e-02
5.378133431077003479e-02
5.371303856372833252e-02
5.364495143294334412e-02
5.357708036899566650e-02
5.350942164659500122e-02
5.344198271632194519e-02
5.337476730346679688e-02
5.330777540802955627e-02
5.324101820588111877e-02
5.317448452115058899e-02
5.310818552970886230e-02
5.304212123155593872e-02
5.297629907727241516e-02
5.291071161627769470e-02
5.284537002444267273e-02
5.278027430176734924e-02
5.271542444825172424e-02
5.265082046389579773e-02
5.258646607398986816e-02
5.252236500382423401e-02
5.245851352810859680e-02
5.239491909742355347e-02
5.233157426118850708e-02
5.226849019527435303e-02
5.220565944910049438e-02
5.214308574795722961e-02
5.208076909184455872e-02
5.201871320605278015e-02
5.195691809058189392e-02
5.189537629485130310e-02
5.183409899473190308e-02
5.177308246493339539e-02
5.171231925487518311e-02
5.165182426571846008e-02
5.159158259630203247e-02
5.153159797191619873e-02
5.147187411785125732e-02
5.141241103410720825e-02
5.135320499539375305e-02
5.129425227642059326e-02
5.123556032776832581e-02
5.117712542414665222e-02
5.111894011497497559e-02
5.106101185083389282e-02
5.100333318114280701e-02
5.094591155648231506e-02
5.088873207569122314e-02
5.083180591464042664e-02
5.077512934803962708e-02
5.071869492530822754e-02
5.066251009702682495e-02
5.060656368732452393e-02
5.055085942149162292e-02
5.049539729952812195e-02
5.044016987085342407e-02
5.038518086075782776e-02
5.033042654395103455e-02
5.027589946985244751e-02
5.022160708904266357e-02
5.016754567623138428e-02
5.011370778083801270e-02
5.006009340286254883e-02
5.000670254230499268e-02
4.995352774858474731e-02
4.990057274699211121e-02
4.984783381223678589e-02
4.979530721902847290e-02
4.974298551678657532e-02
4.969087988138198853e-02
4.963897168636322021e-02
4.958726838231086731e-02
4.953576624393463135e-02
4.948446154594421387e-02
4.943335056304931641e-02
4.938242956995964050e-02
4.933169856667518616e-02
4.928115382790565491e-02
4.923079535365104675e-02
4.918061196804046631e-02
4.913060739636421204e-02
4.908078163862228394e-02
4.903112351894378662e-02
4.898163676261901855e-02
4.893231391906738281e-02
4.888315126299858093e-02
4.883414879441261292e-02
4.878530651330947876e-02
4.873661324381828308e-02
4.868806526064872742e-02
4.863967001438140869e-02
4.859141632914543152e-02
4.854330047965049744e-02
4.849531874060630798e-02
4.844747483730316162e-02
4.839975386857986450e-02
4.835215955972671509e-02
4.830469191074371338e-02
4.825733602046966553e-02
4.821009561419487000e-02
4.816296696662902832e-02
4.811594635248184204e-02
4.806902632117271423e-02
4.802220687270164490e-02
4.797548055648803711e-02
4.792884737253189087e-02
4.788229614496231079e-02
4.783583432435989380e-02
4.778944700956344604e-02
4.774313792586326599e-02
4.769689962267875671e-02
4.765072837471961975e-02
4.760461300611495972e-02
4.755856469273567200e-02
4.751256480813026428e-02
4.746661707758903503e-02
4.742071405053138733e-02
4.737485200166702271e-02
4.732902720570564270e-02
4.728323966264724731e-02
4.723747447133064270e-02
4.719173535704612732e-02
4.714602231979370117e-02
4.710032045841217041e-02
4.705463349819183350e-02
4.700895398855209351e-02
4.696327820420265198e-02
4.691760241985321045e-02
4.687192663550376892e-02
4.682623967528343201e-02
4.678054526448249817e-02
4.673483595252037048e-02
4.668910801410675049e-02
4.664335772395133972e-02
4.659758135676383972e-02
4.655177891254425049e-02
4.650594294071197510e-02
4.646007344126701355e-02
4.641416668891906738e-02
4.636821523308753967e-02
4.632222279906272888e-02
4.627618566155433655e-02
4.623010009527206421e-02
4.618396237492561340e-02
4.613776877522468567e-02
4.609152302145957947e-02
4.604521393775939941e-02
4.599884524941444397e-02
4.595242068171501160e-02
4.590592533349990845e-02
4.585936665534973145e-02
4.581273719668388367e-02
4.576604068279266357e-02
4.571927338838577271e-02
4.567242786288261414e-02
4.562551528215408325e-02
4.557852447032928467e-02
4.553145542740821838e-02
4.548430815339088440e-02
4.543708637356758118e-02
4.538977891206741333e-02
4.534239321947097778e-02
4.529492184519767761e-02
4.524736851453781128e-02
4.519972950220108032e-02
4.515200480818748474e-02
4.510419815778732300e-02
4.505629837512969971e-02
4.500830918550491333e-02
4.496023058891296387e-02
4.491206258535385132e-02
4.486380144953727722e-02
4.481544718146324158e-02
4.476699605584144592e-02
4.471845179796218872e-02
4.466981068253517151e-02
4.462106898427009583e-02
4.457223042845726013e-02
4.452329128980636597e-02
4.447424784302711487e-02
4.442510381340980530e-02
4.437585920095443726e-02
4.432650655508041382e-02
4.427704587578773499e-02
4.422748088836669922e-02
4.417780041694641113e-02
4.412801563739776611e-02
4.407811909914016724e-02
4.402810707688331604e-02
4.397798702120780945e-02
4.392774775624275208e-02
4.387739300727844238e-02
4.382692277431488037e-02
4.377633333206176758e-02
4.372562840580940247e-02
4.367480054497718811e-02
4.362385720014572144e-02
4.357279464602470398e-02
4.352160915732383728e-02
4.347030445933341980e-02
4.341887682676315308e-02
4.336733371019363403e-02
4.331566765904426575e-02
4.326387867331504822e-02
4.321197420358657837e-02
4.315994679927825928e-02
4.310780391097068787e-02
4.305554553866386414e-02
4.300316795706748962e-02
4.295067861676216125e-02
4.289807006716728210e-02
4.284535720944404602e-02
4.279252886772155762e-02
4.273959621787071228e-02
4.268655553460121155e-02
4.263341054320335388e-02
4.258016869425773621e-02
4.252682253718376160e-02
4.247338324785232544e-02
4.241985082626342773e-02
4.236622527241706848e-02
4.231251031160354614e-02
4.225871711969375610e-02
4.220483824610710144e-02
4.215088114142417908e-02
4.209684953093528748e-02
4.204274713993072510e-02
4.198857396841049194e-02
4.193433746695518494e-02
4.188003763556480408e-02
4.182567819952964783e-02
4.177126660943031311e-02
4.171679913997650146e-02
4.166228324174880981e-02
4.160772264003753662e-02
4.155311360955238342e-02
4.149847105145454407e-02
4.144378751516342163e-02
4.138907045125961304e-02
4.133432358503341675e-02
4.127954319119453430e-02
4.122473672032356262e-02
4.116990789771080017e-02
4.111505299806594849e-02
4.106017947196960449e-02
4.100528731942176819e-02
4.095037654042243958e-02
4.089545086026191711e-02
4.084051400423049927e-02
4.078556597232818604e-02
4.073060303926467896e-02
4.067563265562057495e-02
4.062065109610557556e-02
4.056566953659057617e-02
4.051067307591438293e-02
4.045567661523818970e-02
4.040067270398139954e-02
4.034566506743431091e-02
4.029065743088722229e-02
4.023564606904983521e-02
4.018063470721244812e-02
4.012561962008476257e-02
4.007060825824737549e-02
4.001559317111968994e-02
3.996058553457260132e-02
3.990557789802551270e-02
3.985057771205902100e-02
3.979558125138282776e-02
3.974059224128723145e-02
3.968561068177223206e-02
3.963064029812812805e-02
3.957568109035491943e-02
3.952073678374290466e-02
3.946580737829208374e-02
3.941088914871215820e-02
3.935599699616432190e-02
3.930112719535827637e-02
3.924627974629402161e-02
3.919145837426185608e-02
3.913667052984237671e-02
3.908191621303558350e-02
3.902719542384147644e-02
3.897251933813095093e-02
3.891788050532341003e-02
3.886329755187034607e-02
3.880875930190086365e-02
3.875427693128585815e-02
3.869985416531562805e-02
3.864549472928047180e-02
3.859120234847068787e-02
3.853698074817657471e-02
3.848283365368843079e-02
3.842876851558685303e-02
3.837478533387184143e-02
3.832088783383369446e-02
3.826708346605300903e-02
3.821337595582008362e-02
3.815976902842521667e-02
3.810626268386840820e-02
3.805286437273025513e-02
3.799957782030105591e-02
3.794640675187110901e-02
3.789335116744041443e-02
3.784041851758956909e-02
3.778760880231857300e-02
3.773492574691772461e-02
3.768236935138702393e-02
3.762994706630706787e-02
3.757765516638755798e-02
3.752549737691879272e-02
3.747347742319107056e-02
3.742159530520439148e-02
3.736985474824905396e-02
3.731824830174446106e-02
3.726678714156150818e-02
3.721546009182929993e-02
3.716427460312843323e-02
3.711323067545890808e-02
3.706232830882072449e-02
3.701156005263328552e-02
3.696093335747718811e-02
3.691044077277183533e-02
3.686008974909782410e-02
3.680986911058425903e-02
3.675978258252143860e-02
3.670982643961906433e-02
3.666000440716743469e-02
3.661030530929565430e-02
3.656074032187461853e-02
3.651129454374313354e-02
3.646197170019149780e-02
3.641277179121971130e-02
3.636369109153747559e-02
3.631473332643508911e-02
3.626588732004165649e-02
3.621716052293777466e-02
3.616854175925254822e-02
3.612003847956657410e-02
3.607165068387985229e-02
3.602336719632148743e-02
3.597519919276237488e-02
3.592713922262191772e-02
3.587918728590011597e-02
3.583134338259696960e-02
3.578361496329307556e-02
3.573599085211753845e-02
3.568847849965095520e-02
3.564107790589332581e-02
3.559378907084465027e-02
3.554661199450492859e-02
3.549955040216445923e-02
3.545260056853294373e-02
3.540577366948127747e-02
3.535906225442886353e-02
3.531247377395629883e-02
3.526600822806358337e-02
3.521966934204101562e-02
3.517345711588859558e-02
3.512737527489662170e-02
3.508142381906509399e-02
3.503561019897460938e-02
3.498993813991546631e-02
3.494440019130706787e-02
3.489900380373001099e-02
3.485375270247459412e-02
3.480865061283111572e-02
3.476369008421897888e-02
3.471888601779937744e-02
3.467423096299171448e-02
3.462973237037658691e-02
3.458538278937339783e-02
3.454119339585304260e-02
3.449715673923492432e-02
3.445328027009963989e-02
3.440956026315689087e-02
3.436599671840667725e-02
3.432258591055870056e-02
3.427933529019355774e-02
3.423623740673065186e-02
3.419329226016998291e-02
3.415049985051155090e-02
3.410785272717475891e-02
3.406535834074020386e-02
3.402300551533699036e-02
3.398079425096511841e-02
3.393872454762458801e-02
3.389678895473480225e-02
3.385498374700546265e-02
3.381330892443656921e-02
3.377175331115722656e-02
3.373032063245773315e-02
3.368899971246719360e-02
3.364779055118560791e-02
3.360668569803237915e-02
3.356568515300750732e-02
3.352477774024009705e-02
3.348395973443984985e-02
3.344323113560676575e-02
3.340258821845054626e-02
3.336201608180999756e-02
3.332151845097541809e-02
3.328108787536621094e-02
3.324072435498237610e-02
3.320041671395301819e-02
3.316016495227813721e-02
3.311996906995773315e-02
3.307981789112091064e-02
3.303971514105796814e-02
3.299965336918830872e-02
3.295963257551193237e-02
3.291964903473854065e-02
3.287970274686813354e-02
3.283978998661041260e-02
3.279991075396537781e-02
3.276006132364273071e-02
3.272024542093276978e-02
3.268046304583549500e-02
3.264071047306060791e-02
3.260099142789840698e-02
3.256130218505859375e-02
3.252164274454116821e-02
3.248202428221702576e-02
3.244243934750556946e-02
3.240289166569709778e-02
3.236338123679161072e-02
3.232391178607940674e-02
3.228448703885078430e-02
3.224510699510574341e-02
3.220577165484428406e-02
3.216648846864700317e-02
3.212725743651390076e-02
3.208808228373527527e-02
3.204896301031112671e-02
3.200989961624145508e-02
3.197089955210685730e-02
3.193195909261703491e-02
3.189308196306228638e-02
3.185427561402320862e-02
3.181552886962890625e-02
3.177685290575027466e-02
3.173824772238731384e-02
3.169970586895942688e-02
3.166123479604721069e-02
3.162283077836036682e-02
3.158449381589889526e-02
3.154622390866279602e-02
3.150802105665206909e-02
3.146988153457641602e-02
3.143179789185523987e-02
3.139377757906913757e-02
3.135580942034721375e-02
3.131789714097976685e-02
3.128003329038619995e-02
3.124221414327621460e-02
3.120443597435951233e-02
3.116669505834579468e-02
3.112898766994476318e-02
3.109130635857582092e-02
3.105365112423896790e-02
3.101601079106330872e-02
3.097838349640369415e-02
3.094076365232467651e-02
3.090314567089080811e-02
3.086552396416664124e-02
3.082789294421672821e-02
3.079024888575077057e-02
3.075258433818817139e-02
3.071489557623863220e-02
3.067718073725700378e-02
3.063943050801753998e-02
3.060164116322994232e-02
3.056380897760391235e-02
3.052593208849430084e-02
3.048800863325595856e-02
3.045002929866313934e-02
3.041199408471584320e-02
3.037390485405921936e-02
3.033575415611267090e-02
3.029754385352134705e-02
3.025927022099494934e-02
3.022093512117862701e-02
3.018253669142723083e-02
3.014407679438591003e-02
3.010555543005466461e-02
3.006697446107864380e-02
3.002833388745784760e-02
2.998963557183742523e-02
2.995088323950767517e-02
2.991208247840404510e-02
2.987322956323623657e-02
2.983433380722999573e-02
2.979539707303047180e-02
2.975642122328281403e-02
2.971741184592247009e-02
2.967837452888488770e-02
2.963931113481521606e-02
2.960022911429405212e-02
2.956113219261169434e-02
2.952202595770359039e-02
2.948290854692459106e-02
2.944379299879074097e-02
2.940467931330204010e-02
2.936557121574878693e-02
2.932647429406642914e-02
2.928739227354526520e-02
2.924832887947559357e-02
2.920928783714771271e-02
2.917026914656162262e-02
2.913127839565277100e-02
2.909231744706630707e-02
2.905338630080223083e-02
2.901449054479598999e-02
2.897562459111213684e-02
2.893679216504096985e-02
2.889799699187278748e-02
2.885923348367214203e-02
2.882049977779388428e-02
2.878179959952831268e-02
2.874312922358512878e-02
2.870448864996433258e-02
2.866587229073047638e-02
2.862727455794811249e-02
2.858869917690753937e-02
2.855014055967330933e-02
2.851159311830997467e-02
2.847305312752723694e-02
2.843451499938964844e-02
2.839597873389720917e-02
2.835743129253387451e-02
2.831887826323509216e-02
2.828031033277511597e-02
2.824172191321849823e-02
2.820310555398464203e-02
2.816446498036384583e-02
2.812578529119491577e-02
2.808707207441329956e-02
2.804831415414810181e-02
2.800951339304447174e-02
2.797065675258636475e-02
2.793175168335437775e-02
2.789279259741306305e-02
2.785377390682697296e-02
2.781469188630580902e-02
2.777555026113986969e-02
2.773634530603885651e-02
2.769707888364791870e-02
2.765774726867675781e-02
2.761835418641567230e-02
2.757889777421951294e-02
2.753937803208827972e-02
2.749980241060256958e-02
2.746017277240753174e-02
2.742048725485801697e-02
2.738075144588947296e-02
2.734097279608249664e-02
2.730114944279193878e-02
2.726129256188869476e-02
2.722140215337276459e-02
2.718148939311504364e-02
2.714155055582523346e-02
2.710160426795482635e-02
2.706164680421352386e-02
2.702169120311737061e-02
2.698173746466636658e-02
2.694179862737655640e-02
2.690187655389308929e-02
2.686198242008686066e-02
2.682211808860301971e-02
2.678229287266731262e-02
2.674251236021518707e-02
2.670278586447238922e-02
2.666311152279376984e-02
2.662350051105022430e-02
2.658395655453205109e-02
2.654448524117469788e-02
2.650509215891361237e-02
2.646577358245849609e-02
2.642654441297054291e-02
2.638739533722400665e-02
2.634833939373493195e-02
2.630937099456787109e-02
2.627049386501312256e-02
2.623170800507068634e-02
2.619301527738571167e-02
2.615441381931304932e-02
2.611590363085269928e-02
2.607748098671436310e-02
2.603914216160774231e-02
2.600089274346828461e-02
2.596271969377994537e-02
2.592462673783302307e-02
2.588660456240177155e-02
2.584865316748619080e-02
2.581076510250568390e-02
2.577293850481510162e-02
2.573516592383384705e-02
2.569743990898132324e-02
2.565976046025753021e-02
2.562211640179157257e-02
2.558450773358345032e-02
2.554692514240741730e-02
2.550936304032802582e-02
2.547181956470012665e-02
2.543428726494312286e-02
2.539676055312156677e-02
2.535923570394515991e-02
2.532171085476875305e-02
2.528417855501174927e-02
2.524663694202899933e-02
2.520908415317535400e-02
2.517151460051536560e-02
2.513393014669418335e-02
2.509632892906665802e-02
2.505870722234249115e-02
2.502106688916683197e-02
0.000000000000000000e+00
0.000000000000000000e+00
0.000000000000000000e+00
0.000000000000000000e+00
0.000000000000000000e+00
0.000000000000000000e+00
0.000000000000000000e+00
0.000000000000000000e+00
0.000000000000000000e+00
0.000000000000000000e+00
0.000000000000000000e+00
0.000000000000000000e+00
0.000000000000000000e+00
0.000000000000000000e+00
0.000000000000000000e+00
0.000000000000000000e+00
0.000000000000000000e+00
0.000000000000000000e+00
0.000000000000000000e+00
0.000000000000000000e+00
0.000000000000000000e+00
0.000000000000000000e+00
0.000000000000000000e+00
0.000000000000000000e+00
0.000000000000000000e+00
0.000000000000000000e+00
0.000000000000000000e+00
0.000000000000000000e+00
0.000000000000000000e+00
0.000000000000000000e+00
0.000000000000000000e+00
0.000000000000000000e+00
0.000000000000000000e+00
0.000000000000000000e+00
0.000000000000000000e+00
0.000000000000000000e+00
0.000000000000000000e+00
0.000000000000000000e+00
0.000000000000000000e+00
0.000000000000000000e+00
0.000000000000000000e+00
0.000000000000000000e+00
0.000000000000000000e+00
0.000000000000000000e+00
0.000000000000000000e+00
0.000000000000000000e+00
0.000000000000000000e+00
0.000000000000000000e+00
0.000000000000000000e+00
0.000000000000000000e+00
0.000000000000000000e+00
0.000000000000000000e+00
0.000000000000000000e+00
0.000000000000000000e+00
0.000000000000000000e+00
0.000000000000000000e+00
0.000000000000000000e+00
0.000000000000000000e+00
0.000000000000000000e+00
0.000000000000000000e+00
0.000000000000000000e+00
0.000000000000000000e+00
0.000000000000000000e+00
0.000000000000000000e+00
0.000000000000000000e+00
0.000000000000000000e+00
0.000000000000000000e+00
0.000000000000000000e+00
0.000000000000000000e+00
0.000000000000000000e+00
0.000000000000000000e+00
0.000000000000000000e+00
0.000000000000000000e+00
0.000000000000000000e+00
0.000000000000000000e+00
0.000000000000000000e+00
0.000000000000000000e+00
0.000000000000000000e+00
0.000000000000000000e+00
0.000000000000000000e+00
0.000000000000000000e+00
0.000000000000000000e+00
0.000000000000000000e+00
0.000000000000000000e+00
0.000000000000000000e+00
0.000000000000000000e+00
0.000000000000000000e+00
0.000000000000000000e+00
0.000000000000000000e+00
0.000000000000000000e+00
0.000000000000000000e+00
0.000000000000000000e+00
0.000000000000000000e+00
0.000000000000000000e+00
0.000000000000000000e+00
0.000000000000000000e+00
0.000000000000000000e+00
0.000000000000000000e+00
0.000000000000000000e+00
0.000000000000000000e+00
