# te
3.291345357894897461e+00
3.979750156402587891e+00
3.987245321273803711e+00
3.612555265426635742e+00
3.076404809951782227e+00
2.516067981719970703e+00
2.010668277740478516e+00
1.599440574645996094e+00
1.298915982246398926e+00
1.108934044837951660e+00
1.018923640251159668e+00
1.002293705940246582e+00
1.029905915260314941e+00
1.084693908691406250e+00
1.153654694557189941e+00
1.224775075912475586e+00
1.289656281471252441e+00
1.346605181694030762e+00
1.394140362739562988e+00
1.439262747764587402e+00
1.488235950469970703e+00
1.540796399116516113e+00
1.595675587654113770e+00
1.654037117958068848e+00
1.717609286308288574e+00
1.780739545822143555e+00
1.838206291198730469e+00
1.888767123222351074e+00
1.930508852005004883e+00
1.961173653602600098e+00
1.978803396224975586e+00
1.983134746551513672e+00
1.975880026817321777e+00
1.961912035942077637e+00
1.943985700607299805e+00
1.917084336280822754e+00
1.877790093421936035e+00
1.828004002571105957e+00
1.770753741264343262e+00
1.707822561264038086e+00
1.636835813522338867e+00
1.554398894309997559e+00
1.458008050918579102e+00
1.345234513282775879e+00
1.212626576423645020e+00
1.062526226043701172e+00
9.013798832893371582e-01
7.350399494171142578e-01
5.625740289688110352e-01
3.809968233108520508e-01
1.847431808710098267e-01
-3.054574690759181976e-02
-2.612582147121429443e-01
-5.036665201187133789e-01
-7.600067853927612305e-01
-1.030055522918701172e+00
-1.314207673072814941e+00
-1.612879514694213867e+00
-1.925053954124450684e+00
-2.249598503112792969e+00
-2.587298870086669922e+00
-2.939049005508422852e+00
-3.305965662002563477e+00
-3.688570737838745117e+00
-4.084946155548095703e+00
-4.492475509643554688e+00
-4.909669876098632812e+00
-5.334965705871582031e+00
-5.770217418670654297e+00
-6.217978954315185547e+00
-6.679667472839355469e+00
-7.155912876129150391e+00
-7.645858287811279297e+00
-8.148053169250488281e+00
-8.661849975585937500e+00
-9.186913490295410156e+00
-9.724455833435058594e+00
-1.027048587799072266e+01
-1.082621574401855469e+01
-1.139197826385498047e+01
-1.196682167053222656e+01
-1.255040550231933594e+01
-1.314089775085449219e+01
-1.373944377899169922e+01
-1.434502124786376953e+01
-1.495687007904052734e+01
-1.557503700256347656e+01
-1.620105552673339844e+01
-1.683200263977050781e+01
-1.746866035461425781e+01
-1.811031150817871094e+01
-1.875697135925292969e+01
-1.940717315673828125e+01
-2.006167602539062500e+01
-2.071975708007812500e+01
-2.138068580627441406e+01
-2.204225730895996094e+01
-2.270745658874511719e+01
-2.337184524536132812e+01
-2.403841400146484375e+01
-2.470495033264160156e+01
-2.537221527099609375e+01
-2.603725624084472656e+01
-2.670157623291015625e+01
-2.736444854736328125e+01
-2.802440834045410156e+01
-2.868221855163574219e+01
-2.933640480041503906e+01
-2.998550415039062500e+01
-3.063101005554199219e+01
-3.127213287353515625e+01
-3.190733718872070312e+01
-3.253582382202148438e+01
-3.315753555297851562e+01
-3.377168655395507812e+01
-3.437746429443359375e+01
-3.497557067871093750e+01
-3.556371688842773438e+01
-3.614185333251953125e+01
-3.670992279052734375e+01
-3.726712799072265625e+01
-3.781342315673828125e+01
-3.834577560424804688e+01
-3.886635971069335938e+01
-3.937438583374023438e+01
-3.986905670166015625e+01
-4.034957504272460938e+01
-4.081514739990234375e+01
-4.126497268676757812e+01
-4.170050430297851562e+01
-4.211877822875976562e+01
-4.252205276489257812e+01
-4.290589523315429688e+01
-4.327330398559570312e+01
-4.362058639526367188e+01
-4.395000457763671875e+01
-4.426009368896484375e+01
-4.455014419555664062e+01
-4.482091903686523438e+01
-4.507022094726562500e+01
-4.529881286621093750e+01
-4.550673294067382812e+01
-4.569325637817382812e+01
-4.585766983032226562e+01
-4.600000381469726562e+01
-4.611879348754882812e+01
-4.621556091308593750e+01
-4.628883743286132812e+01
-4.633643341064453125e+01
-4.636133193969726562e+01
-4.636204528808593750e+01
-4.633633804321289062e+01
-4.628642654418945312e+01
-4.621155548095703125e+01
-4.611171722412109375e+01
-4.598541259765625000e+01
-4.583337402343750000e+01
-4.565559768676757812e+01
-4.545058059692382812e+01
-4.521979904174804688e+01
-4.496324539184570312e+01
-4.467942428588867188e+01
-4.436980438232421875e+01
-4.403216171264648438e+01
-4.366795730590820312e+01
-4.327793121337890625e+01
-4.285984420776367188e+01
-4.241368103027343750e+01
-4.194092941284179688e+01
-4.143933868408203125e+01
-4.091038894653320312e+01
-4.035407638549804688e+01
-3.977038192749023438e+01
-3.915855789184570312e+01
-3.851860046386718750e+01
-3.785200881958007812e+01
-3.715732955932617188e+01
-3.643457412719726562e+01
-3.568526077270507812e+01
-3.490941238403320312e+01
-3.410556411743164062e+01
-3.327522659301757812e+01
-3.241768264770507812e+01
-3.153517723083496094e+01
-3.062476730346679688e+01
-2.968796348571777344e+01
-2.872627258300781250e+01
-2.773822975158691406e+01
-2.672609138488769531e+01
-2.568690490722656250e+01
-2.462292671203613281e+01
-2.353566169738769531e+01
-2.242290687561035156e+01
-2.128691291809082031e+01
-2.012695884704589844e+01
-1.894455528259277344e+01
-1.773897933959960938e+01
-1.651099967956542969e+01
-1.526137924194335938e+01
-1.398939990997314453e+01
-1.269656944274902344e+01
-1.138217163085937500e+01
-1.004920101165771484e+01
-8.695453643798828125e+00
-7.322217464447021484e+00
-5.929961204528808594e+00
-4.519229412078857422e+00
-3.090417146682739258e+00
-1.644439935684204102e+00
-1.813805848360061646e-01
1.297801375389099121e+00
2.793127298355102539e+00
4.303370475769042969e+00
5.827764511108398438e+00
7.366807937622070312e+00
8.918470382690429688e+00
1.048295307159423828e+01
1.206120014190673828e+01
1.364873027801513672e+01
1.524775218963623047e+01
1.685675811767578125e+01
1.847646522521972656e+01
2.010314369201660156e+01
2.173973846435546875e+01
2.338251686096191406e+01
2.503294181823730469e+01
2.668950843811035156e+01
2.835070800781250000e+01
3.001726722717285156e+01
3.168842124938964844e+01
3.336266326904296875e+01
3.503848648071289062e+01
3.671661758422851562e+01
3.839554977416992188e+01
4.007526016235351562e+01
4.175424957275390625e+01
4.343249893188476562e+01
4.510924148559570312e+01
4.678223419189453125e+01
4.845220184326171875e+01
5.011838150024414062e+01
5.177927017211914062e+01
5.343559646606445312e+01
5.508436965942382812e+01
5.672705841064453125e+01
5.836141204833984375e+01
5.998741912841796875e+01
6.160431671142578125e+01
6.321060180664062500e+01
6.480701446533203125e+01
6.639206695556640625e+01
6.796427154541015625e+01
6.952363586425781250e+01
7.107018280029296875e+01
7.260390472412109375e+01
7.411663818359375000e+01
7.562103271484375000e+01
7.710221862792968750e+01
7.857507324218750000e+01
8.001731872558593750e+01
8.145124053955078125e+01
8.286943054199218750e+01
8.426445770263671875e+01
8.562890625000000000e+01
8.698507690429687500e+01
8.831067657470703125e+01
8.962059020996093750e+01
9.090738677978515625e+01
9.217107391357421875e+01
9.341166687011718750e+01
9.462174987792968750e+01
9.581618499755859375e+01
9.697268676757812500e+01
9.811357116699218750e+01
9.921654510498046875e+01
1.003039093017578125e+02
1.013534011840820312e+02
1.023724365234375000e+02
1.033759078979492188e+02
1.043415069580078125e+02
1.052767105102539062e+02
1.061815032958984375e+02
1.070559082031250000e+02
1.078999328613281250e+02
1.087061538696289062e+02
1.094894561767578125e+02
1.102349700927734375e+02
1.109501495361328125e+02
1.116350173950195312e+02
1.122746887207031250e+02
1.128915023803710938e+02
1.134631652832031250e+02
1.140119857788085938e+02
1.145156555175781250e+02
1.149890899658203125e+02
1.154322662353515625e+02
1.158303451538085938e+02
1.161907882690429688e+02
1.165135803222656250e+02
1.168061752319335938e+02
1.170686111450195312e+02
1.172860641479492188e+02
1.174585723876953125e+02
1.176010437011718750e+02
1.177060775756835938e+02
1.177662811279296875e+02
1.178039932250976562e+02
1.177895202636718750e+02
1.177452011108398438e+02
1.176562118530273438e+02
1.175374603271484375e+02
1.173741073608398438e+02
1.171810531616210938e+02
1.169434890747070312e+02
1.166688766479492188e+02
1.163572387695312500e+02
1.160086441040039062e+02
1.156231002807617188e+02
1.152080917358398438e+02
1.147487869262695312e+02
1.142526702880859375e+02
1.137197418212890625e+02
1.131426467895507812e+02
1.125436935424804688e+02
1.118932113647460938e+02
1.112134933471679688e+02
1.105046157836914062e+02
1.097517318725585938e+02
1.089623031616210938e+02
1.081437988281250000e+02
1.072962646484375000e+02
1.064123001098632812e+02
1.054919357299804688e+02
1.045351943969726562e+02
1.035495605468750000e+02
1.025201950073242188e+02
1.014694137573242188e+02
1.003824081420898438e+02
9.927406311035156250e+01
9.812212371826171875e+01
9.694146728515625000e+01
9.573213958740234375e+01
9.449416351318359375e+01
9.322757720947265625e+01
9.193983459472656250e+01
9.061611175537109375e+01
8.926386260986328125e+01
8.788312530517578125e+01
8.648135375976562500e+01
8.505113983154296875e+01
8.359250640869140625e+01
8.212033843994140625e+01
8.061236572265625000e+01
7.908345794677734375e+01
7.754108428955078125e+01
7.597038269042968750e+01
7.438623809814453125e+01
7.277381134033203125e+01
7.114425659179687500e+01
6.949314117431640625e+01
6.782344055175781250e+01
6.613742065429687500e+01
6.443137359619140625e+01
6.271124649047851562e+01
6.097409439086914062e+01
5.922216415405273438e+01
5.745693969726562500e+01
5.567623138427734375e+01
5.388523101806640625e+01
5.208024978637695312e+01
5.026575088500976562e+01
4.843878173828125000e+01
4.660306549072265625e+01
4.475861358642578125e+01
4.290544509887695312e+01
4.104653549194335938e+01
3.917892074584960938e+01
3.730707931518554688e+01
3.542878723144531250e+01
3.354702758789062500e+01
3.166254997253417969e+01
2.977388000488281250e+01
2.788474464416503906e+01
2.599366188049316406e+01
2.410287094116210938e+01
2.221237945556640625e+01
2.032368278503417969e+01
1.843678474426269531e+01
1.655392456054687500e+01
1.467362213134765625e+01
1.279885387420654297e+01
1.092888641357421875e+01
9.065955162048339844e+00
7.208576202392578125e+00
5.360323429107666016e+00
3.519864797592163086e+00
1.688542246818542480e+00
-1.327700465917587280e-01
-1.943183422088623047e+00
-3.742100238800048828e+00
-5.528645038604736328e+00
-7.302269458770751953e+00
-9.061459541320800781e+00
-1.080708122253417969e+01
-1.253695106506347656e+01
-1.425260353088378906e+01
-1.594962787628173828e+01
-1.763030052185058594e+01
-1.929392623901367188e+01
-2.093832397460937500e+01
-2.256428527832031250e+01
-2.417037010192871094e+01
-2.575663185119628906e+01
-2.732088661193847656e+01
-2.886466979980468750e+01
-3.038728523254394531e+01
-3.188581085205078125e+01
-3.336103439331054688e+01
-3.481301498413085938e+01
-3.624030685424804688e+01
-3.764370346069335938e+01
-3.902102661132812500e+01
-4.037306213378906250e+01
-4.169763565063476562e+01
-4.299554061889648438e+01
-4.426756286621093750e+01
-4.551003646850585938e+01
-4.672450256347656250e+01
-4.791100692749023438e+01
-4.906810760498046875e+01
-5.019660186767578125e+01
-5.129356002807617188e+01
-5.236200332641601562e+01
-5.339975357055664062e+01
-5.440686416625976562e+01
-5.538188552856445312e+01
-5.632486724853515625e+01
-5.723735046386718750e+01
-5.811640167236328125e+01
-5.896429824829101562e+01
-5.977886962890625000e+01
-6.056089019775390625e+01
-6.130892181396484375e+01
-6.202376174926757812e+01
-6.270396423339843750e+01
-6.335181045532226562e+01
-6.396584701538085938e+01
-6.454463958740234375e+01
-6.509047698974609375e+01
-6.560115051269531250e+01
-6.607897186279296875e+01
-6.652177429199218750e+01
-6.693110656738281250e+01
-6.730703735351562500e+01
-6.764293670654296875e+01
-6.795300292968750000e+01
-6.821871185302734375e+01
-6.845574188232421875e+01
-6.865821075439453125e+01
-6.882691955566406250e+01
-6.895598602294921875e+01
-6.906405639648437500e+01
-6.912147521972656250e+01
-6.915801239013671875e+01
-6.915144348144531250e+01
-6.911669921875000000e+01
-6.904639434814453125e+01
-6.894804382324218750e+01
-6.881424713134765625e+01
-6.864508819580078125e+01
-6.844803619384765625e+01
-6.821573638916015625e+01
-6.795566558837890625e+01
-6.766045379638671875e+01
-6.733238983154296875e+01
-6.698119354248046875e+01
-6.658832550048828125e+01
-6.617838287353515625e+01
-6.573209381103515625e+01
-6.525322723388671875e+01
-6.474778747558593750e+01
-6.421804046630859375e+01
-6.365810394287109375e+01
-6.306952285766601562e+01
-6.245457077026367188e+01
-6.181329345703125000e+01
-6.114500808715820312e+01
-6.045124435424804688e+01
-5.973131561279296875e+01
-5.898823928833007812e+01
-5.822131347656250000e+01
-5.742910385131835938e+01
-5.661537170410156250e+01
-5.577868652343750000e+01
-5.492056655883789062e+01
-5.404032135009765625e+01
-5.314096832275390625e+01
-5.221957778930664062e+01
-5.128065109252929688e+01
-5.032273483276367188e+01
-4.934584426879882812e+01
-4.835220336914062500e+01
-4.734032440185546875e+01
-4.631393051147460938e+01
-4.527078247070312500e+01
-4.421311569213867188e+01
-4.314017868041992188e+01
-4.205494308471679688e+01
-4.095666503906250000e+01
-3.984533691406250000e+01
-3.872243881225585938e+01
-3.758945846557617188e+01
-3.644638442993164062e+01
-3.529321289062500000e+01
-3.413142395019531250e+01
-3.296175765991210938e+01
-3.178493881225585938e+01
-3.060022354125976562e+01
-2.941057395935058594e+01
-2.821598243713378906e+01
-2.701643562316894531e+01
-2.581341361999511719e+01
-2.460764884948730469e+01
-2.339838409423828125e+01
-2.218783950805664062e+01
-2.097674560546875000e+01
-1.976657676696777344e+01
-1.855583572387695312e+01
-1.734821891784667969e+01
-1.614074897766113281e+01
-1.493712329864501953e+01
-1.373732662200927734e+01
-1.254208946228027344e+01
-1.135214042663574219e+01
-1.016746234893798828e+01
-8.989527702331542969e+00
-7.819064140319824219e+00
-6.656797885894775391e+00
-5.503456115722656250e+00
-4.359022617340087891e+00
-3.225709438323974609e+00
-2.103054285049438477e+00
-9.920059442520141602e-01
1.068584248423576355e-01
1.192515850067138672e+00
2.264686822891235352e+00
3.322348833084106445e+00
4.364820957183837891e+00
5.391541481018066406e+00
6.401931762695312500e+00
7.394985675811767578e+00
8.370573043823242188e+00
9.327966690063476562e+00
1.026644325256347656e+01
1.118594360351562500e+01
1.208477592468261719e+01
1.296362876892089844e+01
1.382184886932373047e+01
1.465804100036621094e+01
1.547230052947998047e+01
1.626397132873535156e+01
1.703463172912597656e+01
1.777917480468750000e+01
1.850140380859375000e+01
1.919844055175781250e+01
1.987111663818359375e+01
2.051803588867187500e+01
2.114151763916015625e+01
2.173645401000976562e+01
2.230516242980957031e+01
2.284773254394531250e+01
2.336202430725097656e+01
2.384961318969726562e+01
2.430836105346679688e+01
2.473983955383300781e+01
2.514265251159667969e+01
2.551614761352539062e+01
2.586115074157714844e+01
2.617552375793457031e+01
2.646157836914062500e+01
2.671717834472656250e+01
2.694166374206542969e+01
2.713660430908203125e+01
2.730060386657714844e+01
2.743374443054199219e+01
2.753610992431640625e+01
2.760629844665527344e+01
2.764587974548339844e+01
2.765419769287109375e+01
2.763058471679687500e+01
2.757438659667968750e+01
2.748790740966796875e+01
2.736826133728027344e+01
2.721775245666503906e+01
2.703423881530761719e+01
2.681927871704101562e+01
2.657221221923828125e+01
2.629385566711425781e+01
2.598280525207519531e+01
2.563987922668457031e+01
2.526442527770996094e+01
2.485876464843750000e+01
2.442075729370117188e+01
2.395123672485351562e+01
2.345029067993164062e+01
2.291800880432128906e+01
2.235447692871093750e+01
2.175978469848632812e+01
2.113401603698730469e+01
2.047800064086914062e+01
1.979256439208984375e+01
1.907556343078613281e+01
1.832856750488281250e+01
1.755240058898925781e+01
1.674714469909667969e+01
1.591288089752197266e+01
1.504894542694091797e+01
1.415839004516601562e+01
1.323906517028808594e+01
1.229178810119628906e+01
1.131663799285888672e+01
1.031591892242431641e+01
9.288219451904296875e+00
8.233615875244140625e+00
7.153664112091064453e+00
6.048439025878906250e+00
4.918011665344238281e+00
3.763195514678955078e+00
2.583317518234252930e+00
1.381419062614440918e+00
1.553391218185424805e-01
-1.092625856399536133e+00
-2.362409591674804688e+00
-3.653574466705322266e+00
-4.965387821197509766e+00
-6.298379421234130859e+00
-7.650331497192382812e+00
-9.022148132324218750e+00
-1.041217231750488281e+01
-1.182037448883056641e+01
-1.324592018127441406e+01
-1.468826770782470703e+01
-1.614668846130371094e+01
-1.762082672119140625e+01
-1.910996055603027344e+01
-2.061388206481933594e+01
-2.213060760498046875e+01
-2.366082572937011719e+01
-2.520299720764160156e+01
-2.675707817077636719e+01
-2.832233238220214844e+01
-2.989729118347167969e+01
-3.148123168945312500e+01
-3.307491683959960938e+01
-3.467687225341796875e+01
-3.628563308715820312e+01
-3.790197372436523438e+01
-3.952441787719726562e+01
-4.115225219726562500e+01
-4.278400802612304688e+01
-4.442120361328125000e+01
-4.606236648559570312e+01
-4.770529556274414062e+01
-4.935076522827148438e+01
-5.099730300903320312e+01
-5.264494705200195312e+01
-5.429297637939453125e+01
-5.593993759155273438e+01
-5.758436203002929688e+01
-5.922777557373046875e+01
-6.086871337890625000e+01
-6.250497817993164062e+01
-6.413734436035156250e+01
-6.576509857177734375e+01
-6.738603973388671875e+01
-6.900095367431640625e+01
-7.060910797119140625e+01
-7.220906829833984375e+01
-7.380084991455078125e+01
-7.538227844238281250e+01
-7.695484924316406250e+01
-7.851787567138671875e+01
-8.006913757324218750e+01
-8.160868835449218750e+01
-8.312762451171875000e+01
-8.463716125488281250e+01
-8.613507080078125000e+01
-8.761396789550781250e+01
-8.908131408691406250e+01
-9.052972412109375000e+01
-9.195922088623046875e+01
-9.337728881835937500e+01
-9.476908111572265625e+01
-9.614207458496093750e+01
-9.751116180419921875e+01
-9.884665679931640625e+01
-1.001634597778320312e+02
-1.014541702270507812e+02
-1.027262496948242188e+02
-1.039797592163085938e+02
-1.051999511718750000e+02
-1.064166564941406250e+02
-1.075928573608398438e+02
-1.087435379028320312e+02
-1.098762588500976562e+02
-1.109837036132812500e+02
-1.120511474609375000e+02
-1.131084365844726562e+02
-1.141333923339843750e+02
-1.151261444091796875e+02
-1.161016769409179688e+02
-1.170378265380859375e+02
-1.179495697021484375e+02
-1.188370361328125000e+02
-1.196929168701171875e+02
-1.205098876953125000e+02
-1.213103713989257812e+02
-1.220647735595703125e+02
-1.228029327392578125e+02
-1.234952545166015625e+02
-1.241567001342773438e+02
-1.247948226928710938e+02
-1.254023361206054688e+02
-1.259718933105468750e+02
-1.265036315917968750e+02
-1.270125198364257812e+02
-1.274838104248046875e+02
-1.279250717163085938e+02
-1.283289642333984375e+02
-1.286956176757812500e+02
-1.290251159667968750e+02
-1.293324584960937500e+02
-1.295880432128906250e+02
-1.298291168212890625e+02
-1.300186462402343750e+02
-1.301864471435546875e+02
-1.303029174804687500e+02
-1.303904571533203125e+02
-1.304491729736328125e+02
-1.304717407226562500e+02
-1.304508361816406250e+02
-1.304014282226562500e+02
-1.303087463378906250e+02
-1.301951904296875000e+02
-1.300237121582031250e+02
-1.298315582275390625e+02
-1.296039733886718750e+02
-1.293484954833984375e+02
-1.290503540039062500e+02
-1.287170715332031250e+02
-1.283413238525390625e+02
-1.279380874633789062e+02
-1.274925918579101562e+02
-1.270198059082031250e+02
-1.265124053955078125e+02
-1.259630584716796875e+02
-1.253793106079101562e+02
-1.247686538696289062e+02
-1.241238021850585938e+02
-1.234448089599609375e+02
-1.227318038940429688e+02
-1.219848632812500000e+02
-1.212115097045898438e+02
-1.203969879150390625e+02
-1.195562438964843750e+02
-1.186819305419921875e+02
-1.177667160034179688e+02
-1.168329772949218750e+02
-1.158659286499023438e+02
-1.148656692504882812e+02
-1.138248596191406250e+02
-1.127658691406250000e+02
-1.116813354492187500e+02
-1.105639266967773438e+02
-1.094211425781250000e+02
-1.082456359863281250e+02
-1.070374908447265625e+02
-1.058116378784179688e+02
-1.045532913208007812e+02
-1.032773895263671875e+02
-1.019840087890625000e+02
-1.006509246826171875e+02
-9.929306793212890625e+01
-9.791794586181640625e+01
-9.649590301513671875e+01
-9.506415557861328125e+01
-9.361534881591796875e+01
-9.214954376220703125e+01
-9.065195465087890625e+01
-8.913005065917968750e+01
-8.759877014160156250e+01
-8.603589630126953125e+01
-8.446376037597656250e+01
-8.286757659912109375e+01
-8.126225280761718750e+01
-7.963299560546875000e+01
-7.799472045898437500e+01
-7.634004211425781250e+01
-7.466903686523437500e+01
-7.298915863037109375e+01
-7.127811431884765625e+01
-6.957304382324218750e+01
-6.784419250488281250e+01
-6.610641479492187500e+01
-6.435968017578125000e+01
-6.260396194458007812e+01
-6.083182525634765625e+01
-5.905808258056640625e+01
-5.726786422729492188e+01
-5.546931076049804688e+01
-5.366685867309570312e+01
-5.185973739624023438e+01
-5.004568481445312500e+01
-4.822690200805664062e+01
-4.640336608886718750e+01
-4.457577896118164062e+01
-4.274486541748046875e+01
-4.091132736206054688e+01
-3.907514190673828125e+01
-3.723923873901367188e+01
-3.540210342407226562e+01
-3.356444931030273438e+01
-3.172697830200195312e+01
-2.989188957214355469e+01
-2.805840492248535156e+01
-2.622871398925781250e+01
-2.440204238891601562e+01
-2.257983970642089844e+01
-2.076429748535156250e+01
-1.895389366149902344e+01
-1.715007400512695312e+01
-1.535354709625244141e+01
-1.356427383422851562e+01
-1.178370475769042969e+01
-1.001180076599121094e+01
-8.250007629394531250e+00
-6.498290538787841797e+00
-4.756608963012695312e+00
-3.027153015136718750e+00
-1.311372041702270508e+00
3.937459290027618408e-01
2.082294464111328125e+00
3.758027315139770508e+00
5.418010711669921875e+00
7.061763286590576172e+00
8.689620018005371094e+00
1.029968643188476562e+01
1.189261913299560547e+01
1.346734619140625000e+01
1.502332115173339844e+01
1.656027221679687500e+01
1.807759094238281250e+01
1.957400321960449219e+01
2.105061149597167969e+01
2.250569534301757812e+01
2.393864631652832031e+01
2.534959793090820312e+01
2.673943328857421875e+01
2.810530853271484375e+01
2.944736099243164062e+01
3.076646804809570312e+01
3.206053161621093750e+01
3.333042526245117188e+01
3.457405853271484375e+01
3.579229354858398438e+01
3.698453140258789062e+01
3.815089416503906250e+01
3.929076385498046875e+01
4.040353393554687500e+01
4.148859024047851562e+01
4.254679489135742188e+01
4.357679748535156250e+01
4.457796859741210938e+01
4.555192565917968750e+01
4.649731063842773438e+01
4.741275024414062500e+01
4.829912185668945312e+01
4.915653610229492188e+01
4.998437500000000000e+01
5.078126907348632812e+01
5.154808425903320312e+01
5.228344726562500000e+01
5.298970794677734375e+01
5.366400909423828125e+01
5.430720138549804688e+01
5.491941070556640625e+01
5.549999237060546875e+01
5.604906845092773438e+01
5.656525802612304688e+01
5.705090332031250000e+01
5.750536727905273438e+01
5.792726516723632812e+01
5.831670761108398438e+01
5.867602539062500000e+01
5.900236129760742188e+01
5.929729080200195312e+01
5.956017684936523438e+01
5.979037475585937500e+01
5.998946762084960938e+01
6.015607833862304688e+01
6.029104995727539062e+01
6.039377212524414062e+01
6.046435546875000000e+01
6.050291442871093750e+01
6.050956344604492188e+01
6.048441314697265625e+01
6.042832565307617188e+01
6.033992004394531250e+01
6.022153091430664062e+01
6.007104110717773438e+01
5.989004135131835938e+01
5.967788696289062500e+01
5.943617630004882812e+01
5.916426849365234375e+01
5.886151504516601562e+01
5.853025054931640625e+01
5.816833877563476562e+01
5.777735519409179688e+01
5.735667037963867188e+01
5.690711212158203125e+01
5.642950820922851562e+01
5.592396926879882812e+01
5.538982009887695312e+01
5.482790374755859375e+01
5.423979187011718750e+01
5.362408447265625000e+01
5.298160934448242188e+01
5.231393814086914062e+01
5.161966323852539062e+01
5.090034866333007812e+01
5.015608215332031250e+01
4.938767623901367188e+01
4.859595489501953125e+01
4.777877044677734375e+01
4.693915939331054688e+01
4.607645416259765625e+01
4.519147491455078125e+01
4.428429031372070312e+01
4.335570907592773438e+01
4.240580749511718750e+01
4.143539047241210938e+01
4.044526672363281250e+01
3.943476104736328125e+01
3.840542221069335938e+01
3.735731506347656250e+01
3.629198455810546875e+01
3.520875549316406250e+01
3.410916519165039062e+01
3.299253463745117188e+01
3.186039352416992188e+01
3.071347236633300781e+01
2.955100250244140625e+01
2.837444496154785156e+01
2.718377304077148438e+01
2.597895240783691406e+01
2.476218605041503906e+01
2.353195953369140625e+01
2.228972434997558594e+01
2.103767776489257812e+01
1.977356338500976562e+01
1.849957084655761719e+01
1.721566963195800781e+01
1.592331123352050781e+01
1.462171363830566406e+01
1.331233119964599609e+01
1.199512386322021484e+01
1.067080020904541016e+01
9.340806961059570312e+00
8.003621101379394531e+00
6.661430835723876953e+00
5.314940929412841797e+00
3.963368654251098633e+00
2.607416391372680664e+00
1.249272584915161133e+00
-1.118466481566429138e-01
-1.474497079849243164e+00
-2.838868856430053711e+00
-4.203667163848876953e+00
-5.569083213806152344e+00
-6.934416294097900391e+00
-8.298669815063476562e+00
-9.661786079406738281e+00
-1.102306938171386719e+01
-1.238211441040039062e+01
-1.373795127868652344e+01
-1.509069728851318359e+01
-1.643920898437500000e+01
-1.778219032287597656e+01
-1.912110137939453125e+01
-2.045397758483886719e+01
-2.178086280822753906e+01
-2.310105895996093750e+01
-2.441312789916992188e+01
-2.571785163879394531e+01
-2.701379013061523438e+01
-2.830172920227050781e+01
-2.957874488830566406e+01
-3.084636116027832031e+01
-3.210388183593750000e+01
-3.334913253784179688e+01
-3.458298110961914062e+01
-3.580555343627929688e+01
-3.701549530029296875e+01
-3.821145248413085938e+01
-3.939505004882812500e+01
-4.056491851806640625e+01
-4.172045516967773438e+01
-4.286178207397460938e+01
-4.398829650878906250e+01
-4.509937667846679688e+01
-4.619663619995117188e+01
-4.727649307250976562e+01
-4.834129714965820312e+01
-4.938894653320312500e+01
-5.042031097412109375e+01
-5.143477630615234375e+01
-5.243171691894531250e+01
-5.341126251220703125e+01
-5.437278747558593750e+01
-5.531641769409179688e+01
-5.624152755737304688e+01
-5.714527130126953125e+01
-5.803147506713867188e+01
-5.889505767822265625e+01
-5.974060440063476562e+01
-6.056598663330078125e+01
-6.136984634399414062e+01
-6.215452194213867188e+01
-6.291789627075195312e+01
-6.365859985351562500e+01
-6.438195037841796875e+01
-6.508283996582031250e+01
-6.576139068603515625e+01
-6.641918945312500000e+01
-6.705560302734375000e+01
-6.766999816894531250e+01
-6.826247406005859375e+01
-6.882942199707031250e+01
-6.937614440917968750e+01
-6.989753723144531250e+01
-7.039816284179687500e+01
-7.087365722656250000e+01
-7.132782745361328125e+01
-7.176078796386718750e+01
-7.216518402099609375e+01
-7.255597686767578125e+01
-7.291839599609375000e+01
-7.325252532958984375e+01
-7.356589508056640625e+01
-7.385859680175781250e+01
-7.412329864501953125e+01
-7.436754608154296875e+01
-7.459144592285156250e+01
-7.478767395019531250e+01
-7.496376800537109375e+01
-7.511240386962890625e+01
-7.524111175537109375e+01
-7.534255981445312500e+01
-7.542427825927734375e+01
-7.547895050048828125e+01
-7.551408386230468750e+01
-7.552236175537109375e+01
-7.551872253417968750e+01
-7.548841094970703125e+01
-7.543150329589843750e+01
-7.534811401367187500e+01
-7.524574279785156250e+01
-7.513191223144531250e+01
-7.499185180664062500e+01
-7.482563781738281250e+01
-7.463336944580078125e+01
-7.442253875732421875e+01
-7.419322967529296875e+01
-7.394554138183593750e+01
-7.367210388183593750e+01
-7.338785552978515625e+01
-7.306314849853515625e+01
-7.273522186279296875e+01
-7.238927459716796875e+01
-7.201795196533203125e+01
-7.162874603271484375e+01
-7.122174072265625000e+01
-7.079698944091796875e+01
-7.034713745117187500e+01
-6.989453125000000000e+01
-6.940208435058593750e+01
-6.890702056884765625e+01
-6.838710021972656250e+01
-6.786467742919921875e+01
-6.731008911132812500e+01
-6.674568176269531250e+01
-6.616408538818359375e+01
-6.557278442382812500e+01
-6.497182464599609375e+01
-6.434641265869140625e+01
-6.370402145385742188e+01
-6.305213546752929688e+01
-6.239080047607421875e+01
-6.171262741088867188e+01
-6.102287292480468750e+01
-6.031928253173828125e+01
-5.960481643676757812e+01
-5.887795639038085938e+01
-5.814091873168945312e+01
-5.739218139648437500e+01
-5.663321685791015625e+01
-5.586473464965820312e+01
-5.508595657348632812e+01
-5.429835510253906250e+01
-5.350115585327148438e+01
-5.269654846191406250e+01
-5.188228225708007812e+01
-5.106129455566406250e+01
-5.023355484008789062e+01
-4.939828872680664062e+01
-4.855694961547851562e+01
-4.770801162719726562e+01
-4.685441589355468750e+01
-4.599539184570312500e+01
-4.513014602661132812e+01
-4.426162719726562500e+01
-4.338905334472656250e+01
-4.251238250732421875e+01
-4.163158035278320312e+01
-4.074883651733398438e+01
-3.986337661743164062e+01
-3.897663879394531250e+01
-3.808710479736328125e+01
-3.719696044921875000e+01
-3.630691146850585938e+01
-3.541543579101562500e+01
-3.452471923828125000e+01
-3.363397979736328125e+01
-3.274391555786132812e+01
-3.185672187805175781e+01
-3.096938705444335938e+01
-3.008557891845703125e+01
-2.920303535461425781e+01
-2.832468795776367188e+01
-2.744900894165039062e+01
-2.657744216918945312e+01
-2.571069335937500000e+01
-2.484872245788574219e+01
-2.399148941040039062e+01
-2.313969802856445312e+01
-2.229405403137207031e+01
-2.145451736450195312e+01
-2.062253570556640625e+01
-1.979732513427734375e+01
-1.897958183288574219e+01
-1.816992950439453125e+01
-1.736898994445800781e+01
-1.657514762878417969e+01
-1.579050731658935547e+01
-1.501568317413330078e+01
-1.424906826019287109e+01
-1.349276256561279297e+01
-1.274590206146240234e+01
-1.201059341430664062e+01
-1.128448200225830078e+01
-1.056967639923095703e+01
-9.866054534912109375e+00
-9.173496246337890625e+00
-8.491881370544433594e+00
-7.822576522827148438e+00
-7.165462493896484375e+00
-6.519680023193359375e+00
-5.888084411621093750e+00
-5.267586231231689453e+00
-4.661043167114257812e+00
-4.067598342895507812e+00
-3.487137556076049805e+00
-2.920663595199584961e+00
-2.367990255355834961e+00
-1.829750537872314453e+00
-1.305388689041137695e+00
-7.954652309417724609e-01
-3.000954985618591309e-01
1.805296540260314941e-01
6.462183594703674316e-01
1.096777677536010742e+00
1.532162070274353027e+00
1.952079892158508301e+00
2.356550216674804688e+00
2.745234251022338867e+00
3.118104696273803711e+00
3.474886894226074219e+00
3.815751552581787109e+00
4.140347957611083984e+00
4.448843479156494141e+00
4.740886211395263672e+00
5.016565799713134766e+00
5.275899410247802734e+00
5.518677234649658203e+00
5.744542121887207031e+00
5.953876495361328125e+00
6.145353317260742188e+00
6.321286201477050781e+00
6.480195999145507812e+00
6.621425151824951172e+00
6.746556758880615234e+00
6.854207038879394531e+00
6.945215702056884766e+00
7.018939495086669922e+00
7.076218128204345703e+00
7.115659236907958984e+00
7.139587402343750000e+00
7.146607398986816406e+00
7.136067390441894531e+00
7.108800411224365234e+00
7.065637588500976562e+00
7.006666660308837891e+00
6.930485725402832031e+00
6.837922573089599609e+00
6.729059219360351562e+00
6.604720592498779297e+00
6.463500499725341797e+00
6.307706832885742188e+00
6.135187149047851562e+00
5.947504043579101562e+00
5.743245124816894531e+00
5.525455951690673828e+00
5.290493011474609375e+00
5.040656089782714844e+00
4.776757240295410156e+00
4.497377872467041016e+00
4.204070568084716797e+00
3.895414590835571289e+00
3.573702335357666016e+00
3.237510919570922852e+00
2.888386964797973633e+00
2.524161338806152344e+00
2.147865295410156250e+00
1.758069872856140137e+00
1.355574488639831543e+00
9.396907687187194824e-01
5.112156867980957031e-01
7.020181417465209961e-02
-3.818133771419525146e-01
-8.462659716606140137e-01
-1.320877432823181152e+00
-1.808795094490051270e+00
-2.306183099746704102e+00
-2.814629316329956055e+00
-3.332381248474121094e+00
-3.860955238342285156e+00
-4.399640083312988281e+00
-4.947502613067626953e+00
-5.504651069641113281e+00
-6.070906639099121094e+00
-6.646057128906250000e+00
-7.229452133178710938e+00
-7.821040630340576172e+00
-8.420695304870605469e+00
-9.027821540832519531e+00
-9.642399787902832031e+00
-1.026403808593750000e+01
-1.089249324798583984e+01
-1.152741432189941406e+01
-1.216862010955810547e+01
-1.281561756134033203e+01
-1.346843624114990234e+01
-1.412680530548095703e+01
-1.479023742675781250e+01
-1.545831680297851562e+01
-1.613107299804687500e+01
-1.680816841125488281e+01
-1.748881530761718750e+01
-1.817394065856933594e+01
-1.886194038391113281e+01
-1.955284881591796875e+01
-2.024670219421386719e+01
-2.094279098510742188e+01
-2.164040756225585938e+01
-2.234032821655273438e+01
-2.304110527038574219e+01
-2.374351692199707031e+01
-2.444611358642578125e+01
-2.515041732788085938e+01
-2.585349273681640625e+01
-2.655686187744140625e+01
-2.725982284545898438e+01
-2.796240997314453125e+01
-2.866317558288574219e+01
-2.936289596557617188e+01
-3.006012916564941406e+01
-3.075639724731445312e+01
-3.144876289367675781e+01
-3.213949203491210938e+01
-3.282714462280273438e+01
-3.351174545288085938e+01
-3.419334411621093750e+01
-3.486825180053710938e+01
-3.554097366333007812e+01
-3.620708084106445312e+01
-3.686958312988281250e+01
-3.752629089355468750e+01
-3.817798233032226562e+01
-3.882320404052734375e+01
-3.946200561523437500e+01
-4.009375000000000000e+01
-4.072003173828125000e+01
-4.133874511718750000e+01
-4.195147705078125000e+01
-4.255538177490234375e+01
-4.315130996704101562e+01
-4.374159622192382812e+01
-4.432190704345703125e+01
-4.489531326293945312e+01
-4.545970535278320312e+01
-4.601519012451171875e+01
-4.656261825561523438e+01
-4.709987258911132812e+01
-4.762854385375976562e+01
-4.814725494384765625e+01
-4.865685653686523438e+01
-4.915596771240234375e+01
-4.964617538452148438e+01
-5.012535858154296875e+01
-5.059510803222656250e+01
-5.105329132080078125e+01
-5.150075531005859375e+01
-5.193835067749023438e+01
-5.236393737792968750e+01
-5.277910614013671875e+01
-5.318320846557617188e+01
-5.357411575317382812e+01
-5.395489120483398438e+01
-5.432340621948242188e+01
-5.467974853515625000e+01
-5.502476119995117188e+01
-5.535629653930664062e+01
-5.567668914794921875e+01
-5.598452377319335938e+01
-5.627841567993164062e+01
-5.656068038940429688e+01
-5.682990646362304688e+01
-5.708694076538085938e+01
-5.733185195922851562e+01
-5.756249618530273438e+01
-5.778045272827148438e+01
-5.798503494262695312e+01
-5.817634963989257812e+01
-5.835371017456054688e+01
-5.851942825317382812e+01
-5.867061233520507812e+01
-5.880807495117187500e+01
-5.893188476562500000e+01
-5.904212188720703125e+01
-5.913885498046875000e+01
-5.922143554687500000e+01
-5.929069900512695312e+01
-5.934672927856445312e+01
-5.938888168334960938e+01
-5.941873550415039062e+01
-5.943339157104492188e+01
-5.943295669555664062e+01
-5.942121887207031250e+01
-5.939454650878906250e+01
-5.935525512695312500e+01
-5.930119705200195312e+01
-5.923616790771484375e+01
-5.915578842163085938e+01
-5.906161880493164062e+01
-5.895596694946289062e+01
-5.883668136596679688e+01
-5.870382690429687500e+01
-5.855748367309570312e+01
-5.839920806884765625e+01
-5.822757720947265625e+01
-5.804341125488281250e+01
-5.784677505493164062e+01
-5.763698959350585938e+01
-5.741559982299804688e+01
-5.718119049072265625e+01
-5.693531036376953125e+01
-5.667727279663085938e+01
-5.640713882446289062e+01
-5.612570190429687500e+01
-5.583155441284179688e+01
-5.552547073364257812e+01
-5.520900726318359375e+01
-5.488071823120117188e+01
-5.454141235351562500e+01
-5.419113540649414062e+01
-5.382993316650390625e+01
-5.345860290527343750e+01
-5.307570648193359375e+01
-5.268425369262695312e+01
-5.228207015991210938e+01
-5.186993789672851562e+01
-5.144790267944335938e+01
-5.101749801635742188e+01
-5.057652282714843750e+01
-5.012799453735351562e+01
-4.966972732543945312e+01
-4.920249938964843750e+01
-4.872709274291992188e+01
-4.824353790283203125e+01
-4.775186538696289062e+01
-4.725281906127929688e+01
-4.674562835693359375e+01
-4.623103332519531250e+01
-4.570901107788085938e+01
-4.518103790283203125e+01
-4.464560317993164062e+01
-4.410343933105468750e+01
-4.355451583862304688e+01
-4.300030899047851562e+01
-4.243930435180664062e+01
-4.187223434448242188e+01
-4.129981231689453125e+01
-4.072127532958984375e+01
-4.013808441162109375e+01
-3.955021286010742188e+01
-3.895838546752929688e+01
-3.836034774780273438e+01
-3.775904083251953125e+01
-3.715370178222656250e+01
-3.654430007934570312e+01
-3.593155288696289062e+01
-3.531543350219726562e+01
-3.469591522216796875e+01
-3.407370758056640625e+01
-3.344878768920898438e+01
-3.282112121582031250e+01
-3.219217300415039062e+01
-3.155967712402343750e+01
-3.092732048034667969e+01
-3.029210090637207031e+01
-2.965621948242187500e+01
-2.901889991760253906e+01
-2.838085365295410156e+01
-2.774279594421386719e+01
-2.710544204711914062e+01
-2.646652221679687500e+01
-2.582972717285156250e+01
-2.519130897521972656e+01
-2.455495262145996094e+01
-2.392062759399414062e+01
-2.328681564331054688e+01
-2.265348434448242188e+01
-2.202283287048339844e+01
-2.139483070373535156e+01
-2.076796150207519531e+01
-2.014219474792480469e+01
-1.952195739746093750e+01
-1.890350341796875000e+01
-1.828829002380371094e+01
-1.767776489257812500e+01
-1.707183837890625000e+01
-1.646818733215332031e+01
-1.586819744110107422e+01
-1.527326107025146484e+01
-1.468402671813964844e+01
-1.409816551208496094e+01
-1.351707267761230469e+01
-1.293990802764892578e+01
-1.236880779266357422e+01
-1.180367755889892578e+01
-1.124368286132812500e+01
-1.068872928619384766e+01
-1.013946819305419922e+01
-9.596551895141601562e+00
-9.059146881103515625e+00
-8.528648376464843750e+00
-8.004224777221679688e+00
-7.486528873443603516e+00
-6.974731922149658203e+00
-6.470973491668701172e+00
-5.973681926727294922e+00
-5.484257698059082031e+00
-5.001129150390625000e+00
-4.525698184967041016e+00
-4.058624744415283203e+00
-3.598339796066284180e+00
-3.146248102188110352e+00
-2.702491760253906250e+00
-2.266544580459594727e+00
-1.838773369789123535e+00
-1.419322967529296875e+00
-1.008413553237915039e+00
-6.060429811477661133e-01
-2.124333232641220093e-01
1.725641638040542603e-01
5.485768914222717285e-01
9.156771898269653320e-01
1.273564934730529785e+00
1.622339963912963867e+00
1.961737036705017090e+00
2.291809558868408203e+00
2.612371921539306641e+00
2.923371553421020508e+00
3.224746465682983398e+00
3.516486644744873047e+00
3.798431873321533203e+00
4.070494651794433594e+00
4.332736015319824219e+00
4.584991931915283203e+00
4.827399730682373047e+00
5.059518337249755859e+00
5.281579494476318359e+00
5.493738651275634766e+00
5.695704936981201172e+00
5.887632369995117188e+00
6.069524288177490234e+00
6.241085529327392578e+00
6.402541637420654297e+00
6.553668975830078125e+00
6.695284366607666016e+00
6.825231552124023438e+00
6.946551799774169922e+00
7.057086944580078125e+00
7.158391952514648438e+00
7.248304367065429688e+00
7.329119682312011719e+00
7.400904655456542969e+00
7.460748195648193359e+00
7.511686325073242188e+00
7.553038120269775391e+00
7.584119796752929688e+00
7.605733394622802734e+00
7.617196083068847656e+00
7.619305133819580078e+00
7.612116813659667969e+00
7.594201087951660156e+00
7.567838191986083984e+00
7.532338619232177734e+00
7.487010002136230469e+00
7.431902885437011719e+00
7.368551254272460938e+00
7.297003746032714844e+00
7.214334487915039062e+00
7.124303340911865234e+00
7.024726867675781250e+00
6.916391849517822266e+00
6.800082206726074219e+00
6.675096988677978516e+00
6.542219638824462891e+00
6.400002956390380859e+00
6.250714778900146484e+00
6.092162609100341797e+00
5.926612377166748047e+00
5.753356456756591797e+00
5.571685791015625000e+00
5.383120059967041016e+00
5.186948299407958984e+00
4.983945369720458984e+00
4.773399353027343750e+00
4.555333614349365234e+00
4.331236839294433594e+00
4.101103782653808594e+00
3.863443613052368164e+00
3.619735717773437500e+00
3.369230031967163086e+00
3.112661838531494141e+00
2.850765466690063477e+00
2.582045793533325195e+00
2.307235240936279297e+00
2.027066707611083984e+00
1.740785360336303711e+00
1.449865221977233887e+00
1.153550744056701660e+00
8.518281579017639160e-01
5.461699366569519043e-01
2.343320697546005249e-01
-8.161993324756622314e-02
-4.021476209163665771e-01
-7.268956303596496582e-01
-1.055286288261413574e+00
-1.388525724411010742e+00
-1.725442767143249512e+00
-2.066129684448242188e+00
-2.410307884216308594e+00
-2.757921934127807617e+00
-3.108768463134765625e+00
-3.462569475173950195e+00
-3.819270849227905273e+00
-4.178670406341552734e+00
-4.540565490722656250e+00
-4.904827594757080078e+00
-5.271255970001220703e+00
-5.639797210693359375e+00
-6.010101318359375000e+00
-6.382004261016845703e+00
-6.755579948425292969e+00
-7.130471229553222656e+00
-7.506462574005126953e+00
-7.883404254913330078e+00
-8.261104583740234375e+00
-8.639309883117675781e+00
-9.018116950988769531e+00
-9.397101402282714844e+00
-9.775916099548339844e+00
-1.015465545654296875e+01
-1.053304386138916016e+01
-1.091073417663574219e+01
-1.128781986236572266e+01
-1.166402816772460938e+01
-1.203909015655517578e+01
-1.241285228729248047e+01
-1.278553771972656250e+01
-1.315707588195800781e+01
-1.352627944946289062e+01
-1.389456176757812500e+01
-1.426125431060791016e+01
-1.462494850158691406e+01
-1.498720264434814453e+01
-1.534735012054443359e+01
-1.570472145080566406e+01
-1.606013107299804688e+01
-1.641291427612304688e+01
-1.676313972473144531e+01
-1.711013793945312500e+01
-1.745397949218750000e+01
-1.779474067687988281e+01
-1.813248443603515625e+01
-1.846728897094726562e+01
-1.879847526550292969e+01
-1.912611579895019531e+01
-1.945027732849121094e+01
-1.977103042602539062e+01
-2.008695220947265625e+01
-2.039959907531738281e+01
-2.070829010009765625e+01
-2.101235198974609375e+01
-2.131259155273437500e+01
-2.160758399963378906e+01
-2.189888191223144531e+01
-2.218505859375000000e+01
-2.246692276000976562e+01
-2.274378776550292969e+01
-2.301571655273437500e+01
-2.328276824951171875e+01
-2.354425811767578125e+01
-2.380172920227050781e+01
-2.405301284790039062e+01
-2.429890441894531250e+01
-2.454020309448242188e+01
-2.477547836303710938e+01
-2.500403976440429688e+01
-2.522817039489746094e+01
-2.544791984558105469e+01
-2.566036796569824219e+01
-2.586705017089843750e+01
-2.606653022766113281e+01
-2.626183128356933594e+01
-2.645076560974121094e+01
-2.663264083862304688e+01
-2.680973434448242188e+01
-2.697913932800292969e+01
-2.714167022705078125e+01
-2.730037117004394531e+01
-2.745010185241699219e+01
-2.759465408325195312e+01
-2.773259925842285156e+01
-2.786475372314453125e+01
-2.798968887329101562e+01
-2.810821533203125000e+01
-2.822113609313964844e+01
-2.832777023315429688e+01
-2.842669105529785156e+01
-2.851944732666015625e+01
-2.860609436035156250e+01
-2.868743133544921875e+01
-2.876054382324218750e+01
-2.882845878601074219e+01
-2.888900375366210938e+01
-2.894297218322753906e+01
-2.899189949035644531e+01
-2.903361320495605469e+01
-2.906890678405761719e+01
-2.909782409667968750e+01
-2.912041854858398438e+01
-2.913673210144042969e+01
-2.914681625366210938e+01
-2.915071105957031250e+01
-2.914846611022949219e+01
-2.913937377929687500e+01
-2.912422752380371094e+01
-2.910454940795898438e+01
-2.907741165161132812e+01
-2.904507827758789062e+01
-2.900684547424316406e+01
-2.896126747131347656e+01
-2.891060638427734375e+01
-2.885489845275878906e+01
-2.879194831848144531e+01
-2.872402381896972656e+01
-2.865115165710449219e+01
-2.857187843322753906e+01
-2.848698234558105469e+01
-2.839797592163085938e+01
-2.830191612243652344e+01
-2.820180892944335938e+01
-2.809618759155273438e+01
-2.798582839965820312e+01
-2.786926841735839844e+01
-2.774876403808593750e+01
-2.762284660339355469e+01
-2.749226760864257812e+01
-2.735776710510253906e+01
-2.721786689758300781e+01
-2.707330131530761719e+01
-2.692407417297363281e+01
-2.677166748046875000e+01
-2.661385154724121094e+01
-2.645210838317871094e+01
-2.628568840026855469e+01
-2.611459159851074219e+01
-2.594029617309570312e+01
-2.576205635070800781e+01
-2.557912063598632812e+01
-2.539371109008789062e+01
-2.520359230041503906e+01
-2.501024436950683594e+01
-2.481365585327148438e+01
-2.461307525634765625e+01
-2.440998268127441406e+01
-2.420287704467773438e+01
-2.399323844909667969e+01
-2.378031349182128906e+01
-2.356483268737792969e+01
-2.334603881835937500e+01
-2.312541198730468750e+01
-2.290145111083984375e+01
-2.267562866210937500e+01
-2.244719123840332031e+01
-2.221537971496582031e+01
-2.198315620422363281e+01
-2.174753379821777344e+01
-2.151072883605957031e+01
-2.127198028564453125e+01
-2.103053474426269531e+01
-2.078934860229492188e+01
-2.054543495178222656e+01
-2.030026435852050781e+01
-2.005456542968750000e+01
-1.980757904052734375e+01
-1.955854797363281250e+01
-1.931043052673339844e+01
-1.906023406982421875e+01
-1.881017684936523438e+01
-1.855949974060058594e+01
-1.830818557739257812e+01
-1.805696105957031250e+01
-1.780581283569335938e+01
-1.755323791503906250e+01
-1.730219459533691406e+01
-1.705191612243652344e+01
-1.680011940002441406e+01
-1.655046463012695312e+01
-1.630066108703613281e+01
-1.605139732360839844e+01
-1.580261325836181641e+01
-1.555499553680419922e+01
-1.530848217010498047e+01
-1.506302070617675781e+01
-1.481780624389648438e+01
-1.457427310943603516e+01
-1.433161640167236328e+01
-1.408978176116943359e+01
-1.385020065307617188e+01
-1.361132717132568359e+01
-1.337459564208984375e+01
-1.313846302032470703e+01
-1.290436077117919922e+01
-1.267297649383544922e+01
-1.244202995300292969e+01
-1.221369457244873047e+01
-1.198791599273681641e+01
-1.176241493225097656e+01
-1.154085350036621094e+01
-1.132094955444335938e+01
-1.110265445709228516e+01
-1.088814544677734375e+01
-1.067514228820800781e+01
-1.046508216857910156e+01
-1.025717449188232422e+01
-1.005211162567138672e+01
-9.849846839904785156e+00
-9.650332450866699219e+00
-9.452779769897460938e+00
-9.259371757507324219e+00
-9.068575859069824219e+00
-8.880348205566406250e+00
-8.696875572204589844e+00
-8.515140533447265625e+00
-8.337329864501953125e+00
-8.163401603698730469e+00
-7.991828918457031250e+00
-7.824058055877685547e+00
-7.660048484802246094e+00
-7.499761581420898438e+00
-7.342415332794189453e+00
-7.189458847045898438e+00
-7.039370059967041016e+00
-6.893598079681396484e+00
-6.752108097076416016e+00
-6.613821506500244141e+00
-6.479873180389404297e+00
-6.350356101989746094e+00
-6.223802089691162109e+00
-6.101717472076416016e+00
-5.983601093292236328e+00
-5.869623661041259766e+00
-5.759508609771728516e+00
-5.653576374053955078e+00
-5.551775932312011719e+00
-5.453982830047607422e+00
-5.360444545745849609e+00
-5.270963668823242188e+00
-5.185642242431640625e+00
-5.104431629180908203e+00
-5.027509689331054688e+00
-4.954532623291015625e+00
-4.885754108428955078e+00
-4.821204185485839844e+00
-4.760765552520751953e+00
-4.704469680786132812e+00
-4.652350902557373047e+00
-4.604366779327392578e+00
-4.560403823852539062e+00
-4.520720481872558594e+00
-4.485054969787597656e+00
-4.453444957733154297e+00
-4.426001548767089844e+00
-4.402539730072021484e+00
-4.383100032806396484e+00
-4.367721080780029297e+00
-4.356370449066162109e+00
-4.348865509033203125e+00
-4.345546722412109375e+00
-4.345862388610839844e+00
-4.350301742553710938e+00
-4.358538150787353516e+00
-4.370691299438476562e+00
-4.386584758758544922e+00
-4.406338691711425781e+00
-4.429779052734375000e+00
-4.456953048706054688e+00
-4.487836360931396484e+00
-4.522255897521972656e+00
-4.560336112976074219e+00
-4.601830959320068359e+00
-4.647016525268554688e+00
-4.695498466491699219e+00
-4.747406005859375000e+00
-4.802643299102783203e+00
-4.861194133758544922e+00
-4.923050403594970703e+00
-4.988059043884277344e+00
-5.056363105773925781e+00
-5.127737522125244141e+00
-5.202104091644287109e+00
-5.279609680175781250e+00
-5.360103607177734375e+00
-5.443659782409667969e+00
-5.529979705810546875e+00
-5.619287014007568359e+00
-5.711284637451171875e+00
-5.805974483489990234e+00
-5.903432846069335938e+00
-6.003513336181640625e+00
-6.106217861175537109e+00
-6.211254119873046875e+00
-6.318922042846679688e+00
-6.428855419158935547e+00
-6.541281700134277344e+00
-6.655834197998046875e+00
-6.772741794586181641e+00
-6.891714572906494141e+00
-7.012831687927246094e+00
-7.135951995849609375e+00
-7.260934352874755859e+00
-7.387859821319580078e+00
-7.516589164733886719e+00
-7.646905422210693359e+00
-7.779042720794677734e+00
-7.912636280059814453e+00
-8.047697067260742188e+00
-8.184231758117675781e+00
-8.322101593017578125e+00
-8.461318016052246094e+00
-8.601593017578125000e+00
-8.743159294128417969e+00
-8.885654449462890625e+00
-9.029165267944335938e+00
-9.173624038696289062e+00
-9.318748474121093750e+00
-9.464769363403320312e+00
-9.611251831054687500e+00
-9.758206367492675781e+00
-9.905719757080078125e+00
-1.005365180969238281e+01
-1.020186519622802734e+01
-1.035044574737548828e+01
-1.049903297424316406e+01
-1.064778518676757812e+01
-1.079664421081542969e+01
-1.094535064697265625e+01
-1.109365177154541016e+01
-1.124129104614257812e+01
-1.138950252532958984e+01
-1.153758621215820312e+01
-1.168409729003906250e+01
-1.183130836486816406e+01
-1.197703266143798828e+01
-1.212279891967773438e+01
-1.226865005493164062e+01
-1.241239738464355469e+01
-1.255556964874267578e+01
-1.269820976257324219e+01
-1.284035873413085938e+01
-1.298131465911865234e+01
-1.312186145782470703e+01
-1.326129722595214844e+01
-1.339966201782226562e+01
-1.353699874877929688e+01
-1.367260074615478516e+01
-1.380725479125976562e+01
-1.394025516510009766e+01
-1.407238388061523438e+01
-1.420368194580078125e+01
-1.433270072937011719e+01
-1.446170806884765625e+01
-1.458628463745117188e+01
-1.471166801452636719e+01
-1.483418083190917969e+01
-1.495534610748291016e+01
-1.507445812225341797e+01
-1.519229507446289062e+01
-1.530815219879150391e+01
-1.542206096649169922e+01
-1.553405857086181641e+01
-1.564343643188476562e+01
-1.575097274780273438e+01
-1.585669898986816406e+01
-1.596064758300781250e+01
-1.606136703491210938e+01
-1.616037559509277344e+01
-1.625770378112792969e+01
-1.635189628601074219e+01
-1.644298362731933594e+01
-1.653322410583496094e+01
-1.661967658996582031e+01
-1.670459556579589844e+01
-1.678578567504882812e+01
-1.686549568176269531e+01
-1.694153404235839844e+01
-1.701542663574218750e+01
-1.708647727966308594e+01
-1.715473175048828125e+01
-1.722098159790039062e+01
-1.728378105163574219e+01
-1.734392166137695312e+01
-1.740144157409667969e+01
-1.745638656616210938e+01
-1.750879669189453125e+01
-1.755797386169433594e+01
-1.760395431518554688e+01
-1.764678001403808594e+01
-1.768723297119140625e+01
-1.772460937500000000e+01
-1.775968551635742188e+01
-1.779175949096679688e+01
-1.782086753845214844e+01
-1.784704399108886719e+01
-1.787032318115234375e+01
-1.789074134826660156e+01
-1.790758705139160156e+01
-1.792237663269042969e+01
-1.793440628051757812e+01
-1.794370079040527344e+01
-1.794955062866210938e+01
-1.795272827148437500e+01
-1.795252037048339844e+01
-1.794969749450683594e+01
-1.794428825378417969e+01
-1.793557929992675781e+01
-1.792433929443359375e+01
-1.791059112548828125e+01
-1.789361953735351562e+01
-1.787419319152832031e+01
-1.785159301757812500e+01
-1.782658576965332031e+01
-1.779845046997070312e+01
-1.776646804809570312e+01
-1.773363304138183594e+01
-1.769699287414550781e+01
-1.765805625915527344e+01
-1.761609840393066406e+01
-1.757188224792480469e+01
-1.752542877197265625e+01
-1.747601318359375000e+01
-1.742291069030761719e+01
-1.736762428283691406e+01
-1.731091308593750000e+01
-1.725056838989257812e+01
-1.718808555603027344e+01
-1.712347984313964844e+01
-1.705601310729980469e+01
-1.698644065856933594e+01
-1.691401863098144531e+01
-1.684024810791015625e+01
-1.676289939880371094e+01
-1.668421363830566406e+01
-1.660196304321289062e+01
-1.651838302612304688e+01
-1.643273353576660156e+01
-1.634502029418945312e+01
-1.625524520874023438e+01
-1.616192626953125000e+01
-1.606878089904785156e+01
-1.597209835052490234e+01
-1.587410449981689453e+01
-1.577406024932861328e+01
-1.567047977447509766e+01
-1.556708049774169922e+01
-1.546088886260986328e+01
-1.535338783264160156e+01
-1.524383640289306641e+01
-1.513297653198242188e+01
-1.502006149291992188e+01
-1.490583324432373047e+01
-1.478954601287841797e+01
-1.467194080352783203e+01
-1.455301284790039062e+01
-1.443275833129882812e+01
-1.431117439270019531e+01
-1.418825531005859375e+01
-1.406399822235107422e+01
-1.393839550018310547e+01
-1.381144428253173828e+01
-1.368388080596923828e+01
-1.355495738983154297e+01
-1.342540836334228516e+01
-1.329374217987060547e+01
-1.316218376159667969e+01
-1.302923679351806641e+01
-1.289638233184814453e+01
-1.276138305664062500e+01
-1.262646102905273438e+01
-1.249086570739746094e+01
-1.235533332824707031e+01
-1.221911144256591797e+01
-1.208145046234130859e+01
-1.194457149505615234e+01
-1.180623722076416016e+01
-1.166866493225097656e+01
-1.153034114837646484e+01
-1.139123153686523438e+01
-1.125279331207275391e+01
-1.111424827575683594e+01
-1.097556686401367188e+01
-1.083597278594970703e+01
-1.069766426086425781e+01
-1.055838012695312500e+01
-1.041883087158203125e+01
-1.027972984313964844e+01
-1.014104557037353516e+01
-1.000200366973876953e+01
-9.863315582275390625e+00
-9.724952697753906250e+00
-9.587627410888671875e+00
-9.449820518493652344e+00
-9.312992095947265625e+00
-9.175623893737792969e+00
-9.039916992187500000e+00
-8.904355049133300781e+00
-8.768909454345703125e+00
-8.634296417236328125e+00
-8.500485420227050781e+00
-8.366706848144531250e+00
-8.233675003051757812e+00
-8.102107048034667969e+00
-7.970488071441650391e+00
-7.840278625488281250e+00
-7.709965229034423828e+00
-7.581751823425292969e+00
-7.453382492065429688e+00
-7.327804088592529297e+00
-7.202019691467285156e+00
-7.076747417449951172e+00
-6.952704429626464844e+00
-6.830610752105712891e+00
-6.709699630737304688e+00
-6.589202880859375000e+00
-6.470584392547607422e+00
-6.353077411651611328e+00
-6.237401962280273438e+00
-6.121307373046875000e+00
-6.007742881774902344e+00
-5.895944118499755859e+00
-5.786038398742675781e+00
-5.677037239074707031e+00
-5.570110321044921875e+00
-5.463675498962402344e+00
-5.360016822814941406e+00
-5.257624626159667969e+00
-5.156836032867431641e+00
-5.057837963104248047e+00
-4.960518836975097656e+00
-4.864916324615478516e+00
-4.771070003509521484e+00
-4.679017066955566406e+00
-4.588724136352539062e+00
-4.500154972076416016e+00
-4.413424491882324219e+00
-4.328499317169189453e+00
-4.245345592498779297e+00
-4.164152622222900391e+00
-4.084740161895751953e+00
-4.007149696350097656e+00
-3.931424617767333984e+00
-3.857756376266479492e+00
-3.785742521286010742e+00
-3.715725183486938477e+00
-3.647525310516357422e+00
-3.581337451934814453e+00
-3.516984462738037109e+00
-3.454586744308471680e+00
-3.394042730331420898e+00
-3.335399866104125977e+00
-3.278706789016723633e+00
-3.224011421203613281e+00
-3.171140670776367188e+00
-3.120218276977539062e+00
-3.071221351623535156e+00
-3.024199962615966797e+00
-2.978983879089355469e+00
-2.935847759246826172e+00
-2.894622087478637695e+00
-2.855137586593627930e+00
-2.817819833755493164e+00
-2.782278060913085938e+00
-2.748716354370117188e+00
-2.717042207717895508e+00
-2.687238216400146484e+00
-2.659435987472534180e+00
-2.633470296859741211e+00
-2.609474420547485352e+00
-2.587209939956665039e+00
-2.567033529281616211e+00
-2.548589944839477539e+00
-2.532058477401733398e+00
-2.517403602600097656e+00
-2.504561185836791992e+00
-2.493563890457153320e+00
-2.484400033950805664e+00
-2.477031469345092773e+00
-2.471493721008300781e+00
-2.467749834060668945e+00
-2.465784549713134766e+00
-2.465575695037841797e+00
-2.467131853103637695e+00
-2.470424652099609375e+00
-2.475440025329589844e+00
-2.482165336608886719e+00
-2.490581989288330078e+00
-2.500683069229125977e+00
-2.512443780899047852e+00
-2.525849103927612305e+00
-2.540883541107177734e+00
-2.557533502578735352e+00
-2.575778722763061523e+00
-2.595597982406616211e+00
-2.616962194442749023e+00
-2.639847040176391602e+00
-2.664226770401000977e+00
-2.690078973770141602e+00
-2.717377185821533203e+00
-2.746093511581420898e+00
-2.776206016540527344e+00
-2.807685136795043945e+00
-2.840501546859741211e+00
-2.874632596969604492e+00
-2.910051345825195312e+00
-2.946726799011230469e+00
-2.984635591506958008e+00
-3.023747205734252930e+00
-3.064002037048339844e+00
-3.105399370193481445e+00
-3.147886991500854492e+00
-3.191428422927856445e+00
-3.236001253128051758e+00
-3.281553745269775391e+00
-3.328064918518066406e+00
-3.375490427017211914e+00
-3.423809766769409180e+00
-3.472986698150634766e+00
-3.522978782653808594e+00
-3.573757171630859375e+00
-3.625339746475219727e+00
-3.677579641342163086e+00
-3.730457305908203125e+00
-3.783975601196289062e+00
-3.838137149810791016e+00
-3.892871379852294922e+00
-3.948035717010498047e+00
-4.003944396972656250e+00
-4.060024261474609375e+00
-4.116666793823242188e+00
-4.173670768737792969e+00
-4.231130599975585938e+00
-4.288845539093017578e+00
-4.346836566925048828e+00
-4.405273437500000000e+00
-4.464104652404785156e+00
-4.523128509521484375e+00
-4.582515716552734375e+00
-4.642066001892089844e+00
-4.701725959777832031e+00
-4.761741161346435547e+00
-4.821836948394775391e+00
-4.882036209106445312e+00
-4.942433834075927734e+00
-5.002905368804931641e+00
-5.063470840454101562e+00
-5.124154090881347656e+00
-5.184679508209228516e+00
-5.245216846466064453e+00
-5.305788040161132812e+00
-5.366192340850830078e+00
-5.426524639129638672e+00
-5.486806869506835938e+00
-5.546984672546386719e+00
-5.606781959533691406e+00
-5.666590690612792969e+00
-5.726058959960937500e+00
-5.785356044769287109e+00
-5.844276905059814453e+00
-5.902916431427001953e+00
-5.961292266845703125e+00
-6.019199848175048828e+00
-6.076806545257568359e+00
-6.134202957153320312e+00
-6.190886497497558594e+00
-6.247022628784179688e+00
-6.302776813507080078e+00
-6.358014583587646484e+00
-6.412455558776855469e+00
-6.466485500335693359e+00
-6.519896030426025391e+00
-6.572701930999755859e+00
-6.624841213226318359e+00
-6.676254272460937500e+00
-6.726804733276367188e+00
-6.776801586151123047e+00
-6.825814723968505859e+00
-6.874164581298828125e+00
-6.921652793884277344e+00
-6.968306541442871094e+00
-7.014074802398681641e+00
-7.059058666229248047e+00
-7.103131771087646484e+00
-7.146245479583740234e+00
-7.188720226287841797e+00
-7.230133056640625000e+00
-7.270507335662841797e+00
-7.309941291809082031e+00
-7.348531246185302734e+00
-7.385853290557861328e+00
-7.422302722930908203e+00
-7.457825660705566406e+00
-7.491998672485351562e+00
-7.525735855102539062e+00
-7.558760643005371094e+00
-7.590499877929687500e+00
-7.620975494384765625e+00
-7.650207042694091797e+00
-7.678216934204101562e+00
-7.705767154693603516e+00
-7.732136249542236328e+00
-7.756601333618164062e+00
-7.780667781829833984e+00
-7.804356575012207031e+00
-7.826200485229492188e+00
-7.847705364227294922e+00
-7.867404460906982422e+00
-7.886059284210205078e+00
-7.903688907623291016e+00
-7.919569969177246094e+00
-7.935204982757568359e+00
-7.949870109558105469e+00
-7.962839126586914062e+00
-7.974872112274169922e+00
-7.985987186431884766e+00
-7.995457172393798828e+00
-8.004784584045410156e+00
-8.012498855590820312e+00
-8.019359588623046875e+00
-8.024635314941406250e+00
-8.029088020324707031e+00
-8.031985282897949219e+00
-8.034828186035156250e+00
-8.036143302917480469e+00
-8.035942077636718750e+00
-8.034981727600097656e+00
-8.033270835876464844e+00
-8.030822753906250000e+00
-8.026161193847656250e+00
-8.020783424377441406e+00
-8.014698028564453125e+00
-8.007172584533691406e+00
-7.999699592590332031e+00
-7.990059852600097656e+00
-7.979744434356689453e+00
-7.968019485473632812e+00
-7.955633640289306641e+00
-7.942591667175292969e+00
-7.928155422210693359e+00
-7.912330627441406250e+00
-7.895863533020019531e+00
-7.878757953643798828e+00
-7.860274314880371094e+00
-7.841899871826171875e+00
-7.822152614593505859e+00
-7.801033020019531250e+00
-7.778542518615722656e+00
-7.755425930023193359e+00
-7.731683254241943359e+00
-7.707315444946289062e+00
-7.681578636169433594e+00
-7.655960559844970703e+00
-7.628230571746826172e+00
-7.599874496459960938e+00
-7.570891857147216797e+00
-7.541281700134277344e+00
-7.510300636291503906e+00
-7.479433536529541016e+00
-7.447193145751953125e+00
-7.414322376251220703e+00
-7.380819797515869141e+00
-7.346685409545898438e+00
-7.310430526733398438e+00
-7.275027751922607422e+00
-7.238248825073242188e+00
-7.199347019195556641e+00
-7.163526535034179688e+00
-7.124840736389160156e+00
-7.085518836975097656e+00
-7.045560836791992188e+00
-7.005711078643798828e+00
-6.965225696563720703e+00
-6.923362731933593750e+00
-6.882351875305175781e+00
-6.839963912963867188e+00
-6.797686576843261719e+00
-6.754032611846923828e+00
-6.709736347198486328e+00
-6.666275024414062500e+00
-6.622151851654052734e+00
-6.578099727630615234e+00
-6.532623767852783203e+00
-6.487198352813720703e+00
-6.442558288574218750e+00
-6.396464347839355469e+00
-6.350391387939453125e+00
-6.304330348968505859e+00
-6.257528305053710938e+00
-6.210717678070068359e+00
-6.163887500762939453e+00
-6.117027759552001953e+00
-6.069384574890136719e+00
-6.021689891815185547e+00
-5.973932743072509766e+00
-5.926844120025634766e+00
-5.879670143127441406e+00
-5.830912590026855469e+00
-5.782788276672363281e+00
-5.735284805297851562e+00
-5.686457157135009766e+00
-5.638596534729003906e+00
-5.591318130493164062e+00
-5.543121814727783203e+00
-5.495405673980712891e+00
-5.447710037231445312e+00
-5.400243282318115234e+00
-5.352620124816894531e+00
-5.305271148681640625e+00
-5.257735729217529297e+00
-5.210593223571777344e+00
-5.163606166839599609e+00
-5.116758823394775391e+00
-5.070035934448242188e+00
-5.023571014404296875e+00
-4.977273941040039062e+00
-4.931353092193603516e+00
-4.885569572448730469e+00
-4.840132236480712891e+00
-4.794950485229492188e+00
-4.750010967254638672e+00
-4.705521106719970703e+00
-4.661243915557861328e+00
-4.617388248443603516e+00
-4.573865890502929688e+00
-4.530738830566406250e+00
-4.487919330596923828e+00
-4.445541381835937500e+00
-4.403584003448486328e+00
-4.361950397491455078e+00
-4.320841789245605469e+00
-4.280161857604980469e+00
-4.239889621734619141e+00
-4.200005531311035156e+00
-4.160562992095947266e+00
-4.121692180633544922e+00
-4.083152294158935547e+00
-4.045221328735351562e+00
-4.007586002349853516e+00
-3.970600843429565430e+00
-3.934026956558227539e+00
-3.897997617721557617e+00
-3.862498044967651367e+00
-3.827365875244140625e+00
-3.792958498001098633e+00
-3.759040594100952148e+00
-3.725673675537109375e+00
-3.692845344543457031e+00
-3.660545110702514648e+00
-3.628909826278686523e+00
-3.597779750823974609e+00
-3.567294120788574219e+00
-3.537442684173583984e+00
-3.508140802383422852e+00
-3.479528665542602539e+00
-3.451596975326538086e+00
-3.424261331558227539e+00
-3.397588014602661133e+00
-3.371568441390991211e+00
-3.346267700195312500e+00
-3.321602821350097656e+00
-3.297639846801757812e+00
-3.274369478225708008e+00
-3.251857757568359375e+00
-3.229946851730346680e+00
-3.208851099014282227e+00
-3.188412189483642578e+00
-3.168770074844360352e+00
-3.149840354919433594e+00
-3.131539821624755859e+00
-3.114006757736206055e+00
-3.097305774688720703e+00
-3.081203460693359375e+00
-3.065838575363159180e+00
-3.051348447799682617e+00
-3.037500143051147461e+00
-3.024282693862915039e+00
-3.011907577514648438e+00
-3.000214099884033203e+00
-2.989189863204956055e+00
-2.978896617889404297e+00
-2.969321966171264648e+00
-2.960378408432006836e+00
-2.952202796936035156e+00
-2.944708108901977539e+00
-2.937956809997558594e+00
-2.931713342666625977e+00
-2.926188945770263672e+00
-2.921298027038574219e+00
-2.916954755783081055e+00
-2.913371324539184570e+00
-2.910314321517944336e+00
-2.907847881317138672e+00
-2.905962467193603516e+00
-2.904723644256591797e+00
-2.904047966003417969e+00
-2.904002428054809570e+00
-2.904430866241455078e+00
-2.905401229858398438e+00
-2.906832933425903320e+00
-2.908869743347167969e+00
-2.911432504653930664e+00
-2.914591789245605469e+00
-2.918196201324462891e+00
-2.922243118286132812e+00
-2.926879644393920898e+00
-2.931807994842529297e+00
-2.937399148941040039e+00
-2.943356752395629883e+00
-2.949830770492553711e+00
-2.956823348999023438e+00
-2.964113473892211914e+00
-2.971928119659423828e+00
-2.980270385742187500e+00
-2.988922119140625000e+00
-2.998036384582519531e+00
-3.007618427276611328e+00
-3.017525672912597656e+00
-3.027986288070678711e+00
-3.038709878921508789e+00
-3.049925565719604492e+00
-3.061491250991821289e+00
-3.073487758636474609e+00
-3.085848093032836914e+00
-3.098578691482543945e+00
-3.111760616302490234e+00
-3.125251531600952148e+00
0.000000000000000000e+00
0.000000000000000000e+00
0.000000000000000000e+00
0.000000000000000000e+00
0.000000000000000000e+00
0.000000000000000000e+00
0.000000000000000000e+00
0.000000000000000000e+00
0.000000000000000000e+00
0.000000000000000000e+00
0.000000000000000000e+00
0.000000000000000000e+00
0.000000000000000000e+00
0.000000000000000000e+00
0.000000000000000000e+00
0.000000000000000000e+00
0.000000000000000000e+00
0.000000000000000000e+00
0.000000000000000000e+00
0.000000000000000000e+00
0.000000000000000000e+00
0.000000000000000000e+00
0.000000000000000000e+00
0.000000000000000000e+00
0.000000000000000000e+00
0.000000000000000000e+00
0.000000000000000000e+00
0.000000000000000000e+00
0.000000000000000000e+00
0.000000000000000000e+00
0.000000000000000000e+00
0.000000000000000000e+00
0.000000000000000000e+00
0.000000000000000000e+00
0.000000000000000000e+00
0.000000000000000000e+00
0.000000000000000000e+00
0.000000000000000000e+00
0.000000000000000000e+00
0.000000000000000000e+00
0.000000000000000000e+00
0.000000000000000000e+00
0.000000000000000000e+00
0.000000000000000000e+00
0.000000000000000000e+00
0.000000000000000000e+00
0.000000000000000000e+00
0.000000000000000000e+00
0.000000000000000000e+00
0.000000000000000000e+00
0.000000000000000000e+00
0.000000000000000000e+00
0.000000000000000000e+00
0.000000000000000000e+00
0.000000000000000000e+00
0.000000000000000000e+00
0.000000000000000000e+00
0.000000000000000000e+00
0.000000000000000000e+00
0.000000000000000000e+00
0.000000000000000000e+00
0.000000000000000000e+00
0.000000000000000000e+00
0.000000000000000000e+00
0.000000000000000000e+00
0.000000000000000000e+00
0.000000000000000000e+00
0.000000000000000000e+00
0.000000000000000000e+00
0.000000000000000000e+00
0.000000000000000000e+00
0.000000000000000000e+00
0.000000000000000000e+00
0.000000000000000000e+00
0.000000000000000000e+00
0.000000000000000000e+00
0.000000000000000000e+00
0.000000000000000000e+00
0.000000000000000000e+00
0.000000000000000000e+00
0.000000000000000000e+00
0.000000000000000000e+00
0.000000000000000000e+00
0.000000000000000000e+00
0.000000000000000000e+00
0.000000000000000000e+00
0.000000000000000000e+00
0.000000000000000000e+00
0.000000000000000000e+00
0.000000000000000000e+00
0.000000000000000000e+00
0.000000000000000000e+00
0.000000000000000000e+00
0.000000000000000000e+00
0.000000000000000000e+00
0.000000000000000000e+00
0.000000000000000000e+00
0.000000000000000000e+00
0.000000000000000000e+00
0.000000000000000000e+00
