# tt
1.074623535156250000e+03
1.015557434082031250e+03
9.571972045898437500e+02
9.120454101562500000e+02
8.797782592773437500e+02
8.581561889648437500e+02
8.443637084960937500e+02
8.366036376953125000e+02
8.335015258789062500e+02
8.335806884765625000e+02
8.372406005859375000e+02
8.427150878906250000e+02
8.490309448242187500e+02
8.565656738281250000e+02
8.658214111328125000e+02
8.767460327148437500e+02
8.883950805664062500e+02
9.015665893554687500e+02
9.145599975585937500e+02
9.277614746093750000e+02
9.414875488281250000e+02
9.555470581054687500e+02
9.699871215820312500e+02
9.847536010742187500e+02
9.996689453125000000e+02
1.014978149414062500e+03
1.030543701171875000e+03
1.046426879882812500e+03
1.062540771484375000e+03
1.078747680664062500e+03
1.095284912109375000e+03
1.112154174804687500e+03
1.129184814453125000e+03
1.146344970703125000e+03
1.163567626953125000e+03
1.180880737304687500e+03
1.198601806640625000e+03
1.216701416015625000e+03
1.234895874023437500e+03
1.253285156250000000e+03
1.271644653320312500e+03
1.290133056640625000e+03
1.308611816406250000e+03
1.327462524414062500e+03
1.346618652343750000e+03
1.365930786132812500e+03
1.385321166992187500e+03
1.404860717773437500e+03
1.424769409179687500e+03
1.444821289062500000e+03
1.465238159179687500e+03
1.485647460937500000e+03
1.505973999023437500e+03
1.526440063476562500e+03
1.547269287109375000e+03
1.568394897460937500e+03
1.589825683593750000e+03
1.611422485351562500e+03
1.633194335937500000e+03
1.655445434570312500e+03
1.677580322265625000e+03
1.699819213867187500e+03
1.722456176757812500e+03
1.745116821289062500e+03
1.768093017578125000e+03
1.791222534179687500e+03
1.814786254882812500e+03
1.838545532226562500e+03
1.862632812500000000e+03
1.886891601562500000e+03
1.911349487304687500e+03
1.935967651367187500e+03
1.960781860351562500e+03
1.985901855468750000e+03
2.011278320312500000e+03
2.036967529296875000e+03
2.063014404296875000e+03
2.089241210937500000e+03
2.115767822265625000e+03
2.142496337890625000e+03
2.169500976562500000e+03
2.196712890625000000e+03
2.224211914062500000e+03
2.251854980468750000e+03
2.279720703125000000e+03
2.308030761718750000e+03
2.336337158203125000e+03
2.365008544921875000e+03
2.393894531250000000e+03
2.422918212890625000e+03
2.452229492187500000e+03
2.481829101562500000e+03
2.511495117187500000e+03
2.541452148437500000e+03
2.571403564453125000e+03
2.601796630859375000e+03
2.632409667968750000e+03
2.663095214843750000e+03
2.694077148437500000e+03
2.725208007812500000e+03
2.756860839843750000e+03
2.788441894531250000e+03
2.820250244140625000e+03
2.852211914062500000e+03
2.884402832031250000e+03
2.916527099609375000e+03
2.949031494140625000e+03
2.981694091796875000e+03
3.014442138671875000e+03
3.047350585937500000e+03
3.080418212890625000e+03
3.113718261718750000e+03
3.147100585937500000e+03
3.180712158203125000e+03
3.214329101562500000e+03
3.248247070312500000e+03
3.282315917968750000e+03
3.316385986328125000e+03
3.350604003906250000e+03
3.384820312500000000e+03
3.419107666015625000e+03
3.453464843750000000e+03
3.487890136718750000e+03
3.522308349609375000e+03
3.556791992187500000e+03
3.591265380859375000e+03
3.625727294921875000e+03
3.660250488281250000e+03
3.694759277343750000e+03
3.729252929687500000e+03
3.763805908203125000e+03
3.798269775390625000e+03
3.832719970703125000e+03
3.867157226562500000e+03
3.901432861328125000e+03
3.935697021484375000e+03
3.969875488281250000e+03
4.003820800781250000e+03
4.037830566406250000e+03
4.071608154296875000e+03
4.105376953125000000e+03
4.139063476562500000e+03
4.172519531250000000e+03
4.205821289062500000e+03
4.239190429687500000e+03
4.272183593750000000e+03
4.305022949218750000e+03
4.337784179687500000e+03
4.370244140625000000e+03
4.402553222656250000e+03
4.434561035156250000e+03
4.466415039062500000e+03
4.498039062500000000e+03
4.529432617187500000e+03
4.560445312500000000e+03
4.591373046875000000e+03
4.621991699218750000e+03
4.652299804687500000e+03
4.682370605468750000e+03
4.712203125000000000e+03
4.741721191406250000e+03
4.771071777343750000e+03
4.799957519531250000e+03
4.828673339843750000e+03
4.857069824218750000e+03
4.885220214843750000e+03
4.912899902343750000e+03
4.940256347656250000e+03
4.967288085937500000e+03
4.993845703125000000e+03
5.020001953125000000e+03
5.045681640625000000e+03
5.071031250000000000e+03
5.095976074218750000e+03
5.120366210937500000e+03
5.144350585937500000e+03
5.167855468750000000e+03
5.190881347656250000e+03
5.213577148437500000e+03
5.235721191406250000e+03
5.257387695312500000e+03
5.278502929687500000e+03
5.299216308593750000e+03
5.319454101562500000e+03
5.338845214843750000e+03
5.358059082031250000e+03
5.376724609375000000e+03
5.394768554687500000e+03
5.412636230468750000e+03
5.429585937500000000e+03
5.446138671875000000e+03
5.462071289062500000e+03
5.477607421875000000e+03
5.492524902343750000e+03
5.506824707031250000e+03
5.520655273437500000e+03
5.533943359375000000e+03
5.546689453125000000e+03
5.558894042968750000e+03
5.570482910156250000e+03
5.581531738281250000e+03
5.591965332031250000e+03
5.601710449218750000e+03
5.610915527343750000e+03
5.619432128906250000e+03
5.627409667968750000e+03
5.634625488281250000e+03
5.641227539062500000e+03
5.647216796875000000e+03
5.652593261718750000e+03
5.657209472656250000e+03
5.661287109375000000e+03
5.664678710937500000e+03
5.667458984375000000e+03
5.669553222656250000e+03
5.671110839843750000e+03
5.671983398437500000e+03
5.672245117187500000e+03
5.671896972656250000e+03
5.670938476562500000e+03
5.669370117187500000e+03
5.667043945312500000e+03
5.664256835937500000e+03
5.660786621093750000e+03
5.656707519531250000e+03
5.651945312500000000e+03
5.646649902343750000e+03
5.640746093750000000e+03
5.634160644531250000e+03
5.626893066406250000e+03
5.619092773437500000e+03
5.610685546875000000e+03
5.601522949218750000e+03
5.591828613281250000e+03
5.581453613281250000e+03
5.570473144531250000e+03
5.558887207031250000e+03
5.546770019531250000e+03
5.533898925781250000e+03
5.520571777343750000e+03
5.506640625000000000e+03
5.492104980468750000e+03
5.476965820312500000e+03
5.461222656250000000e+03
5.444950683593750000e+03
5.428149414062500000e+03
5.410745117187500000e+03
5.392887207031250000e+03
5.374427246093750000e+03
5.355513183593750000e+03
5.335923339843750000e+03
5.316030273437500000e+03
5.295536621093750000e+03
5.274518066406250000e+03
5.253049316406250000e+03
5.231130371093750000e+03
5.208688476562500000e+03
5.185798339843750000e+03
5.162534179687500000e+03
5.138749023437500000e+03
5.114442382812500000e+03
5.089986816406250000e+03
5.064937988281250000e+03
5.039369628906250000e+03
5.013505859375000000e+03
4.987124023437500000e+03
4.960373535156250000e+03
4.933106445312500000e+03
4.905620117187500000e+03
4.877692382812500000e+03
4.849547363281250000e+03
4.820961914062500000e+03
4.792085449218750000e+03
4.762844238281250000e+03
4.733387695312500000e+03
4.703493164062500000e+03
4.673383300781250000e+03
4.642986328125000000e+03
4.612301269531250000e+03
4.581477539062500000e+03
4.550218261718750000e+03
4.518821777343750000e+03
4.487213867187500000e+03
4.455395507812500000e+03
4.423292480468750000e+03
4.390979980468750000e+03
4.358532226562500000e+03
4.325875488281250000e+03
4.293085937500000000e+03
4.260162109375000000e+03
4.226808593750000000e+03
4.193620117187500000e+03
4.160150878906250000e+03
4.126773437500000000e+03
4.093116210937500000e+03
4.059403564453125000e+03
4.025486328125000000e+03
3.991588867187500000e+03
3.957562255859375000e+03
3.923481933593750000e+03
3.889421875000000000e+03
3.855307861328125000e+03
3.821140136718750000e+03
3.786992675781250000e+03
3.752791992187500000e+03
3.718611816406250000e+03
3.684452392578125000e+03
3.650388183593750000e+03
3.616270751953125000e+03
3.582248291015625000e+03
3.548321044921875000e+03
3.514415283203125000e+03
3.480604492187500000e+03
3.446889648437500000e+03
3.413269775390625000e+03
3.379745605468750000e+03
3.346317138671875000e+03
3.313058349609375000e+03
3.279969970703125000e+03
3.246976806640625000e+03
3.214153808593750000e+03
3.181500976562500000e+03
3.149017822265625000e+03
3.116779541015625000e+03
3.084636718750000000e+03
3.052738281250000000e+03
3.021084472656250000e+03
2.989600830078125000e+03
2.958361328125000000e+03
2.927440917968750000e+03
2.896690429687500000e+03
2.866184326171875000e+03
2.835997070312500000e+03
2.805979736328125000e+03
2.776281250000000000e+03
2.746901367187500000e+03
2.717765869140625000e+03
2.689023193359375000e+03
2.660524902343750000e+03
2.632270996093750000e+03
2.604409667968750000e+03
2.576866943359375000e+03
2.549717041015625000e+03
2.522811279296875000e+03
2.496298339843750000e+03
2.470103515625000000e+03
2.444301513671875000e+03
2.418817871093750000e+03
2.393726562500000000e+03
2.369176513671875000e+03
2.344795654296875000e+03
2.320880371093750000e+03
2.297281738281250000e+03
2.274147460937500000e+03
2.251402832031250000e+03
2.229047363281250000e+03
2.207154785156250000e+03
2.185575683593750000e+03
2.164458496093750000e+03
2.143728027343750000e+03
2.123458251953125000e+03
2.103574218750000000e+03
2.084149658203125000e+03
2.065109619140625000e+03
2.046528198242187500e+03
2.028404418945312500e+03
2.010589599609375000e+03
1.993380004882812500e+03
1.976552490234375000e+03
1.960106445312500000e+03
1.944115478515625000e+03
1.928579101562500000e+03
1.913497192382812500e+03
1.898794555664062500e+03
1.884619262695312500e+03
1.870896850585937500e+03
1.857552124023437500e+03
1.844659179687500000e+03
1.832291503906250000e+03
1.820300537109375000e+03
1.808685058593750000e+03
1.797593994140625000e+03
1.787026367187500000e+03
1.776758789062500000e+03
1.767013671875000000e+03
1.757642333984375000e+03
1.748718017578125000e+03
1.740240844726562500e+03
1.732209838867187500e+03
1.724624877929687500e+03
1.717411010742187500e+03
1.710716552734375000e+03
1.704392211914062500e+03
1.698437622070312500e+03
1.693000976562500000e+03
1.687859008789062500e+03
1.683233886718750000e+03
1.678976806640625000e+03
1.675087158203125000e+03
1.671638916015625000e+03
1.668631713867187500e+03
1.665990966796875000e+03
1.663716186523437500e+03
1.661881469726562500e+03
1.660337890625000000e+03
1.659233886718750000e+03
1.658494506835937500e+03
1.658193969726562500e+03
1.658183349609375000e+03
1.658611083984375000e+03
1.659327880859375000e+03
1.660408081054687500e+03
1.661776855468750000e+03
1.663582763671875000e+03
1.665676635742187500e+03
1.668058471679687500e+03
1.670801879882812500e+03
1.673907104492187500e+03
1.677299194335937500e+03
1.681052246093750000e+03
1.685091796875000000e+03
1.689343139648437500e+03
1.693880493164062500e+03
1.698777709960937500e+03
1.703960327148437500e+03
1.709353881835937500e+03
1.715032226562500000e+03
1.720921020507812500e+03
1.727168701171875000e+03
1.733626220703125000e+03
1.740219116210937500e+03
1.747170288085937500e+03
1.754256347656250000e+03
1.761551635742187500e+03
1.769130004882812500e+03
1.776917114257812500e+03
1.784838623046875000e+03
1.793042602539062500e+03
1.801380615234375000e+03
1.809926757812500000e+03
1.818531860351562500e+03
1.827419189453125000e+03
1.836439697265625000e+03
1.845593505859375000e+03
1.854805908203125000e+03
1.864225341796875000e+03
1.873703125000000000e+03
1.883387817382812500e+03
1.893205078125000000e+03
1.903080322265625000e+03
1.913013549804687500e+03
1.923153808593750000e+03
1.933278076171875000e+03
1.943460571289062500e+03
1.953850219726562500e+03
1.964150024414062500e+03
1.974582763671875000e+03
1.985074462890625000e+03
1.995625000000000000e+03
2.006160522460937500e+03
2.016755249023437500e+03
2.027334594726562500e+03
2.037899414062500000e+03
2.048449462890625000e+03
2.059059082031250000e+03
2.069728271484375000e+03
2.080309326171875000e+03
2.090875732421875000e+03
2.101501953125000000e+03
2.111891601562500000e+03
2.122416015625000000e+03
2.132852050781250000e+03
2.143274658203125000e+03
2.153683349609375000e+03
2.163930175781250000e+03
2.174089111328125000e+03
2.184235107421875000e+03
2.194293212890625000e+03
2.204264404296875000e+03
2.214148193359375000e+03
2.224019287109375000e+03
2.233654541015625000e+03
2.243128662109375000e+03
2.252664794921875000e+03
2.262039794921875000e+03
2.271253906250000000e+03
2.280307128906250000e+03
2.289274169921875000e+03
2.298155029296875000e+03
2.306726562500000000e+03
2.315286376953125000e+03
2.323686279296875000e+03
2.331925537109375000e+03
2.339930908203125000e+03
2.347776123046875000e+03
2.355461425781250000e+03
2.362987304687500000e+03
2.370427734375000000e+03
2.377634277343750000e+03
2.384533203125000000e+03
2.391421630859375000e+03
2.398003662109375000e+03
2.404354003906250000e+03
2.410696533203125000e+03
2.416659912109375000e+03
2.422542724609375000e+03
2.428122314453125000e+03
2.433548095703125000e+03
2.438672119140625000e+03
2.443718261718750000e+03
2.448463867187500000e+03
2.453058349609375000e+03
2.457428466796875000e+03
2.461574707031250000e+03
2.465497558593750000e+03
2.469123291015625000e+03
2.472601562500000000e+03
2.475933105468750000e+03
2.478969482421875000e+03
2.481711914062500000e+03
2.484235107421875000e+03
2.486613769531250000e+03
2.488774658203125000e+03
2.490569824218750000e+03
2.492222167968750000e+03
2.493807617187500000e+03
2.495029052734375000e+03
2.496035400390625000e+03
2.496753662109375000e+03
2.497481445312500000e+03
2.497773193359375000e+03
2.497852539062500000e+03
2.497720458984375000e+03
2.497377441406250000e+03
2.496823486328125000e+03
2.496134277343750000e+03
2.495087158203125000e+03
2.493905517578125000e+03
2.492515625000000000e+03
2.490843750000000000e+03
2.489039306640625000e+03
2.486953857421875000e+03
2.484736816406250000e+03
2.482240234375000000e+03
2.479612792968750000e+03
2.476706787109375000e+03
2.473671142578125000e+03
2.470432128906250000e+03
2.466989990234375000e+03
2.463420166015625000e+03
2.459573974609375000e+03
2.455599853515625000e+03
2.451424316406250000e+03
2.447046875000000000e+03
2.442468261718750000e+03
2.437762939453125000e+03
2.432856201171875000e+03
2.427749023437500000e+03
2.422589599609375000e+03
2.417080810546875000e+03
2.411594970703125000e+03
2.405908691406250000e+03
2.400096923828125000e+03
2.394085205078125000e+03
2.387947998046875000e+03
2.381685546875000000e+03
2.375298095703125000e+03
2.368711425781250000e+03
2.362073730468750000e+03
2.355237548828125000e+03
2.348276367187500000e+03
2.341265380859375000e+03
2.334130126953125000e+03
2.326870361328125000e+03
2.319561035156250000e+03
2.312053466796875000e+03
2.304496337890625000e+03
2.296889892578125000e+03
2.289233886718750000e+03
2.281306152343750000e+03
2.273403076171875000e+03
2.265451416015625000e+03
2.257450927734375000e+03
2.249401611328125000e+03
2.241229248046875000e+03
2.233082519531250000e+03
2.224813232421875000e+03
2.216495117187500000e+03
2.208128906250000000e+03
2.199788818359375000e+03
2.191400146484375000e+03
2.182963378906250000e+03
2.174404541015625000e+03
2.165872070312500000e+03
2.157439941406250000e+03
2.148959960937500000e+03
2.140655029296875000e+03
2.132228271484375000e+03
2.123753417968750000e+03
2.115305175781250000e+03
2.106883056640625000e+03
2.098412353515625000e+03
2.090115478515625000e+03
2.081769042968750000e+03
2.073521484375000000e+03
2.065074951171875000e+03
2.056874267578125000e+03
2.048771484375000000e+03
2.040616577148437500e+03
2.032558227539062500e+03
2.024595581054687500e+03
2.016579833984375000e+03
2.008733398437500000e+03
2.000906982421875000e+03
1.993174804687500000e+03
1.985610351562500000e+03
1.978064697265625000e+03
1.970537353515625000e+03
1.963250488281250000e+03
1.955906860351562500e+03
1.948728515625000000e+03
1.941715454101562500e+03
1.934718139648437500e+03
1.927810424804687500e+03
1.921066284179687500e+03
1.914485229492187500e+03
1.907992431640625000e+03
1.901661865234375000e+03
1.895344360351562500e+03
1.889188110351562500e+03
1.883266723632812500e+03
1.877357055664062500e+03
1.871681640625000000e+03
1.866165527343750000e+03
1.860659790039062500e+03
1.855386718750000000e+03
1.850271606445312500e+03
1.845314086914062500e+03
1.840513916015625000e+03
1.835870239257812500e+03
1.831308471679687500e+03
1.826977172851562500e+03
1.822875366210937500e+03
1.818854492187500000e+03
1.814988037109375000e+03
1.811424560546875000e+03
1.807866088867187500e+03
1.804609741210937500e+03
1.801506347656250000e+03
1.798555541992187500e+03
1.795756713867187500e+03
1.793257690429687500e+03
1.790834960937500000e+03
1.788561889648437500e+03
1.786586791992187500e+03
1.784760009765625000e+03
1.783006835937500000e+03
1.781623657226562500e+03
1.780387207031250000e+03
1.779296264648437500e+03
1.778424926757812500e+03
1.777697998046875000e+03
1.777189453125000000e+03
1.776823974609375000e+03
1.776675170898437500e+03
1.776742919921875000e+03
1.776877319335937500e+03
1.777375488281250000e+03
1.777939331054687500e+03
1.778791381835937500e+03
1.779707641601562500e+03
1.780910888671875000e+03
1.782251464843750000e+03
1.783803344726562500e+03
1.785491821289062500e+03
1.787389892578125000e+03
1.789497680664062500e+03
1.791740112304687500e+03
1.794264770507812500e+03
1.796922973632812500e+03
1.799714111328125000e+03
1.802785766601562500e+03
1.805915039062500000e+03
1.809175415039062500e+03
1.812640258789062500e+03
1.816383911132812500e+03
1.820182495117187500e+03
1.824184448242187500e+03
1.828314697265625000e+03
1.832646972656250000e+03
1.837106567382812500e+03
1.841767089843750000e+03
1.846479370117187500e+03
1.851466186523437500e+03
1.856578247070312500e+03
1.861814819335937500e+03
1.867175781250000000e+03
1.872660278320312500e+03
1.878342407226562500e+03
1.884147216796875000e+03
1.890074707031250000e+03
1.896124389648437500e+03
1.902296142578125000e+03
1.908515502929687500e+03
1.914930664062500000e+03
1.921393066406250000e+03
1.928125244140625000e+03
1.934829956054687500e+03
1.941729492187500000e+03
1.948675537109375000e+03
1.955742309570312500e+03
1.963003417968750000e+03
1.970161865234375000e+03
1.977514648437500000e+03
1.984987304687500000e+03
1.992505249023437500e+03
2.000068359375000000e+03
2.007751220703125000e+03
2.015404418945312500e+03
2.023325683593750000e+03
2.031143066406250000e+03
2.039079345703125000e+03
2.047060180664062500e+03
2.055085449218750000e+03
2.063229492187500000e+03
2.071343261718750000e+03
2.079501220703125000e+03
2.087703613281250000e+03
2.095875488281250000e+03
2.104239746093750000e+03
2.112499267578125000e+03
2.120876953125000000e+03
2.129224121093750000e+03
2.137614746093750000e+03
2.145900390625000000e+03
2.154303955078125000e+03
2.162602294921875000e+03
2.170944091796875000e+03
2.179254882812500000e+03
2.187608642578125000e+03
2.195931640625000000e+03
2.204223632812500000e+03
2.212558593750000000e+03
2.220788085937500000e+03
2.228911865234375000e+03
2.237004394531250000e+03
2.245139892578125000e+03
2.253244140625000000e+03
2.261242431640625000e+03
2.269209472656250000e+03
2.277145507812500000e+03
2.284976806640625000e+03
2.292703613281250000e+03
2.300475585937500000e+03
2.307995117187500000e+03
2.315635253906250000e+03
2.323024169921875000e+03
2.330459960937500000e+03
2.337720214843750000e+03
2.344879394531250000e+03
2.352087158203125000e+03
2.359046386718750000e+03
2.365980468750000000e+03
2.372741699218750000e+03
2.379478515625000000e+03
2.386043701171875000e+03
2.392511230468750000e+03
2.398882080078125000e+03
2.405082275390625000e+03
2.411186767578125000e+03
2.417121337890625000e+03
2.422961425781250000e+03
2.428632568359375000e+03
2.434284423828125000e+03
2.439619873046875000e+03
2.444862792968750000e+03
2.450161621093750000e+03
2.455071533203125000e+03
2.459890136718750000e+03
2.464617919921875000e+03
2.469106689453125000e+03
2.473505371093750000e+03
2.477740722656250000e+03
2.481738281250000000e+03
2.485647705078125000e+03
2.489320556640625000e+03
2.492831298828125000e+03
2.496181152343750000e+03
2.499444091796875000e+03
2.502472656250000000e+03
2.505341308593750000e+03
2.507976074218750000e+03
2.510377685546875000e+03
2.512620605468750000e+03
2.514854248046875000e+03
2.516707275390625000e+03
2.518403320312500000e+03
2.519942382812500000e+03
2.521325195312500000e+03
2.522478027343750000e+03
2.523326904296875000e+03
2.524169921875000000e+03
2.524710937500000000e+03
2.525172851562500000e+03
2.525334228515625000e+03
2.525269775390625000e+03
2.524979980468750000e+03
2.524614501953125000e+03
2.523951171875000000e+03
2.523064453125000000e+03
2.522030029296875000e+03
2.520773681640625000e+03
2.519445068359375000e+03
2.517821533203125000e+03
2.515904296875000000e+03
2.513842041015625000e+03
2.511710205078125000e+03
2.509286376953125000e+03
2.506719482421875000e+03
2.503861816406250000e+03
2.500862548828125000e+03
2.497647949218750000e+03
2.494144287109375000e+03
2.490575195312500000e+03
2.486718505859375000e+03
2.482648681640625000e+03
2.478515136718750000e+03
2.474095458984375000e+03
2.469539062500000000e+03
2.464771972656250000e+03
2.459794677734375000e+03
2.454682128906250000e+03
2.449286376953125000e+03
2.443830566406250000e+03
2.438018310546875000e+03
2.432147216796875000e+03
2.426069091796875000e+03
2.419710205078125000e+03
2.413294189453125000e+03
2.406672607421875000e+03
2.399846191406250000e+03
2.392889404296875000e+03
2.385654785156250000e+03
2.378364746093750000e+03
2.370946289062500000e+03
2.363399414062500000e+03
2.355650390625000000e+03
2.347625488281250000e+03
2.339622314453125000e+03
2.331343994140625000e+03
2.322939208984375000e+03
2.314408935546875000e+03
2.305678466796875000e+03
2.296748779296875000e+03
2.287842285156250000e+03
2.278662597656250000e+03
2.269358642578125000e+03
2.259930419921875000e+03
2.250452636718750000e+03
2.240776855468750000e+03
2.230977783203125000e+03
2.221055419921875000e+03
2.211010253906250000e+03
2.200693847656250000e+03
2.190626464843750000e+03
2.180214111328125000e+03
2.169753906250000000e+03
2.159172119140625000e+03
2.148468750000000000e+03
2.137718017578125000e+03
2.126846435546875000e+03
2.115853759765625000e+03
2.104814453125000000e+03
2.093654785156250000e+03
2.082374755859375000e+03
2.071197021484375000e+03
2.059750732421875000e+03
2.048333251953125000e+03
2.036869995117187500e+03
2.025287109375000000e+03
2.013659179687500000e+03
2.002060424804687500e+03
1.990268188476562500e+03
1.978431030273437500e+03
1.966623779296875000e+03
1.954697631835937500e+03
1.942875488281250000e+03
1.930786132812500000e+03
1.918801269531250000e+03
1.906846801757812500e+03
1.894848144531250000e+03
1.882731323242187500e+03
1.870719360351562500e+03
1.858589599609375000e+03
1.846490356445312500e+03
1.834347900390625000e+03
1.822310424804687500e+03
1.810229980468750000e+03
1.798106079101562500e+03
1.786087890625000000e+03
1.774025878906250000e+03
1.761845703125000000e+03
1.749918090820312500e+03
1.737870971679687500e+03
1.725852661132812500e+03
1.713937011718750000e+03
1.702123291015625000e+03
1.690262573242187500e+03
1.678354248046875000e+03
1.666546508789062500e+03
1.654764526367187500e+03
1.642784790039062500e+03
1.631201538085937500e+03
1.619493774414062500e+03
1.607958496093750000e+03
1.596372192382812500e+03
1.584957275390625000e+03
1.573564819335937500e+03
1.562194091796875000e+03
1.550993408203125000e+03
1.539739135742187500e+03
1.528579833984375000e+03
1.517514648437500000e+03
1.506617553710937500e+03
1.495665161132812500e+03
1.484879882812500000e+03
1.474187133789062500e+03
1.463511840820312500e+03
1.453002441406250000e+03
1.442509765625000000e+03
1.432181762695312500e+03
1.421943969726562500e+03
1.411795898437500000e+03
1.401736938476562500e+03
1.391841064453125000e+03
1.381959228515625000e+03
1.372239501953125000e+03
1.362681762695312500e+03
1.353136718750000000e+03
1.343752441406250000e+03
1.334454467773437500e+03
1.325390869140625000e+03
1.316412597656250000e+03
1.307519409179687500e+03
1.298785034179687500e+03
1.290134643554687500e+03
1.281493896484375000e+03
1.273159301757812500e+03
1.264907836914062500e+03
1.256812988281250000e+03
1.248874511718750000e+03
1.241017089843750000e+03
1.233314331054687500e+03
1.225691528320312500e+03
1.218221923828125000e+03
1.210979370117187500e+03
1.203740112304687500e+03
1.196800781250000000e+03
1.189937866210937500e+03
1.183150390625000000e+03
1.176586669921875000e+03
1.170171508789062500e+03
1.163904296875000000e+03
1.157710205078125000e+03
1.151736938476562500e+03
1.145835571289062500e+03
1.140079467773437500e+03
1.134542602539062500e+03
1.129149902343750000e+03
1.123826416015625000e+03
1.118645996093750000e+03
1.113607910156250000e+03
1.108786010742187500e+03
1.104105102539062500e+03
1.099565063476562500e+03
1.095165039062500000e+03
1.090830200195312500e+03
1.086782836914062500e+03
1.082799804687500000e+03
1.078954467773437500e+03
1.075246582031250000e+03
1.071749755859375000e+03
1.068315063476562500e+03
1.065090332031250000e+03
1.061926757812500000e+03
1.058897827148437500e+03
1.056077636718750000e+03
1.053391235351562500e+03
1.050838134765625000e+03
1.048418090820312500e+03
1.046130371093750000e+03
1.043900512695312500e+03
1.041876342773437500e+03
1.040057617187500000e+03
1.038295166015625000e+03
1.036663085937500000e+03
1.035160888671875000e+03
1.033788085937500000e+03
1.032544067382812500e+03
1.031428955078125000e+03
1.030367797851562500e+03
1.029509277343750000e+03
1.028778686523437500e+03
1.028250488281250000e+03
1.027775634765625000e+03
1.027354003906250000e+03
1.026837036132812500e+03
1.026670166015625000e+03
1.026630493164062500e+03
1.026643554687500000e+03
1.026783447265625000e+03
1.027050170898437500e+03
1.027443481445312500e+03
1.027814697265625000e+03
1.028386596679687500e+03
1.029084960937500000e+03
1.029835083007812500e+03
1.030636962890625000e+03
1.031639160156250000e+03
1.032692993164062500e+03
1.033798339843750000e+03
1.035029418945312500e+03
1.036311767578125000e+03
1.037645507812500000e+03
1.039327636718750000e+03
1.040837890625000000e+03
1.042399414062500000e+03
1.044086059570312500e+03
1.045823608398437500e+03
1.047463500976562500e+03
1.049377197265625000e+03
1.051267333984375000e+03
1.053356811523437500e+03
1.055422851562500000e+03
1.057539306640625000e+03
1.059706542968750000e+03
1.061998657226562500e+03
1.064341308593750000e+03
1.066585937500000000e+03
1.069029663085937500e+03
1.071449707031250000e+03
1.073920166015625000e+03
1.076515380859375000e+03
1.079012695312500000e+03
1.081634521484375000e+03
1.084306884765625000e+03
1.086881103515625000e+03
1.089580200195312500e+03
1.092255371093750000e+03
1.094981201171875000e+03
1.097757812500000000e+03
1.100437011718750000e+03
1.103167968750000000e+03
1.105876464843750000e+03
1.108637451171875000e+03
1.111451293945312500e+03
1.114392578125000000e+03
1.117238891601562500e+03
1.120064941406250000e+03
1.122870849609375000e+03
1.125731689453125000e+03
1.128424804687500000e+03
1.131247680664062500e+03
1.134052246093750000e+03
1.136764648437500000e+03
1.139607910156250000e+03
1.142359863281250000e+03
1.145094970703125000e+03
1.147888061523437500e+03
1.150516479492187500e+03
1.153203735351562500e+03
1.155950073242187500e+03
1.158532958984375000e+03
1.161175781250000000e+03
1.163730102539062500e+03
1.166345214843750000e+03
1.168798339843750000e+03
1.171238647460937500e+03
1.173740722656250000e+03
1.176081909179687500e+03
1.178411499023437500e+03
1.180729492187500000e+03
1.183036499023437500e+03
1.185258422851562500e+03
1.187470092773437500e+03
1.189597290039062500e+03
1.191640502929687500e+03
1.193674560546875000e+03
1.195625244140625000e+03
1.197567138671875000e+03
1.199500854492187500e+03
1.201277832031250000e+03
1.202898437500000000e+03
1.204660400390625000e+03
1.206266601562500000e+03
1.207791625976562500e+03
1.209310180664062500e+03
1.210748291015625000e+03
1.212106201171875000e+03
1.213384033203125000e+03
1.214731323242187500e+03
1.215851074218750000e+03
1.216966796875000000e+03
1.217930908203125000e+03
1.218892089843750000e+03
1.219776733398437500e+03
1.220585449218750000e+03
1.221244628906250000e+03
1.221903076171875000e+03
1.222412841796875000e+03
1.222997680664062500e+03
1.223360473632812500e+03
1.223650634765625000e+03
1.223942749023437500e+03
1.224163330078125000e+03
1.224238403320312500e+03
1.224242675781250000e+03
1.224251098632812500e+03
1.224115600585937500e+03
1.223910766601562500e+03
1.223637329101562500e+03
1.223221191406250000e+03
1.222811645507812500e+03
1.222260375976562500e+03
1.221642333984375000e+03
1.220957763671875000e+03
1.220207275390625000e+03
1.219391235351562500e+03
1.218361450195312500e+03
1.217415649414062500e+03
1.216331298828125000e+03
1.215108764648437500e+03
1.213897094726562500e+03
1.212548217773437500e+03
1.211136596679687500e+03
1.209662719726562500e+03
1.208127075195312500e+03
1.206530029296875000e+03
1.204797485351562500e+03
1.203004516601562500e+03
1.201151000976562500e+03
1.199237426757812500e+03
1.197115844726562500e+03
1.195083496093750000e+03
1.192917846679687500e+03
1.190693603515625000e+03
1.188336914062500000e+03
1.185996459960937500e+03
1.183524291992187500e+03
1.181068847656250000e+03
1.178407836914062500e+03
1.175838256835937500e+03
1.173137695312500000e+03
1.170380493164062500e+03
1.167492431640625000e+03
1.164547851562500000e+03
1.161621582031250000e+03
1.158639038085937500e+03
1.155452026367187500e+03
1.152357543945312500e+03
1.149133178710937500e+03
1.145853149414062500e+03
1.142591796875000000e+03
1.139200683593750000e+03
1.135679931640625000e+03
1.132252563476562500e+03
1.128695678710937500e+03
1.125157958984375000e+03
1.121565185546875000e+03
1.117843139648437500e+03
1.114140502929687500e+03
1.110383056640625000e+03
1.106570678710937500e+03
1.102703735351562500e+03
1.098707641601562500e+03
1.094805664062500000e+03
1.090774658203125000e+03
1.086837646484375000e+03
1.082771850585937500e+03
1.078725708007812500e+03
1.074550903320312500e+03
1.070395996093750000e+03
1.066186523437500000e+03
1.061996826171875000e+03
1.057752807617187500e+03
1.053528808593750000e+03
1.049250366210937500e+03
1.044917480468750000e+03
1.040604492187500000e+03
1.036237182617187500e+03
1.031889770507812500e+03
1.027488037109375000e+03
1.023106262207031250e+03
1.018744262695312500e+03
1.014253662109375000e+03
1.009857360839843750e+03
1.005406616210937500e+03
1.000975769042968750e+03
9.964905395507812500e+02
9.920993652343750000e+02
9.875792236328125000e+02
9.831524658203125000e+02
9.786702880859375000e+02
9.742066040039062500e+02
9.697609863281250000e+02
9.654074707031250000e+02
9.609970092773437500e+02
9.565294799804687500e+02
9.521527709960937500e+02
9.477181396484375000e+02
9.433739624023437500e+02
9.389708862304687500e+02
9.346575927734375000e+02
9.303591918945312500e+02
9.260752563476562500e+02
9.216571044921875000e+02
9.174013671875000000e+02
9.130847167968750000e+02
9.088557128906250000e+02
9.046395263671875000e+02
9.004357910156250000e+02
8.962442016601562500e+02
8.920643310546875000e+02
8.879701538085937500e+02
8.838871459960937500e+02
8.798892211914062500e+02
8.758273315429687500e+02
8.718499145507812500e+02
8.677335205078125000e+02
8.637752075195312500e+02
8.598259887695312500e+02
8.560341186523437500e+02
8.521763305664062500e+02
8.486239013671875000e+02
8.449306030273437500e+02
8.412447509765625000e+02
8.376403198242187500e+02
8.340427246093750000e+02
8.304516601562500000e+02
8.270154418945312500e+02
8.235108032226562500e+02
8.200861206054687500e+02
8.167410278320312500e+02
8.134752807617187500e+02
8.102142944335937500e+02
8.069577636718750000e+02
8.037797241210937500e+02
8.006798706054687500e+02
7.976580810546875000e+02
7.946395263671875000e+02
7.917724609375000000e+02
7.888334960937500000e+02
7.859707641601562500e+02
7.831836547851562500e+02
7.805462036132812500e+02
7.779091186523437500e+02
7.752720947265625000e+02
7.727088623046875000e+02
7.702189941406250000e+02
7.678020019531250000e+02
7.654575195312500000e+02
7.631850585937500000e+02
7.609097900390625000e+02
7.587800903320312500e+02
7.566467285156250000e+02
7.545837402343750000e+02
7.525980224609375000e+02
7.506892089843750000e+02
7.488198242187500000e+02
7.470264892578125000e+02
7.452791748046875000e+02
7.435775146484375000e+02
7.419507446289062500e+02
7.403837280273437500e+02
7.388686523437500000e+02
7.374199218750000000e+02
7.360299072265625000e+02
7.347055053710937500e+02
7.334465332031250000e+02
7.322451171875000000e+02
7.311083984375000000e+02
7.300286254882812500e+02
7.290128784179687500e+02
7.280459594726562500e+02
7.271423950195312500e+02
7.263019409179687500e+02
7.255242919921875000e+02
7.248016357421875000e+02
7.241337280273437500e+02
7.235277709960937500e+02
7.229760131835937500e+02
7.224780273437500000e+02
7.220486450195312500e+02
7.216651611328125000e+02
7.213347167968750000e+02
7.210645751953125000e+02
7.208470458984375000e+02
7.206743774414062500e+02
7.205686645507812500e+02
7.205147705078125000e+02
7.205051269531250000e+02
7.205470581054687500e+02
7.206403808593750000e+02
7.207849121093750000e+02
7.209657592773437500e+02
7.212124633789062500e+02
7.215026245117187500e+02
7.218286743164062500e+02
7.222128295898437500e+02
7.226325683593750000e+02
7.231251220703125000e+02
7.236382446289062500e+02
7.242015991210937500e+02
7.248002319335937500e+02
7.254489135742187500e+02
7.261401367187500000e+02
7.268590087890625000e+02
7.276201782226562500e+02
7.284163208007812500e+02
7.292471923828125000e+02
7.301203613281250000e+02
7.310281982421875000e+02
7.319706420898437500e+02
7.329403076171875000e+02
7.339519042968750000e+02
7.349757690429687500e+02
7.360490112304687500e+02
7.371417846679687500e+02
7.382615356445312500e+02
7.394157104492187500e+02
7.405819702148437500e+02
7.417825317382812500e+02
7.430025634765625000e+02
7.442421264648437500e+02
7.455085449218750000e+02
7.467943115234375000e+02
7.480921630859375000e+02
7.494168090820312500e+02
7.507536010742187500e+02
7.521022949218750000e+02
7.534629516601562500e+02
7.548431396484375000e+02
7.562352905273437500e+02
7.576246948242187500e+02
7.590335083007812500e+02
7.604544677734375000e+02
7.618725585937500000e+02
7.633101806640625000e+02
7.647376098632812500e+02
7.661773071289062500e+02
7.676070556640625000e+02
7.690495605468750000e+02
7.704828491210937500e+02
7.719295043945312500e+02
7.733749389648437500e+02
7.748120727539062500e+02
7.762337646484375000e+02
7.776552124023437500e+02
7.790544433593750000e+02
7.804688110351562500e+02
7.818541259765625000e+02
7.832404174804687500e+02
7.845908203125000000e+02
7.860170898437500000e+02
7.873560791015625000e+02
7.886823730468750000e+02
7.900705566406250000e+02
7.913723754882812500e+02
7.926624145507812500e+02
7.939409179687500000e+02
7.952082519531250000e+02
7.964647216796875000e+02
7.977105102539062500e+02
7.989459838867187500e+02
8.001713867187500000e+02
8.013870239257812500e+02
8.025932617187500000e+02
8.037158813476562500e+02
8.048296508789062500e+02
8.059348144531250000e+02
8.068828735351562500e+02
8.079714965820312500e+02
8.089036865234375000e+02
8.098283081054687500e+02
8.107456054687500000e+02
8.115815429687500000e+02
8.125593261718750000e+02
8.133819580078125000e+02
8.141239624023437500e+02
8.149342651367187500e+02
8.156645507812500000e+02
8.163891601562500000e+02
8.170342407226562500e+02
8.176741943359375000e+02
8.183093872070312500e+02
8.188656616210937500e+02
8.193432006835937500e+02
8.198165893554687500e+02
8.202860717773437500e+02
8.206776123046875000e+02
8.210657958984375000e+02
8.213768310546875000e+02
8.216111450195312500e+02
8.219177246093750000e+02
8.220741577148437500e+02
8.221550292968750000e+02
8.223837280273437500e+02
8.223891601562500000e+02
8.224688720703125000e+02
8.224746704101562500e+02
8.224070434570312500e+02
8.221918945312500000e+02
8.220526123046875000e+02
8.218410644531250000e+02
8.216317749023437500e+02
8.212765502929687500e+02
8.209243774414062500e+02
8.205012207031250000e+02
8.200819091796875000e+02
8.195924072265625000e+02
8.191072998046875000e+02
8.184783935546875000e+02
8.179289550781250000e+02
8.172362670898437500e+02
8.164750366210937500e+02
8.157943115234375000e+02
8.149712524414062500e+02
8.140806274414062500e+02
8.131970825195312500e+02
8.122464599609375000e+02
8.112291259765625000e+02
8.102940063476562500e+02
8.092184448242187500e+02
8.080770263671875000e+02
8.069442749023437500e+02
8.056719360351562500e+02
8.044087524414062500e+02
8.030808105468750000e+02
8.017625732421875000e+02
8.003800048828125000e+02
7.989333496093750000e+02
7.974227905273437500e+02
7.959229125976562500e+02
7.942854003906250000e+02
7.927332153320312500e+02
7.909694824218750000e+02
7.892915649414062500e+02
7.875510864257812500e+02
7.857481689453125000e+02
7.839574584960937500e+02
7.820303344726562500e+02
7.801156616210937500e+02
7.782134399414062500e+02
7.762495727539062500e+02
7.742241210937500000e+02
7.720629272460937500e+02
7.699890747070312500e+02
7.678539428710937500e+02
7.656576538085937500e+02
7.634747314453125000e+02
7.612307739257812500e+02
7.588517456054687500e+02
7.565604858398437500e+02
7.541342773437500000e+02
7.517961425781250000e+02
7.493231201171875000e+02
7.468638916015625000e+02
7.444187011718750000e+02
7.417644653320312500e+02
7.392728881835937500e+02
7.367211303710937500e+02
7.341092529296875000e+02
7.313629150390625000e+02
7.287052001953125000e+02
7.259874267578125000e+02
7.232839965820312500e+02
7.205206909179687500e+02
7.177717895507812500e+02
7.149630126953125000e+02
7.121019287109375000e+02
7.092627563476562500e+02
7.063787231445312500e+02
7.035017700195312500e+02
7.005800170898437500e+02
6.976357421875000000e+02
6.946689453125000000e+02
6.917019653320312500e+02
6.886902465820312500e+02
6.856708984375000000e+02
6.826365356445312500e+02
6.795946655273437500e+02
6.765302734375000000e+02
6.734509277343750000e+02
6.703640136718750000e+02
6.672621459960937500e+02
6.641452636718750000e+02
6.610282592773437500e+02
6.578962402343750000e+02
6.547567749023437500e+02
6.516096191406250000e+02
6.484547119140625000e+02
6.452992553710937500e+02
6.421354980468750000e+02
6.389633178710937500e+02
6.357897949218750000e+02
6.326148681640625000e+02
6.294382324218750000e+02
6.262521362304687500e+02
6.230787353515625000e+02
6.198880615234375000e+02
6.167022094726562500e+02
6.135134277343750000e+02
6.103364257812500000e+02
6.071783447265625000e+02
6.040018310546875000e+02
6.008363647460937500e+02
5.976742553710937500e+02
5.945153198242187500e+02
5.913741455078125000e+02
5.882282104492187500e+02
5.850847778320312500e+02
5.819584350585937500e+02
5.788340454101562500e+02
5.757188720703125000e+02
5.726201782226562500e+02
5.695300903320312500e+02
5.664486083984375000e+02
5.633828735351562500e+02
5.603325805664062500e+02
5.572902221679687500e+02
5.542703247070312500e+02
5.512578735351562500e+02
5.482674560546875000e+02
5.452915039062500000e+02
5.423297119140625000e+02
5.393968505859375000e+02
5.364851684570312500e+02
5.335573730468750000e+02
5.306726684570312500e+02
5.278087158203125000e+02
5.249650878906250000e+02
5.221342773437500000e+02
5.193309936523437500e+02
5.165549926757812500e+02
5.137912597656250000e+02
5.110543823242187500e+02
5.083517456054687500e+02
5.056682739257812500e+02
5.030186157226562500e+02
5.003803100585937500e+02
4.977828063964843750e+02
4.952033691406250000e+02
4.926565856933593750e+02
4.901272888183593750e+02
4.876373901367187500e+02
4.851717834472656250e+02
4.827374572753906250e+02
4.803416748046875000e+02
4.779691162109375000e+02
4.756046752929687500e+02
4.732703247070312500e+02
4.709732360839843750e+02
4.687130432128906250e+02
4.664895019531250000e+02
4.642874450683593750e+02
4.621065368652343750e+02
4.599614562988281250e+02
4.578593139648437500e+02
4.557849121093750000e+02
4.537454528808593750e+02
4.517258605957031250e+02
4.497406616210937500e+02
4.478044433593750000e+02
4.458873291015625000e+02
4.440038146972656250e+02
4.421537475585937500e+02
4.403367919921875000e+02
4.385602416992187500e+02
4.368014526367187500e+02
4.350751647949218750e+02
4.333959350585937500e+02
4.317338562011718750e+02
4.301184082031250000e+02
4.285197143554687500e+02
4.269671936035156250e+02
4.254458312988281250e+02
4.239628601074218750e+02
4.225032043457031250e+02
4.210740661621093750e+02
4.196901550292968750e+02
4.183290100097656250e+02
4.170052795410156250e+02
4.157039184570312500e+02
4.144470520019531250e+02
4.132270507812500000e+02
4.120289611816406250e+02
4.108674011230468750e+02
4.097348327636718750e+02
4.086384887695312500e+02
4.075708007812500000e+02
4.065242614746093750e+02
4.055283508300781250e+02
4.045533142089843750e+02
4.036138305664062500e+02
4.027023620605468750e+02
4.018187866210937500e+02
4.009630126953125000e+02
4.001497802734375000e+02
3.993641357421875000e+02
3.985985107421875000e+02
3.978751220703125000e+02
3.971641540527343750e+02
3.964952392578125000e+02
3.958533935546875000e+02
3.952311706542968750e+02
3.946433105468750000e+02
3.940822753906250000e+02
3.935331726074218750e+02
3.930330810546875000e+02
3.925522155761718750e+02
3.920979003906250000e+02
3.916627197265625000e+02
3.912614135742187500e+02
3.908865051269531250e+02
3.905305175781250000e+02
3.901934204101562500e+02
3.898825988769531250e+02
3.895979919433593750e+02
3.893395690917968750e+02
3.890849914550781250e+02
3.888713989257812500e+02
3.886764221191406250e+02
3.885149536132812500e+02
3.883572082519531250e+02
3.882254638671875000e+02
3.881122131347656250e+02
3.880101013183593750e+02
3.879413452148437500e+02
3.878836059570312500e+02
3.878369445800781250e+02
3.878161621093750000e+02
3.878063964843750000e+02
3.878076782226562500e+02
3.878273010253906250e+02
3.878579711914062500e+02
3.879144897460937500e+02
3.879819641113281250e+02
3.880604248046875000e+02
3.881499023437500000e+02
3.882503356933593750e+02
3.883693542480468750e+02
3.884922180175781250e+02
3.886265869140625000e+02
3.887799987792968750e+02
3.889377441406250000e+02
3.890926208496093750e+02
3.892744750976562500e+02
3.894611816406250000e+02
3.896455078125000000e+02
3.898498535156250000e+02
3.900521240234375000e+02
3.902673645019531250e+02
3.904808654785156250e+02
3.907076416015625000e+02
3.909404602050781250e+02
3.911720275878906250e+02
3.914173889160156250e+02
3.916618347167968750e+02
3.919055480957031250e+02
3.921635131835937500e+02
3.924211120605468750e+02
3.926710205078125000e+02
3.929356994628906250e+02
3.931855773925781250e+02
3.934505615234375000e+02
3.937159118652343750e+02
3.939669799804687500e+02
3.942261962890625000e+02
3.944862976074218750e+02
3.947474365234375000e+02
3.949948730468750000e+02
3.952510681152343750e+02
3.955013427734375000e+02
3.957532653808593750e+02
3.959995422363281250e+02
3.962329101562500000e+02
3.964757995605468750e+02
3.966986083984375000e+02
3.969163818359375000e+02
3.971366577148437500e+02
3.973522033691406250e+02
3.975556640625000000e+02
3.977471923828125000e+02
3.979418029785156250e+02
3.981247558593750000e+02
3.982887573242187500e+02
3.984562377929687500e+02
3.986124267578125000e+02
3.987574768066406250e+02
3.988841247558593750e+02
3.990148620605468750e+02
3.991276550292968750e+02
3.992302551269531250e+02
3.993228149414062500e+02
3.993982238769531250e+02
3.994716186523437500e+02
3.995283203125000000e+02
3.995760192871093750e+02
3.996075744628906250e+02
3.996231994628906250e+02
3.996379699707031250e+02
3.996298522949218750e+02
3.996065063476562500e+02
3.995681457519531250e+02
3.995298767089843750e+02
3.994696350097656250e+02
3.993875732421875000e+02
3.992988586425781250e+02
3.992036743164062500e+02
3.990873718261718750e+02
3.989649658203125000e+02
3.988218688964843750e+02
3.986582641601562500e+02
3.984817810058593750e+02
3.982925720214843750e+02
3.980908813476562500e+02
3.978694458007812500e+02
3.976432800292968750e+02
3.973829040527343750e+02
3.971181640625000000e+02
3.968344116210937500e+02
3.965392150878906250e+02
3.962253417968750000e+02
3.958929138183593750e+02
3.955495910644531250e+02
3.951880187988281250e+02
3.948084106445312500e+02
3.944257202148437500e+02
3.940104675292968750e+02
3.935998229980468750e+02
3.931568908691406250e+02
3.927040405273437500e+02
3.922339782714843750e+02
3.917468261718750000e+02
3.912427673339843750e+02
3.907293090820312500e+02
3.901917114257812500e+02
3.896375122070312500e+02
3.890668334960937500e+02
3.884798278808593750e+02
3.878840026855468750e+02
3.872720336914062500e+02
3.866440124511718750e+02
3.860000610351562500e+02
3.853476562500000000e+02
3.846721191406250000e+02
3.839734802246093750e+02
3.832741088867187500e+02
3.825518493652343750e+02
3.818141784667968750e+02
3.810611572265625000e+02
3.803003234863281250e+02
3.795317687988281250e+02
3.787332458496093750e+02
3.779271240234375000e+02
3.771060180664062500e+02
3.762700195312500000e+02
3.754266052246093750e+02
3.745609436035156250e+02
3.736880187988281250e+02
3.728078308105468750e+02
3.718981628417968750e+02
3.709888000488281250e+02
3.700648803710937500e+02
3.691339111328125000e+02
3.681736450195312500e+02
3.672138061523437500e+02
3.662396240234375000e+02
3.652585144042968750e+02
3.642705383300781250e+02
3.632534179687500000e+02
3.622369689941406250e+02
3.612210998535156250e+02
3.601836547851562500e+02
3.591394653320312500e+02
3.580885314941406250e+02
3.570309448242187500e+02
3.559592285156250000e+02
3.548734130859375000e+02
3.537883911132812500e+02
3.526967468261718750e+02
3.515835876464843750e+02
3.504786682128906250e+02
3.493671569824218750e+02
3.482192993164062500e+02
3.471020202636718750e+02
3.459632873535156250e+02
3.448179626464843750e+02
3.436734619140625000e+02
3.425298156738281250e+02
3.413868713378906250e+02
3.402297058105468750e+02
3.390581665039062500e+02
3.378870239257812500e+02
3.367236022949218750e+02
3.355454711914062500e+02
3.343673706054687500e+02
3.331892089843750000e+02
3.320108642578125000e+02
3.308173217773437500e+02
3.296307983398437500e+02
3.284437255859375000e+02
3.272485656738281250e+02
3.260600585937500000e+02
3.248706359863281250e+02
3.236727600097656250e+02
3.224737243652343750e+02
3.212585754394531250e+02
3.200643310546875000e+02
3.188760375976562500e+02
3.176786499023437500e+02
3.165092773437500000e+02
3.153157043457031250e+02
3.141275939941406250e+02
3.129374084472656250e+02
3.117598266601562500e+02
3.105724792480468750e+02
3.093901367187500000e+02
3.082126464843750000e+02
3.070399169921875000e+02
3.058643798828125000e+02
3.047007751464843750e+02
3.035415954589843750e+02
3.023792724609375000e+02
3.012211608886718750e+02
3.000745544433593750e+02
2.989318847656250000e+02
2.977856750488281250e+02
2.966580810546875000e+02
2.955341186523437500e+02
2.944137268066406250e+02
2.932967834472656250e+02
2.921906127929687500e+02
2.911100158691406250e+02
2.900102539062500000e+02
2.889284362792968750e+02
2.878495788574218750e+02
2.867810058593750000e+02
2.857226867675781250e+02
2.846521911621093750e+02
2.836213378906250000e+02
2.825779418945312500e+02
2.815515136718750000e+02
2.805344543457031250e+02
2.795339660644531250e+02
2.785349731445312500e+02
2.775448303222656250e+02
2.765706787109375000e+02
2.755975646972656250e+02
2.746474914550781250e+02
2.737055053710937500e+02
2.727565307617187500e+02
2.718375549316406250e+02
2.709187316894531250e+02
2.700220947265625000e+02
2.691178283691406250e+02
2.682354125976562500e+02
2.673673400878906250e+02
2.665059814453125000e+02
2.656511840820312500e+02
2.648176574707031250e+02
2.639903564453125000e+02
2.631765747070312500e+02
2.623762207031250000e+02
2.615816345214843750e+02
2.608001708984375000e+02
2.600242004394531250e+02
2.592684936523437500e+02
2.585254821777343750e+02
2.577949829101562500e+02
2.570694885253906250e+02
2.563637084960937500e+02
2.556701049804687500e+02
2.549885101318359375e+02
2.543114013671875000e+02
2.536461029052734375e+02
2.530073394775390625e+02
2.523652648925781250e+02
2.517420654296875000e+02
2.511376647949218750e+02
2.505370483398437500e+02
2.499476013183593750e+02
2.493765869140625000e+02
2.488090820312500000e+02
2.482598266601562500e+02
2.477287445068359375e+02
2.472008819580078125e+02
2.466910247802734375e+02
2.461841735839843750e+02
2.456951751708984375e+02
2.452238769531250000e+02
2.447553558349609375e+02
2.443192596435546875e+02
2.438634338378906250e+02
2.434324035644531250e+02
2.430187072753906250e+02
2.426147918701171875e+02
2.422131347656250000e+02
2.418285675048828125e+02
2.414609832763671875e+02
2.411028900146484375e+02
2.407616729736328125e+02
2.404223785400390625e+02
2.400998229980468750e+02
2.397790985107421875e+02
2.394824066162109375e+02
2.391874084472656250e+02
2.389089355468750000e+02
2.386394958496093750e+02
2.383715972900390625e+02
2.381274871826171875e+02
2.378848571777343750e+02
2.376436462402343750e+02
2.374335174560546875e+02
2.372173461914062500e+02
2.370024566650390625e+02
2.368185729980468750e+02
2.366284942626953125e+02
2.364545135498046875e+02
2.362965698242187500e+02
2.361398162841796875e+02
2.359916229248046875e+02
2.358519592285156250e+02
2.357208709716796875e+02
2.355982666015625000e+02
2.354767608642578125e+02
2.353711547851562500e+02
2.352740478515625000e+02
2.351779479980468750e+02
2.350977630615234375e+02
2.350111389160156250e+02
2.349403991699218750e+02
2.348781127929687500e+02
2.348093719482421875e+02
2.347565002441406250e+02
2.346972045898437500e+02
2.346611480712890625e+02
2.346187133789062500e+02
2.345846862792968750e+02
2.345591125488281250e+02
2.345346221923828125e+02
2.345187377929687500e+02
2.345040740966796875e+02
2.344907684326171875e+02
2.344788513183593750e+02
2.345056152343750000e+02
2.344819488525390625e+02
2.344896545410156250e+02
2.344917144775390625e+02
2.345030364990234375e+02
2.345162811279296875e+02
2.345315551757812500e+02
2.345489044189453125e+02
2.345758972167968750e+02
2.345977020263671875e+02
2.346293334960937500e+02
2.346485290527343750e+02
2.346851043701171875e+02
2.347094726562500000e+02
2.347439422607421875e+02
2.347737731933593750e+02
2.348064575195312500e+02
2.348495483398437500e+02
2.348808135986328125e+02
2.349151763916015625e+02
2.349527435302734375e+02
2.349861907958984375e+02
2.350229797363281250e+02
2.350632171630859375e+02
2.350921478271484375e+02
2.351246643066406250e+02
2.351608581542968750e+02
2.351934204101562500e+02
2.352297973632812500e+02
2.352552490234375000e+02
2.352772369384765625e+02
2.353033294677734375e+02
2.353261413574218750e+02
2.353531951904296875e+02
2.353622131347656250e+02
2.353682250976562500e+02
2.353786315917968750e+02
2.353861694335937500e+02
2.353982849121093750e+02
2.353927917480468750e+02
2.353845672607421875e+02
2.353811950683593750e+02
2.353677825927734375e+02
2.353444824218750000e+02
2.353262023925781250e+02
2.352982177734375000e+02
2.352681121826171875e+02
2.352360687255859375e+02
2.351873321533203125e+02
2.351443786621093750e+02
2.350850524902343750e+02
2.350317993164062500e+02
2.349698944091796875e+02
2.348920898437500000e+02
2.348207702636718750e+02
2.347412261962890625e+02
2.346461944580078125e+02
2.345581359863281250e+02
2.344622497558593750e+02
2.343661651611328125e+02
2.342476959228515625e+02
2.341292724609375000e+02
2.340036163330078125e+02
2.338782653808593750e+02
2.337458953857421875e+02
2.335992736816406250e+02
2.334459075927734375e+02
2.332933502197265625e+02
2.331194305419921875e+02
2.329540100097656250e+02
2.327823028564453125e+02
2.325896148681640625e+02
2.324057312011718750e+02
2.322010498046875000e+02
2.319905700683593750e+02
2.317817993164062500e+02
2.315599670410156250e+02
2.313400421142578125e+02
2.310998382568359375e+02
2.308542938232421875e+02
2.306109313964843750e+02
2.303401489257812500e+02
2.300791320800781250e+02
2.298131408691406250e+02
2.295274047851562500e+02
2.292442474365234375e+02
2.289414825439453125e+02
2.286488952636718750e+02
2.283368530273437500e+02
2.280276794433593750e+02
2.276991882324218750e+02
2.273662719726562500e+02
2.270290222167968750e+02
2.266800384521484375e+02
2.263119506835937500e+02
2.259545593261718750e+02
2.255782318115234375e+02
2.251978607177734375e+02
2.248061065673828125e+02
2.244104614257812500e+02
2.240109710693359375e+02
2.236002655029296875e+02
2.231858825683593750e+02
2.227603759765625000e+02
2.223312835693359375e+02
2.218911895751953125e+02
2.214476470947265625e+02
2.209857635498046875e+02
2.205205078125000000e+02
2.200593414306640625e+02
2.195800323486328125e+02
2.190900268554687500e+02
2.186042785644531250e+02
2.181005249023437500e+02
2.175936584472656250e+02
2.170837097167968750e+02
2.165633392333984375e+02
2.160399780273437500e+02
2.155062561035156250e+02
2.149622039794921875e+02
2.144227447509765625e+02
2.138730316162109375e+02
2.132982330322265625e+02
2.127430114746093750e+02
2.121701965332031250e+02
2.115947418212890625e+02
2.110166168212890625e+02
2.104210510253906250e+02
2.098377685546875000e+02
2.092370910644531250e+02
2.086338806152343750e+02
2.080207672119140625e+02
2.074126281738281250e+02
2.067871704101562500e+02
2.061741790771484375e+02
2.055439453125000000e+02
2.049039154052734375e+02
2.042689514160156250e+02
2.036316680908203125e+02
2.029846343994140625e+02
2.023353118896484375e+02
2.016836853027343750e+02
2.010298004150390625e+02
2.003736267089843750e+02
1.997077484130859375e+02
1.990395812988281250e+02
1.983690490722656250e+02
1.977035369873046875e+02
1.970206909179687500e+02
1.963427581787109375e+02
1.956622619628906250e+02
1.949716949462890625e+02
1.942933044433593750e+02
1.936047210693359375e+02
1.929133148193359375e+02
1.922190399169921875e+02
1.915218048095703125e+02
1.908289947509765625e+02
1.901256713867187500e+02
1.894340667724609375e+02
1.887317962646484375e+02
1.880262451171875000e+02
1.873247680664062500e+02
1.866124267578125000e+02
1.859040222167968750e+02
1.851920318603515625e+02
1.844838256835937500e+02
1.837793426513671875e+02
1.830636444091796875e+02
1.823589324951171875e+02
1.816428680419921875e+02
1.809376525878906250e+02
1.802209472656250000e+02
1.795075225830078125e+02
1.787973327636718750e+02
1.780902862548828125e+02
1.773789215087890625e+02
1.766705780029296875e+02
1.759577636718750000e+02
1.752478637695312500e+02
1.745407867431640625e+02
1.738290863037109375e+02
1.731275482177734375e+02
1.724212493896484375e+02
1.717250061035156250e+02
1.710164642333984375e+02
1.703104553222656250e+02
1.696069335937500000e+02
1.689132537841796875e+02
1.682145385742187500e+02
1.675181732177734375e+02
1.668389739990234375e+02
1.661546020507812500e+02
1.654650268554687500e+02
1.647850799560546875e+02
1.641072235107421875e+02
1.634313507080078125e+02
1.627573852539062500e+02
1.620926513671875000e+02
1.614296417236328125e+02
1.607682495117187500e+02
1.601157989501953125e+02
1.594573669433593750e+02
1.588077087402343750e+02
1.581593017578125000e+02
1.575194854736328125e+02
1.568807525634765625e+02
1.562430267333984375e+02
1.556136016845703125e+02
1.549924316406250000e+02
1.543645629882812500e+02
1.537447509765625000e+02
1.531403503417968750e+02
1.525364074707031250e+02
1.519253997802734375e+02
1.513295440673828125e+02
1.507413177490234375e+02
1.501531829833984375e+02
1.495650787353515625e+02
1.489843292236328125e+02
1.484257049560546875e+02
1.478593902587890625e+02
1.472927551269531250e+02
1.467331085205078125e+02
1.461803741455078125e+02
1.456344451904296875e+02
1.450878295898437500e+02
1.445478515625000000e+02
1.440144348144531250e+02
1.434874877929687500e+02
1.429743499755859375e+02
1.424526367187500000e+02
1.419445800781250000e+02
1.414500732421875000e+02
1.409467620849609375e+02
1.404568481445312500e+02
1.399653778076171875e+02
1.394871520996093750e+02
1.390072326660156250e+02
1.385404052734375000e+02
1.380791778564453125e+02
1.376160430908203125e+02
1.371583557128906250e+02
1.367135009765625000e+02
1.362739868164062500e+02
1.358322906494140625e+02
1.354106445312500000e+02
1.349792480468750000e+02
1.345677642822265625e+02
1.341538238525390625e+02
1.337447967529296875e+02
1.333480529785156250e+02
1.329486846923828125e+02
1.325614929199218750e+02
1.321789855957031250e+02
1.318011627197265625e+02
1.314279327392578125e+02
1.310592803955078125e+02
1.306951751708984375e+02
1.303355560302734375e+02
1.299878387451171875e+02
1.296371612548828125e+02
1.293057556152343750e+02
1.289713134765625000e+02
1.286338043212890625e+02
1.283155517578125000e+02
1.280016326904296875e+02
1.276846008300781250e+02
1.273718948364257812e+02
1.270709152221679688e+02
1.267742462158203125e+02
1.264818572998046875e+02
1.262011795043945312e+02
1.259173355102539062e+02
1.256451873779296875e+02
1.253698577880859375e+02
1.251062164306640625e+02
1.248542404174804688e+02
1.246064834594726562e+02
1.243629531860351562e+02
1.241162109375000000e+02
1.238736648559570312e+02
1.236427383422851562e+02
1.234011230468750000e+02
1.231711120605468750e+02
1.229601135253906250e+02
1.227681045532226562e+02
1.225579147338867188e+02
1.223518295288085938e+02
1.221498184204101562e+02
1.219592895507812500e+02
1.217653732299804688e+02
1.215754470825195312e+02
1.213969650268554688e+02
1.212149963378906250e+02
1.210370101928710938e+02
1.208704071044921875e+02
1.207078018188476562e+02
1.205417251586914062e+02
1.203870773315429688e+02
1.202289962768554688e+02
1.200748977661132812e+02
1.199322204589843750e+02
1.197861251831054688e+02
1.196440277099609375e+02
1.195059585571289062e+02
1.193718872070312500e+02
1.192344360351562500e+02
1.190935897827148438e+02
1.189642181396484375e+02
1.188463439941406250e+02
1.187251129150390625e+02
1.186005477905273438e+02
1.184801101684570312e+02
1.183712310791015625e+02
1.182590866088867188e+02
1.181436996459960938e+02
1.180399475097656250e+02
1.179256057739257812e+02
1.178303985595703125e+02
1.177320938110351562e+02
1.176232757568359375e+02
1.175263137817382812e+02
1.174263687133789062e+02
1.173309249877929688e+02
1.172326049804687500e+02
1.171314544677734375e+02
1.170424041748046875e+02
1.169506454467773438e+02
1.168413696289062500e+02
1.167369232177734375e+02
1.166596832275390625e+02
1.165651321411132812e+02
1.164756011962890625e+02
1.163986053466796875e+02
1.163341979980468750e+02
1.162453079223632812e+02
1.161617202758789062e+02
1.160834884643554688e+02
1.159884033203125000e+02
1.159136581420898438e+02
1.158370666503906250e+02
1.157512207031250000e+02
1.156784820556640625e+02
1.155817718505859375e+02
1.154983291625976562e+02
1.154282684326171875e+02
1.153419494628906250e+02
1.152617568969726562e+02
1.151803588867187500e+02
1.150755615234375000e+02
1.149994354248046875e+02
1.149372253417968750e+02
1.148592758178710938e+02
1.147730865478515625e+02
1.146936035156250000e+02
1.146060104370117188e+02
1.145252304077148438e+02
1.144439163208007812e+02
1.143546600341796875e+02
1.142724075317382812e+02
1.141897354125976562e+02
1.140992813110351562e+02
1.140159378051757812e+02
1.139397430419921875e+02
1.138484344482421875e+02
1.137494812011718750e+02
1.136652145385742188e+02
1.135733413696289062e+02
1.134813385009765625e+02
1.133892135620117188e+02
1.133118667602539062e+02
1.132195816040039062e+02
1.131198120117187500e+02
1.130125732421875000e+02
1.129127655029296875e+02
1.128129501342773438e+02
1.126908874511718750e+02
1.125837097167968750e+02
1.124766082763671875e+02
1.123621749877929688e+02
1.122478485107421875e+02
1.121262512207031250e+02
1.120048065185546875e+02
1.118984298706054688e+02
1.117699966430664062e+02
1.116418380737304688e+02
1.115139846801757812e+02
1.113864669799804688e+02
1.112593460083007812e+02
1.111326675415039062e+02
1.109916076660156250e+02
1.108659439086914062e+02
1.107111358642578125e+02
1.105569763183593750e+02
1.104109725952148438e+02
1.102583312988281250e+02
1.101140213012695312e+02
1.099557952880859375e+02
1.097986145019531250e+02
1.096351318359375000e+02
1.094728927612304688e+02
1.093045043945312500e+02
1.091375198364257812e+02
1.089720001220703125e+02
1.088006286621093750e+02
1.086234664916992188e+02
1.084480361938476562e+02
1.082744216918945312e+02
1.080878448486328125e+02
1.079106674194335938e+02
1.077281036376953125e+02
1.075402297973632812e+02
1.073471069335937500e+02
1.071636734008789062e+02
1.069751129150390625e+02
1.067740631103515625e+02
1.065828552246093750e+02
1.063792648315429688e+02
1.061856079101562500e+02
1.059796295166015625e+02
1.057836685180664062e+02
1.055754394531250000e+02
1.053772735595703125e+02
1.051743240356445312e+02
1.049665908813476562e+02
1.047540817260742188e+02
1.045442428588867188e+02
1.043296203613281250e+02
1.041176452636718750e+02
1.039008712768554688e+02
1.036792831420898438e+02
1.034602890014648438e+02
1.032438583374023438e+02
1.030151062011718750e+02
1.027888565063476562e+02
1.025725173950195312e+02
1.023363189697265625e+02
1.021099395751953125e+02
1.018784942626953125e+02
1.016493530273437500e+02
1.014076309204101562e+02
1.011830062866210938e+02
1.009457015991210938e+02
1.007031250000000000e+02
1.004700622558593750e+02
1.002241744995117188e+02
9.998026275634765625e+01
9.973085784912109375e+01
9.949076080322265625e+01
9.923762512207031250e+01
9.898628997802734375e+01
9.872927093505859375e+01
9.848139953613281250e+01
9.822778320312500000e+01
9.796096801757812500e+01
9.770321655273437500e+01
9.743965911865234375e+01
9.717771148681640625e+01
9.691737365722656250e+01
9.665120697021484375e+01
9.638663482666015625e+01
9.611624908447265625e+01
9.584748840332031250e+01
9.557292938232421875e+01
9.530746459960937500e+01
9.502881622314453125e+01
9.475186920166015625e+01
9.448409271240234375e+01
9.420322418212890625e+01
9.392414855957031250e+01
9.365434265136718750e+01
9.337154388427734375e+01
9.309809112548828125e+01
9.281172180175781250e+01
9.254220581054687500e+01
9.225241088867187500e+01
9.197953796386718750e+01
9.170132446289062500e+01
9.142523956298828125e+01
9.115129852294921875e+01
9.087210845947265625e+01
9.059511566162109375e+01
9.032777404785156250e+01
9.004779815673828125e+01
8.977750396728515625e+01
8.950202178955078125e+01
8.922877502441406250e+01
8.895777893066406250e+01
8.868900299072265625e+01
8.842243957519531250e+01
8.815062713623046875e+01
8.788840484619140625e+01
8.762087249755859375e+01
8.735541534423828125e+01
8.708452606201171875e+01
8.683042144775390625e+01
8.657072448730468750e+01
8.631275939941406250e+01
8.605642700195312500e+01
8.580163574218750000e+01
8.554085540771484375e+01
8.529624938964843750e+01
8.504543304443359375e+01
8.478826904296875000e+01
8.454695129394531250e+01
8.429906463623046875e+01
8.405191040039062500e+01
8.381282043457031250e+01
8.356679534912109375e+01
8.332115173339843750e+01
8.307579040527343750e+01
8.283057403564453125e+01
8.258541107177734375e+01
8.234761047363281250e+01
8.210964965820312500e+01
8.187143707275390625e+01
8.163285827636718750e+01
8.139383697509765625e+01
8.116172790527343750e+01
8.092158508300781250e+01
8.068820190429687500e+01
8.044667053222656250e+01
8.021921539306640625e+01
7.997607421875000000e+01
7.974693298339843750e+01
7.950946044921875000e+01
7.927627563476562500e+01
7.904811096191406250e+01
7.881975555419921875e+01
7.858971405029296875e+01
7.836395263671875000e+01
7.813579559326171875e+01
7.791046905517578125e+01
7.768650817871093750e+01
7.746173095703125000e+01
7.724062347412109375e+01
7.702101135253906250e+01
7.680220031738281250e+01
7.658498382568359375e+01
7.637017059326171875e+01
7.615633392333984375e+01
7.594649505615234375e+01
7.573700714111328125e+01
0.000000000000000000e+00
0.000000000000000000e+00
0.000000000000000000e+00
0.000000000000000000e+00
0.000000000000000000e+00
0.000000000000000000e+00
0.000000000000000000e+00
0.000000000000000000e+00
0.000000000000000000e+00
0.000000000000000000e+00
0.000000000000000000e+00
0.000000000000000000e+00
0.000000000000000000e+00
0.000000000000000000e+00
0.000000000000000000e+00
0.000000000000000000e+00
0.000000000000000000e+00
0.000000000000000000e+00
0.000000000000000000e+00
0.000000000000000000e+00
0.000000000000000000e+00
0.000000000000000000e+00
0.000000000000000000e+00
0.000000000000000000e+00
0.000000000000000000e+00
0.000000000000000000e+00
0.000000000000000000e+00
0.000000000000000000e+00
0.000000000000000000e+00
0.000000000000000000e+00
0.000000000000000000e+00
0.000000000000000000e+00
0.000000000000000000e+00
0.000000000000000000e+00
0.000000000000000000e+00
0.000000000000000000e+00
0.000000000000000000e+00
0.000000000000000000e+00
0.000000000000000000e+00
0.000000000000000000e+00
0.000000000000000000e+00
0.000000000000000000e+00
0.000000000000000000e+00
0.000000000000000000e+00
0.000000000000000000e+00
0.000000000000000000e+00
0.000000000000000000e+00
0.000000000000000000e+00
0.000000000000000000e+00
0.000000000000000000e+00
0.000000000000000000e+00
0.000000000000000000e+00
0.000000000000000000e+00
0.000000000000000000e+00
0.000000000000000000e+00
0.000000000000000000e+00
0.000000000000000000e+00
0.000000000000000000e+00
0.000000000000000000e+00
0.000000000000000000e+00
0.000000000000000000e+00
0.000000000000000000e+00
0.000000000000000000e+00
0.000000000000000000e+00
0.000000000000000000e+00
0.000000000000000000e+00
0.000000000000000000e+00
0.000000000000000000e+00
0.000000000000000000e+00
0.000000000000000000e+00
0.000000000000000000e+00
0.000000000000000000e+00
0.000000000000000000e+00
0.000000000000000000e+00
0.000000000000000000e+00
0.000000000000000000e+00
0.000000000000000000e+00
0.000000000000000000e+00
0.000000000000000000e+00
0.000000000000000000e+00
0.000000000000000000e+00
0.000000000000000000e+00
0.000000000000000000e+00
0.000000000000000000e+00
0.000000000000000000e+00
0.000000000000000000e+00
0.000000000000000000e+00
0.000000000000000000e+00
0.000000000000000000e+00
0.000000000000000000e+00
0.000000000000000000e+00
0.000000000000000000e+00
0.000000000000000000e+00
0.000000000000000000e+00
0.000000000000000000e+00
0.000000000000000000e+00
0.000000000000000000e+00
0.000000000000000000e+00
0.000000000000000000e+00
0.000000000000000000e+00
