
                  objname     vdis        vlg       vgsr        v3k  

  AQUARIUS2                        5.40         96         41       -422  
  NGC4421                         91.31       1459       1506       1874  
  NGC5300                         19.73       1087       1138       1453  
  NGC4483                         99.99        764        819       1218  
  NGC5904                          5.70         39         74        224  
  NGC6254                          6.60        128        142        102  
  NGC6284                          6.20          1         33         59  
  NGC6342                          4.60         88        110         81  
  NGC0362                          7.98         48         85        159  
  NGC6626                          8.60         45         56        -69  
  NGC6809                          4.90        213        213          8  
  NGC3201                          3.82        188        277        781  
  NGC4147                          2.60         96        140        506  
  NGC6341                          5.90        101         62       -158  
  NGC1851                         10.40        107        142        353  
  NGC6838                          2.30        232        175       -263  
  NGC6715                         14.20        161        171         26  
  NGC6681                          8.28        223        237        121  
  NGC6624                          8.49         56         73        -22  
  NGC7089                          8.20        205        146       -339  
  NGC6712                          4.30         14         -1       -257  
  NGC7078                         12.08        150         80       -441  
  NGC1904                          5.20         27         50        244  
  NGC6218                          4.50          8         23         -4  
  NGC6779                          4.00        130         73       -323  
  FCOS1-060                       23.20        921        930        962  
  NGC4200                         73.39       2227       2280       2678  
  NGC4264                        116.70       2372       2432       2856  
  NGC4268                        154.17       1870       1930       2358  
  NGC4259                        130.90       2333       2393       2821  
  NGC4417                        134.94        697        752       1152  
  NGC4488                         57.82        858        914       1316  
  NGC4489                         57.07        856        901       1258  
  IC3487                          28.90        959       1014       1407  
  IC3633                          22.30       1863       1917       2300  
  NGC4598                         93.19       1844       1899       2290  
  ESO126-017                     206.31       2672       2754       3172  
  NGC6920                        230.95       2439       2490       2625  
  ESO027-021                     136.62       2288       2335       2457  
  NGC4440                        117.78        619        670       1055  
  NGC4503                        138.53       1244       1297       1683  
  IC3631                          35.56       2709       2758       3126  
  NGC4623                         76.99       1670       1726       2118  
  NGC4624                        137.20        760        821       1230  
  NGC4690                         97.95       2641       2707       3130  
  NGC0063                         70.81       1371       1293        808  
  NGC0274                        108.23       1843       1787       1403  
  ESO351-030                       6.84         95         76       -138  
  [RC2]A0113+33                    7.48         41        -43       -479  
  NGC0514                         54.42       2640       2568       2161  
  NGC0586                        103.40       2020       1969       1641  
  NGC0676                        147.65       1630       1568       1219  
  PGC007045                      105.32       1476       1438       1181  
  NGC0770                        101.84       2606       2534       2170  
  NGC0779                        109.87       1456       1408       1122  
  IC0225                          20.26       1611       1561       1294  
  PGC009892                      187.26        297        221        -88  
  ESO545-040                      70.39       1460       1438       1288  
  NGC1073                         24.72       1267       1220        986  
  NGC1079                        148.52       1386       1376       1281  
  NGC1172                        111.28       1509       1485       1354  
  NGC1248                         84.65       2240       2208       2058  
  NGC1184                        217.54       2576       2510       2270  
  NGC1297                        107.06       1522       1507       1429  
  NGC1302                        148.22       1622       1616       1572  
  NGC1315                         55.95       1542       1530       1471  
  NGC1326                        111.16       1235       1242       1253  
  NGC1320                        109.60       2791       2759       2626  
  IC1919                          52.68       1210       1214       1212  
  NGC1331                         54.93       1137       1127       1074  
  NGC1341                         79.18       1727       1736       1757  
  NGC1351A                        54.27       1228       1235       1248  
  ESO548-033                      71.14       1620       1609       1557  
  NGC1366                        113.91       1191       1194       1199  
  NGC1362                         90.27       1102       1092       1049  
  NGC1370                         68.93        977        967        928  
  ESO358-025                      54.67       1748       1753       1766  
  NGC1377                         81.22       1706       1697       1662  
  PGC013343                       59.19       1562       1571       1599  
  NGC1387                        167.31       1128       1138       1166  
  NGC1369                         55.40       1280       1290       1322  
  NGC1383                        170.18       1867       1856       1812  
  NGC1389                        130.00        788        798        828  
  ESO358-043                      67.00       1253       1260       1280  
  NGC1396                         64.50        686        695        726  
  NGC1411                        129.26        848        868        936  
  NGC1393                        110.23       2021       2010       1969  
  NGC1401                         82.74       1416       1411       1389  
  ESO548-068                     113.58       1613       1603       1568  
  IC0343                          81.01       1745       1734       1696  
  NGC1416                        174.32       2075       2070       2051  
  ESO358-050                      45.96       1168       1176       1204  
  ESO548-076                     134.65       1405       1397       1368  
  NGC1428                         80.26       1503       1513       1550  
  PGC013635                       47.70       1121       1129       1162  
  ESO358-056                      48.00        968        977       1010  
  ESO549-007                      51.02       1447       1438       1412  
  PGC013758                       24.91       1837       1850       1899  
  NGC1440                        206.31       1521       1512       1483  
  NGC1460                         59.36       1199       1212       1261  
  NGC1469                        203.82       1313       1247       1020  
  UGC02906                       143.35       2712       2646       2419  
  ESO250-005                      55.91       1036       1063       1177  
  ESO550-008                      86.20       1751       1751       1781  
  NGC1527                        158.52        986       1015       1141  
  NGC1531                        101.75       1018       1032       1113  
  IC2059                         130.77       2660       2674       2767  
  ESO157-030                      60.93       1278       1316       1487  
  NGC1666                        150.15       2669       2664       2725  
  PGC016060                      110.41       2691       2683       2735  
  NGC1665                         90.78       2669       2662       2719  
  NGC1979                        122.09       1538       1563       1773  
  NGC1993                        152.52       2972       2992       3190  
  NGC2073                        150.37       2794       2821       3051  
  NGC2089                        203.23       2824       2848       3070  
  ESO554-038                      96.73       1896       1921       2148  
  NGC2106                        124.23       1725       1753       1992  
  ESO425-014                     194.11       2721       2761       3052  
  NGC2211                        138.21       1782       1815       2099  
  ESO489-035                     250.34       2510       2548       2845  
  ESO489-037                     125.18       2514       2552       2849  
  NGC2267                        138.86       1232       1282       1626  
  NGC2272                        167.81       1876       1922       2264  
  ESO427-006                      81.76       2540       2591       2941  
  NGC2292                        139.78       2078       2125       2475  
  NGC2293                        253.45       1794       1841       2191  
  ESO491-006                     195.68       2237       2285       2643  
  IC0456                         130.48       1471       1524       1896  
  NGC2328                         45.55        901        962       1336  
  ESO427-029                     117.13       1565       1618       1993  
  ESO428-011                     174.61       1852       1908       2302  
  ESO428-014                     113.12       1442       1499       1894  
  ESO367-008                     204.42       2538       2598       2994  
  IC2200A                        137.57       2959       3029       3383  
  ESO208-021                     147.60        727        796       1192  
  NGC2502                        139.24        767        840       1251  
  NGC2481                        167.49       2099       2112       2385  
  NGC2501                        105.81       1895       1950       2387  
  ESO124-014                     201.62       2708       2782       3167  
  ESO494-035                     122.47        776        843       1311  
  ESO494-042                      67.43       1463       1530       2002  
  IC2327                         109.99       2496       2539       2951  
  NGC2594                        167.49       2296       2312       2606  
  ESO496-003                     176.82       2133       2204       2698  
  ESO563-024                     137.25       2415       2484       2985  
  NGC2679                         90.29       1975       1988       2270  
  ESO563-031                     113.38       1429       1498       2000  
  ESO371-026                     152.59       1854       1932       2435  
  NGC2698                        192.75       1639       1695       2167  
  NGC2717                        205.95       2348       2422       2932  
  NGC2750                         52.22       2581       2604       2935  
  NGC2781                        137.61       1766       1836       2349  
  NGC2822                        153.65       1323       1399       1768  
  ESO498-004                     135.89       2257       2336       2864  
  ESO498-006                     267.01       2526       2605       3134  
  NGC2891                         93.09       2067       2146       2676  
  ESO126-014                     218.54       1902       1984       2410  
  NGC2880                        131.72       1589       1562       1595  
  NGC2904                        230.31       2037       2119       2648  
  ESO434-009                     151.89       2281       2363       2892  
  NGC2967                        117.28       1680       1740       2231  
  ESO434-028                     187.29       2223       2306       2842  
  ESO434-040                     171.98       2163       2247       2783  
  ESO499-023                     222.38       2218       2301       2844  
  IC2526                         171.21       2393       2478       3015  
  NGC3082                        207.63       2503       2588       3128  
  PGC028887                      128.53       2657       2706       3152  
  IC2533                         168.88       2138       2223       2762  
  NGC3065                        153.63       2152       2113       2060  
  PGC029300                       26.03        472        544       1070  
  IC2552                         160.02       2807       2894       3430  
  ESO092-014                     165.78       1599       1680       2078  
  NGC3166                        151.19       1137       1197       1686  
  ESO317-021                     122.05       2135       2224       2750  
  ESO263-033                     132.90       2547       2637       3150  
  NGC3257                        125.33       2900       2988       3524  
  IC2584                         139.16       2138       2226       2764  
  NGC3273                        268.86       2134       2223       2759  
  IC2587                         150.50       1736       1825       2363  
  NGC3277                        206.60       1344       1373       1713  
  NGC3266                        113.29       1860       1833       1852  
  ESO436-045                     195.64       2941       3028       3575  
  ESO436-044                     168.13       2869       2956       3502  
  ESO501-027                      70.86       2921       3008       3555  
  PGC031441                      123.25       2717       2804       3351  
  PGC031465                      122.43       2864       2951       3498  
  PGC031483                      196.79       2453       2540       3087  
  PGC031515                      110.65       2386       2472       3020  
  ESO437-015                     166.37       2471       2558       3105  
  IC2597                         251.93       2704       2791       3338  
  ESO376-009                     152.59       2725       2814       3354  
  NGC3499                         71.78       1602       1589       1687  
  NGC3564                        180.94       2190       2281       2807  
  NGC3573                        127.80       2178       2268       2796  
  ESO377-029                     203.48       2581       2672       3204  
  NGC3606                        207.89       2708       2798       3330  
  NGC3637                        121.21       1584       1662       2186  
  NGC3652                         56.21       1981       1998       2254  
  NGC3658                        136.52       2038       2053       2302  
  NGC3681                         91.69       1117       1165       1571  
  IC2764                          84.70       1391       1480       2013  
  NGC3683A                        60.90       2501       2487       2570  
  NGC3735                        140.78       2853       2818       2776  
  ESO378-020                     130.17       2807       2898       3408  
  NGC3892                        114.43       1525       1604       2113  
  NGC3922                         87.48        996        992       1130  
  IC2977                         210.54       2721       2812       3317  
  ESO572-023                     152.94       1554       1639       2154  
  NGC4024                        145.58       1450       1533       2046  
  ESO440-038                      58.95       2047       2136       2647  
  IC0760                         108.27       1962       2050       2559  
  IC3010                          90.23       1732       1820       2327  
  NGC4250                        224.10       2205       2169       2113  
  NGC4249                         79.62       2466       2527       2955  
  NGC4373A                       201.62       2658       2747       3227  
  NGC4462                        136.74       1560       1645       2134  
  NGC4553                        155.21       2834       2923       3394  
  NGC4581                        144.64       1696       1760       2184  
  ESO322-038                     208.01       2857       2946       3411  
  NGC4593                        190.53       2293       2364       2810  
  NGC4603C                        89.67       2872       2961       3425  
  ESO322-051                     199.08       2969       3058       3521  
  PGC042549                      102.09       2743       2813       3256  
  NGC4645A                       217.69       2919       3008       3469  
  NGC4645B                       179.59       2042       2131       2591  
  NGC4645                        184.16       2346       2434       2894  
  ESO322-072                     149.05       2247       2335       2795  
  NGC4677                        100.39       2832       2921       3378  
  NGC4696B                       238.05       2568       2656       3114  
  PGC043207                       51.89       2863       2952       3409  
  NGC4696D                       164.36       2376       2464       2920  
  PGC043269                       84.15       2740       2828       3284  
  PGC043284                       63.85       1929       2017       2473  
  ESO322-096                      44.29       2588       2676       3131  
  PGC043340                       83.27       2873       2961       3416  
  ESO322-101                     163.20       1692       1781       2236  
  PGC043402                      125.94       1923       2011       2466  
  PGC043433                      116.51       2694       2782       3237  
  NGC4750                        135.62       1803       1764       1679  
  ESO323-005                     211.12       2121       2209       2663  
  ESO507-021                     199.96       2933       3018       3485  
  ESO323-009                     131.05       2093       2182       2636  
  PGC043506                      165.84       2205       2293       2746  
  ESO507-027                     192.50       2969       3053       3519  
  ESO323-015                     147.68       2800       2888       3346  
  PGC043593                       74.10       2384       2473       2926  
  NGC4730                        201.76       1849       1937       2390  
  ESO442-026                     217.53       2608       2694       3160  
  NGC4743                        128.91       2716       2805       3257  
  ESO323-024                     252.01       2777       2865       3321  
  NGC4751                        345.73       1839       1927       2376  
  NGC4767                        204.87       2802       2889       3343  
  NGC4803                        105.44       2668       2723       3095  
  IC3896                         204.69       1783       1871       2297  
  NGC4856                        157.07       1145       1222       1668  
  NGC4915                        207.04       2980       3048       3464  
  ESO443-039                     130.17       2768       2853       3306  
  IC0844                         125.61       2696       2781       3234  
  PGC045142                      123.66       2989       3063       3495  
  NGC4936                        278.27       2858       2943       3394  
  ESO443-054                     112.08       2957       3042       3493  
  IC4180                          89.02       2712       2793       3240  
  NGC4968                         80.45       2780       2861       3308  
  IC4197                         186.73       2798       2880       3325  
  NGC4976                        155.64       1149       1235       1653  
  NGC4989                        184.30       2885       2952       3360  
  NGC4993                        169.23       2739       2820       3263  
  PGC045650                      151.19       2379       2456       2891  
  NGC4997                        120.37       2185       2261       2696  
  ESO269-057                     159.15       2846       2933       3358  
  ESO040-002                     173.07       2666       2741       3048  
  ESO323-089                     232.58       2660       2746       3183  
  ESO323-092                     135.37       2963       3049       3484  
  NGC5010                        156.23       2769       2845       3275  
  NGC5017                        172.36       2339       2415       2846  
  ESO269-072                     206.82       2886       2973       3400  
  PGC046029                      141.89       2834       2921       3342  
  NGC5049                        163.50       2785       2860       3286  
  NGC5063                        189.91       2926       3011       3443  
  ESO576-030                     117.90       2372       2448       2874  
  ESO269-080                     171.85       2913       2999       3413  
  NGC5078                        177.60       1942       2024       2456  
  NGC5087                        284.40       1618       1696       2122  
  NGC5090                        258.15       2696       2782       3201  
  NGC5119                        129.87       2691       2763       3168  
  NGC5121                        135.82       1234       1318       1742  
  NGC5173                         97.30       2510       2507       2598  
  ESO576-076                      96.70       1476       1554       1967  
  NGC5206                         41.78        333        418        815  
  ESO383-035                     155.88       2101       2183       2594  
  PGC048085                      154.00       2697       2763       3138  
  IC4310                         157.95       2262       2341       2746  
  NGC5343                        146.83       2507       2570       2915  
  NGC5333                        176.83       2522       2604       2978  
  ESO445-075                      84.44       2313       2391       2774  
  UGC08876                       127.35       2161       2156       2219  
  NGC5365                        223.50       2230       2311       2687  
  IC4351                         122.76       2478       2555       2935  
  ESO221-020                     140.31       2558       2640       3010  
  NGC5443                         73.06       1939       1919       1912  
  NGC5481                        129.18       2024       2010       2032  
  ESO221-026                     132.18       1186       1266       1625  
  NGC5660                         60.50       2459       2444       2444  
  NGC5670                        160.01       2673       2750       3075  
  ESO447-030                     160.15       2797       2868       3184  
  ESO447-031                      87.56       2869       2940       3254  
  IC1066                         101.57       1534       1574       1772  
  NGC5770                         98.22       1449       1488       1682  
  ESO386-033                     131.08       2761       2832       3126  
  NGC5799                        130.52       2809       2880       3142  
  NGC5846A                       211.61       2284       2322       2499  
  NGC5858                        157.95       2034       2085       2302  
  PGC054452                       60.71       1891       1926       2082  
  ESO514-003                     143.90       2226       2285       2518  
  ESO022-010                      90.68       2481       2547       2785  
  PGC058114                      100.93       1589       1605       1606  
  ESO101-014                      58.29       2292       2352       2527  
  ESO138-005                     346.66       2468       2526       2685  
  NGC6305                        154.77       2524       2578       2712  
  NGC6547                        180.72       2921       2886       2612  
  NGC6548                        170.68       2387       2357       2097  
  PGC061468                       76.56       2546       2515       2247  
  NGC3433                         79.73       2554       2609       3065  
  NGC6673                        124.73       1016       1060       1122  
  ESO183-030                     171.93       2636       2671       2674  
  ESO231-017                     158.68       2695       2722       2672  
  ESO185-027                     168.33       2076       2105       2072  
  ESO399-025                     173.59       2558       2560       2360  
  IC5013                         209.18       2317       2314       2091  
  ESO400-030                      83.06       2384       2381       2158  
  ESO235-051                      59.53       2243       2258       2139  
  ESO286-050                      60.62       2670       2671       2471  
  NGC7022                         39.66       2270       2280       2137  
  NGC7041                        224.21       1912       1920       1765  
  ESO235-083                      62.43       1998       2006       1849  
  ESO235-085                     130.81       2125       2133       1978  
  NGC7049                        243.10       2228       2235       2081  
  NGC7070A                        95.22       2388       2386       2176  
  NGC7096                        235.36       2814       2842       2820  
  NGC7168                        180.92       2795       2803       2664  
  NGC7180                         94.32       1557       1519       1127  
  NGC7185                         88.02       1906       1868       1475  
  ESO466-046                      60.07       2385       2363       2054  
  IC5156                          75.80       2802       2783       2488  
  PGC068401                       57.93       2950       2898       2449  
  IC1445                         116.02       2767       2723       2305  
  NGC7302                        148.04       2816       2767       2331  
  PGC069519                       15.80         73         99         77  
  IC5240                         106.00       1744       1740       1534  
  NGC7371                        148.84       2842       2788       2336  
  NGC7404                         68.27       1909       1896       1645  
  IC5267B                         43.40       1740       1734       1522  
  IC5269                          84.08       2053       2034       1756  
  NGC7484                        198.37       2760       2742       2468  
  NGC7513                         50.45       1627       1596       1262  
  NGC7552                         98.02       1595       1586       1368  
  NGC7582                        147.35       1570       1560       1342  
  PGC071531                       95.28       2325       2240       1707  
  ESO148-017                     128.80       2997       3015       2954  
  NGC7710                         90.57       2782       2718       2244  
  NGC7798                         74.85       2651       2566       2052  
  PGC074428                       61.00       2090       2099       2117  
  PGC074752                       63.00       1897       1907       1937  
  PGC074808                       60.00       1292       1301       1331  
  PGC074879                       39.00       1991       2000       2033  
  PGC074917                       42.00       1421       1430       1466  
  PGC083270                       73.00       2050       2139       2676  
  PGC083808                       59.00       2227       2303       2731  
  PGC088608                        7.95          8         74        582  
  PGC170172                       68.55       2327       2400       2895  
  PGC083852                       48.83       2546       2622       3049  
  NGC0516                         66.82       2608       2539       2140  
  NGC3458                        152.05       1856       1841       1932  
  NGC3400                         77.27       1344       1374       1713  
  UGC06062                       141.90       2462       2519       2979  
  NGC3692                        113.22       1559       1616       2063  
  NGC3780                         89.50       2482       2469       2557  
  NGC4078                        197.23       2432       2487       2902  
  NGC4386                        173.66       1833       1791       1692  
  NGC4441                        148.90       2806       2779       2771  
  NGC4510                         49.39       2874       2847       2842  
  NGC4513                        119.63       2436       2407       2384  
  NGC4521                        183.22       2656       2630       2627  
  NGC4648                        221.09       1637       1596       1502  
  NGC5103                        111.17       1359       1362       1487  
  NGC5342                        156.99       2367       2342       2318  
  NGC0509                         71.12       2431       2362       1963  
  UGC03960                        82.99       2178       2188       2442  
  NGC2852                        159.18       1769       1774       2003  
  NGC3348                        211.86       2990       2951       2893  
  NGC3674                        197.17       2210       2196       2281  
  NGC3694                         76.98       2231       2251       2524  
  NGC3838                        139.90       1399       1384       1454  
  NGC3990                        161.55        779        767        855  
  NGC4117                         89.38        981        988       1176  
  NGC5354                        212.43       2657       2660       2764  
  NGC5364                         34.88       1166       1215       1511  
  NGC5582                        137.31       1528       1528       1599  
  NGC6149                        104.95       2554       2551       2487  
  IC1473                          61.54       1125       1036        497  
  NGC1412                         76.03       1647       1647       1645  
  NGC1380B                        76.55       1619       1628       1656  
  NGC1533                        177.52        585        622        775  
  NGC2968                        185.56       1475       1494       1798  
  NGC3056                         73.21        674        758       1299  
  NGC4152                         62.09       2064       2111       2492  
  NGC4255                        157.94       1832       1893       2324  
  NGC4273                         57.91       2237       2297       2724  
  UGC07399A                       47.00       1332       1377       1740  
  NGC4309                        125.68        910        969       1385  
  NGC4366                         44.70       1142       1200       1613  
  NGC4377                        128.40       1263       1311       1685  
  IC3349                          32.40       1304       1356       1740  
  UGC07580                        25.62        482        538        944  
  PGC041264                       31.25       1182       1239       1643  
  NGC4528                        104.37       1262       1315       1698  
  IC3602                          27.00       1163       1216       1601  
  NGC4587                         56.16        765        827       1246  
  ESO506-033                      62.77        948       1032       1511  
  NGC4600                         73.29        696        758       1172  
  NGC4608                        129.72       1734       1787       2168  
  NGC4958                        154.12       1134       1204       1625  
  NGC5031                        163.50       2458       2534       2962  
  PGC792560                       43.00       2329       2388       2621  
  PGC660130                       55.52       2907       2992       3432  
  IC0874                         119.49       2075       2157       2590  
  PGC031444                      106.76       2489       2576       3123  
  ESO501-026                      42.33       2651       2738       3285  
  NGC6121                          3.66          1         46        158  
  NGC4342                        240.60        619        677       1092  
  NGC0147                         16.51         85         -4       -454  
  NGC0185                         23.07         72        -17       -463  
  NGC1300                        217.51       1520       1505       1430  
  PGC3084836                      25.60        724        734        764  
  NGC6643                         92.64       1745       1683       1413  
  FCOS0-2089                      19.50       1124       1134       1164  
  NGC2336                        122.83       2401       2347       2193  
  NGC6384                        124.98       1792       1783       1626  
  NGC6689                         23.49        757        694        404  
  NGC7817                         66.48       2554       2470       1959  
  NGC0691                        102.52       2843       2769       2386  
  IC2006                         120.64       1223       1236       1298  
  IC2035                         103.23       1320       1347       1466  
  NGC2268                        144.81       2440       2382       2199  
  NGC3100                        190.88       2277       2363       2902  
  NGC3136B                       166.74       1486       1567       1962  
  NGC3389                         69.07       1152       1204       1648  
  NGC3486                         60.20        618        647        980  
  NGC3686                        150.79       1043       1090       1494  
  NGC3666                         60.40        918        973       1411  
  NGC3756                         47.44       1367       1358       1464  
  NGC3928                        111.02       1030       1030       1180  
  NGC4696                        242.93       2710       2799       3255  
  NGC4684                         76.09       1436       1503       1931  
  ESO381-029                     110.73       2360       2447       2903  
  NGC5011                        242.22       2857       2943       3372  
  NGC5101                        190.11       1642       1723       2153  
  NGC5102                         61.10        230        315        742  
  NGC5195                        127.45        565        560        645  
  NGC5383                         96.18       2290       2290       2380  
  NGC5523                         30.00       1072       1092       1256  
  IC4943                         157.52       2868       2885       2777  
  NGC7172                        204.75       2620       2598       2288  
  NGC7200                        186.95       2866       2871       2715  
  NGC3051                        218.05       2256       2339       2880  
  NGC6958                        185.24       2740       2736       2512  
  NGC3289                         94.96       2493       2582       3118  
  NGC2894                        148.60       1966       2016       2468  
  NGC3783                        109.88       2619       2710       3224  
  ESO594-004                       9.21         21          7       -264  
  NGC1537                        155.04       1259       1272       1352  
  NGC1889                         95.88       2350       2360       2512  
  NGC2271                        147.72       2364       2408       2744  
  NGC2380                        189.81       1518       1575       1980  
  NGC2887                        280.72       2571       2652       3059  
  NGC2888                         98.16       2119       2199       2728  
  NGC3136                        222.46       1409       1490       1882  
  NGC3224                        147.41       2710       2798       3336  
  NGC3250                        259.30       2488       2577       3102  
  NGC3258                        261.04       2495       2584       3120  
  NGC3260                        191.48       2122       2211       2747  
  NGC3268                        228.62       2494       2583       3119  
  NGC3636                        158.68       1559       1636       2160  
  NGC4033                        125.73       1379       1462       1972  
  NGC3617                        117.90       1796       1883       2422  
  NGC3923                        243.98       1280       1369       1889  
  NGC4106                        173.17       1893       1981       2490  
  NGC5061                        185.44       1818       1900       2334  
  NGC6861                        406.93       2780       2797       2688  
  NGC7029                        178.68       2747       2757       2612  
  NGC7196                        279.22       2844       2850       2695  
  IC1729                         131.17       1488       1466       1269  
  IC2311                         221.19       1564       1631       2105  
  IC4797                         211.19       2620       2654       2657  
  NGC3877                         85.81        951        952       1115  
  NGC3718                        159.11       1066       1058       1177  
  NGC3729                         75.94       1092       1084       1203  
  NGC3367                         61.00       2896       2946       3383  
  NGC2633                         93.88       2335       2291       2207  
  NGC2770                         80.73       1898       1911       2188  
  NGC4793                         26.51       2481       2507       2760  
  NGC3976                        190.12       2348       2408       2850  
  NGC5147                         52.12        980       1037       1394  
  NGC5012                        140.93       2578       2611       2882  
  NGC4041                         79.83       1334       1311       1337  
  NGC5326                        158.05       2592       2596       2708  
  NGC5389                        116.13       2001       1976       1948  
  NGC5707                        134.84       2334       2315       2295  
  NGC5587                         89.12       2279       2313       2523  
  NGC2681                        120.92        728        714        832  
  NGC5566                        159.38       1480       1526       1784  
  NGC2950                        164.53       1418       1397       1467  
  NGC5427                         69.86       2577       2636       2961  
  NGC3583                        131.44       2154       2154       2322  
  NGC4136                         38.27        560        588        878  
  NGC4274                        112.22        898        926       1209  
  NGC4220                        110.85        978        978       1120  
  NGC4235                        133.65       2288       2346       2767  
  NGC4369                         71.36       1070       1082       1288  
  NGC5689                        150.02       2304       2289       2287  
  NGC4425                         75.96       1787       1838       2221  
  NGC5448                        124.10       2132       2121       2156  
  NGC5475                        104.39       1791       1770       1761  
  NGC2655                        159.58       1571       1522       1404  
  UGC05470                         9.20        125        175        618  
  SEGUE1                           3.94         69        114        535  
  NGC3599                         65.67        724        769       1172  
  NGC4437                         43.65        971       1037       1472  
  PGC042748                       39.40        836        897       1306  
  NGC3254                        129.87       1300       1328       1660  
  NGC4100                         75.25       1181       1178       1313  
  UGC04879                         9.41         29         14        130  
  NGC7743                         83.50       1905       1828       1318  
  NGC1266                         94.45       2208       2174       2019  
  NGC0357                        159.41       2511       2456       2084  
  NGC1222                         94.79       2473       2436       2270  
  IC1024                          75.30       1361       1406       1646  
  NGC2764                        106.91       2607       2637       2996  
  IC0676                          74.53       1258       1316       1772  
  NGC3032                         81.57       1469       1493       1821  
  NGC2824                        126.98       2650       2675       3008  
  NGC3182                        112.72       2186       2168       2250  
  NGC4119                         72.03       1525       1580       1994  
  NGC4150                         85.00        210        237        523  
  NGC4753                        163.52       1094       1159       1576  
  NGC6014                         88.31       2525       2545       2601  
  PGC029321                       66.37       2656       2704       3144  
  UGC06176                        96.38       2594       2634       3017  
  NGC7625                        104.94       1885       1802       1267  
  NGC7468                         56.30       2343       2261       1720  
  NGC7465                         94.92       2206       2124       1584  
  NGC3256                        122.45       2493       2582       3096  
  NGC4194                         98.87       2649       2638       2725  
  PGC065367                        7.77         11        -26       -419  
  NGC0520                        153.31       2297       2233       1852  
  NGC5493                        201.38       2594       2651       2958  
  IC0719                         120.15       1684       1742       2184  
  NGC4452                         99.89         54        106        492  
  NGC4460                         39.67        539        543        702  
  NGC4191                        128.00       2502       2561       2985  
  IC4653                          50.18       1742       1795       1926  
  NGC4240                         98.77       1770       1846       2328  
  NGC6010                        147.84       2052       2079       2159  
  NGC7693                         57.94       2717       2650       2169  
  NGC3375                        141.55       2210       2286       2820  
  NGC1289                        124.34       2848       2813       2663  
  NGC0448                        107.98       2047       1988       1613  
  NGC2748                         96.08       1654       1608       1509  
  NGC3300                        147.54       2874       2923       3359  
  NGC4470                         89.60       2211       2268       2674  
  NGC0502                        102.85       2702       2633       2234  
  NGC2964                        105.45       1260       1280       1584  
  NGC3423                         54.42        825        886       1364  
  NGC7814                        168.39       1285       1204        697  
  NGC0488                        189.39       2412       2346       1956  
  NGC0613                        122.11       1467       1446       1245  
  NGC0596                        149.12       1987       1936       1611  
  NGC0660                        115.93       1010        940        560  
  NGC0681                        137.83       1805       1761       1477  
  NGC0636                        160.51       1932       1883       1569  
  NGC0720                        236.95       1756       1717       1456  
  NGC0718                        118.08       1839       1780       1443  
  NGC1052                        208.04       1505       1469       1268  
  NGC1055                         73.80       1050       1004        770  
  NGC1199                        193.18       2653       2630       2506  
  NGC1291                        164.52        701        713        734  
  NGC1282                        214.75       2379       2312       2052  
  NGC1351                        137.06       1356       1362       1377  
  NGC1339                        156.90       1278       1281       1280  
  NGC1357                        117.53       1958       1940       1867  
  NGC1353                         82.59       1455       1446       1401  
  NGC1336                         97.67       1294       1301       1312  
  NGC1386                        163.68        763        773        803  
  NGC1395                        240.05       1613       1607       1585  
  NGC1379                        117.43       1193       1202       1229  
  NGC1365                        141.15       1507       1516       1542  
  NGC1404                        226.80       1813       1822       1855  
  NGC1398                        196.14       1298       1297       1290  
  NGC1419                        117.45       1992       2004       2048  
  NGC1427                        154.90       1253       1263       1300  
  NGC1426                        146.71       1356       1350       1333  
  NGC1439                        145.88       1578       1573       1559  
  NGC1484                         53.74        891        906        970  
  NGC1549                        197.06       1033       1071       1230  
  NGC1543                        143.94        958        997       1158  
  NGC1574                        203.73        827        867       1037  
  NGC1566                         97.67       1291       1329       1491  
  NGC1553                        171.68        938        976       1136  
  NGC1947                        147.69        925        979       1226  
  NGC2217                        213.70       1389       1431       1737  
  NGC2325                        178.54       1901       1954       2329  
  IC0467                          63.99       2232       2178       2027  
  NGC2300                        265.97       2136       2078       1889  
  NGC2434                        183.15       1167       1237       1567  
  NGC2648                        152.38       1918       1952       2333  
  NGC2663                        284.00       1854       1931       2426  
  NGC2715                         84.32       1514       1465       1351  
  NGC2784                        221.89        405        482       1003  
  NGC2776                         60.39       2637       2634       2816  
  NGC2844                        106.61       1467       1472       1700  
  NGC2865                        171.29       2435       2512       3040  
  NGC2919                        181.14       2362       2410       2852  
  NGC2914                        155.10       2976       3024       3467  
  NGC2983                        163.18       1729       1808       2346  
  NGC2974                        232.17       1664       1728       2234  
  NGC3059                         47.82        975       1051       1396  
  NGC3078                        243.31       2268       2352       2895  
  NGC3087                        201.97       2330       2416       2950  
  NGC3098                        112.63       1209       1241       1605  
  NGC3108                        194.82       2366       2452       2991  
  NGC3169                        184.88       1035       1096       1584  
  NGC3193                        195.35       1262       1299       1686  
  NGC3312                        203.78       2566       2653       3200  
  NGC3283                        233.35       2532       2622       3127  
  NGC3414                        237.55       1390       1420       1763  
  NGC3593                         73.91        491        544        979  
  NGC3556                         79.13        779        767        868  
  NGC3610                        168.27       1798       1781       1852  
  NGC3613                        212.50       2116       2100       2178  
  NGC3631                         43.75       1234       1226       1348  
  NGC3623                        145.33        665        717       1149  
  NGC3628                         81.08        712        764       1192  
  NGC3641                        151.30       1580       1645       2125  
  NGC3665                        215.12       1987       2002       2249  
  NGC3706                        256.28       2688       2779       3301  
  NGC3675                        106.01        790        797       1002  
  NGC3904                        204.51       1284       1373       1894  
  NGC3945                        182.14       1302       1282       1325  
  NGC3962                        220.34       1625       1705       2215  
  NGC3941                        131.75        911        929       1176  
  NGC4088                         54.12        820        815        942  
  NGC4102                        173.84        927        919       1027  
  IC0767                          49.86       1761       1814       2216  
  NGC4168                        182.44       2162       2213       2608  
  NGC4314                        109.83        957        984       1263  
  NGC4179                        168.65       1098       1164       1615  
  NGC4239                         59.14        815        861       1233  
  NGC4244                         36.68        257        272        496  
  NGC4261                        296.73       2082       2142       2567  
  PGC039672                       61.06       1706       1767       2196  
  NGC4262                        198.28       1268       1317       1696  
  NGC4267                        149.58        874        925       1315  
  NGC4278                        237.34        594        622        907  
  NGC4291                        292.66       1885       1843       1747  
  NGC4324                         93.94       1522       1582       2007  
  NGC4370                        108.82        643        701       1113  
  NGC4371                        128.74        802        855       1246  
  NGC4387                         99.95        433        484        868  
  NGC4458                         97.35        575        625       1004  
  NGC4467                         66.53       1266       1323       1727  
  NGC4472                        281.98        854        911       1315  
  NGC4490                         44.95        624        632        816  
  NGC4478                        136.62       1285       1336       1718  
  NGC4486B                       166.11       1396       1447       1828  
  NGC4546                        191.44        884        954       1399  
  NGC4551                        102.20       1099       1150       1526  
  NGC4515                         82.17        870        916       1273  
  NGC4589                        219.36       2184       2144       2052  
  NGC4643                        146.77       1187       1249       1665  
  NGC4650A                        64.46       2638       2726       3187  
  NGC4649                        330.50       1008       1059       1430  
  NGC4699                        192.28       1216       1289       1733  
  NGC4742                        101.35       1088       1162       1607  
  NGC4379                        110.46        957       1005       1374  
  NGC4800                        103.96        934        934       1058  
  NGC4945                        117.46        299        386        808  
  NGC5005                        171.54        985        997       1176  
  NGC5018                        206.65       2644       2722       3157  
  NGC5198                        182.39       2558       2554       2643  
  NGC5248                         99.07       1080       1128       1437  
  NGC5266                        196.58       2762       2846       3233  
  NGC5308                        227.73       2168       2142       2114  
  NGC5322                        229.99       1954       1928       1904  
  NGC5485                        193.39       2046       2027       2020  
  NGC5363                        220.59       1061       1110       1406  
  NGC5422                        160.29       1999       1980       1978  
  NGC5480                        196.35       2032       2019       2040  
  NGC5638                        161.55       1605       1650       1893  
  NGC5576                        182.59       1376       1423       1682  
  NGC5796                        266.47       2806       2864       3115  
  NGC5831                        162.40       1601       1640       1824  
  NGC5812                        198.60       1850       1899       2120  
  NGC5838                        273.56       1227       1265       1442  
  NGC5879                         76.51        942        913        827  
  NGC5903                        203.64       2447       2506       2738  
  NGC5954                         59.81       1977       1992       2056  
  NGC5929                        114.59       2694       2680       2642  
  NGC5953                        103.87       2025       2040       2104  
  NGC5962                        105.94       2027       2040       2094  
  NGC6181                        124.78       2494       2489       2414  
  NGC6340                        139.73       1462       1405       1173  
  NGC6684                         96.48        727        773        850  
  NGC6744                        101.80        716        758        812  
  NGC6814                        106.62       1704       1678       1350  
  IC4889                         176.21       2473       2501       2457  
  NGC6822                         22.80         65         44       -265  
  NGC6868                        248.71       2906       2922       2811  
  NGC6909                        116.49       2746       2758       2622  
  NGC7097                        212.76       2602       2598       2383  
  NGC7144                        163.15       1892       1896       1727  
  NGC7145                        125.27       1859       1863       1690  
  NGC7171                         84.72       2871       2823       2387  
  NGC7192                        177.61       2841       2869       2847  
  NGC7247                         53.60       2570       2535       2162  
  NGC7537                         76.67       2890       2818       2307  
  NGC7541                         64.39       2892       2820       2309  
  NGC7727                        191.18       1989       1935       1510  
  NGC7714                        113.15       2993       2923       2431  
  NGC3516                        153.65       2761       2724       2666  
  NGC3786                        134.80       2666       2692       2987  
  NGC2992                        158.84       2045       2119       2652  
  NGC4138                        126.25        913        920       1102  
  NGC5506                        175.40       1726       1781       2079  
  NGC2742                         63.05       1384       1359       1402  
  NGC4096                         79.23        619        620        772  
  NGC4270                        136.39       2229       2289       2716  
  NGC2986                        260.97       2044       2123       2661  
  NGC2695                        195.23       1614       1670       2141  
  NGC4339                        105.23       1157       1216       1636  
  NGC4318                         90.93       1084       1141       1552  
  NGC4340                        108.07        861        907       1271  
  NGC4468                         35.54        792        841       1214  
  NGC5353                        284.00       2307       2310       2414  
  NGC4434                        116.29        945       1002       1408  
  NGC4464                        124.67       1142       1198       1602  
  NGC4479                         80.48        749        798       1173  
  NGC4552                        250.31        223        273        648  
  NGC4442                        179.20        414        469        866  
  NGC5864                        115.25       1786       1822       1987  
  NGC4365                        250.33       1090       1148       1562  
  NGC7173                        200.61       2554       2533       2223  
  NGC7174                        137.64       2716       2694       2385  
  NGC7176                        245.93       2572       2550       2241  
  IC4214                         164.62       2082       2166       2601  
  NGC2592                        207.39       1964       1980       2273  
  NGC3605                         87.61        562        608       1011  
  NGC2778                        154.03       1991       2002       2266  
  NGC3156                         73.69       1148       1209       1699  
  NGC4312                         69.34         56        104        476  
  NGC4459                        171.84       1088       1137       1511  
  NGC4477                        172.51       1259       1309       1684  
  NGC4526                        224.64        458        515        916  
  NGC4866                        206.79       1907       1954       2291  
  NGC4303                         95.07       1422       1484       1913  
  NGC4550                         96.25        308        359        736  
  NGC4647                         49.24       1311       1362       1734  
  NGC1171                         78.12       2928       2856       2571  
  NGC1186                        120.67       2924       2853       2570  
  NGC0532                        118.23       2528       2459       2062  
  NGC3067                         75.62       1403       1423       1729  
  NGC1343                        116.56       2437       2370       2128  
  NGC3041                        103.84       1266       1308       1722  
  NGC1485                         64.65       1300       1234       1010  
  NGC2726                         80.43       1642       1617       1664  
  NGC3021                         55.72       1490       1508       1802  
  NGC3294                         60.04       1545       1561       1831  
  NGC3338                        114.46       1152       1202       1640  
  NGC3437                        101.63       1165       1203       1581  
  NGC7606                        145.65       2376       2317       1861  
  NGC4845                        133.45        973       1035       1434  
  NGC5850                        140.12       2521       2559       2735  
  ESO097-013                     148.40        190        267        584  
  NGC4596                        140.57       1771       1824       2206  
  NGC3495                         60.20        945       1009       1494  
  NGC4448                        127.06        659        688        971  
  NGC2782                        182.23       2612       2616       2840  
  NGC4378                        190.96       2418       2478       2902  
  NGC5033                        133.93        912        924       1103  
  NGC6951                        115.20       1721       1645       1268  
  NGC4051                         90.57        744        749        928  
  NGC3227                        126.82       1030       1071       1471  
  NGC4594                        225.67        892        968       1430  
  NGC3607                        222.19        817        862       1266  
  NGC3626                        140.15       1369       1414       1814  
  NGC5701                        122.80       1470       1511       1727  
  NGC4688                         72.76        857        916       1317  
  NGC0524                        236.69       2579       2510       2112  
  NGC5077                        251.40       2657       2729       3142  
  NGC0474                        154.34       2509       2445       2058  
  NGC5898                        204.77       2014       2073       2306  
  NGC0855                         62.74        772        698        344  
  NGC2970                         42.06       1573       1592       1896  
  NGC2636                         67.61       2061       2017       1937  
  NGC2634                        179.95       2425       2381       2298  
  NGC2699                        130.92       1602       1658       2130  
  NGC3630                        166.07       1299       1364       1845  
  NGC2962                        160.67       1768       1822       2293  
  NGC3619                        152.73       1638       1622       1703  
  NGC7280                        103.10       2125       2045       1500  
  NGC2577                        205.06       2016       2036       2346  
  NGC3190                        182.64       1210       1248       1634  
  NGC3185                         76.14       1127       1165       1553  
  NGC4123                         25.51       1168       1232       1681  
  NGC3079                        174.99       1237       1222       1325  
  NGC2613                        153.29       1398       1466       1955  
  NGC3810                         81.03        857        911       1340  
  NGC5854                        102.36       1709       1746       1916  
  NGC0772                        127.78       2604       2532       2168  
  NGC1160                         22.39       2719       2647       2357  
  NGC0470                        118.35       2511       2448       2061  
  NGC3368                        118.84        739        792       1240  
  NGC4414                        113.03        719        744       1010  
  NGC5064                        192.35       2749       2835       3247  
  NGC3705                        108.63        869        926       1373  
  UGC12613                        12.09         62        -19       -547  
  NGC3656                        171.78       2946       2937       3052  
  NGC3738                         48.94        306        295        400  
  NGC5666                         70.76       2204       2239       2445  
  IC0794                          44.55       1815       1867       2252  
  PGC041845                       26.00        355        402        761  
  PGC039893                       23.80       1332       1385       1779  
  NGC1084                         89.49       1442       1406       1212  
  IC1727                         136.34        535        457         64  
  NGC4621                        227.79        338        389        762  
  NGC7079                        151.67       2645       2644       2445  
  NGC5347                         92.61       2418       2430       2579  
  NGC4162                         75.85       2511       2547       2876  
  NGC2712                         91.31       1834       1829       2004  
  NGC0949                         40.10        807        732        399  
  NGC2855                        230.58       1638       1707       2222  
  NGC7213                        158.75       1730       1731       1549  
  NGC2815                        191.72       2258       2334       2858  
  NGC7083                         70.71       2989       3018       2997  
  NGC2310                        101.25        891        949       1313  
  NGC3203                        132.16       2106       2191       2738  
  NGC4710                        116.53       1026       1072       1416  
  NGC4469                        106.38        463        519        920  
  NGC1596                        166.10       1296       1335       1508  
  NGC5084                        197.64       1516       1595       2023  
  NGC3917                         37.87       1037       1031       1154  
  NGC5728                        197.20       2667       2729       3014  
  NGC5134                        106.39       1563       1641       2060  
  NGC1309                         82.03       2092       2073       1985  
  NGC1390                         41.74       1136       1126       1085  
  NGC4178                         25.61        253        308        715  
  NGC4941                         98.45        954       1022       1438  
  NGC5676                        115.18       2241       2225       2223  
  IC1459                         296.11       1816       1798       1524  
  IC3370                         195.25       2664       2754       3232  
  NGC4105                        246.20       1608       1697       2205  
  NGC3953                        128.77       1126       1119       1236  
  NGC5457                         43.68        375        356        358  
  NGC5921                         83.62       1440       1470       1602  
  NGC5371                        179.32       2657       2659       2760  
  NGC3992                        152.60       1129       1120       1226  
  NGC3359                         55.11       1128       1104       1137  
  NGC4237                         61.96        765        813       1192  
  NGC7742                         81.07       1877       1798       1287  
  NGC4435                        154.96        700        750       1131  
  NGC5775                        101.59       1647       1686       1880  
  NGC4639                         90.56        892        941       1304  
  NGC3184                         43.16        588        597        831  
  NGC2798                        107.73       1739       1740       1951  
  NGC3938                         45.71        842        848       1037  
  NGC4725                        131.54       1177       1208       1489  
  NGC5170                         84.16       1320       1395       1804  
  NGC1375                         64.56        654        663        688  
  NGC1380                        210.16       1745       1753       1778  
  NGC1316                        223.06       1661       1670       1681  
  NGC3489                        104.18        555        606       1039  
  IC0335                          62.03       1508       1516       1538  
  ESO359-002                      53.36       1286       1299       1353  
  ESO358-006                      45.01       1147       1152       1160  
  ESO358-059                      46.10        902        913        958  
  IC0356                         158.32       1105       1040        818  
  NGC2273                        141.04       1967       1925       1876  
  NGC3900                        139.21       1744       1777       2102  
  NGC5044                        224.88       2505       2581       3008  
  NGC4245                         82.42        841        869       1154  
  NGC3557                        265.98       2758       2849       3376  
  NGC0891                         68.66        738        660        315  
  NGC3640                        191.43       1135       1199       1679  
  IC3120                          26.00        138        188        575  
  IC0783                          33.07       1175       1222       1594  
  IC0783A                         27.53       1108       1155       1527  
  IC3468                          32.95       1188       1241       1632  
  IC3653                          46.34        455        507        882  
  IC3461                          28.18        897        949       1331  
  IC3457                          30.46       1190       1241       1620  
  NGC3226                        191.99       1195       1235       1636  
  PGC005441                       21.20       1700       1648       1311  
  NGC0205                         28.43         27        -62       -525  
  NGC1138                        136.85       2524       2452       2156  
  NGC3073                         55.17       1230       1216       1319  
  IC3773                          59.49        983       1035       1409  
  NGC4415                         43.34        783        840       1245  
  NGC4121                         81.34       1555       1528       1526  
  NGC4203                        161.66       1058       1081       1342  
  NGC4344                         22.16       1066       1110       1470  
  NGC3870                         26.48        808        804        944  
  NGC4143                        202.42        989        997       1189  
  NGC4352                         67.58       1970       2023       2417  
  NGC4283                        105.05        959        987       1272  
  NGC4308                         71.35        612        639        917  
  NGC5379                         85.20       1919       1894       1867  
  NGC4578                        111.92       2161       2215       2603  
  NGC5473                        210.27       2034       2015       2011  
  NGC4474                         89.76       1513       1562       1935  
  NGC5355                         81.43       2428       2431       2535  
  NGC4627                         41.88        543        564        806  
  NGC5273                         65.94       1134       1144       1294  
  NGC5372                         50.36       1869       1845       1826  
  NGC5631                        163.00       2110       2086       2050  
  NGC6339                         61.37       2326       2290       2073  
  NGC5869                        164.01       2046       2085       2260  
  NGC5574                         79.83       1526       1573       1833  
  NGC5845                        230.53       1424       1462       1640  
  UGC05442                        21.47        120         88         76  
  UGC01198                        46.90       1384       1318       1075  
  PGC028990                       20.28       1370       1356       1458  
  PGC039385                       17.22        762        788       1066  
  UGC11539                       107.45       1691       1616       1230  
  PGC071938                       29.52       1662       1572       1045  
  NGC1209                        224.70       2610       2588       2469  
  NGC0680                        195.23       2991       2916       2532  
  NGC0584                        198.50       1936       1885       1556  
  NGC7332                        127.98       1464       1379        830  
  NGC2549                        141.11       1167       1140       1181  
  NGC2685                         98.94        968        943        997  
  NGC3351                        115.53        624        677       1126  
  NGC3162                         73.65       1196       1232       1612  
  NGC2276                         83.22       2635       2577       2387  
  NGC3147                        223.94       2977       2937       2874  
  NGC3310                        101.95       1055       1045       1171  
  NGC3344                         73.35        500        534        900  
  NGC3346                         76.04       1116       1165       1596  
  NGC3596                        102.66       1063       1113       1536  
  NGC3504                        120.38       1471       1502       1842  
  NGC5377                        174.26       1902       1895       1951  
  NGC5297                         88.13       2493       2492       2582  
  NGC5474                         28.90        393        376        380  
  NGC5585                         41.86        457        434        404  
  NGC5668                         52.82       1539       1581       1813  
  NGC6207                         91.79       1037       1012        862  
  NGC7013                         81.09       1076        999        486  
  NGC0278                         47.44        908        820        382  
  NGC1056                         75.25       1701       1632       1326  
  NGC0972                        102.46       1685       1614       1292  
  NGC1169                        180.26       2580       2508       2220  
  NGC1058                         47.95        702        629        315  
  NGC2541                         47.93        593        576        686  
  NGC2985                        169.69       1480       1441       1386  
  NGC3027                         25.51       1215       1176       1122  
  NGC2543                        116.04       2449       2449       2655  
  NGC3319                         87.11        738        747        980  
  NGC3395                         96.18       1576       1599       1902  
  NGC6140                         45.44       1135       1088        900  
  NGC6217                         96.92       1606       1550       1338  
  NGC6412                         48.34       1570       1511       1270  
  NGC7479                        151.29       2625       2546       2012  
  NGC4946                        199.63       2855       2942       3377  
  NGC1399                        332.23       1293       1302       1333  
  NGC2841                        212.06        683        672        806  
  NGC2903                        117.08        442        475        849  
  NGC3031                        151.56        104         69         45  
  NGC3198                         54.28        680        682        880  
  NGC4736                        107.34        358        366        536  
  NGC3627                        126.51        584        637       1069  
  NGC4826                         97.15        363        399        697  
  NGC5055                        100.95        570        574        712  
  NGC6946                         55.61        350        272       -134  
  NGC7331                        130.88       1120       1031        492  
  NGC2537                         62.79        482        469        602  
  NGC4395                         26.46        313        334        584  
  UGC07436                        30.23        885        933       1310  
  IC3081                          46.00        992       1044       1438  
  IC0781                          32.26       1258       1306       1684  
  IC3344                          32.00       1143       1193       1572  
  IC3393                          43.34        355        406        786  
  IC3369                          39.00       1629       1676       2040  
  NGC4328                         32.05        386        433        803  
  IC3413                          63.53       1218       1270       1658  
  IC3486                          38.30       1885       1936       2312  
  IC3328                          32.87        896        950       1348  
  IC3381                          38.90        554        606        993  
  IC3363                          42.00        722        773       1157  
  IC3735                          37.00       1730       1779       2136  
  IC3383                          33.00       1700       1754       2149  
  IC3779                          43.00       1070       1120       1484  
  IC3437                          33.61       1630       1682       2069  
  NGC0628                         66.51        828        756        361  
  PGC041726                       46.00        456        512        913  
  NGC4436                         38.60       1008       1060       1444  
  NGC4431                         48.21        836        887       1272  
  NGC7741                         29.30       1019        931        406  
  NGC4476                         62.81       1854       1905       2287  
  NGC4482                         39.85       1724       1777       2167  
  NGC3608                        194.24       1098       1144       1546  
  NGC4374                        277.59        894        945       1329  
  NGC4564                        156.16       1027       1079       1459  
  IC0239                          91.99       1096       1021        696  
  NGC5846                        237.21       1723       1761       1938  
  NGC4258                        132.76        514        514        660  
  NGC1023                        197.10        836        761        442  
  NGC3379                        202.47        770        822       1266  
  NGC5128                        103.39        306        391        806  
  NGC1340                        162.58       1077       1078       1072  
  NGC4697                        165.22       1072       1142       1578  
  NGC1407                        265.63       1718       1708       1670  
  NGC1400                        245.77        517        506        468  
  NGC4494                        148.32       1280       1312       1612  
  NGC0821                        197.73       1881       1818       1486  
  NGC4298                         42.06       1029       1078       1456  
  NGC4216                        195.54         24         76        468  
  NGC4254                         98.40       2306       2355       2737  
  NGC4321                         91.06       1481       1528       1898  
  NGC4380                         85.10        833        887       1286  
  NGC4394                        119.54        836        879       1232  
  NGC4388                         99.49       2409       2460       2845  
  NGC4536                        111.40       1661       1724       2149  
  NGC4501                        166.20       2187       2236       2604  
  NGC4535                        102.16       1841       1898       2296  
  NGC4548                        122.35        390        438        802  
  NGC4689                         41.26       1521       1569       1924  
  NGC4579                        165.76       1414       1466       1842  
  NGC4654                         47.54        951       1000       1362  
  NGC4567                         65.78       2157       2209       2590  
  NGC4568                         88.00       2131       2183       2563  
  NGC4713                         23.12        528        586        980  
  NGC4772                        147.85        903        965       1367  
  NGC3245                        207.03       1285       1314       1653  
  NGC2787                        191.92        839        803        770  
  NGC7457                         67.97       1103       1014        473  
  NGC0404                         34.59        191        105       -338  
  NGC1381                        147.14       1596       1605       1632  
  NGC4570                        186.52       1622       1679       2079  
  NGC5746                        183.62       1666       1709       1928  
  NGC4636                        199.47        786        848       1261  
  NGC4486                        323.00       1179       1230       1611  
  NGC7507                        216.95       1668       1638       1305  
  NGC7217                        136.06       1253       1167        626  
  NGC0598                         31.23         34        -48       -462  
  NGC0864                         26.81       1662       1605       1302  
  NGC3034                        124.74        376        340        310  
  NGC4565                        148.51       1190       1222       1515  
  NGC0221                         65.39         66        -22       -485  
  NGC2768                        184.97       1494       1469       1518  
  NGC3982                         71.76       1202       1191       1282  
  NGC4473                        178.56       2253       2303       2679  
  UGC04551                       164.06       1766       1752       1877  
  NGC3248                         87.90       1421       1458       1838  
  NGC6654                        167.21       2096       2033       1757  
  NGC7351                         49.16       1078       1016        531  
  NGC3377                        136.10        540        590       1026  
  NGC2110                        240.11       2167       2182       2382  
  PGC071442                       27.67       1853       1769       1236  
  PGC001714                       28.69       1555       1486       1033  
  NGC7077                         41.00       1370       1308        813  
  NGC6798                        135.45       2682       2614       2235  
  PGC005384                       36.20       2046       1987       1626  
  NGC5194                         87.95        553        548        634  
  UGC09519                       100.32       1730       1732       1795  
  NGC1705                         69.91        402        445        648  
  NGC4449                         17.74        251        256        422  
  NGC4125                        239.78       1529       1502       1498  
  NGC1068                        173.53       1195       1149        918  
  NGC3521                        130.08        602        669       1168  
  NGC4151                         91.85       1006       1019       1235  
  NGC5813                        236.01       1925       1965       2152  
  NGC4064                         77.94        841        885       1257  
  NGC3223                        154.39       2589       2677       3215  
  NGC4293                        117.68        820        864       1220  
  NGC4457                        113.03        741        803       1228  
  NGC4450                        131.65       1870       1915       2272  
  NGC0253                         95.79        276        244        -42  
  NGC5907                        120.32        848        818        729  
  NGC4650                        134.92       2645       2734       3195  
  NGC1332                        311.83       1455       1444       1391  
  NGC1808                        138.47        795        827       1021  
  IC0560                          75.68       1634       1695       2190  
  NGC3457                         71.51       1037       1082       1495  
  NGC3655                         90.80       1383       1430       1840  
  NGC3642                        107.21       1677       1660       1727  
  NGC3769                         42.21        768        768        932  
  NGC3949                         55.41        853        853       1009  
  IC0750                         116.22        732        740        937  
  NGC4292                         55.21       2116       2177       2606  
  NGC5719                        103.92       1670       1716       1951  
  NGC5678                        132.36       2063       2037       1987  
  NGC5750                         93.44       1608       1653       1878  
  NGC6015                         43.35       1042       1002        851  
  NGC7177                        124.83       1422       1343        801  
  NGC7448                         72.95       2449       2367       1826  
  NGC2683                        118.49        375        385        648  
  NGC6278                        193.35       2953       2937       2794  
  NGC0428                         26.21       1287       1225        837  
  NGC0525                         79.47       1781       1712       1314  
  NGC1121                        167.88       2630       2588       2379  
  NGC1161                        289.32       2156       2083       1793  
  NGC1198                         84.82       1774       1703       1422  
  IC0342                          74.04        239        172        -66  
  NGC2146                        125.57       1097       1041        874  
  NGC2339                        186.87       2171       2178       2410  
  NGC2344                        131.44       1025       1000       1063  
  NGC2365                        116.02       2201       2208       2443  
  IC0455                         102.86       2269       2211       2023  
  NGC2775                        171.25       1173       1221       1663  
  NGC2859                        177.46       1646       1659       1934  
  UGC05467                        69.43       2763       2804       3209  
  IC0598                          99.08       2250       2256       2474  
  NGC3230                        180.30       2655       2705       3150  
  UGC05955                        81.95       1407       1370       1321  
  NGC3507                         85.21        858        903       1311  
  NGC3522                         96.76       1099       1142       1536  
  NGC3530                        116.95       1965       1950       2038  
  NGC3595                        134.59       2240       2241       2416  
  NGC3600                         49.63        712        722        949  
  NGC3648                        167.49       1951       1964       2203  
  UGC07767                       124.41       1328       1288       1202  
  NGC3757                        134.28       1368       1351       1420  
  PGC035754                      103.51       2494       2518       2806  
  NGC3796                         82.41       1345       1326       1377  
  NGC3813                         71.86       1456       1474       1732  
  NGC3898                        197.51       1265       1253       1338  
  NGC4128                        193.85       2492       2460       2424  
  NGC4215                        144.59       1930       1990       2416  
  NGC4281                        252.42       2586       2647       3073  
  IC0782                          74.13       2286       2346       2769  
  NGC4313                         62.82       1322       1374       1767  
  NGC4486A                       131.47        652        704       1085  
  NGC4559                         49.04        786        816       1096  
  NGC4605                         26.01        279        256        269  
  NGC4651                        100.56        722        767       1112  
  NGC4612                         85.76       1756       1813       2207  
  NGC4698                        137.42        898        953       1333  
  NGC4694                         55.53       1065       1117       1485  
  NGC4733                         56.58        831        882       1247  
  PGC044433                      122.18       2574       2621       2964  
  NGC4900                         58.40        837        897       1289  
  NGC5358                         86.70       2485       2488       2592  
  PGC050395                       81.10       2457       2438       2432  
  NGC5500                         79.64       2025       2014       2045  
  NGC5507                        171.75       1731       1786       2084  
  NGC5611                        142.57       2022       2031       2136  
  PGC051753                       88.92       2526       2518       2548  
  NGC5687                        164.23       2267       2245       2212  
  NGC5839                        129.88       1203       1241       1420  
  NGC5985                        157.09       2719       2682       2554  
  NGC6017                        111.56       1834       1855       1907  
  PGC056772                       85.51       2701       2719       2757  
  NGC6070                         93.39       2032       2055       2100  
  NGC6503                         40.86        297        238        -23  
  PGC031407                      106.47       2008       2095       2642  
  FCOS1-2089                       9.30       1426       1435       1467  
  FCOS2-2134                      35.60       1539       1549       1579  
  FCOS0-2030                      27.10       1573       1582       1614  
  FCOS1-2024                      30.90       1618       1628       1660  
  FCOS1-2095                      27.70       1257       1266       1298  
  FCOS0-2023                      26.10       1506       1516       1546  
  FCOS1-2077                      20.40        548        557        589  
  FCOS0-2031                      23.90       1528       1538       1568  
  PGC2793608                      24.50       1768       1778       1811  
  NGC1380A                        52.58       1479       1487       1512  
  NGC1374                        180.75       1164       1173       1197  
  NGC3301                        120.69       1234       1272       1660  
  NGC4062                         81.25        738        763       1043  
  NGC1373                         70.79       1205       1213       1237  
  PGC013230                      109.97       1075       1083       1108  
  PGC032348                       15.40        401        451        886  
  PGC053521                       61.46       1774       1813       2004  
  NGC5296                        206.25       2337       2336       2426  
  NGC3370                         92.43       1155       1201       1617  
  NGC4233                        208.04       2142       2200       2619  
  NGC7454                        113.35       2266       2184       1643  
  NGC3430                         50.23       1540       1563       1866  
  NGC4424                         56.61        321        376        777  
  PGC2802531                      22.50         67        -22       -483  
  PGC2802595                      10.00        177         88       -370  
  PGC2802536                      18.00          2        -86       -547  
  PGC2802572                       8.40        125         35       -432  
  NGC1400_GROUP                  207.00       1653       1643       1610  
  LGG345                         107.00       1565       1643       2068  
  LGG263                          75.00       1428       1512       2025  
  NGC5806                        124.28       1318       1357       1546  
  LGG314                         142.00       1175       1245       1676  
  PGC074886                       22.90       1320       1309       1273  
  NGC3412                         99.46        699        750       1188  
  NGC0936                        178.11       1495       1448       1192  
  NGC1461                        200.36       1392       1381       1351  
  NGC2732                        151.00       2132       2083       1959  
  NGC3115                        259.42        407        478       1004  
  NGC3384                        144.11        415        467        910  
  NGC3585                        211.55       1090       1178       1718  
  NGC3818                        194.94       1487       1561       2062  
  NGC4026                        173.49       1040       1036       1162  
  NGC3998                        265.09       1136       1124       1211  
  NGC4036                        198.38       1494       1472       1500  
  NGC4111                        146.20        816        824       1013  
  NGC4251                        126.63       1033       1063       1358  
  NGC4382                        176.01        638        682       1036  
  NGC4350                        180.56       1158       1204       1568  
  NGC4429                        173.44        881        934       1325  
  NGC4461                        137.47       1824       1874       2253  
  NGC4638                        125.37       1062       1114       1486  
  NGC4754                        177.46       1222       1272       1634  
  NGC4762                        141.23        878        929       1290  
  NGC5866                        162.11        849        821        745  
  NGC6703                        176.85       2572       2512       2161  
  ESO440-037                      90.47       1756       1844       2358  
  NGC4527                        134.89       1591       1654       2078  
  NGC3726                         47.22        906        908       1080  
  NGC3893                         87.74       1017       1016       1168  
  NGC4013                         86.21        870        877       1064  
  NGC4346                        139.72        835        836        981  
  NGC4157                         89.48        850        845        969  
  NGC4217                         95.86       1062       1063       1213  
  PGC003757                       48.03       2710       2651       2267  
  [RGK2003]J125930.10+280544.0    33.00        422        448        702  
  LGG106                         101.00        885        910       1008  
  [PBS2011]HIPASS_GROUP          124.00        600        679       1107  
  LGG180                         131.00        754        838       1372  
  NGC1515                         99.75        972       1007       1147  
  NGC0701                         72.14       1904       1860       1576  
  NGC3684                         42.86       1045       1092       1497  
  NGC5970                        115.91       2004       2022       2090  
  NGC4660                        192.29        994       1046       1417  
  NGC1201                        162.51       1607       1597       1523  
  PGC792714                       44.00       1881       1940       2173  
  PGC2793593                      27.50       1375       1385       1417  
  PGC2798816                      40.35       2853       2942       3398  
  NGC5466                          1.70        143        160        321  
  PGC3097691                      11.88         29        -24       -417  
  LGG033                          79.00       1873       1828       1544  
  LGG093                         218.00        815        841        922  
  LGG293                         191.00       1010       1082       1541  
  LGG338                         331.00       2388       2464       2892  
  LGG478                          38.00        680        663        406  
  2MASXJ12400312-1140045          25.00       1104       1179       1642  
  SDSSJ124155.33+114003.7         40.29        609        660       1032  
  ANDROMEDA17                      2.85         21        -68       -527  
  NGC5846_GROUP                  368.00       1865       1904       2082  
  NGC7582_GROUP                   38.00       1599       1590       1370  
  HCG090_GROUP                   193.00       2607       2586       2277  
  DORADO_GROUP                   222.00       1034       1073       1235  
  SAGITTARIUS_DWARF_SPHEROIDAL    10.00        159        169         24  
  ANDROMEDA09                      9.59         55        -33       -481  
  CANES_VENATICI_DWARF             7.82         54         69        251  
  BOOTES1                          4.79         72        109        354  
  SDSSJ1049+5103                   4.30         41         35        183  
  COMA                             4.60         46         82        398  
  HERCULES                         4.58        141        145         98  
  BOOTES3                         14.00        219        240        423  
  SEGUE2                           3.35        111         42       -291  
  FCOS2-2111                      21.30       1128       1138       1168  
  PGC4720531                      19.40       1387       1396       1428  
  ANDROMEDA19                      4.62        157         68       -425  
  ANDROMEDA10                      5.42         95          8       -424  
  ANDROMEDA13                      6.43         62        -24       -489  
  SEGUE3                           1.20        110         36       -490  
  ANDROMEDA25                      2.95        170         81       -377  
  ANDROMEDA22                      3.82         84          3       -419  
  ANDROMEDA29                      5.70         76        -13       -526  
  ANDROMEDA30                     11.60        137         48       -396  
  ANDROMEDA31                     10.30        107         16       -503  
  M60UCD1                         69.26       1192       1243       1614  
  HYDRA2                           3.60         41        130        624  
  PEGASUS3                         5.40          8        -63       -585  
  M59UCD3                         77.80        347        398        770  
