# bb
1.219943214891827665e-06
2.440324578856234439e-06
4.068174348503816873e-06
6.104075509938411415e-06
8.548737241653725505e-06
1.140300355473300442e-05
1.466784124204423279e-05
1.834433714975602925e-05
2.243369272036943585e-05
2.693720125535037369e-05
3.185625973856076598e-05
3.719234518939629197e-05
4.294700192986056209e-05
4.912184886052273214e-05
5.571854853769764304e-05
6.273880717344582081e-05
7.018435280770063400e-05
7.805695349816232920e-05
8.635836275061592460e-05
9.509034862276166677e-05
1.042546355165541172e-04
1.138529696618206799e-04
1.238870172528550029e-04
1.343584444839507341e-04
1.452688302379101515e-04
1.566197170177474618e-04
1.684125454630702734e-04
1.806487562134861946e-04
1.933296152856200933e-04
2.064563886960968375e-04
2.200302114943042397e-04
2.340521314181387424e-04
2.485231379978358746e-04
2.634441189002245665e-04
2.788158308248966932e-04
2.946389722637832165e-04
3.109141252934932709e-04
3.276419010944664478e-04
3.448227362241595984e-04
3.624569508247077465e-04
3.805448650382459164e-04
3.990867990069091320e-04
4.180828691460192204e-04
4.375333082862198353e-04
4.574381746351718903e-04
4.777976137120276690e-04
4.986116546206176281e-04
5.198804428800940514e-04
5.416040075942873955e-04
5.637824651785194874e-04
5.864159320481121540e-04
6.095045246183872223e-04
6.330484757199883461e-04
6.570480181835591793e-04
6.815035012550652027e-04
7.064152741804718971e-04
7.317839190363883972e-04
7.576099014841020107e-04
7.838938618078827858e-04
8.106366731226444244e-04
8.378390921279788017e-04
8.655022247694432735e-04
8.936271187849342823e-04
9.222149383276700974e-04
9.512671385891735554e-04
9.807852329686284065e-04
1.010770793072879314e-03
1.041225390508770943e-03
1.072151004336774349e-03
1.103549846448004246e-03
1.135423663072288036e-03
1.167774898931384087e-03
1.200605649501085281e-03
1.233918592333793640e-03
1.267716055735945702e-03
1.302000950090587139e-03
1.336775603704154491e-03
1.372043159790337086e-03
1.407806295901536942e-03
1.444067922420799732e-03
1.480831066146492958e-03
1.518098870292305946e-03
1.555874245241284370e-03
1.594160334207117558e-03
1.632960280403494835e-03
1.672277459874749184e-03
1.712114550173282623e-03
1.752475160174071789e-03
1.793362083844840527e-03
1.834778813645243645e-03
1.876728376373648643e-03
1.919213915243744850e-03
1.962238457053899765e-03
2.005805028602480888e-03
2.049916889518499374e-03
2.094577066600322723e-03
2.139788353815674782e-03
2.185554243624210358e-03
2.231877297163009644e-03
2.278760541230440140e-03
2.326207235455513000e-03
2.374220406636595726e-03
2.422802615910768509e-03
2.471956890076398849e-03
2.521686721593141556e-03
2.571994671598076820e-03
2.622883999720215797e-03
2.674357965588569641e-03
2.726419363170862198e-03
2.779071684926748276e-03
2.832317957654595375e-03
2.886161906644701958e-03
2.940607024356722832e-03
2.995656803250312805e-03
3.051314502954483032e-03
3.107584547251462936e-03
3.164470661431550980e-03
3.221976803615689278e-03
3.280107397586107254e-03
3.338866634294390678e-03
3.398259403184056282e-03
3.458289662376046181e-03
3.518963232636451721e-03
3.580284770578145981e-03
3.642259165644645691e-03
3.704892005771398544e-03
3.768189111724495888e-03
3.832156071439385414e-03
3.896798705682158470e-03
3.962123300880193710e-03
4.028135910630226135e-03
4.094842355698347092e-03
4.162250552326440811e-03
4.230366088449954987e-03
4.299195948988199234e-03
4.368747118860483170e-03
4.439026582986116409e-03
4.510041326284408569e-03
4.581798333674669266e-03
4.654305521398782730e-03
4.727568943053483963e-03
4.801596514880657196e-03
4.876395687460899353e-03
4.951972980052232742e-03
5.028336308896541595e-03
5.105492193251848221e-03
5.183447618037462234e-03
5.262210033833980560e-03
5.341785494238138199e-03
5.422181915491819382e-03
5.503404419869184494e-03
5.585460457950830460e-03
5.668355152010917664e-03
5.752095486968755722e-03
5.836686585098505020e-03
5.922134034335613251e-03
6.008442956954240799e-03
6.095618475228548050e-03
6.183665245771408081e-03
6.272587925195693970e-03
6.362390238791704178e-03
6.453076377511024475e-03
6.544649600982666016e-03
6.637113168835639954e-03
6.730470806360244751e-03
6.824723910540342331e-03
6.919875275343656540e-03
7.015926763415336609e-03
7.112880703061819077e-03
7.210737094283103943e-03
7.309498731046915054e-03
7.409165613353252411e-03
7.509737741202116013e-03
7.611216045916080475e-03
7.713600527495145798e-03
7.816890254616737366e-03
7.921084761619567871e-03
8.026184514164924622e-03
8.132187649607658386e-03
8.239092305302619934e-03
8.346898481249809265e-03
8.455603383481502533e-03
8.565207011997699738e-03
8.675704710185527802e-03
8.787097409367561340e-03
8.899380452930927277e-03
9.012552909553050995e-03
9.126611985266208649e-03
9.241556748747825623e-03
9.357381612062454224e-03
9.474085643887519836e-03
9.591666050255298615e-03
9.710119105875492096e-03
9.829442948102951050e-03
9.949632920324802399e-03
1.007068809121847153e-02
1.019260194152593613e-02
1.031537447124719620e-02
1.043900102376937866e-02
1.056347694247961044e-02
1.068880036473274231e-02
1.081496570259332657e-02
1.094197202473878860e-02
1.106981094926595688e-02
1.119848247617483139e-02
1.132798101752996445e-02
1.145830191671848297e-02
1.158943865448236465e-02
1.172138936817646027e-02
1.185414753854274750e-02
1.198770850896835327e-02
1.212206576019525528e-02
1.225721556693315506e-02
1.239314861595630646e-02
1.252986025065183640e-02
1.266734488308429718e-02
1.280559413135051727e-02
1.294460054486989975e-02
1.308435760438442230e-02
1.322485506534576416e-02
1.336608733981847763e-02
1.350804232060909271e-02
1.365071441978216171e-02
1.379409059882164001e-02
1.393816340714693069e-02
1.408292166888713837e-02
1.422835327684879303e-02
1.437444798648357391e-02
1.452119369059801102e-02
1.466857828199863434e-02
1.481658779084682465e-02
1.496521010994911194e-02
1.511443499475717545e-02
1.526424288749694824e-02
1.541462354362010956e-02
1.556555926799774170e-02
1.571703888475894928e-02
1.586904563009738922e-02
1.602155901491641998e-02
1.617457158863544464e-02
1.632805913686752319e-02
1.648201048374176025e-02
1.663640700280666351e-02
1.679123006761074066e-02
1.694646291434764862e-02
1.710208877921104431e-02
1.725809089839458466e-02
1.741444878280162811e-02
1.757114566862583160e-02
1.772816479206085205e-02
1.788548566401004791e-02
1.804309152066707611e-02
1.820096373558044434e-02
1.835908368229866028e-02
1.851743273437023163e-02
1.867599412798881531e-02
1.883474923670291901e-02
1.899367943406105042e-02
1.915276423096656799e-02
1.931198872625827789e-02
1.947133615612983704e-02
1.963078416883945465e-02
1.979031972587108612e-02
1.994992233812808990e-02
2.010957524180412292e-02
2.026926353573799133e-02
2.042896673083305359e-02
2.058866620063781738e-02
2.074835263192653656e-02
2.090800367295742035e-02
2.106760442256927490e-02
2.122713625431060791e-02
2.138658799231052399e-02
2.154593914747238159e-02
2.170517481863498688e-02
2.186428010463714600e-02
2.202323824167251587e-02
2.218203432857990265e-02
2.234065160155296326e-02
2.249907702207565308e-02
2.265729196369647980e-02
2.281528338789939880e-02
2.297303639352321625e-02
2.313053235411643982e-02
2.328776009380817413e-02
2.344470098614692688e-02
2.360134199261665344e-02
2.375766634941101074e-02
2.391365915536880493e-02
2.406930550932884216e-02
2.422458864748477936e-02
2.437949366867542267e-02
2.453400753438472748e-02
2.468811161816120148e-02
2.484179101884365082e-02
2.499502897262573242e-02
2.514781244099140167e-02
2.530012466013431549e-02
2.545194700360298157e-02
2.560326829552650452e-02
2.575406990945339203e-02
2.590433694422245026e-02
2.605405077338218689e-02
2.620320208370685577e-02
2.635176852345466614e-02
2.649973705410957336e-02
2.664709277451038361e-02
2.679381705820560455e-02
2.693989872932434082e-02
2.708532102406024933e-02
2.723006531596183777e-02
2.737412229180335999e-02
2.751747332513332367e-02
2.766010537743568420e-02
2.780200541019439697e-02
2.794315479695796967e-02
2.808354422450065613e-02
2.822316065430641174e-02
2.836198918521404266e-02
2.850001864135265350e-02
2.863723225891590118e-02
2.877362631261348724e-02
2.890918403863906860e-02
2.904389426112174988e-02
2.917775139212608337e-02
2.931073866784572601e-02
2.944285050034523010e-02
2.957407943904399872e-02
2.970441803336143494e-02
2.983385138213634491e-02
2.996238134801387787e-02
3.008999302983283997e-02
3.021668642759323120e-02
3.034245222806930542e-02
3.046728856861591339e-02
3.059118613600730896e-02
3.071414493024349213e-02
3.083616495132446289e-02
3.095723316073417664e-02
3.107735514640808105e-02
3.119653090834617615e-02
3.131475299596786499e-02
3.143202140927314758e-02
3.154833987355232239e-02
3.166370093822479248e-02
3.177811577916145325e-02
3.189157694578170776e-02
3.200409561395645142e-02
3.211565688252449036e-02
3.222627565264701843e-02
3.233595192432403564e-02
3.244468942284584045e-02
3.255248442292213440e-02
3.265934810042381287e-02
3.276528418064117432e-02
3.287028893828392029e-02
3.297436982393264771e-02
3.307753428816795349e-02
3.317978605628013611e-02
3.328112512826919556e-02
3.338155895471572876e-02
3.348109498620033264e-02
3.357973322272300720e-02
3.367748111486434937e-02
3.377434983849525452e-02
3.387033566832542419e-02
3.396544605493545532e-02
3.405969217419624329e-02
3.415307775139808655e-02
3.424560278654098511e-02
3.433728218078613281e-02
3.442811593413352966e-02
3.451811149716377258e-02
3.460728004574775696e-02
3.469562157988548279e-02
3.478314727544784546e-02
3.486986085772514343e-02
3.495577350258827209e-02
3.504089266061782837e-02
3.512522205710411072e-02
3.520877286791801453e-02
3.529155254364013672e-02
3.537357226014137268e-02
3.545483574271202087e-02
3.553535416722297668e-02
3.561513870954513550e-02
3.569420054554939270e-02
3.577254340052604675e-02
3.585018217563629150e-02
3.592712804675102234e-02
3.600338846445083618e-02
3.607898205518722534e-02
3.615391626954078674e-02
3.622820228338241577e-02
3.630185499787330627e-02
3.637489303946495056e-02
3.644732385873794556e-02
3.651915863156318665e-02
3.659041970968246460e-02
3.666111826896667480e-02
3.673126921057701111e-02
3.680089116096496582e-02
3.686999902129173279e-02
3.693860769271850586e-02
3.700673580169677734e-02
3.707440197467803955e-02
3.714162111282348633e-02
3.720841929316520691e-02
3.727480024099349976e-02
3.734079375863075256e-02
3.740641847252845764e-02
3.747168555855751038e-02
3.753662481904029846e-02
3.760124742984771729e-02
3.766557946801185608e-02
3.772963583469390869e-02
3.779343515634536743e-02
3.785699978470802307e-02
3.792035579681396484e-02
3.798351064324378967e-02
3.804649412631988525e-02
3.810932114720344543e-02
3.817201405763626099e-02
3.823459148406982422e-02
3.829707205295562744e-02
3.835947811603546143e-02
3.842182829976081848e-02
3.848413750529289246e-02
3.854642808437347412e-02
3.860871866345405579e-02
3.867102786898612976e-02
3.873337060213088989e-02
3.879577293992042542e-02
3.885823860764503479e-02
3.892080113291740417e-02
3.898346796631813049e-02
3.904625400900840759e-02
3.910917788743972778e-02
3.917226195335388184e-02
3.923551738262176514e-02
3.929895535111427307e-02
3.936259821057319641e-02
3.942645341157913208e-02
3.949054703116416931e-02
3.955487906932830811e-02
3.961947560310363770e-02
3.968435153365135193e-02
3.974950686097145081e-02
3.981496766209602356e-02
3.988074511289596558e-02
3.994684666395187378e-02
4.001329094171524048e-02
4.008008912205696106e-02
4.014725610613822937e-02
4.021479934453964233e-02
4.028273373842239380e-02
4.035107418894767761e-02
4.041982814669609070e-02
4.048901051282882690e-02
4.055863618850708008e-02
4.062871262431144714e-02
4.069925472140312195e-02
4.077026993036270142e-02
4.084177315235137939e-02
4.091377928853034973e-02
4.098629206418991089e-02
4.105933383107185364e-02
4.113290458917617798e-02
4.120702669024467468e-02
4.128170385956764221e-02
4.135695472359657288e-02
4.143278300762176514e-02
4.150920361280441284e-02
4.158623144030570984e-02
4.166386649012565613e-02
4.174213483929634094e-02
4.182103648781776428e-02
4.190058633685112000e-02
4.198079183697700500e-02
4.206166788935661316e-02
4.214322194457054138e-02
4.222546145319938660e-02
4.230840131640434265e-02
4.239204525947570801e-02
4.247640445828437805e-02
4.256149008870124817e-02
4.264730587601661682e-02
4.273386299610137939e-02
4.282116517424583435e-02
4.290922358632087708e-02
4.299804195761680603e-02
4.308763146400451660e-02
4.317798465490341187e-02
4.326912388205528259e-02
4.336103796958923340e-02
4.345373809337615967e-02
4.354723170399665833e-02
4.364151507616043091e-02
4.373659193515777588e-02
4.383246228098869324e-02
4.392913356423377991e-02
4.402659833431243896e-02
4.412486031651496887e-02
4.422391951084136963e-02
4.432377219200134277e-02
4.442441835999488831e-02
4.452585428953170776e-02
4.462807625532150269e-02
4.473108425736427307e-02
4.483487084507942200e-02
4.493943229317665100e-02
4.504476115107536316e-02
4.515085741877555847e-02
4.525770619511604309e-02
4.536531120538711548e-02
4.547365754842758179e-02
4.558274149894714355e-02
4.569255188107490540e-02
4.580308124423027039e-02
4.591432586312294006e-02
4.602627083659172058e-02
4.613890871405601501e-02
4.625223204493522644e-02
4.636622592806816101e-02
4.648088663816452026e-02
4.659619927406311035e-02
4.671215638518333435e-02
4.682874307036399841e-02
4.694595187902450562e-02
4.706377536058425903e-02
4.718219488859176636e-02
4.730120673775672913e-02
4.742078855633735657e-02
4.754094406962394714e-02
4.766165092587471008e-02
4.778289794921875000e-02
4.790468141436576843e-02
4.802698269486427307e-02
4.814979061484336853e-02
4.827309772372245789e-02
4.839688539505004883e-02
4.852114617824554443e-02
4.864586889743804932e-02
4.877103865146636963e-02
4.889664798974990845e-02
4.902267828583717346e-02
4.914912208914756775e-02
4.927596077322959900e-02
4.940319061279296875e-02
4.953079298138618469e-02
4.965875670313835144e-02
4.978706687688827515e-02
4.991571232676506042e-02
5.004467815160751343e-02
5.017394945025444031e-02
5.030351877212524414e-02
5.043336376547813416e-02
5.056347697973251343e-02
5.069383978843688965e-02
5.082443356513977051e-02
5.095525458455085754e-02
5.108627676963806152e-02
5.121748521924018860e-02
5.134886875748634338e-02
5.148040875792503357e-02
5.161208659410476685e-02
5.174388736486434937e-02
5.187579244375228882e-02
5.200778692960739136e-02
5.213984474539756775e-02
5.227195844054222107e-02
5.240410193800926208e-02
5.253626033663749695e-02
5.266841128468513489e-02
5.280053615570068359e-02
5.293261632323265076e-02
5.306462943553924561e-02
5.319656059145927429e-02
5.332838371396064758e-02
5.346007272601127625e-02
5.359162762761116028e-02
5.372300371527671814e-02
5.385419726371765137e-02
5.398517847061157227e-02
5.411592498421669006e-02
5.424641817808151245e-02
5.437664315104484558e-02
5.450657382607460022e-02
5.463618785142898560e-02
5.476545915007591248e-02
5.489438027143478394e-02
5.502292141318321228e-02
5.515106022357940674e-02
5.527878552675247192e-02
5.540607124567031860e-02
5.553289875388145447e-02
5.565924569964408875e-02
5.578508973121643066e-02
5.591042339801788330e-02
5.603521317243576050e-02
5.615945905447006226e-02
5.628312379121780396e-02
5.640620365738868713e-02
5.652868002653121948e-02
5.665052682161331177e-02
5.677173286676406860e-02
5.689228326082229614e-02
5.701215937733650208e-02
5.713134258985519409e-02
5.724982917308807373e-02
5.736758932471275330e-02
5.748462304472923279e-02
5.760091170668601990e-02
5.771643295884132385e-02
5.783118680119514465e-02
5.794514343142509460e-02
5.805831030011177063e-02
5.817066133022308350e-02
5.828218907117843628e-02
5.839288234710693359e-02
5.850272625684738159e-02
5.861171334981918335e-02
5.871983245015144348e-02
5.882706865668296814e-02
5.893342196941375732e-02
5.903887003660202026e-02
5.914340168237686157e-02
5.924702063202857971e-02
5.934970080852508545e-02
5.945144221186637878e-02
5.955223366618156433e-02
5.965206772089004517e-02
5.975093692541122437e-02
5.984881892800331116e-02
5.994572117924690247e-02
6.004162132740020752e-02
6.013651564717292786e-02
6.023040413856506348e-02
6.032326444983482361e-02
6.041509285569190979e-02
6.050588563084602356e-02
6.059562414884567261e-02
6.068431213498115540e-02
6.077193468809127808e-02
6.085848435759544373e-02
6.094395369291305542e-02
6.102833524346351624e-02
6.111161783337593079e-02
6.119380518794059753e-02
6.127488240599632263e-02
6.135483831167221069e-02
6.143366917967796326e-02
6.151138246059417725e-02
6.158795207738876343e-02
6.166338548064231873e-02
6.173767149448394775e-02
6.181080639362335205e-02
6.188278272747993469e-02
6.195360049605369568e-02
6.202325969934463501e-02
6.209174916148185730e-02
6.215906515717506409e-02
6.222521513700485229e-02
6.229018419981002808e-02
6.235398352146148682e-02
6.241660937666893005e-02
6.247805431485176086e-02
6.253832578659057617e-02
6.259741634130477905e-02
6.265533715486526489e-02
6.271208077669143677e-02
6.276765465736389160e-02
6.282205879688262939e-02
6.287530809640884399e-02
6.292738765478134155e-02
6.297831237316131592e-02
6.302808970212936401e-02
6.307671964168548584e-02
6.312420964241027832e-02
6.317056715488433838e-02
6.321579962968826294e-02
6.325991451740264893e-02
6.330291181802749634e-02
6.334481388330459595e-02
6.338562816381454468e-02
6.342535465955734253e-02
6.346400827169418335e-02
6.350158900022506714e-02
6.353811919689178467e-02
6.357361376285552979e-02
6.360807269811630249e-02
6.364151090383529663e-02
6.367394328117370605e-02
6.370536983013153076e-02
6.373582035303115845e-02
6.376528739929199219e-02
6.379380077123641968e-02
6.382136046886444092e-02
6.384798139333724976e-02
6.387368589639663696e-02
6.389847397804260254e-02
6.392236799001693726e-02
6.394537538290023804e-02
6.396750360727310181e-02
6.398878246545791626e-02
6.400921195745468140e-02
6.402880698442459106e-02
6.404758244752883911e-02
6.406554579734802246e-02
6.408271938562393188e-02
6.409911811351776123e-02
6.411474198102951050e-02
6.412960588932037354e-02
6.414373219013214111e-02
6.415712833404541016e-02
6.416981667280197144e-02
6.418178975582122803e-02
6.419308483600616455e-02
6.420369446277618408e-02
6.421365588903427124e-02
6.422296166419982910e-02
6.423162668943405151e-02
6.423967331647872925e-02
6.424710899591445923e-02
6.425394862890243530e-02
6.426021456718444824e-02
6.426591426134109497e-02
6.427105516195297241e-02
6.427565962076187134e-02
6.427974253892898560e-02
6.428331881761550903e-02
6.428640335798263550e-02
6.428900361061096191e-02
6.429114192724227905e-02
6.429284065961837769e-02
6.429410725831985474e-02
6.429494917392730713e-02
6.429539620876312256e-02
6.429545581340789795e-02
6.429515779018402100e-02
6.429450958967208862e-02
6.429352611303329468e-02
6.429222971200942993e-02
6.429062783718109131e-02
6.428875029087066650e-02
6.428661197423934937e-02
6.428423523902893066e-02
6.428162753582000732e-02
6.427881121635437012e-02
6.427580863237380981e-02
6.427263468503952026e-02
6.426931172609329224e-02
6.426584720611572266e-02
6.426227092742919922e-02
6.425860524177551270e-02
6.425485759973526001e-02
6.425105035305023193e-02
6.424720585346221924e-02
6.424333155155181885e-02
6.423946470022201538e-02
6.423560529947280884e-02
6.423177570104598999e-02
6.422799825668334961e-02
6.422429531812667847e-02
6.422067433595657349e-02
6.421715766191482544e-02
6.421375274658203125e-02
6.421049684286117554e-02
6.420738995075225830e-02
6.420445442199707031e-02
6.420169770717620850e-02
6.419914960861206055e-02
6.419681012630462646e-02
6.419470161199569702e-02
6.419283896684646606e-02
6.419124454259872437e-02
6.418991088867187500e-02
6.418886780738830566e-02
6.418812274932861328e-02
6.418769061565399170e-02
6.418757885694503784e-02
6.418780237436294556e-02
6.418837606906890869e-02
6.418930739164352417e-02
6.419061124324798584e-02
6.419229507446289062e-02
6.419435888528823853e-02
6.419682502746582031e-02
6.419970095157623291e-02
6.420299410820007324e-02
6.420671194791793823e-02
6.421086192131042480e-02
6.421545892953872681e-02
6.422050297260284424e-02
6.422600895166397095e-02
6.423198431730270386e-02
6.423842906951904297e-02
6.424535065889358521e-02
6.425276398658752441e-02
6.426067650318145752e-02
6.426908075809478760e-02
6.427799910306930542e-02
6.428742408752441406e-02
6.429737061262130737e-02
6.430784612894058228e-02
6.431885063648223877e-02
6.433039903640747070e-02
6.434248387813568115e-02
6.435511261224746704e-02
6.436830759048461914e-02
6.438205391168594360e-02
6.439636647701263428e-02
6.441124528646469116e-02
6.442670524120330811e-02
6.444273889064788818e-02
6.445936113595962524e-02
6.447656452655792236e-02
6.449436396360397339e-02
6.451276689767837524e-02
6.453175842761993408e-02
6.455136835575103760e-02
6.457157433032989502e-02
6.459239125251770020e-02
6.461383402347564697e-02
6.463588029146194458e-02
6.465855985879898071e-02
6.468185782432556152e-02
6.470577418804168701e-02
6.473031640052795410e-02
6.475549191236495972e-02
6.478128582239151001e-02
6.480772048234939575e-02
6.483477354049682617e-02
6.486245989799499512e-02
6.489077210426330566e-02
6.491971760988235474e-02
6.494928896427154541e-02
6.497947126626968384e-02
6.501029431819915771e-02
6.504172086715698242e-02
6.507377326488494873e-02
6.510642915964126587e-02
6.513969600200653076e-02
6.517357379198074341e-02
6.520804762840270996e-02
6.524311751127243042e-02
6.527876853942871094e-02
6.531500071287155151e-02
6.535181403160095215e-02
6.538919359445571899e-02
6.542713195085525513e-02
6.546562910079956055e-02
6.550466269254684448e-02
6.554423272609710693e-02
6.558433175086975098e-02
6.562495231628417969e-02
6.566607207059860229e-02
6.570769846439361572e-02
6.574980914592742920e-02
6.579239666461944580e-02
6.583544611930847168e-02
6.587895750999450684e-02
6.592290848493576050e-02
6.596729904413223267e-02
6.601210683584213257e-02
6.605731695890426636e-02
6.610293686389923096e-02
6.614893674850463867e-02
6.619530171155929565e-02
6.624203920364379883e-02
6.628911942243576050e-02
6.633654236793518066e-02
6.638428568840026855e-02
6.643234193325042725e-02
6.648070365190505981e-02
6.652934849262237549e-02
6.657826155424118042e-02
6.662743538618087769e-02
6.667686998844146729e-02
6.672653555870056152e-02
6.677642464637756348e-02
6.682652980089187622e-02
6.687683612108230591e-02
6.692732870578765869e-02
6.697799265384674072e-02
6.702882796525955200e-02
6.707980483770370483e-02
6.713093072175979614e-02
6.718216836452484131e-02
6.723353266716003418e-02
6.728499382734298706e-02
6.733654439449310303e-02
6.738817691802978516e-02
6.743986904621124268e-02
6.749161332845687866e-02
6.754340231418609619e-02
6.759521365165710449e-02
6.764704734086990356e-02
6.769887357950210571e-02
6.775069981813430786e-02
6.780249625444412231e-02
6.785425543785095215e-02
6.790597736835479736e-02
6.795762479305267334e-02
6.800920516252517700e-02
6.806068867444992065e-02
6.811206787824630737e-02
6.816334277391433716e-02
6.821448355913162231e-02
6.826548278331756592e-02
6.831632554531097412e-02
6.836699694395065308e-02
6.841747462749481201e-02
6.846775859594345093e-02
6.851783394813537598e-02
6.856767088174819946e-02
6.861726939678192139e-02
6.866661459207534790e-02
6.871567666530609131e-02
6.876445561647415161e-02
6.881293654441833496e-02
6.886109709739685059e-02
6.890892982482910156e-02
6.895640492439270020e-02
6.900352239608764648e-02
6.905026733875274658e-02
6.909660995006561279e-02
6.914255768060684204e-02
6.918808072805404663e-02
6.923316419124603271e-02
6.927780061960220337e-02
6.932196766138076782e-02
6.936565786600112915e-02
6.940885633230209351e-02
6.945153325796127319e-02
6.949370354413986206e-02
6.953532993793487549e-02
6.957641243934631348e-02
6.961693614721298218e-02
6.965688616037368774e-02
6.969624757766723633e-02
6.973500549793243408e-02
6.977315992116928101e-02
6.981068849563598633e-02
6.984758377075195312e-02
6.988383084535598755e-02
6.991942226886749268e-02
6.995435059070587158e-02
6.998860090970993042e-02
7.002215832471847534e-02
7.005503028631210327e-02
7.008718699216842651e-02
7.011863589286804199e-02
7.014935463666915894e-02
7.017935067415237427e-02
7.020860165357589722e-02
7.023711502552032471e-02
7.026486098766326904e-02
7.029186189174652100e-02
7.031808048486709595e-02
7.034353911876678467e-02
7.036820799112319946e-02
7.039209455251693726e-02
7.041518390178680420e-02
7.043748348951339722e-02
7.045897096395492554e-02
7.047966122627258301e-02
7.049953192472457886e-02
7.051858305931091309e-02
7.053682208061218262e-02
7.055422663688659668e-02
7.057080417871475220e-02
7.058654725551605225e-02
7.060144841670989990e-02
7.061551511287689209e-02
7.062873989343643188e-02
7.064110785722732544e-02
7.065262645483016968e-02
7.066329568624496460e-02
7.067310065031051636e-02
7.068204134702682495e-02
7.069012522697448730e-02
7.069734483957290649e-02
7.070369273424148560e-02
7.070916891098022461e-02
7.071377336978912354e-02
7.071750611066818237e-02
7.072035968303680420e-02
7.072233408689498901e-02
7.072342187166213989e-02
7.072363793849945068e-02
7.072295993566513062e-02
7.072140276432037354e-02
7.071895897388458252e-02
7.071562856435775757e-02
7.071141153573989868e-02
7.070630788803100586e-02
7.070031762123107910e-02
7.069343328475952148e-02
7.068566977977752686e-02
7.067701220512390137e-02
7.066747546195983887e-02
7.065705209970474243e-02
7.064573466777801514e-02
7.063354551792144775e-02
7.062046974897384644e-02
7.060652226209640503e-02
7.059170305728912354e-02
7.057600468397140503e-02
7.055944204330444336e-02
7.054200768470764160e-02
7.052371650934219360e-02
7.050456851720809937e-02
7.048456370830535889e-02
7.046370953321456909e-02
7.044202089309692383e-02
7.041948288679122925e-02
7.039612531661987305e-02
7.037194073200225830e-02
7.034693658351898193e-02
7.032112032175064087e-02
7.029449939727783203e-02
7.026708126068115234e-02
7.023887336254119873e-02
7.020988315343856812e-02
7.018012553453445435e-02
7.014960050582885742e-02
7.011832296848297119e-02
7.008630037307739258e-02
7.005354017019271851e-02
7.002004235982894897e-02
6.998583674430847168e-02
6.995092332363128662e-02
6.991530954837799072e-02
6.987901777029037476e-02
6.984204798936843872e-02
6.980440765619277954e-02
6.976611167192459106e-02
6.972716748714447021e-02
6.968759000301361084e-02
6.964739412069320679e-02
6.960658729076385498e-02
6.956518441438674927e-02
6.952319294214248657e-02
6.948061287403106689e-02
6.943747401237487793e-02
6.939377635717391968e-02
6.934953480958938599e-02
6.930476427078247070e-02
6.925946474075317383e-02
6.921365857124328613e-02
6.916735321283340454e-02
6.912055611610412598e-02
6.907328963279724121e-02
6.902555376291275024e-02
6.897736340761184692e-02
6.892872601747512817e-02
6.887966394424438477e-02
6.883017718791961670e-02
6.878027319908142090e-02
6.872998178005218506e-02
6.867929548025131226e-02
6.862823665142059326e-02
6.857681274414062500e-02
6.852502375841140747e-02
6.847289949655532837e-02
6.842044740915298462e-02
6.836766004562377930e-02
6.831456720829010010e-02
6.826117634773254395e-02
6.820750236511230469e-02
6.815354526042938232e-02
6.809931993484497070e-02
6.804484128952026367e-02
6.799011677503585815e-02
6.793516874313354492e-02
6.787998974323272705e-02
6.782460957765579224e-02
6.776902824640274048e-02
6.771325320005416870e-02
6.765731424093246460e-02
6.760120391845703125e-02
6.754494458436965942e-02
6.748855113983154297e-02
6.743202358484268188e-02
6.737538427114486694e-02
6.731864064931869507e-02
6.726180016994476318e-02
6.720488518476486206e-02
6.714789569377899170e-02
6.709085404872894287e-02
6.703377515077590942e-02
6.697666645050048828e-02
6.691952794790267944e-02
6.686238944530487061e-02
6.680525839328765869e-02
6.674813479185104370e-02
6.669104844331741333e-02
6.663400679826736450e-02
6.657700985670089722e-02
6.652007997035980225e-02
6.646323204040527344e-02
6.640647351741790771e-02
6.634981185197830200e-02
6.629326939582824707e-02
6.623684614896774292e-02
6.618055701255798340e-02
6.612441688776016235e-02
6.606842577457427979e-02
6.601261347532272339e-02
6.595697999000549316e-02
6.590152531862258911e-02
6.584627926349639893e-02
6.579124182462692261e-02
6.573642790317535400e-02
6.568183004856109619e-02
6.562747806310653687e-02
6.557337194681167603e-02
6.551952660083770752e-02
6.546594947576522827e-02
6.541263312101364136e-02
6.535961478948593140e-02
6.530687958002090454e-02
6.525443494319915771e-02
6.520230323076248169e-02
6.515047699213027954e-02
6.509897857904434204e-02
6.504780054092407227e-02
6.499695777893066406e-02
6.494645029306411743e-02
6.489629298448562622e-02
6.484648585319519043e-02
6.479702889919281006e-02
6.474794447422027588e-02
6.469921767711639404e-02
6.465086340904235840e-02
6.460288912057876587e-02
6.455528736114501953e-02
6.450808048248291016e-02
6.446126103401184082e-02
6.441482901573181152e-02
6.436879932880401611e-02
6.432316452264785767e-02
6.427793949842453003e-02
6.423312425613403320e-02
6.418871134519577026e-02
6.414471566677093506e-02
6.410113722085952759e-02
6.405797600746154785e-02
6.401523947715759277e-02
6.397292762994766235e-02
6.393104046583175659e-02
6.388957798480987549e-02
6.384854763746261597e-02
6.380795687437057495e-02
6.376779824495315552e-02
6.372807174921035767e-02
6.368879228830337524e-02
6.364994496107101440e-02
6.361153721809387207e-02
6.357357650995254517e-02
6.353606283664703369e-02
6.349898874759674072e-02
6.346236169338226318e-02
6.342618167400360107e-02
6.339045614004135132e-02
6.335517019033432007e-02
6.332033127546310425e-02
6.328594684600830078e-02
6.325200200080871582e-02
6.321851909160614014e-02
6.318547576665878296e-02
6.315287947654724121e-02
6.312073767185211182e-02
6.308903545141220093e-02
6.305778771638870239e-02
6.302697211503982544e-02
6.299661099910736084e-02
6.296668946743011475e-02
6.293720752000808716e-02
6.290815770626068115e-02
6.287954747676849365e-02
6.285137683153152466e-02
6.282363086938858032e-02
6.279630959033966064e-02
6.276942044496536255e-02
6.274295598268508911e-02
6.271690130233764648e-02
6.269127130508422852e-02
6.266604363918304443e-02
6.264122575521469116e-02
6.261681020259857178e-02
6.259279698133468628e-02
6.256917119026184082e-02
6.254594027996063232e-02
6.252308189868927002e-02
6.250060349702835083e-02
6.247850507497787476e-02
6.245676428079605103e-02
6.243538856506347656e-02
6.241436675190925598e-02
6.239369139075279236e-02
6.237335875630378723e-02
6.235335394740104675e-02
6.233368068933486938e-02
6.231432408094406128e-02
6.229528412222862244e-02
6.227654963731765747e-02
6.225811690092086792e-02
6.223996728658676147e-02
6.222210451960563660e-02
6.220451742410659790e-02
6.218719482421875000e-02
6.217014044523239136e-02
6.215332448482513428e-02
6.213676556944847107e-02
6.212043017148971558e-02
6.210432946681976318e-02
6.208844855427742004e-02
6.207277625799179077e-02
6.205731257796287537e-02
6.204203516244888306e-02
6.202694773674011230e-02
6.201203539967536926e-02
6.199730187654495239e-02
6.198272481560707092e-02
6.196829676628112793e-02
6.195401400327682495e-02
6.193987652659416199e-02
6.192585825920104980e-02
6.191196665167808533e-02
6.189819052815437317e-02
6.188451126217842102e-02
6.187092885375022888e-02
6.185743212699890137e-02
6.184402108192443848e-02
6.183068081736564636e-02
6.181740015745162964e-02
6.180418282747268677e-02
6.179101020097732544e-02
6.177787110209465027e-02
6.176476925611495972e-02
6.175168603658676147e-02
6.173862516880035400e-02
6.172557175159454346e-02
6.171251833438873291e-02
6.169945001602172852e-02
6.168637052178382874e-02
6.167327240109443665e-02
6.166013702750205994e-02
6.164696067571640015e-02
6.163374334573745728e-02
6.162047013640403748e-02
6.160712987184524536e-02
6.159371882677078247e-02
6.158022955060005188e-02
6.156665086746215820e-02
6.155297905206680298e-02
6.153920665383338928e-02
6.152532994747161865e-02
6.151132285594940186e-02
6.149719282984733582e-02
6.148293614387512207e-02
6.146852672100067139e-02
6.145397573709487915e-02
6.143926084041595459e-02
6.142437830567359924e-02
6.140932440757751465e-02
6.139409169554710388e-02
6.137866526842117310e-02
6.136304140090942383e-02
6.134721636772155762e-02
6.133117154240608215e-02
6.131490692496299744e-02
6.129841506481170654e-02
6.128169223666191101e-02
6.126471608877182007e-02
6.124749407172203064e-02
6.123001500964164734e-02
6.121226400136947632e-02
6.119424477219581604e-02
6.117593869566917419e-02
6.115735322237014771e-02
6.113846972584724426e-02
6.111927703022956848e-02
6.109978631138801575e-02
6.107997521758079529e-02
6.105984747409820557e-02
6.103938445448875427e-02
6.101858615875244141e-02
6.099745631217956543e-02
6.097597256302833557e-02
6.095414608716964722e-02
6.093195080757141113e-02
6.090939790010452271e-02
6.088647246360778809e-02
6.086317822337150574e-02
6.083950400352478027e-02
6.081544980406761169e-02
6.079100817441940308e-02
6.076616793870925903e-02
6.074093654751777649e-02
6.071529909968376160e-02
6.068926304578781128e-02
6.066281720995903015e-02
6.063595786690711975e-02
6.060868501663208008e-02
6.058099493384361267e-02
6.055287644267082214e-02
6.052434444427490234e-02
6.049538031220436096e-02
6.046599149703979492e-02
6.043616682291030884e-02
6.040591001510620117e-02
6.037521734833717346e-02
6.034409254789352417e-02
6.031252816319465637e-02
6.028052046895027161e-02
6.024807319045066833e-02
6.021517887711524963e-02
6.018184125423431396e-02
6.014806032180786133e-02
6.011383980512619019e-02
6.007916107773780823e-02
6.004404649138450623e-02
6.000847741961479187e-02
5.997246503829956055e-02
5.993600189685821533e-02
5.989909172058105469e-02
5.986173450946807861e-02
5.982392653822898865e-02
5.978566780686378479e-02
5.974696949124336243e-02
5.970782041549682617e-02
5.966822057962417603e-02
5.962817743420600891e-02
5.958768352866172791e-02
5.954675003886222839e-02
5.950537323951721191e-02
5.946354568004608154e-02
5.942127853631973267e-02
5.937857180833816528e-02
5.933542549610137939e-02
5.929183587431907654e-02
5.924781411886215210e-02
5.920334905385971069e-02
5.915845185518264771e-02
5.911311879754066467e-02
5.906735360622406006e-02
5.902115628123283386e-02
5.897453427314758301e-02
5.892748385667800903e-02
5.888001248240470886e-02
5.883211269974708557e-02
5.878379568457603455e-02
5.873505771160125732e-02
5.868590623140335083e-02
5.863634496927261353e-02
5.858637392520904541e-02
5.853599309921264648e-02
5.848520994186401367e-02
5.843402445316314697e-02
5.838244035840034485e-02
5.833046138286590576e-02
5.827809870243072510e-02
5.822534114122390747e-02
5.817220732569694519e-02
5.811868607997894287e-02
5.806479975581169128e-02
5.801053717732429504e-02
5.795590952038764954e-02
5.790092051029205322e-02
5.784557387232780457e-02
5.778987333178520203e-02
5.773383751511573792e-02
5.767744407057762146e-02
5.762072652578353882e-02
5.756366625428199768e-02
5.750628933310508728e-02
5.744859203696250916e-02
5.739057809114456177e-02
5.733225494623184204e-02
5.727363377809524536e-02
5.721471458673477173e-02
5.715550109744071960e-02
5.709600821137428284e-02
5.703624337911605835e-02
5.697619915008544922e-02
5.691589415073394775e-02
5.685532838106155396e-02
5.679452046751976013e-02
5.673346295952796936e-02
5.667216703295707703e-02
5.661064013838768005e-02
5.654889345169067383e-02
5.648692324757575989e-02
5.642474815249443054e-02
5.636237189173698425e-02
5.629979819059371948e-02
5.623703822493553162e-02
5.617409199476242065e-02
5.611097440123558044e-02
5.604768171906471252e-02
5.598423629999160767e-02
5.592063069343566895e-02
5.585687607526779175e-02
5.579297989606857300e-02
5.572895333170890808e-02
5.566480383276939392e-02
5.560052394866943359e-02
5.553613230586051941e-02
5.547163262963294983e-02
5.540703609585762024e-02
5.534233897924423218e-02
5.527755245566368103e-02
5.521268770098686218e-02
5.514774844050407410e-02
5.508273467421531677e-02
5.501766502857208252e-02
5.495252832770347595e-02
5.488734319806098938e-02
5.482211709022521973e-02
5.475684255361557007e-02
5.469154566526412964e-02
5.462620779871940613e-02
5.456086248159408569e-02
5.449549481272697449e-02
5.443011596798896790e-02
5.436472967267036438e-02
5.429934710264205933e-02
5.423396825790405273e-02
5.416860803961753845e-02
5.410326644778251648e-02
5.403794348239898682e-02
5.397265031933784485e-02
5.390739813446998596e-02
5.384217947721481323e-02
5.377700924873352051e-02
5.371189489960670471e-02
5.364683270454406738e-02
5.358183756470680237e-02
5.351691320538520813e-02
5.345205962657928467e-02
5.338728427886962891e-02
5.332260578870773315e-02
5.325800552964210510e-02
5.319350585341453552e-02
5.312911421060562134e-02
5.306482315063476562e-02
5.300065129995346069e-02
5.293660238385200500e-02
5.287267640233039856e-02
5.280887708067893982e-02
5.274521559476852417e-02
5.268169939517974854e-02
5.261832848191261292e-02
5.255511030554771423e-02
5.249205231666564941e-02
5.242915824055671692e-02
5.236643180251121521e-02
5.230388045310974121e-02
5.224150791764259338e-02
5.217932164669036865e-02
5.211732536554336548e-02
5.205552279949188232e-02
5.199391767382621765e-02
5.193252488970756531e-02
5.187133327126502991e-02
5.181035771965980530e-02
5.174960196018218994e-02
5.168906971812248230e-02
5.162876471877098083e-02
5.156868696212768555e-02
5.150884389877319336e-02
5.144923925399780273e-02
5.138988047838211060e-02
5.133076384663581848e-02
5.127190053462982178e-02
5.121328309178352356e-02
5.115492641925811768e-02
5.109682306647300720e-02
5.103898048400878906e-02
5.098140239715576172e-02
5.092409253120422363e-02
5.086704716086387634e-02
5.081027373671531677e-02
5.075377225875854492e-02
5.069753900170326233e-02
5.064158141613006592e-02
5.058590695261955261e-02
5.053050443530082703e-02
5.047538131475448608e-02
5.042053759098052979e-02
5.036597326397895813e-02
5.031169205904006958e-02
5.025769025087356567e-02
5.020397156476974487e-02
5.015053600072860718e-02
5.009738355875015259e-02
5.004451423883438110e-02
4.999192431569099426e-02
4.993962123990058899e-02
4.988759756088256836e-02
4.983586072921752930e-02
4.978440329432487488e-02
4.973322898149490356e-02
4.968233406543731689e-02
4.963172599673271179e-02
4.958138987421989441e-02
4.953134059906005859e-02
4.948157072067260742e-02
4.943208023905754089e-02
4.938286170363426208e-02
4.933392629027366638e-02
4.928527027368545532e-02
4.923688620328903198e-02
4.918877780437469482e-02
4.914094507694244385e-02
4.909338802099227905e-02
4.904609918594360352e-02
4.899908974766731262e-02
4.895234107971191406e-02
4.890587180852890015e-02
4.885967075824737549e-02
4.881373792886734009e-02
4.876806959509849548e-02
4.872266948223114014e-02
4.867753759026527405e-02
4.863266646862030029e-02
4.858805984258651733e-02
4.854371398687362671e-02
4.849963262677192688e-02
4.845580458641052246e-02
4.841223731637001038e-02
4.836892709136009216e-02
4.832587018609046936e-02
4.828306660056114197e-02
4.824051260948181152e-02
4.819821193814277649e-02
4.815615713596343994e-02
4.811434447765350342e-02
4.807277768850326538e-02
4.803145304322242737e-02
4.799036681652069092e-02
4.794951528310775757e-02
4.790889844298362732e-02
4.786850884556770325e-02
4.782834649085998535e-02
4.778841137886047363e-02
4.774869978427886963e-02
4.770920425653457642e-02
4.766992479562759399e-02
4.763085395097732544e-02
4.759199544787406921e-02
4.755333811044692993e-02
4.751488193869590759e-02
4.747661948204040527e-02
4.743855074048042297e-02
4.740066826343536377e-02
4.736297205090522766e-02
4.732545465230941772e-02
4.728811234235763550e-02
4.725093767046928406e-02
4.721393063664436340e-02
4.717708751559257507e-02
4.714039713144302368e-02
4.710385948419570923e-02
4.706746712327003479e-02
4.703121259808540344e-02
4.699509963393211365e-02
4.695911705493927002e-02
4.692326486110687256e-02
4.688753187656402588e-02
4.685191437602043152e-02
4.681641235947608948e-02
4.678101092576980591e-02
4.674572125077247620e-02
4.671052098274230957e-02
4.667541757225990295e-02
4.664039984345436096e-02
4.660546407103538513e-02
4.657061025500297546e-02
4.653583094477653503e-02
4.650111496448516846e-02
4.646646976470947266e-02
4.643188044428825378e-02
4.639735072851181030e-02
4.636287316679954529e-02
4.632844030857086182e-02
4.629404842853546143e-02
4.625970125198364258e-02
4.622538760304450989e-02
4.619110375642776489e-02
4.615684971213340759e-02
4.612262174487113953e-02
4.608841240406036377e-02
4.605421796441078186e-02
4.602003842592239380e-02
4.598586633801460266e-02
4.595170170068740845e-02
4.591754078865051270e-02
4.588337615132331848e-02
4.584921151399612427e-02
4.581503570079803467e-02
4.578084871172904968e-02
4.574665054678916931e-02
4.571243375539779663e-02
4.567819833755493164e-02
4.564393684267997742e-02
4.560964927077293396e-02
4.557533189654350281e-02
4.554098099470138550e-02
4.550659283995628357e-02
4.547216370701789856e-02
4.543769359588623047e-02
4.540317505598068237e-02
4.536860436201095581e-02
4.533398151397705078e-02
4.529930278658866882e-02
4.526456445455551147e-02
4.522976279258728027e-02
4.519489407539367676e-02
4.515995457768440247e-02
4.512493684887886047e-02
4.508984461426734924e-02
4.505467042326927185e-02
4.501941055059432983e-02
4.498406127095222473e-02
4.494861885905265808e-02
4.491307958960533142e-02
4.487744346261024475e-02
4.484169930219650269e-02
4.480585083365440369e-02
4.476989060640335083e-02
4.473381489515304565e-02
4.469761997461318970e-02
4.466130584478378296e-02
4.462486878037452698e-02
4.458829760551452637e-02
4.455159232020378113e-02
4.451476037502288818e-02
4.447778314352035522e-02
4.444066435098648071e-02
4.440340027213096619e-02
4.436598718166351318e-02
4.432842507958412170e-02
4.429070651531219482e-02
4.425283521413803101e-02
4.421480000019073486e-02
4.417660459876060486e-02
4.413824900984764099e-02
4.409971833229064941e-02
4.406102374196052551e-02
4.402216151356697083e-02
4.398312419652938843e-02
4.394391179084777832e-02
4.390452057123184204e-02
4.386495798826217651e-02
4.382521659135818481e-02
4.378528892993927002e-02
4.374518990516662598e-02
4.370490461587905884e-02
4.366443678736686707e-02
4.362378641963005066e-02
4.358295351266860962e-02
4.354193806648254395e-02
4.350073263049125671e-02
4.345934838056564331e-02
4.341778159141540527e-02
4.337602481245994568e-02
4.333408921957015991e-02
4.329196736216545105e-02
4.324966296553611755e-02
4.320717975497245789e-02
4.316451027989387512e-02
4.312165826559066772e-02
4.307862743735313416e-02
4.303541034460067749e-02
4.299201816320419312e-02
4.294844716787338257e-02
4.290469735860824585e-02
4.286076873540878296e-02
4.281666129827499390e-02
4.277237877249717712e-02
4.272792488336563110e-02
4.268329218029975891e-02
4.263848811388015747e-02
4.259351268410682678e-02
4.254836216568946838e-02
4.250304028391838074e-02
4.245755076408386230e-02
4.241188988089561462e-02
4.236606135964393616e-02
4.232006520032882690e-02
4.227390140295028687e-02
4.222756996750831604e-02
4.218107461929321289e-02
4.213441535830497742e-02
4.208758845925331116e-02
4.204060137271881104e-02
4.199345037341117859e-02
4.194613546133041382e-02
4.189865663647651672e-02
4.185102134943008423e-02
4.180322587490081787e-02
4.175527393817901611e-02
4.170716181397438049e-02
4.165888950228691101e-02
4.161046445369720459e-02
4.156187921762466431e-02
4.151314124464988708e-02
4.146425426006317139e-02
4.141521081328392029e-02
4.136601462960243225e-02
4.131667315959930420e-02
4.126717895269393921e-02
4.121753945946693420e-02
4.116775467991828918e-02
4.111782088875770569e-02
4.106774926185607910e-02
4.101753607392311096e-02
4.096718132495880127e-02
4.091668874025344849e-02
4.086606577038764954e-02
4.081530496478080750e-02
4.076441749930381775e-02
4.071339964866638184e-02
4.066225886344909668e-02
4.061099141836166382e-02
4.055960476398468018e-02
4.050809517502784729e-02
4.045647755265235901e-02
4.040474072098731995e-02
4.035290330648422241e-02
4.030095413327217102e-02
4.024890437722206116e-02
4.019675403833389282e-02
4.014450311660766602e-02
4.009216651320457458e-02
4.003973677754402161e-02
3.998722136020660400e-02
3.993462398648262024e-02
3.988194838166236877e-02
3.982919827103614807e-02
3.977637737989425659e-02
3.972348570823669434e-02
3.967053070664405823e-02
3.961751610040664673e-02
3.956444561481475830e-02
3.951132297515869141e-02
3.945814818143844604e-02
3.940492868423461914e-02
3.935166820883750916e-02
3.929836675524711609e-02
3.924503177404403687e-02
3.919167071580886841e-02
3.913827240467071533e-02
3.908485546708106995e-02
3.903141617774963379e-02
3.897795826196670532e-02
3.892448544502258301e-02
3.887100145220756531e-02
3.881751000881195068e-02
3.876401111483573914e-02
3.871051222085952759e-02
3.865701332688331604e-02
3.860351443290710449e-02
3.855002671480178833e-02
3.849654644727706909e-02
3.844307363033294678e-02
3.838961943984031677e-02
3.833617642521858215e-02
3.828275576233863831e-02
3.822935745120048523e-02
3.817598149180412292e-02
3.812263160943984985e-02
3.806930780410766602e-02
3.801601752638816833e-02
3.796275705099105835e-02
3.790953010320663452e-02
3.785634413361549377e-02
3.780319541692733765e-02
3.775008395314216614e-02
3.769701719284057617e-02
3.764399513602256775e-02
3.759102150797843933e-02
3.753809630870819092e-02
3.748522326350212097e-02
3.743240237236022949e-02
3.737963363528251648e-02
3.732692450284957886e-02
3.727427497506141663e-02
3.722168877720832825e-02
3.716916590929031372e-02
3.711671009659767151e-02
3.706431761384010315e-02
3.701199963688850403e-02
3.695975244045257568e-02
3.690757974982261658e-02
3.685548529028892517e-02
3.680346906185150146e-02
3.675153851509094238e-02
3.669968992471694946e-02
3.664792701601982117e-02
3.659625723958015442e-02
3.654467687010765076e-02
3.649319335818290710e-02
3.644180297851562500e-02
3.639051690697669983e-02
3.633933141827583313e-02
3.628825023770332336e-02
3.623727709054946899e-02
3.618641570210456848e-02
3.613566234707832336e-02
3.608502820134162903e-02
3.603451326489448547e-02
3.598411753773689270e-02
3.593384101986885071e-02
3.588369116187095642e-02
3.583367168903350830e-02
3.578377887606620789e-02
3.573401644825935364e-02
3.568439558148384094e-02
3.563490509986877441e-02
3.558555990457534790e-02
3.553634881973266602e-02
3.548728302121162415e-02
3.543836250901222229e-02
3.538959100842475891e-02
3.534096106886863708e-02
3.529248759150505066e-02
3.524415567517280579e-02
3.519598394632339478e-02
3.514796495437622070e-02
3.510010242462158203e-02
3.505238890647888184e-02
3.500483930110931396e-02
3.495744615793228149e-02
3.491020947694778442e-02
3.486312925815582275e-02
3.481621295213699341e-02
3.476945683360099792e-02
3.472286090254783630e-02
3.467642515897750854e-02
3.463014960289001465e-02
3.458403423428535461e-02
3.453807905316352844e-02
3.449228778481483459e-02
3.444665297865867615e-02
3.440117835998535156e-02
3.435586392879486084e-02
3.431070968508720398e-02
3.426571562886238098e-02
3.422087430953979492e-02
3.417619690299034119e-02
3.413167223334312439e-02
3.408730402588844299e-02
3.404309228062629700e-02
3.399903327226638794e-02
3.395512700080871582e-02
3.391137346625328064e-02
3.386777639389038086e-02
3.382432460784912109e-02
3.378102555871009827e-02
3.373787924647331238e-02
3.369487822055816650e-02
3.365202620625495911e-02
3.360932320356369019e-02
3.356676176190376282e-02
3.352435305714607239e-02
3.348208218812942505e-02
3.343996033072471619e-02
3.339797630906105042e-02
3.335614129900932312e-02
3.331444412469863892e-02
3.327289223670959473e-02
3.323147818446159363e-02
3.319020569324493408e-02
3.314907476305961609e-02
3.310808166861534119e-02
3.306722640991210938e-02
3.302651643753051758e-02
3.298594057559967041e-02
3.294550254940986633e-02
3.290520608425140381e-02
3.286504372954368591e-02
3.282501921057701111e-02
3.278513252735137939e-02
3.274538367986679077e-02
3.270576894283294678e-02
3.266629576683044434e-02
3.262695297598838806e-02
3.258774802088737488e-02
3.254867345094680786e-02
3.250973671674728394e-02
3.247093409299850464e-02
3.243226930499076843e-02
3.239373490214347839e-02
3.235533460974693298e-02
3.231706097722053528e-02
3.227892145514488220e-02
3.224091231822967529e-02
3.220303356647491455e-02
3.216528519988059998e-02
3.212766349315643311e-02
3.209016472101211548e-02
3.205279260873794556e-02
3.201554343104362488e-02
3.197841718792915344e-02
3.194141387939453125e-02
3.190452978014945984e-02
3.186776489019393921e-02
3.183111175894737244e-02
3.179457411170005798e-02
3.175814822316169739e-02
3.172183036804199219e-02
3.168562799692153931e-02
3.164952248334884644e-02
3.161352500319480896e-02
3.157762810587882996e-02
3.154182434082031250e-02
3.150612115859985352e-02
3.147050738334655762e-02
3.143499046564102173e-02
3.139955922961235046e-02
3.136420994997024536e-02
3.132894635200500488e-02
3.129376098513603210e-02
3.125865012407302856e-02
3.122361563146114349e-02
3.118865378201007843e-02
3.115375712513923645e-02
3.111892752349376678e-02
3.108415938913822174e-02
3.104945272207260132e-02
3.101480193436145782e-02
3.098020888864994049e-02
3.094566427171230316e-02
3.091117180883884430e-02
3.087672218680381775e-02
3.084231913089752197e-02
3.080796264111995697e-02
3.077364154160022736e-02
3.073935955762863159e-02
3.070511482656002045e-02
3.067090548574924469e-02
3.063672594726085663e-02
3.060257621109485626e-02
3.056845813989639282e-02
3.053436428308486938e-02
3.050029836595058441e-02
3.046625852584838867e-02
3.043224103748798370e-02
3.039824403822422028e-02
3.036427125334739685e-02
3.033031523227691650e-02
3.029638342559337616e-02
3.026246465742588043e-02
3.022857010364532471e-02
3.019469045102596283e-02
3.016082756221294403e-02
3.012697957456111908e-02
3.009315021336078644e-02
3.005933575332164764e-02
3.002553433179855347e-02
2.999174967408180237e-02
2.995797991752624512e-02
2.992422319948673248e-02
2.989048324525356293e-02
2.985675074160099030e-02
2.982303500175476074e-02
2.978933230042457581e-02
2.975564077496528625e-02
2.972196042537689209e-02
2.968829125165939331e-02
2.965463139116764069e-02
2.962098270654678345e-02
2.958733960986137390e-02
2.955370582640171051e-02
2.952007949352264404e-02
2.948645874857902527e-02
2.945283986628055573e-02
2.941922470927238464e-02
2.938561327755451202e-02
2.935200184583663940e-02
2.931838855147361755e-02
2.928477153182029724e-02
2.925115264952182770e-02
2.921752445399761200e-02
2.918388694524765015e-02
2.915024012327194214e-02
2.911658212542533875e-02
2.908290736377239227e-02
2.904921583831310272e-02
2.901550382375717163e-02
2.898177132010459900e-02
2.894801832735538483e-02
2.891423366963863373e-02
2.888042293488979340e-02
2.884658053517341614e-02
2.881270833313465118e-02
2.877879701554775238e-02
2.874484844505786896e-02
2.871085889637470245e-02
2.867682836949825287e-02
2.864274941384792328e-02
2.860862761735916138e-02
2.857445925474166870e-02
2.854023873805999756e-02
2.850596606731414795e-02
2.847163937985897064e-02
2.843726053833961487e-02
2.840282395482063293e-02
2.836832962930202484e-02
2.833378128707408905e-02
2.829917147755622864e-02
2.826450206339359283e-02
2.822976931929588318e-02
2.819498069584369659e-02
2.816012687981128693e-02
2.812521904706954956e-02
2.809024788439273834e-02
2.805521525442600250e-02
2.802012488245964050e-02
2.798497676849365234e-02
2.794977277517318726e-02
2.791450731456279755e-02
2.787918969988822937e-02
2.784381993114948273e-02
2.780839428305625916e-02
2.777291648089885712e-02
2.773739024996757507e-02
2.770181745290756226e-02
2.766619808971881866e-02
2.763053029775619507e-02
2.759482525289058685e-02
2.755907736718654633e-02
2.752329036593437195e-02
2.748746611177921295e-02
2.745160646736621857e-02
2.741571515798568726e-02
2.737979032099246979e-02
2.734383754432201385e-02
2.730785496532917023e-02
2.727184817194938660e-02
2.723581343889236450e-02
2.719975635409355164e-02
2.716367691755294800e-02
2.712757512927055359e-02
2.709145471453666687e-02
2.705531194806098938e-02
2.701915055513381958e-02
2.698297053575515747e-02
2.694677188992500305e-02
2.691055648028850555e-02
2.687432244420051575e-02
2.683806978166103363e-02
2.680180221796035767e-02
2.676551230251789093e-02
2.672920562326908112e-02
2.669287845492362976e-02
2.665652707219123840e-02
2.662015892565250397e-02
2.658376470208168030e-02
2.654734812676906586e-02
2.651090733706951141e-02
2.647444047033786774e-02
2.643794566392898560e-02
2.640141919255256653e-02
2.636486664414405823e-02
2.632828243076801300e-02
2.629166468977928162e-02
2.625501155853271484e-02
2.621832489967346191e-02
2.618160285055637360e-02
2.614484168589115143e-02
2.610804140567779541e-02
2.607120387256145477e-02
2.603432536125183105e-02
2.599740587174892426e-02
2.596044540405273438e-02
2.592344395816326141e-02
2.588640339672565460e-02
2.584931999444961548e-02
2.581219561398029327e-02
2.577503211796283722e-02
2.573782764375209808e-02
2.570058591663837433e-02
2.566330693662166595e-02
2.562599256634712219e-02
2.558864280581474304e-02
2.555126138031482697e-02
2.551385015249252319e-02
2.547641098499298096e-02
2.543894574046134949e-02
2.540145628154277802e-02
2.536394819617271423e-02
2.532642334699630737e-02
2.528888359665870667e-02
2.525133267045021057e-02
2.521377615630626678e-02
2.517621405422687531e-02
2.513865008950233459e-02
2.510109171271324158e-02
2.506354078650474548e-02
2.502599731087684631e-02
2.498846873641014099e-02
2.495095692574977875e-02
2.491346560418605804e-02
2.487600035965442657e-02
2.483856119215488434e-02
2.480115368962287903e-02
2.476377971470355988e-02
2.472644299268722534e-02
2.468914538621902466e-02
2.465189062058925629e-02
2.461468055844306946e-02
2.457751706242561340e-02
2.454040199518203735e-02
2.450333908200263977e-02
2.446632832288742065e-02
2.442937158048152924e-02
2.439246699213981628e-02
2.435562014579772949e-02
2.431882731616497040e-02
2.428209222853183746e-02
2.424541302025318146e-02
2.420878969132900238e-02
2.417222037911415100e-02
2.413570880889892578e-02
2.409924939274787903e-02
2.406284213066101074e-02
2.402648888528347015e-02
2.399018406867980957e-02
2.395393140614032745e-02
2.391772344708442688e-02
2.388156391680240631e-02
2.384544722735881805e-02
2.380937151610851288e-02
2.377333678305149078e-02
2.373734116554260254e-02
2.370138093829154968e-02
2.366545610129833221e-02
2.362956292927265167e-02
2.359370328485965729e-02
2.355787158012390137e-02
2.352206967771053314e-02
2.348629385232925415e-02
2.345054410398006439e-02
2.341482043266296387e-02
2.337911725044250488e-02
2.334344200789928436e-02
2.330778911709785461e-02
2.327216044068336487e-02
2.323655411601066589e-02
2.320097386837005615e-02
2.316541783511638641e-02
2.312988787889480591e-02
2.309438586235046387e-02
2.305891364812850952e-02
2.302347309887409210e-02
2.298806421458721161e-02
2.295269072055816650e-02
2.291735634207725525e-02
2.288206107914447784e-02
2.284681051969528198e-02
2.281160838901996613e-02
2.277645654976367950e-02
2.274135872721672058e-02
2.270631678402423859e-02
2.267133817076683044e-02
2.263642475008964539e-02
2.260158024728298187e-02
2.256680652499198914e-02
2.253211289644241333e-02
2.249749749898910522e-02
2.246296778321266174e-02
2.242852561175823212e-02
2.239417470991611481e-02
2.235992066562175751e-02
2.232576347887516022e-02
2.229170687496662140e-02
2.225775644183158875e-02
2.222391031682491302e-02
2.219017408788204193e-02
2.215654961764812469e-02
2.212303876876831055e-02
2.208963967859745026e-02
2.205635979771614075e-02
2.202319167554378510e-02
2.199014276266098022e-02
2.195720933377742767e-02
2.192439325153827667e-02
2.189169451594352722e-02
2.185910940170288086e-02
2.182663977146148682e-02
2.179428003728389740e-02
2.176203206181526184e-02
2.172989211976528168e-02
2.169785834848880768e-02
2.166592702269554138e-02
2.163409814238548279e-02
2.160236611962318420e-02
2.157072909176349640e-02
2.153918147087097168e-02
2.150772139430046082e-02
2.147634513676166534e-02
2.144504897296428680e-02
2.141382731497287750e-02
2.138268202543258667e-02
2.135160379111766815e-02
2.132058888673782349e-02
2.128963917493820190e-02
2.125874534249305725e-02
2.122790738940238953e-02
2.119712159037590027e-02
2.116638608276844025e-02
2.113569714128971100e-02
2.110505104064941406e-02
2.107444778084754944e-02
2.104388363659381866e-02
2.101336047053337097e-02
2.098287269473075867e-02
2.095242403447628021e-02
2.092201262712478638e-02
2.089163661003112793e-02
2.086129784584045410e-02
2.083099447190761566e-02
2.080073207616806030e-02
2.077050693333148956e-02
2.074032463133335114e-02
2.071018517017364502e-02
2.068009041249752045e-02
2.065004408359527588e-02
2.062004618346691132e-02
2.059010416269302368e-02
2.056021802127361298e-02
2.053039148449897766e-02
2.050063014030456543e-02
2.047093771398067474e-02
2.044131234288215637e-02
2.041176334023475647e-02
2.038229256868362427e-02
2.035290561616420746e-02
2.032360434532165527e-02
2.029439248144626617e-02
2.026527374982833862e-02
2.023625187575817108e-02
2.020732872188091278e-02
2.017850987613201141e-02
2.014979533851146698e-02
2.012118697166442871e-02
2.009269222617149353e-02
2.006430551409721375e-02
2.003603242337703705e-02
2.000787481665611267e-02
1.997983083128929138e-02
1.995190046727657318e-02
1.992408558726310730e-02
1.989638432860374451e-02
1.986879482865333557e-02
1.984131708741188049e-02
1.981395110487937927e-02
1.978668943047523499e-02
1.975953392684459686e-02
1.973248086869716644e-02
1.970552466809749603e-02
1.967866532504558563e-02
1.965189538896083832e-02
1.962521113455295563e-02
1.959860883653163910e-02
1.957208476960659027e-02
1.954563148319721222e-02
1.951924525201320648e-02
1.949292048811912537e-02
1.946665346622467041e-02
1.944043487310409546e-02
1.941426470875740051e-02
1.938813365995883942e-02
1.936203986406326294e-02
1.933597400784492493e-02
1.930993236601352692e-02
1.928391307592391968e-02
1.925790868699550629e-02
1.923191919922828674e-02
1.920593343675136566e-02
1.917995326220989227e-02
1.915397495031356812e-02
1.912799477577209473e-02
1.910201087594032288e-02
1.907601766288280487e-02
1.905001886188983917e-02
1.902401074767112732e-02
1.899799145758152008e-02
1.897196285426616669e-02
1.894592493772506714e-02
1.891987957060337067e-02
1.889382302761077881e-02
1.886776089668273926e-02
1.884169504046440125e-02
1.881562545895576477e-02
1.878955587744712830e-02
1.876349188387393951e-02
1.873743347823619843e-02
1.871138438582420349e-02
1.868535205721855164e-02
1.865933649241924286e-02
1.863334514200687408e-02
1.860737800598144531e-02
1.858144626021385193e-02
1.855554804205894470e-02
1.852969080209732056e-02
1.850387826561927795e-02
1.847811602056026459e-02
1.845240965485572815e-02
1.842675730586051941e-02
1.840117014944553375e-02
1.837564818561077118e-02
1.835019327700138092e-02
1.832481101155281067e-02
1.829950511455535889e-02
1.827427372336387634e-02
1.824912056326866150e-02
1.822404935956001282e-02
1.819905824959278107e-02
1.817414909601211548e-02
1.814932189881801605e-02
1.812457479536533356e-02
1.809990964829921722e-02
1.807532086968421936e-02
1.805081218481063843e-02
1.802637428045272827e-02
1.800201088190078735e-02
1.797771267592906952e-02
1.795348152518272400e-02
1.792930997908115387e-02
1.790519244968891144e-02
1.788112707436084747e-02
1.785710640251636505e-02
1.783312670886516571e-02
1.780918054282665253e-02
1.778526417911052704e-02
1.776136830449104309e-02
1.773749105632305145e-02
1.771362312138080597e-02
1.768975891172885895e-02
1.766589470207691193e-02
1.764202117919921875e-02
1.761813461780548096e-02
1.759422942996025085e-02
1.757030002772808075e-02
1.754634082317352295e-02
1.752234622836112976e-02
1.749831251800060272e-02
1.747423782944679260e-02
1.745011657476425171e-02
1.742594502866268158e-02
1.740172319114208221e-02
1.737744547426700592e-02
1.735311560332775116e-02
1.732872799038887024e-02
1.730428077280521393e-02
1.727978140115737915e-02
1.725522242486476898e-02
1.723061129450798035e-02
1.720594614744186401e-02
1.718123070895671844e-02
1.715646684169769287e-02
1.713166013360023499e-02
1.710681058466434479e-02
1.708192564547061920e-02
1.705700717866420746e-02
1.703206449747085571e-02
1.700709760189056396e-02
1.698211580514907837e-02
1.695712469518184662e-02
1.693212613463401794e-02
1.690712943673133850e-02
1.688214018940925598e-02
1.685716584324836731e-02
1.683221012353897095e-02
1.680728048086166382e-02
1.678237877786159515e-02
1.675751619040966034e-02
1.673269644379615784e-02
1.670792326331138611e-02
1.668320223689079285e-02
1.665853708982467651e-02
1.663393154740333557e-02
1.660939119756221771e-02
1.658491604030132294e-02
1.656050980091094971e-02
1.653617434203624725e-02
1.651191338896751404e-02
1.648772321641445160e-02
1.646360568702220917e-02
1.643956266343593597e-02
1.641559042036533356e-02
1.639168895781040192e-02
1.636785641312599182e-02
1.634408719837665558e-02
1.632038131356239319e-02
1.629673503339290619e-02
1.627313904464244843e-02
1.624959520995616913e-02
1.622609794139862061e-02
1.620263606309890747e-02
1.617920957505702972e-02
1.615580916404724121e-02
1.613242924213409424e-02
1.610906422138214111e-02
1.608570665121078491e-02
1.606235094368457794e-02
1.603899151086807251e-02
1.601561903953552246e-02
1.599222980439662933e-02
1.596881635487079620e-02
1.594537124037742615e-02
1.592188887298107147e-02
1.589836739003658295e-02
1.587479747831821442e-02
1.585117913782596588e-02
1.582750305533409119e-02
1.580377109348773956e-02
1.577997393906116486e-02
1.575611531734466553e-02
1.573218964040279388e-02
1.570819690823554993e-02
1.568413712084293365e-02
1.566000655293464661e-02
1.563581079244613647e-02
1.561154983937740326e-02
1.558722276240587234e-02
1.556283701211214066e-02
1.553839165717363358e-02
1.551389228552579880e-02
1.548934262245893478e-02
1.546474825590848923e-02
1.544011384248733521e-02
1.541544590145349503e-02
1.539075002074241638e-02
1.536603365093469620e-02
1.534130424261093140e-02
1.531656645238399506e-02
1.529182959347963333e-02
1.526710204780101776e-02
1.524238660931587219e-02
1.521769724786281586e-02
1.519303768873214722e-02
1.516841538250446320e-02
1.514383871108293533e-02
1.511931419372558594e-02
1.509484834969043732e-02
1.507044583559036255e-02
1.504611689597368240e-02
1.502186339348554611e-02
1.499769091606140137e-02
1.497360412031412125e-02
1.494960859417915344e-02
1.492570340633392334e-02
1.490189507603645325e-02
1.487818453460931778e-02
1.485457085072994232e-02
1.483105774968862534e-02
1.480764336884021759e-02
1.478432677686214447e-02
1.476110704243183136e-02
1.473798323422670364e-02
1.471494883298873901e-02
1.469200383871793747e-02
1.466914266347885132e-02
1.464636158198118210e-02
1.462365500628948212e-02
1.460101734846830368e-02
1.457844115793704987e-02
1.455592084676027298e-02
1.453345175832509995e-02
1.451102364808320999e-02
1.448863092809915543e-02
1.446626521646976471e-02
1.444392185658216476e-02
1.442159060388803482e-02
1.439926493912935257e-02
1.437693741172552109e-02
1.435460150241851807e-02
1.433224882930517197e-02
1.430987473577260971e-02
1.428747363388538361e-02
1.426503714174032211e-02
1.424256246536970139e-02
1.422004494816064835e-02
1.419747900217771530e-02
1.417486183345317841e-02
1.415219157934188843e-02
1.412946358323097229e-02
1.410667970776557922e-02
1.408383715897798538e-02
1.406093500554561615e-02
1.403797790408134460e-02
0.000000000000000000e+00
0.000000000000000000e+00
0.000000000000000000e+00
0.000000000000000000e+00
0.000000000000000000e+00
0.000000000000000000e+00
0.000000000000000000e+00
0.000000000000000000e+00
0.000000000000000000e+00
0.000000000000000000e+00
0.000000000000000000e+00
0.000000000000000000e+00
0.000000000000000000e+00
0.000000000000000000e+00
0.000000000000000000e+00
0.000000000000000000e+00
0.000000000000000000e+00
0.000000000000000000e+00
0.000000000000000000e+00
0.000000000000000000e+00
0.000000000000000000e+00
0.000000000000000000e+00
0.000000000000000000e+00
0.000000000000000000e+00
0.000000000000000000e+00
0.000000000000000000e+00
0.000000000000000000e+00
0.000000000000000000e+00
0.000000000000000000e+00
0.000000000000000000e+00
0.000000000000000000e+00
0.000000000000000000e+00
0.000000000000000000e+00
0.000000000000000000e+00
0.000000000000000000e+00
0.000000000000000000e+00
0.000000000000000000e+00
0.000000000000000000e+00
0.000000000000000000e+00
0.000000000000000000e+00
0.000000000000000000e+00
0.000000000000000000e+00
0.000000000000000000e+00
0.000000000000000000e+00
0.000000000000000000e+00
0.000000000000000000e+00
0.000000000000000000e+00
0.000000000000000000e+00
0.000000000000000000e+00
0.000000000000000000e+00
0.000000000000000000e+00
0.000000000000000000e+00
0.000000000000000000e+00
0.000000000000000000e+00
0.000000000000000000e+00
0.000000000000000000e+00
0.000000000000000000e+00
0.000000000000000000e+00
0.000000000000000000e+00
0.000000000000000000e+00
0.000000000000000000e+00
0.000000000000000000e+00
0.000000000000000000e+00
0.000000000000000000e+00
0.000000000000000000e+00
0.000000000000000000e+00
0.000000000000000000e+00
0.000000000000000000e+00
0.000000000000000000e+00
0.000000000000000000e+00
0.000000000000000000e+00
0.000000000000000000e+00
0.000000000000000000e+00
0.000000000000000000e+00
0.000000000000000000e+00
0.000000000000000000e+00
0.000000000000000000e+00
0.000000000000000000e+00
0.000000000000000000e+00
0.000000000000000000e+00
0.000000000000000000e+00
0.000000000000000000e+00
0.000000000000000000e+00
0.000000000000000000e+00
0.000000000000000000e+00
0.000000000000000000e+00
0.000000000000000000e+00
0.000000000000000000e+00
0.000000000000000000e+00
0.000000000000000000e+00
0.000000000000000000e+00
0.000000000000000000e+00
0.000000000000000000e+00
0.000000000000000000e+00
0.000000000000000000e+00
0.000000000000000000e+00
0.000000000000000000e+00
0.000000000000000000e+00
0.000000000000000000e+00
0.000000000000000000e+00
