# pp
8.058068432963242097e-09
4.835622832235281369e-09
3.305847325634338848e-09
2.432528594513002917e-09
1.876566670654021226e-09
1.497004180586265819e-09
1.224505439605098700e-09
1.021403746091466724e-09
8.653655653360749770e-10
7.427935180177801985e-10
6.444217489712641891e-10
5.641709393735785795e-10
4.978468763686681674e-10
4.423579119873478537e-10
3.954383588035464878e-10
3.554086892975607283e-10
3.209880147270177761e-10
2.911542930993441725e-10
2.651131484666960358e-10
2.422596570192056358e-10
2.221087425246438854e-10
2.042480619073353487e-10
1.883404455695822081e-10
1.741152811562892871e-10
1.613492377060797774e-10
1.498529565627287527e-10
1.394654228973055385e-10
1.300446390044206278e-10
1.214717709482337348e-10
1.136542277485472277e-10
1.065126321819583022e-10
9.997240912465458628e-11
9.396815564316309339e-11
8.844424850563995051e-11
8.335242087887185562e-11
7.865010370488019718e-11
7.429974531519025071e-11
7.026774426817275261e-11
6.652436812760823025e-11
6.304337089784114938e-11
5.980155532493170754e-11
5.677831010454581658e-11
5.395525333961533089e-11
5.131594544460353252e-11
4.884558287180436381e-11
4.653062482685565152e-11
4.435883145079769771e-11
4.231916786852874725e-11
4.040166316266076459e-11
3.859725319880861311e-11
3.689758008426536922e-11
3.529502228019105604e-11
3.378264798881438767e-11
3.235414109279616759e-11
3.100371551956709847e-11
2.972600184971757701e-11
2.851606841758057440e-11
2.736939716271802556e-11
2.628184256916421179e-11
2.524960868772408752e-11
2.426925357985912413e-11
2.333761491076607551e-11
2.245177117944784995e-11
2.160901987585706642e-11
2.080684093743904669e-11
2.004283230317368143e-11
1.931475161163097244e-11
1.862051882990654543e-11
1.795820235171126836e-11
1.732599619522546394e-11
1.672218016065460795e-11
1.614514408529104401e-11
1.559338879250296421e-11
1.506551709752841962e-11
1.456023342696299734e-11
1.407635812646234722e-11
1.361279477041276866e-11
1.316851626172054623e-11
1.274255963623551304e-11
1.233401854190518867e-11
1.194203111614078255e-11
1.156578521271688914e-11
1.120451753421280181e-11
1.085751016048088963e-11
1.052408507418473578e-11
1.020359479090464034e-11
9.895427211353862885e-12
9.599005433661553288e-12
9.313785371173129469e-12
9.039252529893695141e-12
8.774917082137589502e-12
8.520315362086445982e-12
8.275009164220191775e-12
8.038584101908503389e-12
7.810648087414551345e-12
7.590829923191897721e-12
7.378777995292218113e-12
7.174159060543027250e-12
6.976657119911431084e-12
6.785972371151469267e-12
6.601820234446650551e-12
6.423930445313607765e-12
6.252046209533229528e-12
6.085923415328194666e-12
5.925329898415369635e-12
5.770044755932577960e-12
5.619857705575596512e-12
5.474568486586605299e-12
5.333986299512716967e-12
5.197928785903628612e-12
5.066220120198875569e-12
4.938692155366612773e-12
4.815184492486651307e-12
4.695544063549784211e-12
4.579624739989398980e-12
4.467286965157489682e-12
4.358397409095239183e-12
4.252828644074650204e-12
4.150458839503430841e-12
4.051171474891335646e-12
3.954855069673474204e-12
3.861402928775342544e-12
3.770712902886347240e-12
3.682687162483978536e-12
3.597231984720089862e-12
3.514257552344590345e-12
3.433677763900612149e-12
3.355410054479396846e-12
3.279375226373086876e-12
3.205497170876530504e-12
3.133702376850119519e-12
3.063920165906019395e-12
2.996082676394394900e-12
2.930124732904040273e-12
2.865983722674775509e-12
2.803599478509504377e-12
2.742914167801088386e-12
2.683872187314584723e-12
2.626420063388804424e-12
2.570506357243006330e-12
2.516081575094755416e-12
2.463098082813792803e-12
2.411510024854265261e-12
2.361273247223903460e-12
2.312345224263899331e-12
2.264684989027295752e-12
2.218253067056879748e-12
2.173011413375736937e-12
2.128923352515094447e-12
2.085953577864812073e-12
2.044068260699947550e-12
2.003234819015541024e-12
1.963421811022351256e-12
1.924598888886004389e-12
1.886736754609905259e-12
1.849807117950115463e-12
1.813782656256825745e-12
1.778636976143163256e-12
1.744344576887741301e-12
1.710880815482688223e-12
1.678221873243893504e-12
1.646344723904890954e-12
1.615227103120177693e-12
1.584847479307920293e-12
1.555185025765847186e-12
1.526219593997766747e-12
1.497931688191571283e-12
1.470302440792806795e-12
1.443313589120881501e-12
1.416947452977858967e-12
1.391186913202424052e-12
1.366015391124153754e-12
1.341416828875563049e-12
1.317375670521660637e-12
1.293876846259729927e-12
1.270905761736978251e-12
1.248448274187977038e-12
1.226490674153234981e-12
1.205019670185988633e-12
1.184022374173891729e-12
1.163486287247809878e-12
1.143399286251314671e-12
1.123749610745788534e-12
1.104525850527304989e-12
1.085716933632628513e-12
1.067312114812784099e-12
1.049300964453712287e-12
1.031673357924512751e-12
1.014419465334730921e-12
9.975297416830383641e-13
9.809949173804852198e-13
9.648059891323386638e-13
9.489542111632445441e-13
9.334310867711961370e-13
9.182283601964630277e-13
9.033380087922891520e-13
8.887522354847693215e-13
8.744634615099155679e-13
8.604643194164632363e-13
8.467476856675674279e-13
8.333067890587571136e-13
8.201350811241102850e-13
8.072261902954194237e-13
7.945739164049049530e-13
7.821722253824847613e-13
7.700152441398593159e-13
7.580972556340090409e-13
7.464126941030320291e-13
7.349561404675519705e-13
7.237223178912317263e-13
7.127060874942005094e-13
7.019024442134713219e-13
6.913065128046890463e-13
6.809135439797777884e-13
6.707189106752991151e-13
6.607181044465487118e-13
6.509067319826306288e-13
6.412805117379446770e-13
6.318352706757198414e-13
6.225669411194048957e-13
6.134715577079013867e-13
6.045452544507918684e-13
5.957842618798745983e-13
5.871849042934629248e-13
5.787435970900604687e-13
5.704568441881531582e-13
5.623212355289931665e-13
5.543334446593793540e-13
5.464902263915550347e-13
5.387884145374583964e-13
5.312249197146760081e-13
5.237967272215494163e-13
5.165008949789876153e-13
5.093345515366351202e-13
5.022948941411379578e-13
4.953791868643322889e-13
4.885847587892745847e-13
4.819090022521029603e-13
4.753493711378044909e-13
4.689033792280297792e-13
4.625685985991761118e-13
4.563426580690178984e-13
4.502232416902379086e-13
4.442080872892679529e-13
4.382949850489114697e-13
4.324817761332763200e-13
4.267663513536007186e-13
4.211466498736087942e-13
4.156206579530820070e-13
4.101864278858546330e-13
4.048421360086682699e-13
3.995860188910985046e-13
3.944163518485829329e-13
3.893314479675093915e-13
3.843296571581999270e-13
3.794093875864923714e-13
3.745689930218271745e-13
3.698069741995904610e-13
3.651218608864934172e-13
3.605121302439028201e-13
3.559762951461162305e-13
3.515129804241833348e-13
3.471208372447786504e-13
3.427984689518845639e-13
3.385445112048510124e-13
3.343577013092993148e-13
3.302368004921744688e-13
3.261805264439764693e-13
3.221876261365136536e-13
3.182569389526673370e-13
3.143873260310235902e-13
3.105776088210105862e-13
3.068266353396131494e-13
3.031333377300614253e-13
2.994966679458308833e-13
2.959155417097765560e-13
2.923888988813078940e-13
2.889157560026041513e-13
2.854951476758728670e-13
2.821260753864471666e-13
2.788075625752419388e-13
2.755387026684986027e-13
2.723186055757039610e-13
2.691463508969689609e-13
2.660210382284825311e-13
2.629418311168622768e-13
2.599079081694975048e-13
2.569184202195028431e-13
2.539725363330596744e-13
2.510694840811757072e-13
2.482085048106664104e-13
2.453888143865471462e-13
2.426096453184986351e-13
2.398702837003496237e-13
2.371700282394971693e-13
2.345081542376066152e-13
2.318839522080142276e-13
2.292967617957856031e-13
2.267459342070069774e-13
2.242308069312949429e-13
2.217507621877600691e-13
2.193052339760596632e-13
2.168936657043524079e-13
2.145154797991125539e-13
2.121701102931561478e-13
2.098570315451619928e-13
2.075757265696508582e-13
2.053256590648555996e-13
2.031063033824672776e-13
2.009171709807732023e-13
1.987577812890376185e-13
1.966276359352090871e-13
1.945262463359247029e-13
1.924531580861355352e-13
1.904079241278858271e-13
1.883900809815962384e-13
1.863991741706551790e-13
1.844347807301475662e-13
1.824964844732925434e-13
1.805838540495802480e-13
1.786964663967573560e-13
1.768339275332341219e-13
1.749958497361278841e-13
1.731818312669425079e-13
1.713914780245972017e-13
1.696244227699956309e-13
1.678803040480449445e-13
1.661587474371003055e-13
1.644593855596127930e-13
1.627818758729717399e-13
1.611258811842981974e-13
1.594910522937514774e-13
1.578770465041330791e-13
1.562835440992681455e-13
1.547102303150351246e-13
1.531567792590409249e-13
1.516228710469043906e-13
1.501082070779407242e-13
1.486124933389978750e-13
1.471354254941180621e-13
1.456767047630445589e-13
1.442360520936680345e-13
1.428131926869695912e-13
1.414078421602460716e-13
1.400197212724770618e-13
1.386485690837463762e-13
1.372941286000998723e-13
1.359561339228506758e-13
1.346343239156635818e-13
1.333284574678313898e-13
1.320383091342421451e-13
1.307636478489387809e-13
1.295042465587815659e-13
1.282598936035881127e-13
1.270303803423171119e-13
1.258154900514584997e-13
1.246150097338144303e-13
1.234287407090771387e-13
1.222564871084380405e-13
1.210980455407232068e-13
1.199532160776356113e-13
1.188218121167037738e-13
1.177036496754119144e-13
1.165985377650495062e-13
1.155062886173480460e-13
1.144267268763203304e-13
1.133596796290946071e-13
1.123049674326807848e-13
1.112624138412309180e-13
1.102318539783937261e-13
1.092131252475364693e-13
1.082060589613616527e-13
1.072104892238666950e-13
1.062262609304074767e-13
1.052532211049622730e-13
1.042912110868207496e-13
1.033400748166535641e-13
1.023996663074623066e-13
1.014698415610428921e-13
1.005504512698503820e-13
9.964134855236620142e-14
9.874239593447209040e-14
9.785345780134497305e-14
9.697439357612607149e-14
9.610506494594485779e-14
9.524534238994808547e-14
9.439509812655669571e-14
9.355419973376549420e-14
9.272251690370915413e-14
9.189992755057627909e-14
9.108631121651200868e-14
9.028154310128237028e-14
8.948550038011360686e-14
8.869806792199036315e-14
8.791913212053572262e-14
8.714857530341749755e-14
8.638628164532585134e-14
8.563214252467021698e-14
8.488605074853885088e-14
8.414789661879750139e-14
8.341757733005691651e-14
8.269499798848651364e-14
8.198006488805695422e-14
8.127268060278319653e-14
8.057274917812772832e-14
7.988018084240696777e-14
7.919488693973033133e-14
7.851677532646846644e-14
7.784575523844871282e-14
7.718174615868267192e-14
7.652465083163823907e-14
7.587439110255563570e-14
7.523088955653809583e-14
7.459405282030857712e-14
7.396380573995487154e-14
7.334006578231260308e-14
7.272275162866360961e-14
7.211179099487378707e-14
7.150709683971047076e-14
7.090859896432293007e-14
7.031622782983675266e-14
6.972989981668240973e-14
6.914954738327781503e-14
6.857509647711459512e-14
6.800647411722318683e-14
6.744361530505095966e-14
6.688644200425402029e-14
6.633489106098840447e-14
6.578889991110523258e-14
6.524839354051813188e-14
6.471331115312495709e-14
6.418358619603908722e-14
6.365915306383324679e-14
6.313995321833896364e-14
6.262591657900551188e-14
6.211698624287609015e-14
6.161310583473125302e-14
6.111420794906572907e-14
6.062023777892143420e-14
6.013113541707349561e-14
5.964684179576006590e-14
5.916730411662141728e-14
5.869245934261621864e-14
5.822225612772874902e-14
5.775664359895319720e-14
5.729556109172861069e-14
5.683895912679039349e-14
5.638678369745740830e-14
5.593898154229175115e-14
5.549550528258943753e-14
5.505629967118917285e-14
5.462132013333744866e-14
5.419052248664324498e-14
5.376385380878772417e-14
5.334127109548140286e-14
5.292272728534487786e-14
5.250817594970746232e-14
5.209757559191001172e-14
5.169087658419435622e-14
5.128803852412804732e-14
5.088902136272300673e-14
5.049377726442225282e-14
5.010226723206962986e-14
4.971444865426941236e-14
4.933027948385482548e-14
4.894972207352515135e-14
4.857273152388009958e-14
4.819927116572406718e-14
4.782930464868729161e-14
4.746278867302124114e-14
4.709968782908762591e-14
4.673996348187271643e-14
4.638357750041608616e-14
4.603049568565712943e-14
4.568067735927722540e-14
4.533408919800705017e-14
4.499069816655679718e-14
4.465046501688566478e-14
4.431335755648259302e-14
4.397934070959236038e-14
4.364837985152649822e-14
4.332044387716196326e-14
4.299549588294706736e-14
4.267350554922295731e-14
4.235444281677998564e-14
4.203827206305669900e-14
4.172496398509129917e-14
4.141448669827440186e-14
4.110680872231456968e-14
4.080190173247274161e-14
4.049973220650049340e-14
4.020027252522536720e-14
3.990349530531392889e-14
3.960936817366880244e-14
3.931786442661870024e-14
3.902895504521362980e-14
3.874261137349757811e-14
3.845880758910834370e-14
3.817751320355964413e-14
3.789870328328591619e-14
3.762235411656546420e-14
3.734843774141630857e-14
3.707693126601562463e-14
3.680780969552545758e-14
3.654104833842021958e-14
3.627662502874183121e-14
3.601451338276134857e-14
3.575469176194798164e-14
3.549713870008375279e-14
3.524182867729177940e-14
3.498874073625501273e-14
3.473785202820163918e-14
3.448914200960271842e-14
3.424258227903932199e-14
3.399816085066246811e-14
3.375584985207473620e-14
3.351562969287425091e-14
3.327748474596389539e-14
3.304138430429061812e-14
3.280731324345440182e-14
3.257525639523911142e-14
3.234518408387809543e-14
3.211708162611061572e-14
3.189093077235113836e-14
3.166670645526493068e-14
3.144439785484913264e-14
3.122398036484136058e-14
3.100543656843400206e-14
3.078874918570260149e-14
3.057389453885802472e-14
3.036086231986301475e-14
3.014962928312185089e-14
2.994017892993347132e-14
2.973249799717649152e-14
2.952656092396880550e-14
2.932235485844430674e-14
2.911986691989657576e-14
2.891907238449896637e-14
2.871995876864598258e-14
2.852251068040806549e-14
2.832670715591022051e-14
2.813253887878373385e-14
2.793998526320850074e-14
2.774903160222987874e-14
2.755966330329841246e-14
2.737186053636362311e-14
2.718561441968859202e-14
2.700090547822619537e-14
2.681771976311299334e-14
2.663604604707017782e-14
2.645586328228708302e-14
2.627716090275242981e-14
2.609992831857343418e-14
2.592414521481698179e-14
2.574980131743226584e-14
2.557688396250830243e-14
2.540537590304480293e-14
2.523526945889516366e-14
2.506654768420188404e-14
2.489919846038121138e-14
2.473320975978738805e-14
2.456856523998006317e-14
2.440525756539423298e-14
2.424327067690225749e-14
2.408259306028731908e-14
2.392321538715334562e-14
2.376512001549044578e-14
2.360829788723224546e-14
2.345273992899545601e-14
2.329842904585455447e-14
2.314535642594688880e-14
2.299351128812091651e-14
2.284287906708989952e-14
2.269345309924769079e-14
2.254521906895666846e-14
2.239816664850843902e-14
2.225228558696202106e-14
2.210756206535262346e-14
2.196398971519452109e-14
2.182155495276104281e-14
2.168024795468984118e-14
2.154006070952565071e-14
2.140097832134332877e-14
2.126299300340577114e-14
2.112609695975984829e-14
2.099027574591014742e-14
2.085552178346448836e-14
2.072182586336295986e-14
2.058917563706224157e-14
2.045756531365566672e-14
2.032698275252045389e-14
2.019741912332700755e-14
2.006886566077406724e-14
1.994131063506753250e-14
1.981474850858665614e-14
1.968916774774712924e-14
1.956455994489402379e-14
1.944091820128860340e-14
1.931822989050355039e-14
1.919648834512349456e-14
1.907568706639430404e-14
1.895581405994529242e-14
1.883686304590433517e-14
1.871882638442209979e-14
1.860169381568284396e-14
1.848546054372099568e-14
1.837011647609311534e-14
1.825565427750597124e-14
1.814206666475300606e-14
1.802934387727607721e-14
1.791748132104587807e-14
1.780646939370530030e-14
1.769630110011953435e-14
1.758697070432079644e-14
1.747846768079648113e-14
1.737078644506101903e-14
1.726392140785335450e-14
1.715786234677637146e-14
1.705260381946658049e-14
1.694813924714424647e-14
1.684445985783994029e-14
1.674156145486602653e-14
1.663943540696597597e-14
1.653807539211213954e-14
1.643747513278095154e-14
1.633762627487126921e-14
1.623852479637100570e-14
1.614016247635926522e-14
1.604253328048458639e-14
1.594563223217351682e-14
1.584945033510470585e-14
1.575398274035427266e-14
1.565922459681125741e-14
1.556516716182539196e-14
1.547180570815212886e-14
1.537913455485341886e-14
1.528714617728416945e-14
1.519583689817477406e-14
1.510519931164606194e-14
1.501522795403277805e-14
1.492591739980515988e-14
1.483726047551361939e-14
1.474925365525428432e-14
1.466188987812808486e-14
1.457516392463996551e-14
1.448907061157228978e-14
1.440360479188917033e-14
1.431875967845307062e-14
1.423453190754395675e-14
1.415091318094319803e-14
1.406790196594980127e-14
1.398549022115444267e-14
1.390367484434346547e-14
1.382245112449430486e-14
1.374181126761200021e-14
1.366175226579162780e-14
1.358227107729729186e-14
1.350336009882048272e-14
1.342501487226053685e-14
1.334723244816931663e-14
1.327000545490503345e-14
1.319333246638268907e-14
1.311720623097935336e-14
1.304162390239194300e-14
1.296657979543326154e-14
1.289206970186084450e-14
1.281808944165982103e-14
1.274463486297312178e-14
1.267170049380876038e-14
1.259928361399853007e-14
1.252737883422927093e-14
1.245598215416124494e-14
1.238508960029200823e-14
1.231469594455124331e-14
1.224479857406545065e-14
1.217539233931381052e-14
1.210647341083283897e-14
1.203803798474824040e-14
1.197008228270625935e-14
1.190260134579280002e-14
1.183559267659932143e-14
1.176905020841389947e-14
1.170297267501231613e-14
1.163735410610982524e-14
1.157219208987147367e-14
1.150748305663107644e-14
1.144322121198538657e-14
1.137940421453499204e-14
1.131602970131514418e-14
1.125309201475592529e-14
1.119058776848836963e-14
1.112851466843443750e-14
1.106686722219072157e-14
1.100564423978618115e-14
1.094484031515278867e-14
1.088445323219658300e-14
1.082447871872480927e-14
1.076491357284065516e-14
1.070575461379754645e-14
1.064699870068980353e-14
1.058864180877708307e-14
1.053068192976855986e-14
1.047311511569246542e-14
1.041593842658194506e-14
1.035914894136730866e-14
1.030274282490656429e-14
1.024671814469377418e-14
1.019107112073040942e-14
1.013579893314008819e-14
1.008089878010366619e-14
1.002636787781185451e-14
9.972202580031120700e-15
9.918401036053997267e-15
9.864958788263264625e-15
9.811874884327510804e-15
9.759144934431438910e-15
9.706767148481550313e-15
9.654738889873249554e-15
9.603055892453670042e-15
9.551716416025831944e-15
9.500718705460341088e-15
9.450058591052445196e-15
9.399733565573272662e-15
9.349741922735146417e-15
9.300079609280832113e-15
9.250745728326180605e-15
9.201736287614488751e-15
9.153049636322247597e-15
9.104682612560393011e-15
9.056632839945750120e-15
9.008897957146725297e-15
8.961475617840228043e-15
8.914362769307074300e-15
8.867557829891039837e-15
8.821057789801793381e-15
8.774860381793600592e-15
8.728963352979276717e-15
8.683363776286021623e-15
8.638060128644606571e-15
8.593049523941060297e-15
8.548329784776805067e-15
8.503898747494462811e-15
8.459754262136361035e-15
8.415893541101307927e-15
8.372315124951346633e-15
8.329015625552247401e-15
8.285994249351050275e-15
8.243247658130213894e-15
8.200774439073942108e-15
8.158572568174859749e-15
8.116638873328166585e-15
8.074972069732257420e-15
8.033570861855347941e-15
7.992432161152536820e-15
7.951554111800336437e-15
7.910935452711209174e-15
7.870573177969227320e-15
7.830466627146366111e-15
7.790612837613772356e-15
7.751010587407376680e-15
7.711657529551189435e-15
7.672551900823378360e-15
7.633691948652864642e-15
7.595075931090980721e-15
7.556701578765204325e-15
7.518567718511812158e-15
7.480672111469331282e-15
7.443013071858355592e-15
7.405588924081680608e-15
7.368397488226130332e-15
7.331437632577182054e-15
7.294707206390569562e-15
7.258204587795511090e-15
7.221928164684423024e-15
7.185876334685502255e-15
7.150047017386075507e-15
7.114439126144724592e-15
7.079050129104102208e-15
7.043879437657548233e-15
7.008924555668458125e-15
6.974184429641659982e-15
6.939657536168884481e-15
6.905341443994709627e-15
6.871235126770267864e-15
6.837337550996327019e-15
6.803646336444632984e-15
6.770160028653359552e-15
6.736877620715396224e-15
6.703796793793784715e-15
6.670916993369049490e-15
6.638235933011681126e-15
6.605752636323666024e-15
6.573465280095517608e-15
6.541372480714068588e-15
6.509472862812012951e-15
6.477765059243205153e-15
6.446247305130060157e-15
6.414918662594837215e-15
6.383777389912488747e-15
6.352822174446612653e-15
6.322051758116826443e-15
6.291464512967599132e-15
6.261059602485872775e-15
6.230835419507568695e-15
6.200790755966811546e-15
6.170924410699655422e-15
6.141235189426788082e-15
6.111721535360234478e-15
6.082382643577072775e-15
6.053216613972532333e-15
6.024223018103232220e-15
5.995399981522135871e-15
5.966746722696104089e-15
5.938262103532363724e-15
5.909944296365665705e-15
5.881792884055415530e-15
5.853806063492466572e-15
5.825982739786719184e-15
5.798322497245108650e-15
5.770823568964009003e-15
5.743484878640760225e-15
5.716304699791542874e-15
5.689283286373142789e-15
5.662418273154125961e-15
5.635709264304264478e-15
5.609155213746615876e-15
5.582754452013959756e-15
5.556505960732268789e-15
5.530409346237902609e-15
5.504462972259490675e-15
5.478665837603521329e-15
5.453016946723938131e-15
5.427515309706850949e-15
5.402159942254847092e-15
5.376949276695548509e-15
5.351882938579870479e-15
5.326959960226191757e-15
5.302178804927366346e-15
5.277538530218480976e-15
5.253038764088879938e-15
5.228677439543102869e-15
5.204454755699667879e-15
5.180369225951804410e-15
5.156419934088421024e-15
5.132605426569697940e-15
5.108925348864744769e-15
5.085378800134138729e-15
5.061964355282727673e-15
5.038681661699425457e-15
5.015529321699943774e-15
4.992506511062819855e-15
4.969612418716915633e-15
4.946846746244527576e-15
4.924207670503471564e-15
4.901694905856654117e-15
4.879307658518981913e-15
4.857044646859706931e-15
4.834905585721248735e-15
4.812889694066254586e-15
4.790995714728976514e-15
4.769222886725238891e-15
4.747570925838683569e-15
4.726038129890275085e-15
4.704624226510398393e-15
4.683328932296448754e-15
4.662150579636265043e-15
4.641088896814704351e-15
4.620143150873117951e-15
4.599312165809181755e-15
4.578595227215012521e-15
4.557992064385206933e-15
4.537501523494221312e-15
4.517122901458445840e-15
4.496855928520336174e-15
4.476699046449010994e-15
4.456651996330211954e-15
4.436714089928363067e-15
4.416884642696646901e-15
4.397162560810510578e-15
4.377547586508584411e-15
4.358038639659793834e-15
4.338635059836634730e-15
4.319336590247128345e-15
4.300142170974209396e-15
4.281051152057171951e-15
4.262062496111736962e-15
4.243176344834237764e-15
4.224391279825213435e-15
4.205707055631154985e-15
4.187123039339582543e-15
4.168638225530046050e-15
4.150251996818366568e-15
4.131964109149977371e-15
4.113773575753665812e-15
4.095679788973405174e-15
4.077682144353980541e-15
4.059780040632697078e-15
4.041972879730884795e-15
4.024259713449439155e-15
4.006640314424672602e-15
3.989114122125854610e-15
3.971680239325074903e-15
3.954338124793615667e-15
3.937087579946855118e-15
3.919927386456044212e-15
3.902857688507680370e-15
3.885877615757652367e-15
3.868986640483806417e-15
3.852183910472677070e-15
3.835469235481620213e-15
3.818842095718263340e-15
3.802301654290642839e-15
3.785847721313837772e-15
3.769479469954401439e-15
3.753196398089782178e-15
3.736998006102154002e-15
3.720884104694130897e-15
3.704853581274367310e-15
3.688906253873912207e-15
3.673041632840458488e-15
3.657258932362490881e-15
3.641557970867931908e-15
3.625938266061230342e-15
3.610399046155589550e-15
3.594939840341149235e-15
3.579560467731539004e-15
3.564259884853757100e-15
3.549037917650127488e-15
3.533894385803483941e-15
3.518828265671382502e-15
3.503839383679196251e-15
3.488927285258391953e-15
3.474091245253182726e-15
3.459330819776744473e-15
3.444645835968568975e-15
3.430035581471208653e-15
3.415499618987328264e-15
3.401037776291798532e-15
3.386649092670089538e-15
3.372333402184748200e-15
3.358090276187199822e-15
3.343919288178141360e-15
3.329819760473221666e-15
3.315791527918657857e-15
3.301833920773603484e-15
3.287946526543852803e-15
3.274129180717850373e-15
3.260381225293107300e-15
3.246702253897640712e-15
3.233091625307489645e-15
3.219549438585903843e-15
3.206074835999523417e-15
3.192667681589703319e-15
3.179327600632069250e-15
3.166053988298200145e-15
3.152846478549076721e-15
3.139704935608472888e-15
3.126628764998031309e-15
3.113617605863184159e-15
3.100671099057264037e-15
3.087788887138257806e-15
3.074970614365444072e-15
3.062215707927482416e-15
3.049524037410757707e-15
3.036895252118585527e-15
3.024328788984512965e-15
3.011824305317629433e-15
2.999381671010882191e-15
2.987000123099876456e-15
2.974679744161425177e-15
2.962419986961005390e-15
2.950220516835276169e-15
2.938080797208087211e-15
2.926000703009823930e-15
2.913979904296625672e-15
2.902017873545608070e-15
2.890114485972669362e-15
2.878269220004153225e-15
2.866481756159081283e-15
2.854751776452688707e-15
2.843079156540826980e-15
2.831463195758949942e-15
2.819903774119587487e-15
2.808400579592224322e-15
2.796953114888151802e-15
2.785561260323885794e-15
2.774224708268675813e-15
2.762942969767888470e-15
2.751715744010002096e-15
2.740542911802063227e-15
2.729423813425665745e-15
2.718358333766093121e-15
2.707346354027798324e-15
2.696387226281201348e-15
2.685480835760593507e-15
2.674626891403639146e-15
2.663824932016450219e-15
2.653074672907718306e-15
2.642375999814807098e-15
2.631728461676161151e-15
2.621131790144068610e-15
2.610585886135830367e-15
2.600090153850082965e-15
2.589644497744502694e-15
2.579248656710364530e-15
2.568902370820322611e-15
2.558605221443408035e-15
2.548357113117812969e-15
2.538157631755911134e-15
2.528006525395368869e-15
2.517903698673554721e-15
2.507848744224374747e-15
2.497841413461076458e-15
2.487881306640618747e-15
2.477968482991790669e-15
2.468102393759651885e-15
2.458282947040741395e-15
2.448509899767224148e-15
2.438782862893992277e-15
2.429101598597326894e-15
2.419466015163930597e-15
2.409875729813492381e-15
2.400330507892257934e-15
2.390830115791526682e-15
2.381374320945732889e-15
2.371962891830483754e-15
2.362595597960527704e-15
2.353271933425318187e-15
2.343991950056901421e-15
2.334755420431223847e-15
2.325562118155249049e-15
2.316411548881722044e-15
2.307303760924030205e-15
2.298238530926190857e-15
2.289215109509697945e-15
2.280234071304512886e-15
2.271294670692977842e-15
2.262396693647735470e-15
2.253539927073212785e-15
2.244724413499323387e-15
2.235949430573663673e-15
2.227215275677996358e-15
2.218521734330336461e-15
2.209868097305696954e-15
2.201254408361281905e-15
2.192680460916394352e-15
2.184146049308226300e-15
2.175650968789965454e-15
2.167195015528870793e-15
2.158777749955966925e-15
2.150399218104667148e-15
2.142059226976364074e-15
2.133757584416923546e-15
2.125493867422227234e-15
2.117268120318115784e-15
2.109079924837634243e-15
2.100929323810646765e-15
2.092815903655300505e-15
2.084739705746377278e-15
2.076700098580342627e-15
2.068697347638437155e-15
2.060731268120916786e-15
2.052801239779054577e-15
2.044907521544543094e-15
2.037049500532829718e-15
2.029227431390526804e-15
2.021440708505565569e-15
2.013689582320412921e-15
2.005973664001283422e-15
1.998292571076527619e-15
1.990646340997514202e-15
1.983034800971558057e-15
1.975457574843818951e-15
1.967914900883078870e-15
1.960406201642186471e-15
1.952931311290965078e-15
1.945490263466943037e-15
1.938082692306737793e-15
1.930708630235996042e-15
1.923367715424232385e-15
1.916059979118573586e-15
1.908784871132310963e-15
1.901542616431018979e-15
1.894333050926586949e-15
1.887155634072145037e-15
1.880010585353481322e-15
1.872897370533354975e-15
1.865816020586514870e-15
1.858766562282518006e-15
1.851748470704080095e-15
1.844761956496360734e-15
1.837806500860261907e-15
1.830881953047861065e-15
1.823988518570107325e-15
1.817125687639594058e-15
1.810293486915763934e-15
1.803491590342900239e-15
1.796720023556118432e-15
1.789978464037156442e-15
1.783266937160378857e-15
1.776585297495337044e-15
1.769933063316335934e-15
1.763310433174752148e-15
1.756717097527936332e-15
1.750152917324692740e-15
1.743617918601684191e-15
1.737111796808328939e-15
1.730634252204564397e-15
1.724185473896317472e-15
1.717765001886814097e-15
1.711373022240740950e-15
1.705009080225367935e-15
1.698673358919812207e-15
1.692365408792015683e-15
1.686085099443379987e-15
1.679832609555091371e-15
1.673607497257720749e-15
1.667409786059762100e-15
1.661239193399197005e-15
1.655095741897361339e-15
1.648979151996577941e-15
1.642889445455037709e-15
1.636826345687967649e-15
1.630789727008266976e-15
1.624779464236678905e-15
1.618795577454868285e-15
1.612837795911007730e-15
1.606905995963982746e-15
1.601000054476999195e-15
1.595119848816700557e-15
1.589265256852261334e-15
1.583436296308899930e-15
1.577632566471409088e-15
1.571853949344190713e-15
1.566100600872672089e-15
1.560372127067303446e-15
1.554668546379175917e-15
1.548989740150071517e-15
1.543335590216527284e-15
1.537705713902378617e-15
1.532100394028470577e-15
1.526519249703077232e-15
1.520962167167253906e-15
1.515429162336845428e-15
1.509919991529262964e-15
1.504434542365188250e-15
1.498972702917871933e-15
1.493534487739780203e-15
1.488119658211067459e-15
1.482728104195266899e-15
1.477359717683041822e-15
1.472014391518291031e-15
1.466692018974970712e-15
1.461392493756322535e-15
1.456115709994082623e-15
1.450861442343068951e-15
1.445629707177396356e-15
1.440420399893939201e-15
1.435233416314900404e-15
1.430068535718097766e-15
1.424925773185142100e-15
1.419805025793953988e-15
1.414705961404509456e-15
1.409628824516640869e-15
1.404573284513386283e-15
1.399539242230340124e-15
1.394526598892544822e-15
1.389535367449971565e-15
1.384565226550013077e-15
1.379616300581403304e-15
1.374688490301273410e-15
1.369781479611924289e-15
1.364895282051026337e-15
1.360029801564948348e-15
1.355184942483959067e-15
1.350360609521482305e-15
1.345556707773345548e-15
1.340773037998405611e-15
1.336009612047774699e-15
1.331266336146773709e-15
1.326543116900105485e-15
1.321839759094881549e-15
1.317156273528054152e-15
1.312492466964281901e-15
1.307848349688497606e-15
1.303223730423184455e-15
1.298618618955221809e-15
1.294032727405995733e-15
1.289466164807436615e-15
1.284918841080250735e-15
1.280390472984034993e-15
1.275881167045768688e-15
1.271390643065531641e-15
1.266919005928916914e-15
1.262465978442223469e-15
1.258031663878382921e-15
1.253615881342301654e-15
1.249218452543565727e-15
1.244839386178443454e-15
1.240478597664442049e-15
1.236135912727129968e-15
1.231811431564842405e-15
1.227504890259412210e-15
1.223216208514095167e-15
1.218945395288512325e-15
1.214692280883288351e-15
1.210456873819983718e-15
1.206239006089164115e-15
1.202038685786149733e-15
1.197855660240785095e-15
1.193690024493733991e-15
1.189541699166868307e-15
1.185410435592861105e-15
1.181296326657102278e-15
1.177199126316950268e-15
1.173118842738413715e-15
1.169055482394714417e-15
1.165008803125775145e-15
1.160978894330982829e-15
1.156965516402743155e-15
1.152968595638037143e-15
1.148988219406577693e-15
1.145024151867026547e-15
1.141076399617240205e-15
1.137144809687115378e-15
1.133229388301686194e-15
1.129329983992608013e-15
1.125446602622270873e-15
1.121579171357533304e-15
1.117727464264136726e-15
1.113891564277696232e-15
1.110071323616463272e-15
1.106266671917608188e-15
1.102477614005471771e-15
1.098704004265846356e-15
1.094945699109643618e-15
1.091202777782190095e-15
1.087475023612964587e-15
1.083762514656148177e-15
1.080065036492042960e-15
1.076382666004001480e-15
1.072715190998540413e-15
1.069062545046624042e-15
1.065424803304474620e-15
1.061801756864332625e-15
1.058193409909363157e-15
1.054599626358164551e-15
1.051020410089676123e-15
1.047455626340291701e-15
1.043905278907408022e-15
1.040369235401021506e-15
1.036847432927970397e-15
1.033339808831361121e-15
1.029846367378690177e-15
1.026366978927923537e-15
1.022901581535870203e-15
1.019450113493819796e-15
1.016012513327093698e-15
1.012588719794592834e-15
1.009178736310124210e-15
1.005782372885460427e-15
1.002399570085392178e-15
9.990303953340913820e-16
9.956746615401154450e-16
9.923323725324650393e-16
9.890034686848890619e-16
9.856878906009146311e-16
9.823854560476246415e-16
9.790962917374357251e-16
9.758202162339621707e-16
9.725571720869162281e-16
9.693071622031160294e-16
9.660700687328591620e-16
9.628458348731079931e-16
9.596344040335526716e-16
9.564357786247998736e-16
9.532498430256579446e-16
9.500765412879196362e-16
9.469158176744017395e-16
9.437676166585190996e-16
9.406318829238570536e-16
9.375085613637332181e-16
9.343975970807569102e-16
9.312988792053523772e-16
9.282124100718258937e-16
9.251381354019455574e-16
9.220760011250108241e-16
9.190258984512562209e-16
9.159878292673303637e-16
9.129617401164544382e-16
9.099474697363394011e-16
9.069450743042218956e-16
9.039545009674688793e-16
9.009756970777753001e-16
8.980085045805627012e-16
8.950529780264992534e-16
8.921089609340479985e-16
8.891765070551420304e-16
8.862555647336142332e-16
8.833459800079644191e-16
8.804477042686393218e-16
8.775607908154379850e-16
8.746851898727171924e-16
8.718207514340772384e-16
8.689674277842249742e-16
8.661252706889824356e-16
8.632941323614413324e-16
8.604740638192238417e-16
8.576649187392998109e-16
8.548666502784744440e-16
8.520792117629008707e-16
8.493026527401934838e-16
8.465367342382782194e-16
8.437816966630158842e-16
8.410372074612216343e-16
8.383033163322106745e-16
8.355800710505731512e-16
8.328672387559897882e-16
8.301649604773930395e-16
8.274730976412259697e-16
8.247916052690094026e-16
8.221203476622278371e-16
8.194594624443168783e-16
8.168088137448473288e-16
8.141683572462238160e-16
8.115379598881800925e-16
8.089177559826065713e-16
8.063075243709789127e-16
8.037073977437363984e-16
8.011171572051098983e-16
7.985368473452673302e-16
7.959663389519513136e-16
7.934057615308603001e-16
7.908549006279654539e-16
7.883137995647085154e-16
7.857824157944758986e-16
7.832606232209662282e-16
7.807484642387347273e-16
7.782458139706555763e-16
7.757527142030484759e-16
7.732691231711206549e-16
7.707949178074861971e-16
7.683301390085540702e-16
7.658746648954043477e-16
7.634285357804098678e-16
7.609916309610783804e-16
7.585639901751501120e-16
7.561454938846386311e-16
7.537361028362595619e-16
7.513358561006537939e-16
7.489446367658163762e-16
7.465624070862064702e-16
7.441892061971606315e-16
7.418249190443619620e-16
7.394695082875574639e-16
7.371230122348170948e-16
7.347852423716586644e-16
7.324563123850585754e-16
7.301361099526854818e-16
7.278245983995017259e-16
7.255217411812755086e-16
7.232275018843270733e-16
7.209419169525135576e-16
7.186648043890845686e-16
7.163962012889759992e-16
7.141361433255526092e-16
7.118844512171544255e-16
7.096411612796518201e-16
7.074062380059054504e-16
7.051796460172102206e-16
7.029613500630182929e-16
7.007513150206594363e-16
6.985495058950605864e-16
6.963558192438840230e-16
6.941702896292657892e-16
6.919928824307071512e-16
6.898234956656266296e-16
6.876622303011022996e-16
6.855089174715515735e-16
6.833635241211508533e-16
6.812261494476894214e-16
6.790966270826040774e-16
6.769749243202259701e-16
6.748610735957281810e-16
6.727550413981015507e-16
6.706567299958612735e-16
6.685661071429148596e-16
6.664832043726758676e-16
6.644079886561178115e-16
6.623403640871100090e-16
6.602802988754783831e-16
6.582278236809486839e-16
6.561828439400057534e-16
6.541453281990474570e-16
6.521153064775072791e-16
6.500926855348115920e-16
6.480774342518605285e-16
6.460695216187116661e-16
6.440689768224335814e-16
6.420757085325986674e-16
6.400896869598446243e-16
6.381108825956690749e-16
6.361392660335507206e-16
6.341748665043487928e-16
6.322175374286633042e-16
6.302673664744185670e-16
6.283242084851550908e-16
6.263880927918585732e-16
6.244590476236121060e-16
6.225369299304077907e-16
6.206218248772601278e-16
6.187135908000390585e-16
6.168122560327018999e-16
6.149177922775182927e-16
6.130301713363291832e-16
6.111493651103371830e-16
6.092752908951603778e-16
6.074079760605550663e-16
6.055473927996034798e-16
6.036935134039220001e-16
6.018462566804677796e-16
6.000056492530363412e-16
5.981716637027222952e-16
5.963442199498002175e-16
5.945233440723144990e-16
5.927090089390136388e-16
5.909011355675082018e-16
5.890996978214129970e-16
5.873047210673688752e-16
5.855161785516970276e-16
5.837339927276512473e-16
5.819581378165010867e-16
5.801886384950603852e-16
5.784254683839793288e-16
5.766685014905206672e-16
5.749178123544735843e-16
5.731733748728572043e-16
5.714350648501944007e-16
5.697029555624312294e-16
5.679769725875657934e-16
5.662570909346971145e-16
5.645433337974079670e-16
5.628356277657643688e-16
5.611339481082733759e-16
5.594382701781583099e-16
5.577485694131907308e-16
5.560648213355230997e-16
5.543870015515174974e-16
5.527151321643236363e-16
5.510490960503535198e-16
5.493889165311081550e-16
5.477346162304463914e-16
5.460860804880155665e-16
5.444433323163347606e-16
5.428063488625308164e-16
5.411751073512550928e-16
5.395495850845297364e-16
5.379297151011856091e-16
5.363155637621460084e-16
5.347070201411029678e-16
5.331041061846311152e-16
5.315067995755050889e-16
5.299150348391810872e-16
5.283288334801478038e-16
5.267481734063486852e-16
5.251729900171555220e-16
5.236033043848085634e-16
5.220390946410763383e-16
5.204802970470570466e-16
5.189269322523432260e-16
5.173789370846517486e-16
5.158363319158588397e-16
5.142990541350405109e-16
5.127671238404818262e-16
5.112404789774065239e-16
5.097190988769547304e-16
5.082030032329107545e-16
5.066921308133692030e-16
5.051865010485681837e-16
5.036860532499552980e-16
5.021907670911183466e-16
5.007006616126095887e-16
4.992156378253453189e-16
4.977357540097124884e-16
4.962609508087209009e-16
4.947912467556367385e-16
4.933265446870658823e-16
4.918669016029334198e-16
4.904122212374599809e-16
4.889625599607315830e-16
4.875178599728264757e-16
4.860781016813180310e-16
4.846432283533726021e-16
4.832132951228798920e-16
4.817882452021720395e-16
4.803680592595117577e-16
4.789526815528462978e-16
4.775421660104501290e-16
4.761364207225753253e-16
4.747354632239810673e-16
4.733393109405088061e-16
4.719478384522332118e-16
4.705611349615426276e-16
4.691791114541421407e-16
4.678017855515726324e-16
4.664291393505904992e-16
4.650611550072338513e-16
4.636977801899418563e-16
4.623390320589404836e-16
4.609848587361606791e-16
4.596352771547760998e-16
4.582902697599093441e-16
4.569497853474271609e-16
4.556138069746555427e-16
4.542823511304741905e-16
4.529554004882064979e-16
4.516329047263313073e-16
4.503148471187729387e-16
4.490012437228595087e-16
4.476920448672890523e-16
4.463872663982683212e-16
4.450868590739614824e-16
4.437908064355687422e-16
4.424990920764354918e-16
4.412117314270524923e-16
4.399286760903960575e-16
4.386499098182277168e-16
4.373754164140867231e-16
4.361052109046452005e-16
4.348392147024867549e-16
4.335774739591099650e-16
4.323199415152458047e-16
4.310666014343724150e-16
4.298174378311781739e-16
4.285724348714673288e-16
4.273315767720638045e-16
4.260948478007161953e-16
4.248622322759994529e-16
4.236337145672185959e-16
4.224092790943088699e-16
4.211888809198540207e-16
4.199725635224174060e-16
4.187602527978473805e-16
4.175519627732244322e-16
4.163476781178901691e-16
4.151473835512271470e-16
4.139510352748031599e-16
4.127586469503677441e-16
4.115702034446076989e-16
4.103856897785593342e-16
4.092050634181213347e-16
4.080283382942775194e-16
4.068554723363947302e-16
4.056864792942585422e-16
4.045213449411717515e-16
4.033600277393845806e-16
4.022025139468025030e-16
4.010488169584409683e-16
3.998989227263150199e-16
3.987527904108811721e-16
3.976104064398075680e-16
3.964717838632513226e-16
3.953368823562724026e-16
3.942057148002230785e-16
3.930782412101417088e-16
3.919544482232832204e-16
3.908343225178143954e-16
3.897178766425746947e-16
3.886050455747742343e-16
3.874958932375253238e-16
3.863903293532688967e-16
3.852883665125601185e-16
3.841900168611294921e-16
3.830952168007383860e-16
3.820040036609928871e-16
3.809163392674998078e-16
3.798322107076383050e-16
3.787515804798632533e-16
3.776744851265647082e-16
3.766008871090290810e-16
3.755307736748037265e-16
3.744641079451488590e-16
3.734009256937791989e-16
3.723411660683413955e-16
3.712848644650137152e-16
3.702319605651783060e-16
3.691824657909781739e-16
3.681363441760123708e-16
3.670936303729484907e-16
3.660542651138816103e-16
3.650182595278537624e-16
3.639856012933617387e-16
3.629562551860553283e-16
3.619302321200557490e-16
3.609074971623456301e-16
3.598880610856974021e-16
3.588719117597412121e-16
3.578590146846014203e-16
3.568493804255301437e-16
3.558429748460941610e-16
3.548398087659475117e-16
3.538398487200629993e-16
3.528431054673547401e-16
3.518495458183722618e-16
3.508591587108299493e-16
3.498719546975196641e-16
3.488879009971465309e-16
3.479069866466213830e-16
3.469292219968457703e-16
3.459545746694581551e-16
3.449830338000891008e-16
3.440146095418895901e-16
3.430492490268013917e-16
3.420869833608837621e-16
3.411277808249008427e-16
3.401716307169285407e-16
3.392185223670735727e-16
3.382684451374225340e-16
3.373214087333408545e-16
3.363773618637100562e-16
3.354363143923830989e-16
3.344982758387164481e-16
3.335631955712844959e-16
3.326310832661631541e-16
3.317019285078134345e-16
3.307757209122476297e-16
3.298524501269738958e-16
3.289321058309395525e-16
3.280146777344753211e-16
3.271001169791041582e-16
3.261884907163091281e-16
3.252797117264439673e-16
3.243738465101808524e-16
3.234708086197020306e-16
3.225706261941994005e-16
3.216732891594097461e-16
3.207787501010759947e-16
3.198870739206522500e-16
3.189981760649521542e-16
3.181120839514113999e-16
3.172287876572467513e-16
3.163482407709999844e-16
3.154705066375090700e-16
3.145955025531491538e-16
3.137232192155173318e-16
3.128537190543975272e-16
3.119869204537518358e-16
3.111228497176724452e-16
3.102614617991195384e-16
3.094028179861632358e-16
3.085468033232477843e-16
3.076935141432319114e-16
3.068428712840633572e-16
3.059949005701971166e-16
3.051495584112329229e-16
3.043068703660552049e-16
3.034667932117348269e-16
3.026293522446117223e-16
3.017945383857100889e-16
3.009623089582642014e-16
3.001326888715519943e-16
2.993056358080274871e-16
2.984811744218169287e-16
2.976592627513558583e-16
2.968399251985157338e-16
2.960231201545060567e-16
2.952088717718039524e-16
2.943971387912147616e-16
2.935879451186466318e-16
2.927812498413517085e-16
2.919770446391450482e-16
2.911753530522083320e-16
2.903761346805466377e-16
2.895794128246935918e-16
2.887851474233770438e-16
2.879933302755603690e-16
2.872039843263006928e-16
2.864170700156553024e-16
2.856325792132181848e-16
2.848505345145733931e-16
2.840708968543925722e-16
2.832936581725730915e-16
2.825188104316899022e-16
2.817463757698267317e-16
2.809763157701821631e-16
2.802086224651986350e-16
2.794433176570775448e-16
2.786803634083390742e-16
2.779197518209449168e-16
2.771614750192927096e-16
2.764055251501845283e-16
2.756519234671927256e-16
2.749006038624228650e-16
2.741516165891726519e-16
2.734049248010561488e-16
2.726605207583117560e-16
2.719183967433699117e-16
2.711785733711652892e-16
2.704409862209207455e-16
2.697056561171187388e-16
2.689726035516557509e-16
2.682417651549716499e-16
2.675131893069552248e-16
2.667868407384463030e-16
2.660626846971995262e-16
2.653407688815389056e-16
2.646210584577095370e-16
2.639035191015130828e-16
2.631881978403097846e-16
2.624750334407816951e-16
2.617640724887781025e-16
2.610552542727401210e-16
2.603486249415862613e-16
2.596441243006897085e-16
2.589417718291997214e-16
2.582415604360177171e-16
2.575434830504982544e-16
2.568475326224122533e-16
2.561537021219118907e-16
2.554619845394947071e-16
2.547723473399707081e-16
2.540848093269579773e-16
2.533993635501165029e-16
2.527160030793169883e-16
2.520347210046038743e-16
2.513554854510427404e-16
2.506783147551185147e-16
2.500032020655590005e-16
2.493301158960470155e-16
2.486590988544429121e-16
2.479900949471919207e-16
2.473231220564296005e-16
2.466581492066461734e-16
2.459951941007946918e-16
2.453342500239322243e-16
2.446752863774477512e-16
2.440183443981362268e-16
2.433633460343241597e-16
2.427103560428810574e-16
2.420593205224655427e-16
2.414102331846042785e-16
2.407631110365729163e-16
2.401179475161247307e-16
2.394747130054194978e-16
2.388334242588627659e-16
2.381940518981469946e-16
2.375566125109183055e-16
2.369210996290841709e-16
2.362874842304792515e-16
2.356557602065226427e-16
2.350259439378280139e-16
2.343980068969938232e-16
2.337719653262761653e-16
2.331477909283183053e-16
2.325254997844906214e-16
2.319050638254950308e-16
2.312864989735708686e-16
2.306697773855097570e-16
2.300548932206965365e-16
2.294418621652356798e-16
2.288306567107277953e-16
2.282212710644237820e-16
2.276137206801446169e-16
2.270079783799967081e-16
2.264040384188889997e-16
2.258019160221416602e-16
2.252015843381204586e-16
2.246030376691782090e-16
2.240062910158501016e-16
2.234113178485707881e-16
2.228181125169171068e-16
2.222266693857318336e-16
2.216369828351038865e-16
2.210490674981586092e-16
2.204628973721180869e-16
2.198784668839336923e-16
2.192957704757112351e-16
2.187148224940266738e-16
2.181355775464672483e-16
2.175580698138764603e-16
2.169822739106427349e-16
2.164081843555291445e-16
2.158357956823142852e-16
2.152651024397694242e-16
2.146960991916360670e-16
2.141287997285491757e-16
2.135631601373474740e-16
2.129992133683409131e-16
2.124369158696653280e-16
2.118763002913934881e-16
2.113173234397403048e-16
2.107599989470599906e-16
2.102043401359404323e-16
2.096503043437528835e-16
2.090979234830817290e-16
2.085471552414639886e-16
2.079980312416475033e-16
2.074505095182219183e-16
2.069046032425314781e-16
2.063603072163373611e-16
2.058176163211407040e-16
2.052765254689276556e-16
2.047370295857835276e-16
2.041991058334876377e-16
2.036627847991450006e-16
2.031280259696512043e-16
2.025948421045603678e-16
2.020632281990300692e-16
2.015331792621773475e-16
2.010046729901570315e-16
2.004777218948653878e-16
1.999523210261080381e-16
1.994284654475568066e-16
1.989061502367238109e-16
1.983853535246933171e-16
1.978660875214350893e-16
1.973483473448141426e-16
1.968321113821068627e-16
1.963173916655706473e-16
1.958041833532250603e-16
1.952924650853341302e-16
1.947822487192765757e-16
1.942735294530242155e-16
1.937662861766651919e-16
1.932605305754848150e-16
1.927562578872007729e-16
1.922534472486025168e-16
1.917521101756184576e-16
1.912522259674729872e-16
1.907538060283703652e-16
1.902568298186202818e-16
1.897613086318899822e-16
1.892672220882367440e-16
1.887745813719642534e-16
1.882833818378362028e-16
1.877936033435058995e-16
1.873052414670218961e-16
1.868183071774285691e-16
1.863327805661069036e-16
1.858486724961778653e-16
1.853659632135309305e-16
1.848846483549857260e-16
1.844047386264297547e-16
1.839262294969167286e-16
1.834490865864678079e-16
1.829733503721063610e-16
1.824989717558150686e-16
1.820259761182813371e-16
1.815543443098651785e-16
1.810840720721038564e-16
1.806151697627994815e-16
1.801476185241358487e-16
1.796814286262679135e-16
1.792165669818807013e-16
1.787530582586732320e-16
1.782908838883610975e-16
1.778300397493736298e-16
1.773705358665036407e-16
1.769123538857038658e-16
1.764554897185608907e-16
1.759999392874077559e-16
1.755456985253081796e-16
1.750927772180920448e-16
1.746411573623870879e-16
1.741908349241497164e-16
1.737418058800000117e-16
1.732940662172053602e-16
1.728476119336647746e-16
1.724024390378926975e-16
1.719585569912653043e-16
1.715159348828778132e-16
1.710745955819548166e-16
1.706345084230055443e-16
1.701956960730514687e-16
1.697581281099105830e-16
1.693218270003624220e-16
1.688867756185062280e-16
1.684529570676450257e-16
1.680203935178292079e-16
1.675890680389201368e-16
1.671589639269619895e-16
1.667301030595738296e-16
1.663024559671305149e-16
1.658760316546416359e-16
1.654508389255729046e-16
1.650268486591500863e-16
1.646040697320806097e-16
1.641824983513521306e-16
1.637621307342226325e-16
1.633429507403074227e-16
1.629249793943386624e-16
1.625081882592222009e-16
1.620925859603185806e-16
1.616781687652763710e-16
1.612649329519083923e-16
1.608528748081731529e-16
1.604419786178307568e-16
1.600322528026036391e-16
1.596236936801023572e-16
1.592162857217596867e-16
1.588100372789549662e-16
1.584049447580895097e-16
1.580010045753364977e-16
1.575982014848635790e-16
1.571965436902122088e-16
1.567960276361109275e-16
1.563966382487695901e-16
1.559983836153552395e-16
1.556012602090068717e-16
1.552052531259061580e-16
1.548103703386424338e-16
1.544165970553651810e-16
1.540239411730523788e-16
1.536323992116576283e-16
1.532419565459139717e-16
1.528526209611520519e-16
1.524643779418419960e-16
1.520772351996345177e-16
1.516911783278595414e-16
1.513062149652462186e-16
1.509223308131142065e-16
1.505395334380213009e-16
1.501578086484136811e-16
1.497771639394193656e-16
1.493975852257554623e-16
1.490190692691657293e-16
1.486416234587126315e-16
1.482652338666407383e-16
1.478899078124030587e-16
1.475156314724112233e-16
1.471424120972217919e-16
1.467702255622934717e-16
1.463990999009659699e-16
1.460290007289438488e-16
1.456599455648222332e-16
1.452919208919953125e-16
1.449249337579702762e-16
1.445589605943318647e-16
1.441940186177345746e-16
1.438301045823192458e-16
1.434671951925321085e-16
1.431053074424454026e-16
1.427444281642612322e-16
1.423845542684675905e-16
1.420256925410373568e-16
1.416678201332834148e-16
1.413109536749164641e-16
1.409550802411806634e-16
1.406001967827533628e-16
1.402463099371002348e-16
1.398933973416730485e-16
1.395414753283501888e-16
1.391905217161520635e-16
1.388405526962811687e-16
1.384915557333306681e-16
1.381435278905318215e-16
1.377964662386838751e-16
1.374503678561424012e-16
1.371052298288071693e-16
1.367610492501099436e-16
1.364178232210027239e-16
1.360755488499451980e-16
1.357342324263888654e-16
1.353938526898125197e-16
1.350544159817514376e-16
1.347159194405728973e-16
1.343783602120899884e-16
1.340417354495495328e-16
1.337060423136189696e-16
1.333712779723739308e-16
1.330374307190334845e-16
1.327045155366474477e-16
1.323725118863162449e-16
1.320414346230479538e-16
1.317112633647939382e-16
1.313820041343721173e-16
1.310536541508979657e-16
1.307262106407948670e-16
1.303996622367425422e-16
1.300740148497092311e-16
1.297492742597687413e-16
1.294254121252242658e-16
1.291024513051659748e-16
1.287803721066819903e-16
1.284591803041879408e-16
1.281388731812148724e-16
1.278194480284873550e-16
1.275008938477164349e-16
1.271832163064447880e-16
1.268664127164631451e-16
1.265504721994997273e-16
1.262354003442390998e-16
1.259211944834293159e-16
1.256078438574241964e-16
1.252953539772343746e-16
1.249837141613930165e-16
1.246729298696370154e-16
1.243629984692585942e-16
1.240539093951379923e-16
1.237456680407588309e-16
1.234382639650458317e-16
1.231317025586406215e-16
1.228259734656098024e-16
1.225210820266439589e-16
1.222170257127741963e-16
1.219137942806274607e-16
1.216113853066270440e-16
1.213098040330520973e-16
1.210090403273940324e-16
1.207090993834606147e-16
1.204099711420750013e-16
1.201116607490560589e-16
1.198141582179943345e-16
1.195174611676348170e-16
1.192215746725143842e-16
1.189264888541361307e-16
1.186322087402334224e-16
1.183387245236884467e-16
1.180460338531389924e-16
1.177541343830231449e-16
1.174630310484820168e-16
1.171727214293196376e-16
1.168831886767307528e-16
1.165944449326208023e-16
1.163064806348611343e-16
1.160192934732446818e-16
1.157328882476286563e-16
1.154472484226144756e-16
1.151623858860689275e-16
1.148782982673815943e-16
1.145949692163292048e-16
1.143124104712732087e-16
1.140306058039660785e-16
1.137495668539998606e-16
1.134692843977164119e-16
1.131897630391204253e-16
1.129109867913415371e-16
1.126329602967359238e-16
1.123556880957170423e-16
1.120791611290695876e-16
1.118033704498463012e-16
1.115283273118291037e-16
1.112540227527694232e-16
1.109804545654110277e-16
1.107076205480711600e-16
1.104355185046312931e-16
1.101641462445278245e-16
1.098935015827428685e-16
1.096235823397948761e-16
1.093543863510824213e-16
1.090859114948606108e-16
1.088181556640457039e-16
1.085511167568350384e-16
1.082847926766982423e-16
1.080191813323687783e-16
1.077542679603939010e-16
1.074900758843982679e-16
1.072265903016951611e-16
1.069637966124452722e-16
1.067017178595331810e-16
1.064403269724827348e-16
1.061796468090536281e-16
1.059196505038827633e-16
1.056603484440464722e-16
1.054017385898220071e-16
1.051438189066557420e-16
1.048865873651539535e-16
1.046300419410738343e-16
1.043741806153140770e-16
1.041189893709102993e-16
1.038644782953475930e-16
1.036106572941590987e-16
1.033575005021466962e-16
1.031050178815222086e-16
1.028532074432601432e-16
1.026020554775047467e-16
1.023515835027057017e-16
1.021017661383528489e-16
1.018526131410238887e-16
1.016041225464318589e-16
1.013562923953259959e-16
1.011091092777599071e-16
1.008625827889959800e-16
1.006167223514350406e-16
1.003714919238450416e-16
1.001269236729368425e-16
9.988300430176911462e-17
9.963972069328651557e-17
9.939708220643042406e-17
9.915507581988600813e-17
9.891372187782665810e-17
9.867299630549966744e-17
9.843290830761736564e-17
9.819345598793588908e-17
9.795462656203103389e-17
9.771642912061351211e-17
9.747886178161504408e-17
9.724191190031981389e-17
9.700559918098449321e-17
9.676990027101275567e-17
9.653481347499343356e-17
9.630035831498992998e-17
9.606650118150960717e-17
9.583327208494667590e-17
9.560064814955956666e-17
9.536863814856859585e-17
9.513724029807951928e-17
9.490644245864888268e-17
9.467625329534558981e-17
9.444667103754577487e-17
9.421768367800285037e-17
9.398929977506951658e-17
9.376150740861155503e-17
9.353431506646206169e-17
9.330772099979973311e-17
9.308171341813600442e-17
9.285630070493539353e-17
9.263147115514192389e-17
9.240724301437343538e-17
9.218358476205623911e-17
9.196051461364996093e-17
9.173803085044943062e-17
9.151612197833183164e-17
9.129479614225864678e-17
9.107405163645380326e-17
9.085387709149195883e-17
9.063427092135808230e-17
9.041524113788295095e-17
9.019678605211317269e-17
8.997889445834051603e-17
8.976156478549564686e-17
8.954480491461537855e-17
8.932861317345296317e-17
8.911297851750202165e-17
8.889789939055391723e-17
8.868339285040741546e-17
8.846942932561536236e-17
8.825602584618814624e-17
8.804318076471843714e-17
8.783087410961802560e-17
8.761913183957203772e-17
8.740793402580269765e-17
8.719727914156083677e-17
8.698717468908473562e-17
8.677761005432077794e-17
8.656858372126571999e-17
8.636010310033546831e-17
8.615216658066928751e-17
8.594476370034759323e-17
8.573789296542348312e-17
8.553156170359823400e-17
8.532575961025597014e-17
8.512048523933160001e-17
8.491574583652390258e-17
8.471153120779819262e-17
8.450783991718017914e-17
8.430467912199776779e-17
8.410203873753305537e-17
8.389992586297518231e-17
8.369833048592021246e-17
8.349725118724828717e-17
8.329669497969121591e-17
8.309665195808393563e-17
8.289712071328114220e-17
8.269809983932414740e-17
8.249959623528918203e-17
8.230160013696769692e-17
8.210411838754097389e-17
8.190714129266521492e-17
8.171066746301247275e-17
8.151469551241490297e-17
8.131923217333745518e-17
8.112426788919546868e-17
8.092980128364911032e-17
8.073583098350122087e-17
8.054236361241492150e-17
8.034938178589070546e-17
8.015690803127011791e-17
7.996491709747966668e-17
7.977342346484983219e-17
7.958241000181957015e-17
7.939189107587312897e-17
7.920186525093717864e-17
7.901231558266037158e-17
7.882325627137682134e-17
7.863467049608943404e-17
7.844657234662270956e-17
7.825895276443503028e-17
7.807181803229184372e-17
7.788515157338405421e-17
7.769896725961735480e-17
7.751325616060800217e-17
7.732801696038614749e-17
7.714324834603861770e-17
7.695894900770450282e-17
7.677512505219027559e-17
7.659176032069090963e-17
7.640886831214277891e-17
7.622643298499689549e-17
7.604446774011914818e-17
7.586296396103770669e-17
7.568192039891287471e-17
7.550134302915069956e-17
7.532121613887719449e-17
7.514154573636349844e-17
7.496233772485428696e-17
7.478357656188028938e-17
7.460527527052736736e-17
7.442741842083258182e-17
7.425001893518759486e-17
7.407306149526774383e-17
7.389655892360201232e-17
7.372050296857519432e-17
7.354489241584868405e-17
7.336972605390428765e-17
7.319499579568955647e-17
7.302071421767002070e-17
7.284687321265576984e-17
7.267347158036818925e-17
7.250050812332764144e-17
7.232797489575588066e-17
7.215588423309315485e-17
7.198422816988962805e-17
7.181300551981900965e-17
7.164220844823241644e-17
7.147184910130329695e-17
7.130191962507570545e-17
7.113241226716292742e-17
7.096333903382435259e-17
7.079468562530725592e-17
7.062645745148702421e-17
7.045865982774090342e-17
7.029127860842598884e-17
7.012431913856808699e-17
6.995778026186294418e-17
6.979166082473595032e-17
6.962595967633773860e-17
6.946066933164235714e-17
6.929580134253510104e-17
6.913134191583873118e-17
6.896730251484078554e-17
6.880366944541976044e-17
6.864044786268732866e-17
6.847763663446790314e-17
6.831523463127564134e-17
6.815323457486358519e-17
6.799164766677500247e-17
6.783046050526428889e-17
6.766967812273579111e-17
6.750929940790491865e-17
6.734931723398682079e-17
6.718974261962662484e-17
6.703056243189840115e-17
6.687178163346062900e-17
6.671339915102495531e-17
6.655541391383715638e-17
6.639781894782829691e-17
6.624061913674951571e-17
6.608381341716429704e-17
6.592740072815410752e-17
6.577137419216981833e-17
6.561574441306466746e-17
6.546049294414932849e-17
6.530563612732338223e-17
6.515116711625837395e-17
6.499707915212745918e-17
6.484337694602311247e-17
6.469005378584797163e-17
6.453711434507430164e-17
6.438455758697946152e-17
6.423238247731344547e-17
6.408058239665789426e-17
6.392916194443800307e-17
6.377812009355157314e-17
6.362745029313773062e-17
6.347715708784209707e-17
6.332723945767619951e-17
6.317769638509477812e-17
6.302852140955597369e-17
6.287971357838009344e-17
6.273127734636418889e-17
6.258321170522109645e-17
6.243551564908629368e-17
6.228818282829066991e-17
6.214121762724379422e-17
6.199461374001298902e-17
6.184837551614160116e-17
6.170250196135220534e-17
6.155698683483320797e-17
6.141182920479042784e-17
6.126703856245369225e-17
6.112260348248969376e-17
6.097852303935906762e-17
6.083480146297382510e-17
6.069143264041481987e-17
6.054842588389769547e-17
6.040576487205419641e-17
6.026345890259822529e-17
6.012150700627884574e-17
5.997990317946849922e-17
5.983865155951745082e-17
5.969774620755872891e-17
5.955719123288335851e-17
5.941698073737969569e-17
5.927711879781838142e-17
5.913759955654700548e-17
5.899842705808714359e-17
5.885959548495166994e-17
5.872110884968201034e-17
5.858296137466453111e-17
5.844515704072701986e-17
5.830769010984002032e-17
5.817055972394949255e-17
5.803376981670463352e-17
5.789731470881327573e-17
5.776119830286723627e-17
5.762541495844617133e-17
5.748996854734284541e-17
5.735485346772676990e-17
5.722006887462505524e-17
5.708561859401169893e-17
5.695150173350949561e-17
5.681770813235824582e-17
5.668424624045788004e-17
5.655111517151687269e-17
5.641830487157469913e-17
5.628582369509269117e-17
5.615367076183587680e-17
5.602184065858199123e-17
5.589033255877151429e-17
5.575915013985485534e-17
5.562828355791511045e-17
5.549774544958522948e-17
5.536752153772897546e-17
5.523761992790337234e-17
5.510803533475586733e-17
5.497877134947064656e-17
5.484981833352772176e-17
5.472118427089363903e-17
5.459286830526224002e-17
5.446486089910409502e-17
5.433716994650496007e-17
5.420979459706586447e-17
5.408272541312643573e-17
5.395597019996145228e-17
5.382952384940137708e-17
5.370338556526476200e-17
5.357755455308187611e-17
5.345203423764609248e-17
5.332681958078772382e-17
5.320190979797913950e-17
5.307730410730777661e-17
5.295300588545762332e-17
5.282901016693144123e-17
5.270531617502597205e-17
5.258192313471194500e-17
5.245883027263185194e-17
5.233604089951111639e-17
5.221354606577223266e-17
5.209135315326914714e-17
5.196945731306419429e-17
5.184786180412300822e-17
5.172655780107250096e-17
5.160555257562601955e-17
5.148483736374407862e-17
5.136441938263888867e-17
5.124429388100352868e-17
5.112446010404936409e-17
5.100491729863117950e-17
5.088566862256077473e-17
5.076670549327101268e-17
5.064803108597277233e-17
5.052964852133757948e-17
5.041155315931653393e-17
5.029374425673516605e-17
5.017621724635044061e-17
5.005897905338046505e-17
4.994202510002398502e-17
4.982535464959857881e-17
4.970896696703889712e-17
4.959286507634994347e-17
4.947704071728919003e-17
4.936149693062804686e-17
4.924623298774549881e-17
4.913125186541663352e-17
4.901654541735732577e-17
4.890211663688556941e-17
4.878796846586036521e-17
4.867409284237553706e-17
4.856049272466744212e-17
4.844716739530031785e-17
4.833411975024275343e-17
4.822134183865926991e-17
4.810883657267772362e-17
4.799660681434018128e-17
4.788464469505227989e-17
4.777295309285364916e-17
4.766153130137387847e-17
4.755037861581348741e-17
4.743949434294251589e-17
4.732887783103448599e-17
4.721852843974458642e-17
4.710844205796508248e-17
4.699862500473591467e-17
4.688907315920747692e-17
4.677978245144640763e-17
4.667075913022208265e-17
4.656199570546380926e-17
4.645349498120722655e-17
4.634525632781212535e-17
4.623727911698567094e-17
4.612956272178040005e-17
4.602210316651642180e-17
4.591490653903618379e-17
4.580796552812841242e-17
4.570128286214883349e-17
4.559485792071358996e-17
4.548869008477305358e-17
4.538277873660996370e-17
4.527711999249667579e-17
4.517171652799924984e-17
4.506657097335350557e-17
4.496167298372093021e-17
4.485703168018493987e-17
4.475264320875050745e-17
4.464850376270064230e-17
4.454461595568052567e-17
4.444097918161697073e-17
4.433759283575029954e-17
4.423445316176422059e-17
4.413156273281173419e-17
4.402892094793455367e-17
4.392652408812315432e-17
4.382437780482924306e-17
4.372247527329504553e-17
4.362081901700572083e-17
4.351940536612760742e-17
4.341823988882384308e-17
4.331731585343014737e-17
4.321663270177312170e-17
4.311619594036542569e-17
4.301599890645141217e-17
4.291604104523615193e-17
4.281632780229815530e-17
4.271685258304558808e-17
4.261761781447909821e-17
4.251861994666475738e-17
4.241986138772395400e-17
4.232134155802607565e-17
4.222305691707985287e-17
4.212500971668296492e-17
4.202719922730871038e-17
4.192962181585676660e-17
4.183227968224585611e-17
4.173516921731842907e-17
4.163829547831025673e-17
4.154164912047013825e-17
4.144523804839734871e-17
4.134905582583774345e-17
4.125310176725425382e-17
4.115737801274750018e-17
4.106188384985909333e-17
4.096661576367077933e-17
4.087157586919862200e-17
4.077676067465093418e-17
4.068217227845381299e-17
4.058780721178293603e-17
4.049366755660938441e-17
4.039975261220536480e-17
4.030605894395560041e-17
4.021258860945305924e-17
4.011933819665615072e-17
4.002630704029528836e-17
3.993349717377416066e-17
3.984090790624693626e-17
3.974853587035600283e-17
3.965638040695732811e-17
3.956444351772866113e-17
3.947272451834831520e-17
3.938122008553181908e-17
3.928992956621655551e-17
3.919885493086520158e-17
3.910799550162906874e-17
3.901734539506972652e-17
3.892691177503802963e-17
3.883668618508398759e-17
3.874667316093066277e-17
3.865687203269834092e-17
3.856727957403188701e-17
3.847789514534030184e-17
3.838872064862251595e-17
3.829975288914230759e-17
3.821099375403021859e-17
3.812244006948291973e-17
3.803409120327659609e-17
3.794594902041379739e-17
3.785801037817539555e-17
3.777027464870628119e-17
3.768274367514669778e-17
3.759541444580140330e-17
3.750828929004899715e-17
3.742136327180077827e-17
3.733464369859317336e-17
3.724812321562566610e-17
3.716180666013795914e-17
3.707569157228635786e-17
3.698977792678926309e-17
3.690406809048561005e-17
3.681855962771183779e-17
3.673325251181532535e-17
3.664814908317847441e-17
3.656324693006429436e-17
3.647854602447567410e-17
3.639404633794273450e-17
3.630975017601188442e-17
3.622565515842724853e-17
3.614176125540951255e-17
3.605807074675004638e-17
3.597457897359610660e-17
3.589129051682656512e-17
3.580820532074202420e-17
3.572531877368118086e-17
3.564263540698601671e-17
3.556015064011238337e-17
3.547786897162989895e-17
3.539579034415606316e-17
3.531391022348842928e-17
3.523223305959072888e-17
3.515075434881593925e-17
3.506947850897236700e-17
3.498840327390210617e-17
3.490753080692916423e-17
3.482685666493863838e-17
3.474638520224602174e-17
3.466611418212174115e-17
3.458604139797376075e-17
3.450617115706690172e-17
3.442650339820072491e-17
3.434703376736694306e-17
3.426776438659500020e-17
3.418869734753944226e-17
3.410982833997095191e-17
3.403116157874682029e-17
3.395269489172220066e-17
3.387442823772179550e-17
3.379636157518714275e-17
3.371849486217930904e-17
3.364082805638147196e-17
3.356336111510155785e-17
3.348609364219228776e-17
3.340902383101973770e-17
3.333215157879231188e-17
3.325547062820555386e-17
3.317898293309404985e-17
3.310268227708729880e-17
3.302657059805222669e-17
3.295064172027345637e-17
3.287489756579341337e-17
3.279933199927659357e-17
3.272394493210866145e-17
3.264873625397930779e-17
3.257369988961460519e-17
3.249883772210230660e-17
3.242414371587528059e-17
3.234961973867457668e-17
3.227525979437654012e-17
3.220106573550556812e-17
3.212703160512160838e-17
3.205315730703828373e-17
3.197944079718242634e-17
3.190588003743182548e-17
3.183247299559900663e-17
3.175921764541499814e-17
3.168611196651319043e-17
3.161315394441311503e-17
3.154034157050440237e-17
3.146767096134663342e-17
3.139514388790578692e-17
3.132275460419027941e-17
3.125050486672838816e-17
3.117838896710428573e-17
3.110640495088321069e-17
3.103455455307825753e-17
3.096283579217310690e-17
3.089123937589629389e-17
3.081977434741257723e-17
3.074842780563785925e-17
3.067720510860326144e-17
3.060610430351907468e-17
3.053511984812962292e-17
3.046424983864848459e-17
3.039349594707592557e-17
3.032285268549313838e-17
3.025231816668795257e-17
3.018189404205775655e-17
3.011157839838516104e-17
3.004136231093438946e-17
2.997125094386136790e-17
2.990124240063943228e-17
