# te
2.771920680999755859e+00
3.544921875000000000e+00
3.724723339080810547e+00
3.534642219543457031e+00
3.159969329833984375e+00
2.721721649169921875e+00
2.294539690017700195e+00
1.914751172065734863e+00
1.602087259292602539e+00
1.364832401275634766e+00
1.208250999450683594e+00
1.121043682098388672e+00
1.086705565452575684e+00
1.092599749565124512e+00
1.127568602561950684e+00
1.179307222366333008e+00
1.237543702125549316e+00
1.294522881507873535e+00
1.341868042945861816e+00
1.380538105964660645e+00
1.412423491477966309e+00
1.438706517219543457e+00
1.460640549659729004e+00
1.480399131774902344e+00
1.501380085945129395e+00
1.523748636245727539e+00
1.548143386840820312e+00
1.575197577476501465e+00
1.603795289993286133e+00
1.632145881652832031e+00
1.657943606376647949e+00
1.677643656730651855e+00
1.689026117324829102e+00
1.693360328674316406e+00
1.690712213516235352e+00
1.676709055900573730e+00
1.649100422859191895e+00
1.609722852706909180e+00
1.561230421066284180e+00
1.505442619323730469e+00
1.441659450531005859e+00
1.368569135665893555e+00
1.285751819610595703e+00
1.192862153053283691e+00
1.087870955467224121e+00
9.718980789184570312e-01
8.495066761970520020e-01
7.246661782264709473e-01
5.945608615875244141e-01
4.546741843223571777e-01
2.993174195289611816e-01
1.243599131703376770e-01
-6.635823100805282593e-02
-2.688810229301452637e-01
-4.850681722164154053e-01
-7.137268781661987305e-01
-9.541342258453369141e-01
-1.205589294433593750e+00
-1.465957283973693848e+00
-1.733336210250854492e+00
-2.009134054183959961e+00
-2.295215129852294922e+00
-2.593665838241577148e+00
-2.905978918075561523e+00
-3.231075763702392578e+00
-3.566656827926635742e+00
-3.911418199539184570e+00
-4.263982772827148438e+00
-4.626390457153320312e+00
-5.001285552978515625e+00
-5.389790058135986328e+00
-5.792144298553466797e+00
-6.207100391387939453e+00
-6.632818698883056641e+00
-7.068353652954101562e+00
-7.513449192047119141e+00
-7.969487667083740234e+00
-8.432649612426757812e+00
-8.904317855834960938e+00
-9.385040283203125000e+00
-9.874243736267089844e+00
-1.037201023101806641e+01
-1.087693309783935547e+01
-1.139057731628417969e+01
-1.191226482391357422e+01
-1.244124126434326172e+01
-1.297748279571533203e+01
-1.352244758605957031e+01
-1.407314109802246094e+01
-1.463030529022216797e+01
-1.519332122802734375e+01
-1.576234054565429688e+01
-1.633602714538574219e+01
-1.691527557373046875e+01
-1.749949264526367188e+01
-1.808808898925781250e+01
-1.867898178100585938e+01
-1.927529716491699219e+01
-1.987272834777832031e+01
-2.047439956665039062e+01
-2.107822799682617188e+01
-2.168511199951171875e+01
-2.229223060607910156e+01
-2.290122032165527344e+01
-2.351148605346679688e+01
-2.412169837951660156e+01
-2.473274803161621094e+01
-2.534329986572265625e+01
-2.595202064514160156e+01
-2.656053161621093750e+01
-2.716815567016601562e+01
-2.777345466613769531e+01
-2.837573623657226562e+01
-2.897505378723144531e+01
-2.957071113586425781e+01
-3.016201210021972656e+01
-3.074975776672363281e+01
-3.133176231384277344e+01
-3.190807914733886719e+01
-3.247875976562500000e+01
-3.304310607910156250e+01
-3.360117340087890625e+01
-3.415003967285156250e+01
-3.469198226928710938e+01
-3.522630691528320312e+01
-3.575232696533203125e+01
-3.626934432983398438e+01
-3.677667236328125000e+01
-3.727361297607421875e+01
-3.776169967651367188e+01
-3.823800277709960938e+01
-3.870478439331054688e+01
-3.915761947631835938e+01
-3.959952163696289062e+01
-4.002680206298828125e+01
-4.044173049926757812e+01
-4.084285736083984375e+01
-4.122947311401367188e+01
-4.160235214233398438e+01
-4.195930862426757812e+01
-4.230111312866210938e+01
-4.262780761718750000e+01
-4.293867874145507812e+01
-4.323302459716796875e+01
-4.351088333129882812e+01
-4.377079391479492188e+01
-4.401428604125976562e+01
-4.423991012573242188e+01
-4.444546890258789062e+01
-4.463394165039062500e+01
-4.480374526977539062e+01
-4.495251083374023438e+01
-4.508233261108398438e+01
-4.519233703613281250e+01
-4.528238677978515625e+01
-4.535087203979492188e+01
-4.539839172363281250e+01
-4.542481994628906250e+01
-4.542853546142578125e+01
-4.541089248657226562e+01
-4.537175369262695312e+01
-4.530950546264648438e+01
-4.522549438476562500e+01
-4.511736679077148438e+01
-4.498646926879882812e+01
-4.483341598510742188e+01
-4.465583801269531250e+01
-4.445361328125000000e+01
-4.422808837890625000e+01
-4.397690200805664062e+01
-4.370140838623046875e+01
-4.340147781372070312e+01
-4.307696914672851562e+01
-4.272701644897460938e+01
-4.235146713256835938e+01
-4.195162200927734375e+01
-4.152579879760742188e+01
-4.107379150390625000e+01
-4.059688186645507812e+01
-4.009487915039062500e+01
-3.956608963012695312e+01
-3.901179504394531250e+01
-3.843106079101562500e+01
-3.782590866088867188e+01
-3.719316864013671875e+01
-3.653413009643554688e+01
-3.585007095336914062e+01
-3.513930511474609375e+01
-3.440386581420898438e+01
-3.364057540893554688e+01
-3.285146713256835938e+01
-3.203782653808593750e+01
-3.119721984863281250e+01
-3.033168029785156250e+01
-2.944026184082031250e+01
-2.852424621582031250e+01
-2.758269882202148438e+01
-2.661615371704101562e+01
-2.562515830993652344e+01
-2.460876083374023438e+01
-2.356821632385253906e+01
-2.250254058837890625e+01
-2.141447067260742188e+01
-2.030153656005859375e+01
-1.916476440429687500e+01
-1.800435638427734375e+01
-1.682060050964355469e+01
-1.561362648010253906e+01
-1.438408565521240234e+01
-1.313180160522460938e+01
-1.185746955871582031e+01
-1.056080627441406250e+01
-9.242777824401855469e+00
-7.903887271881103516e+00
-6.543375968933105469e+00
-5.163011074066162109e+00
-3.762329816818237305e+00
-2.340127706527709961e+00
-9.006239771842956543e-01
5.586501955986022949e-01
2.036448001861572266e+00
3.533751964569091797e+00
5.047085762023925781e+00
6.579661846160888672e+00
8.128004074096679688e+00
9.693838119506835938e+00
1.127591896057128906e+01
1.287299919128417969e+01
1.448606204986572266e+01
1.611460304260253906e+01
1.775737953186035156e+01
1.941314315795898438e+01
2.108287811279296875e+01
2.276533699035644531e+01
2.446076202392578125e+01
2.616790580749511719e+01
2.788701248168945312e+01
2.961757850646972656e+01
3.135761260986328125e+01
3.310810470581054688e+01
3.486854171752929688e+01
3.663769531250000000e+01
3.841653060913085938e+01
4.020233535766601562e+01
4.199682235717773438e+01
4.379801177978515625e+01
4.560614776611328125e+01
4.742072296142578125e+01
4.924048995971679688e+01
5.106638717651367188e+01
5.289688491821289062e+01
5.473040008544921875e+01
5.656683731079101562e+01
5.840610504150390625e+01
6.024810409545898438e+01
6.208456802368164062e+01
6.392803192138671875e+01
6.576353454589843750e+01
6.760585784912109375e+01
6.943260192871093750e+01
7.126597595214843750e+01
7.309843444824218750e+01
7.492247009277343750e+01
7.673055267333984375e+01
7.854487609863281250e+01
8.034306335449218750e+01
8.213987731933593750e+01
8.392779541015625000e+01
8.570671844482421875e+01
8.747655487060546875e+01
8.922977447509765625e+01
9.098116302490234375e+01
9.270832061767578125e+01
9.443344879150390625e+01
9.613417053222656250e+01
9.783267211914062500e+01
9.950657653808593750e+01
1.011632156372070312e+02
1.028173675537109375e+02
1.044466400146484375e+02
1.060583801269531250e+02
1.076524810791015625e+02
1.092288665771484375e+02
1.107874221801757812e+02
1.123206558227539062e+02
1.138433074951171875e+02
1.153404388427734375e+02
1.168194046020507812e+02
1.182800827026367188e+02
1.197075347900390625e+02
1.211239547729492188e+02
1.225069808959960938e+02
1.238787994384765625e+02
1.252170104980468750e+02
1.265364074707031250e+02
1.278368988037109375e+02
1.291035003662109375e+02
1.303436126708984375e+02
1.315570831298828125e+02
1.327512359619140625e+02
1.339255981445312500e+02
1.350648803710937500e+02
1.361685638427734375e+02
1.372510070800781250e+02
1.383043212890625000e+02
1.393205871582031250e+02
1.403215942382812500e+02
1.412771606445312500e+02
1.422090606689453125e+02
1.431019592285156250e+02
1.439702301025390625e+02
1.447985534667968750e+02
1.456012725830078125e+02
1.463630371093750000e+02
1.470908203125000000e+02
1.477841186523437500e+02
1.484424285888671875e+02
1.490653076171875000e+02
1.496596679687500000e+02
1.502101745605468750e+02
1.507237548828125000e+02
1.511999511718750000e+02
1.516308288574218750e+02
1.520382080078125000e+02
1.523918914794921875e+02
1.527136383056640625e+02
1.530030059814453125e+02
1.532446289062500000e+02
1.534454650878906250e+02
1.536124420166015625e+02
1.537450866699218750e+02
1.538354949951171875e+02
1.538831481933593750e+02
1.538875732421875000e+02
1.538557434082031250e+02
1.537722778320312500e+02
1.536589965820312500e+02
1.535005645751953125e+02
1.533113250732421875e+02
1.530685272216796875e+02
1.527865447998046875e+02
1.524648742675781250e+02
1.521030426025390625e+02
1.517005615234375000e+02
1.512643890380859375e+02
1.507791442871093750e+02
1.502518157958984375e+02
1.496818847656250000e+02
1.490762939453125000e+02
1.484271545410156250e+02
1.477340698242187500e+02
1.470114898681640625e+02
1.462367553710937500e+02
1.454243011474609375e+02
1.445811920166015625e+02
1.436921539306640625e+02
1.427716827392578125e+02
1.418045043945312500e+02
1.408013763427734375e+02
1.397574462890625000e+02
1.386753082275390625e+02
1.375567932128906250e+02
1.363977813720703125e+02
1.352038269042968750e+02
1.339715728759765625e+02
1.327028503417968750e+02
1.313987731933593750e+02
1.300566711425781250e+02
1.286813964843750000e+02
1.272688217163085938e+02
1.258230133056640625e+02
1.243405990600585938e+02
1.228249130249023438e+02
1.212755584716796875e+02
1.196921234130859375e+02
1.180772171020507812e+02
1.164274520874023438e+02
1.147468948364257812e+02
1.130329055786132812e+02
1.112880935668945312e+02
1.095127868652343750e+02
1.077051010131835938e+02
1.058683624267578125e+02
1.040006866455078125e+02
1.021039123535156250e+02
1.001776351928710938e+02
9.822296142578125000e+01
9.623947143554687500e+01
9.422900390625000000e+01
9.218968963623046875e+01
9.012408447265625000e+01
8.803105926513671875e+01
8.591244506835937500e+01
8.376634979248046875e+01
8.159595489501953125e+01
7.939952087402343750e+01
7.717797851562500000e+01
7.493180084228515625e+01
7.266148376464843750e+01
7.036732482910156250e+01
6.805039215087890625e+01
6.571150970458984375e+01
6.335248565673828125e+01
6.097275924682617188e+01
5.857480239868164062e+01
5.615736389160156250e+01
5.372515487670898438e+01
5.127619552612304688e+01
4.881147384643554688e+01
4.633345031738281250e+01
4.384164047241210938e+01
4.133776473999023438e+01
3.882207489013671875e+01
3.629703903198242188e+01
3.376141357421875000e+01
3.121618843078613281e+01
2.866457748413085938e+01
2.610607910156250000e+01
2.354093551635742188e+01
2.097087860107421875e+01
1.839540481567382812e+01
1.581698322296142578e+01
1.323511791229248047e+01
1.065227508544921875e+01
8.067955017089843750e+00
5.481656074523925781e+00
2.897333145141601562e+00
3.137412369251251221e-01
-2.268878936767578125e+00
-4.848801136016845703e+00
-7.426528453826904297e+00
-9.998847961425781250e+00
-1.256849288940429688e+01
-1.513299369812011719e+01
-1.769211196899414062e+01
-2.024412345886230469e+01
-2.278878593444824219e+01
-2.532734680175781250e+01
-2.785659790039062500e+01
-3.037853240966796875e+01
-3.289067077636718750e+01
-3.539353561401367188e+01
-3.788538742065429688e+01
-4.036673736572265625e+01
-4.283586502075195312e+01
-4.529475784301757812e+01
-4.774169158935546875e+01
-5.017494583129882812e+01
-5.259651184082031250e+01
-5.500382614135742188e+01
-5.739839553833007812e+01
-5.977717590332031250e+01
-6.214083099365234375e+01
-6.448854827880859375e+01
-6.681282043457031250e+01
-6.912695312500000000e+01
-7.141154479980468750e+01
-7.368138885498046875e+01
-7.592971801757812500e+01
-7.815646362304687500e+01
-8.035486602783203125e+01
-8.254267883300781250e+01
-8.468936920166015625e+01
-8.682382965087890625e+01
-8.892297363281250000e+01
-9.100083160400390625e+01
-9.304915618896484375e+01
-9.507456970214843750e+01
-9.706882476806640625e+01
-9.903109741210937500e+01
-1.009680023193359375e+02
-1.028712997436523438e+02
-1.047476119995117188e+02
-1.065886764526367188e+02
-1.083959045410156250e+02
-1.101781616210937500e+02
-1.119160385131835938e+02
-1.136332473754882812e+02
-1.153096466064453125e+02
-1.169481430053710938e+02
-1.185538482666015625e+02
-1.201281967163085938e+02
-1.216644363403320312e+02
-1.231631927490234375e+02
-1.246259231567382812e+02
-1.260518035888671875e+02
-1.274392623901367188e+02
-1.287889709472656250e+02
-1.300993804931640625e+02
-1.313726196289062500e+02
-1.326071777343750000e+02
-1.338007202148437500e+02
-1.349561462402343750e+02
-1.360711517333984375e+02
-1.371464080810546875e+02
-1.381803741455078125e+02
-1.391751861572265625e+02
-1.401270599365234375e+02
-1.410396423339843750e+02
-1.419106445312500000e+02
-1.427394409179687500e+02
-1.435276184082031250e+02
-1.442731170654296875e+02
-1.449790039062500000e+02
-1.456424255371093750e+02
-1.462650299072265625e+02
-1.468454284667968750e+02
-1.473859863281250000e+02
-1.478853607177734375e+02
-1.483429107666015625e+02
-1.487595062255859375e+02
-1.491360168457031250e+02
-1.494718475341796875e+02
-1.497663574218750000e+02
-1.500204315185546875e+02
-1.502341766357421875e+02
-1.504077301025390625e+02
-1.505397186279296875e+02
-1.506325073242187500e+02
-1.506854858398437500e+02
-1.506980133056640625e+02
-1.506709594726562500e+02
-1.506044464111328125e+02
-1.504971313476562500e+02
-1.503506011962890625e+02
-1.501649780273437500e+02
-1.499411621093750000e+02
-1.496770019531250000e+02
-1.493756103515625000e+02
-1.490334014892578125e+02
-1.486534423828125000e+02
-1.482351226806640625e+02
-1.477785797119140625e+02
-1.472839355468750000e+02
-1.467505340576171875e+02
-1.461792602539062500e+02
-1.455702209472656250e+02
-1.449235534667968750e+02
-1.442393646240234375e+02
-1.435170288085937500e+02
-1.427581481933593750e+02
-1.419616699218750000e+02
-1.411279144287109375e+02
-1.402568511962890625e+02
-1.393488922119140625e+02
-1.384037322998046875e+02
-1.374217529296875000e+02
-1.364030609130859375e+02
-1.353475799560546875e+02
-1.342554321289062500e+02
-1.331278686523437500e+02
-1.319653472900390625e+02
-1.307689819335937500e+02
-1.295398559570312500e+02
-1.282784271240234375e+02
-1.269867019653320312e+02
-1.256643905639648438e+02
-1.243125076293945312e+02
-1.229328079223632812e+02
-1.215255737304687500e+02
-1.200918121337890625e+02
-1.186303024291992188e+02
-1.171465377807617188e+02
-1.156370620727539062e+02
-1.141051177978515625e+02
-1.125502471923828125e+02
-1.109741897583007812e+02
-1.093750076293945312e+02
-1.077581558227539062e+02
-1.061216735839843750e+02
-1.044658432006835938e+02
-1.027931594848632812e+02
-1.011024017333984375e+02
-9.939607238769531250e+01
-9.767294311523437500e+01
-9.593477630615234375e+01
-9.418258666992187500e+01
-9.241589355468750000e+01
-9.063719940185546875e+01
-8.884452056884765625e+01
-8.704038238525390625e+01
-8.522577667236328125e+01
-8.339948272705078125e+01
-8.156325531005859375e+01
-7.971736145019531250e+01
-7.786207580566406250e+01
-7.599912261962890625e+01
-7.412730407714843750e+01
-7.224761199951171875e+01
-7.036105346679687500e+01
-6.846865081787109375e+01
-6.656842803955078125e+01
-6.466361236572265625e+01
-6.275224685668945312e+01
-6.083682632446289062e+01
-5.891611480712890625e+01
-5.699112319946289062e+01
-5.506136703491210938e+01
-5.312859725952148438e+01
-5.119246292114257812e+01
-4.925460052490234375e+01
-4.731382369995117188e+01
-4.537339019775390625e+01
-4.343358612060546875e+01
-4.149544525146484375e+01
-3.955999374389648438e+01
-3.762827301025390625e+01
-3.570130538940429688e+01
-3.378012084960937500e+01
-3.186501693725585938e+01
-2.995627021789550781e+01
-2.805714416503906250e+01
-2.616718292236328125e+01
-2.428667259216308594e+01
-2.241664314270019531e+01
-2.055812263488769531e+01
-1.871288681030273438e+01
-1.687899017333984375e+01
-1.505969142913818359e+01
-1.325527667999267578e+01
-1.146677589416503906e+01
-9.692986488342285156e+00
-7.936426162719726562e+00
-6.198122024536132812e+00
-4.477616786956787109e+00
-2.775938987731933594e+00
-1.094117522239685059e+00
5.675624012947082520e-01
2.207329034805297852e+00
3.827126741409301758e+00
5.423697471618652344e+00
6.998241901397705078e+00
8.549731254577636719e+00
1.007750988006591797e+01
1.158121681213378906e+01
1.305922889709472656e+01
1.451267433166503906e+01
1.593955707550048828e+01
1.734044265747070312e+01
1.871427726745605469e+01
2.006079864501953125e+01
2.137946701049804688e+01
2.266992378234863281e+01
2.393143272399902344e+01
2.516363716125488281e+01
2.636565399169921875e+01
2.753838920593261719e+01
2.868006896972656250e+01
2.979114723205566406e+01
3.087062263488769531e+01
3.191834449768066406e+01
3.293492126464843750e+01
3.392023086547851562e+01
3.487265396118164062e+01
3.579281234741210938e+01
3.668131256103515625e+01
3.753654861450195312e+01
3.835912704467773438e+01
3.914892578125000000e+01
3.990655136108398438e+01
4.062965011596679688e+01
4.131883239746093750e+01
4.197546005249023438e+01
4.259790802001953125e+01
4.318679809570312500e+01
4.374125289916992188e+01
4.426113510131835938e+01
4.474706649780273438e+01
4.519965744018554688e+01
4.561654281616210938e+01
4.599833679199218750e+01
4.634638977050781250e+01
4.665908432006835938e+01
4.693629074096679688e+01
4.717936325073242188e+01
4.738667297363281250e+01
4.755809783935546875e+01
4.769423675537109375e+01
4.779421997070312500e+01
4.785939407348632812e+01
4.788739395141601562e+01
4.787808609008789062e+01
4.783282470703125000e+01
4.775072479248046875e+01
4.763982772827148438e+01
4.748810577392578125e+01
4.729690551757812500e+01
4.707277679443359375e+01
4.680741119384765625e+01
4.650735473632812500e+01
4.617173004150390625e+01
4.579221725463867188e+01
4.538279724121093750e+01
4.493516159057617188e+01
4.443355941772460938e+01
4.390683364868164062e+01
4.333922958374023438e+01
4.273730087280273438e+01
4.209273147583007812e+01
4.140479660034179688e+01
4.068831634521484375e+01
3.991367721557617188e+01
3.911815643310546875e+01
3.828699874877929688e+01
3.741289520263671875e+01
3.650339126586914062e+01
3.557345962524414062e+01
3.459349441528320312e+01
3.358590316772460938e+01
3.255078887939453125e+01
3.147341728210449219e+01
3.037618255615234375e+01
2.924433517456054688e+01
2.807799148559570312e+01
2.688469123840332031e+01
2.567197036743164062e+01
2.441765213012695312e+01
2.315156555175781250e+01
2.184409713745117188e+01
2.052507972717285156e+01
1.917975807189941406e+01
1.780080604553222656e+01
1.639576339721679688e+01
1.497216892242431641e+01
1.353012561798095703e+01
1.205487918853759766e+01
1.056139469146728516e+01
9.042346000671386719e+00
7.505267620086669922e+00
5.950263500213623047e+00
4.377436637878417969e+00
2.772026538848876953e+00
1.163860440254211426e+00
-4.841160476207733154e-01
-2.134646415710449219e+00
-3.817354202270507812e+00
-5.502414703369140625e+00
-7.212022304534912109e+00
-8.946076393127441406e+00
-1.069704914093017578e+01
-1.245740795135498047e+01
-1.424191951751708984e+01
-1.603562355041503906e+01
-1.786071586608886719e+01
-1.967994308471679688e+01
-2.153036499023437500e+01
-2.339702606201171875e+01
-2.528726005554199219e+01
-2.718610954284667969e+01
-2.910074996948242188e+01
-3.102285766601562500e+01
-3.296624374389648438e+01
-3.491498565673828125e+01
-3.688290405273437500e+01
-3.886151123046875000e+01
-4.084232330322265625e+01
-4.283171844482421875e+01
-4.483608245849609375e+01
-4.684693145751953125e+01
-4.886320877075195312e+01
-5.088388061523437500e+01
-5.290787887573242188e+01
-5.494159698486328125e+01
-5.696911621093750000e+01
-5.900426101684570312e+01
-6.103854370117187500e+01
-6.306348419189453125e+01
-6.510033416748046875e+01
-6.713317871093750000e+01
-6.916098022460937500e+01
-7.117523956298828125e+01
-7.319722747802734375e+01
-7.521845245361328125e+01
-7.723043823242187500e+01
-7.923957824707031250e+01
-8.123738098144531250e+01
-8.322281646728515625e+01
-8.520968627929687500e+01
-8.718209075927734375e+01
-8.915385437011718750e+01
-9.112391662597656250e+01
-9.306894683837890625e+01
-9.500276947021484375e+01
-9.693177032470703125e+01
-9.882516479492187500e+01
-1.007190704345703125e+02
-1.026050186157226562e+02
-1.044819641113281250e+02
-1.063339996337890625e+02
-1.081675033569335938e+02
-1.099962997436523438e+02
-1.117970581054687500e+02
-1.135910186767578125e+02
-1.153622817993164062e+02
-1.171246490478515625e+02
-1.188622360229492188e+02
-1.205888442993164062e+02
-1.222960128784179688e+02
-1.239826736450195312e+02
-1.256552429199218750e+02
-1.272903442382812500e+02
-1.289241027832031250e+02
-1.305257263183593750e+02
-1.321090393066406250e+02
-1.336729888916015625e+02
-1.352164916992187500e+02
-1.367310943603515625e+02
-1.382305755615234375e+02
-1.396990356445312500e+02
-1.411436157226562500e+02
-1.425676727294921875e+02
-1.439694366455078125e+02
-1.453456115722656250e+02
-1.466974029541015625e+02
-1.480236968994140625e+02
-1.493242340087890625e+02
-1.505986785888671875e+02
-1.518467102050781250e+02
-1.530672760009765625e+02
-1.542623138427734375e+02
-1.554292449951171875e+02
-1.565677642822265625e+02
-1.576775665283203125e+02
-1.587598419189453125e+02
-1.598127441406250000e+02
-1.608374633789062500e+02
-1.618321990966796875e+02
-1.627973785400390625e+02
-1.637341613769531250e+02
-1.646400299072265625e+02
-1.655153656005859375e+02
-1.663598785400390625e+02
-1.671725006103515625e+02
-1.679536590576171875e+02
-1.687022857666015625e+02
-1.694188079833984375e+02
-1.701021728515625000e+02
-1.707512969970703125e+02
-1.713673553466796875e+02
-1.719507751464843750e+02
-1.724975128173828125e+02
-1.730124664306640625e+02
-1.734908142089843750e+02
-1.739345092773437500e+02
-1.743429718017578125e+02
-1.747148590087890625e+02
-1.750510253906250000e+02
-1.753498077392578125e+02
-1.756112060546875000e+02
-1.758349304199218750e+02
-1.760210723876953125e+02
-1.761701507568359375e+02
-1.762834167480468750e+02
-1.763597564697265625e+02
-1.764008331298828125e+02
-1.764071960449218750e+02
-1.763787078857421875e+02
-1.763144073486328125e+02
-1.762170867919921875e+02
-1.760866088867187500e+02
-1.759219970703125000e+02
-1.757253570556640625e+02
-1.754957275390625000e+02
-1.752351684570312500e+02
-1.749427642822265625e+02
-1.746190490722656250e+02
-1.742638854980468750e+02
-1.738777923583984375e+02
-1.734613342285156250e+02
-1.730150909423828125e+02
-1.725381317138671875e+02
-1.720317382812500000e+02
-1.714964904785156250e+02
-1.709306945800781250e+02
-1.703356781005859375e+02
-1.697127075195312500e+02
-1.690608825683593750e+02
-1.683800048828125000e+02
-1.676706237792968750e+02
-1.669340209960937500e+02
-1.661692962646484375e+02
-1.653777313232421875e+02
-1.645568847656250000e+02
-1.637095794677734375e+02
-1.628348541259765625e+02
-1.619324951171875000e+02
-1.610030975341796875e+02
-1.600464324951171875e+02
-1.590638122558593750e+02
-1.580527801513671875e+02
-1.570139312744140625e+02
-1.559485321044921875e+02
-1.548563537597656250e+02
-1.537350158691406250e+02
-1.525872802734375000e+02
-1.514114379882812500e+02
-1.502080688476562500e+02
-1.489776763916015625e+02
-1.477186126708984375e+02
-1.464323120117187500e+02
-1.451186828613281250e+02
-1.437793426513671875e+02
-1.424151306152343750e+02
-1.410268402099609375e+02
-1.396153717041015625e+02
-1.381815032958984375e+02
-1.367253723144531250e+02
-1.352492828369140625e+02
-1.337518463134765625e+02
-1.322361297607421875e+02
-1.307014617919921875e+02
-1.291494445800781250e+02
-1.275794296264648438e+02
-1.259929656982421875e+02
-1.243916473388671875e+02
-1.227740859985351562e+02
-1.211433181762695312e+02
-1.194987106323242188e+02
-1.178418273925781250e+02
-1.161727676391601562e+02
-1.144916152954101562e+02
-1.127991790771484375e+02
-1.110970687866210938e+02
-1.093853302001953125e+02
-1.076633377075195312e+02
-1.059333953857421875e+02
-1.041955795288085938e+02
-1.024492492675781250e+02
-1.006967010498046875e+02
-9.893728637695312500e+01
-9.717182922363281250e+01
-9.540041351318359375e+01
-9.362312316894531250e+01
-9.184300994873046875e+01
-9.005792999267578125e+01
-8.826945495605468750e+01
-8.647766113281250000e+01
-8.468337249755859375e+01
-8.288668060302734375e+01
-8.108838653564453125e+01
-7.928859710693359375e+01
-7.748738861083984375e+01
-7.568631744384765625e+01
-7.388471984863281250e+01
-7.208342742919921875e+01
-7.028177642822265625e+01
-6.848133087158203125e+01
-6.668141937255859375e+01
-6.488362121582031250e+01
-6.308730697631835938e+01
-6.129277038574218750e+01
-5.950185012817382812e+01
-5.771414184570312500e+01
-5.593072128295898438e+01
-5.415268707275390625e+01
-5.237888336181640625e+01
-5.061188507080078125e+01
-4.885128784179687500e+01
-4.709594345092773438e+01
-4.534917449951171875e+01
-4.360982513427734375e+01
-4.187898254394531250e+01
-4.015624237060546875e+01
-3.844343948364257812e+01
-3.674016189575195312e+01
-3.504749298095703125e+01
-3.336577987670898438e+01
-3.169461250305175781e+01
-3.003656578063964844e+01
-2.839048957824707031e+01
-2.675672912597656250e+01
-2.513710784912109375e+01
-2.353196716308593750e+01
-2.194016075134277344e+01
-2.036351776123046875e+01
-1.880163383483886719e+01
-1.725574302673339844e+01
-1.572559165954589844e+01
-1.421241283416748047e+01
-1.271654605865478516e+01
-1.123804092407226562e+01
-9.777877807617187500e+00
-8.336404800415039062e+00
-6.914257526397705078e+00
-5.511508464813232422e+00
-4.129317760467529297e+00
-2.767582178115844727e+00
-1.426052570343017578e+00
-1.072273254394531250e-01
1.189811944961547852e+00
2.463977098464965820e+00
3.714923143386840820e+00
4.943046569824218750e+00
6.146515369415283203e+00
7.325726509094238281e+00
8.478845596313476562e+00
9.607755661010742188e+00
1.070987796783447266e+01
1.178486442565917969e+01
1.283396911621093750e+01
1.385593891143798828e+01
1.485037994384765625e+01
1.581838417053222656e+01
1.676104354858398438e+01
1.767647743225097656e+01
1.856577491760253906e+01
1.942928123474121094e+01
2.026660346984863281e+01
2.107808685302734375e+01
2.186407279968261719e+01
2.262267875671386719e+01
2.335721969604492188e+01
2.406506919860839844e+01
2.474805259704589844e+01
2.540502738952636719e+01
2.603633880615234375e+01
2.664232254028320312e+01
2.722257804870605469e+01
2.777744674682617188e+01
2.830652236938476562e+01
2.881014060974121094e+01
2.929087829589843750e+01
2.974460220336914062e+01
3.017611885070800781e+01
3.058055496215820312e+01
3.095973777770996094e+01
3.131474304199218750e+01
3.164292907714843750e+01
3.194612312316894531e+01
3.222539901733398438e+01
3.247514343261718750e+01
3.270014572143554688e+01
3.289999389648437500e+01
3.307279968261718750e+01
3.321887969970703125e+01
3.333856964111328125e+01
3.343145751953125000e+01
3.350083923339843750e+01
3.354110717773437500e+01
3.355703735351562500e+01
3.354376220703125000e+01
3.350531387329101562e+01
3.343756866455078125e+01
3.334010696411132812e+01
3.321994018554687500e+01
3.306178665161132812e+01
3.288008499145507812e+01
3.267441940307617188e+01
3.243693923950195312e+01
3.216737747192382812e+01
3.187353515625000000e+01
3.154850959777832031e+01
3.119283103942871094e+01
3.081445312500000000e+01
3.040647506713867188e+01
2.997685050964355469e+01
2.951867294311523438e+01
2.903989791870117188e+01
2.853362083435058594e+01
2.800779151916503906e+01
2.745550346374511719e+01
2.688470649719238281e+01
2.628106689453125000e+01
2.565995979309082031e+01
2.502190780639648438e+01
2.436743164062500000e+01
2.368961715698242188e+01
2.298155212402343750e+01
2.225861549377441406e+01
2.152132606506347656e+01
2.077019691467285156e+01
1.999831581115722656e+01
1.920619583129882812e+01
1.839435195922851562e+01
1.757073020935058594e+01
1.672097969055175781e+01
1.587534046173095703e+01
1.499716758728027344e+01
1.410183429718017578e+01
1.319728565216064453e+01
1.227659893035888672e+01
1.134028530120849609e+01
1.038885402679443359e+01
9.430246353149414062e+00
8.442677497863769531e+00
7.463809490203857422e+00
6.456997394561767578e+00
5.445040702819824219e+00
4.406152725219726562e+00
3.370564699172973633e+00
2.316489934921264648e+00
1.251864910125732422e+00
1.697640120983123779e-01
-9.293077588081359863e-01
-2.029983282089233398e+00
-3.139189481735229492e+00
-4.263853549957275391e+00
-5.403471469879150391e+00
-6.550109386444091797e+00
-7.708399295806884766e+00
-8.875280380249023438e+00
-1.005283069610595703e+01
-1.123866462707519531e+01
-1.243411827087402344e+01
-1.363680839538574219e+01
-1.484732341766357422e+01
-1.606551361083984375e+01
-1.728973960876464844e+01
-1.852059364318847656e+01
-1.975643539428710938e+01
-2.099860191345214844e+01
-2.224396514892578125e+01
-2.349460983276367188e+01
-2.474963569641113281e+01
-2.600740623474121094e+01
-2.726851463317871094e+01
-2.853058242797851562e+01
-2.979568481445312500e+01
-3.106218719482421875e+01
-3.232845306396484375e+01
-3.359655380249023438e+01
-3.486486434936523438e+01
-3.613248443603515625e+01
-3.739852523803710938e+01
-3.866431427001953125e+01
-3.992822265625000000e+01
-4.119084167480468750e+01
-4.244978713989257812e+01
-4.370640182495117188e+01
-4.496052932739257812e+01
-4.620979309082031250e+01
-4.745553207397460938e+01
-4.869610214233398438e+01
-4.993136215209960938e+01
-5.116263961791992188e+01
-5.238607788085937500e+01
-5.360449218750000000e+01
-5.481476211547851562e+01
-5.601896667480468750e+01
-5.721472167968750000e+01
-5.840262985229492188e+01
-5.958252716064453125e+01
-6.075353622436523438e+01
-6.191474914550781250e+01
-6.306601715087890625e+01
-6.420719909667968750e+01
-6.533739471435546875e+01
-6.645719146728515625e+01
-6.756495666503906250e+01
-6.866060638427734375e+01
-6.974430847167968750e+01
-7.081632232666015625e+01
-7.187466430664062500e+01
-7.292105102539062500e+01
-7.395573425292968750e+01
-7.497673034667968750e+01
-7.598576354980468750e+01
-7.698159790039062500e+01
-7.796596527099609375e+01
-7.893611907958984375e+01
-7.989380645751953125e+01
-8.083852386474609375e+01
-8.176976776123046875e+01
-8.268702697753906250e+01
-8.359130096435546875e+01
-8.448207855224609375e+01
-8.535812377929687500e+01
-8.622189331054687500e+01
-8.706992340087890625e+01
-8.790467834472656250e+01
-8.872490692138671875e+01
-8.953011322021484375e+01
-9.032090759277343750e+01
-9.109670257568359375e+01
-9.185773468017578125e+01
-9.260305786132812500e+01
-9.333283233642578125e+01
-9.404677581787109375e+01
-9.474467468261718750e+01
-9.542632293701171875e+01
-9.609150695800781250e+01
-9.673986053466796875e+01
-9.737127685546875000e+01
-9.798532104492187500e+01
-9.858191680908203125e+01
-9.916069793701171875e+01
-9.972150421142578125e+01
-1.002637557983398438e+02
-1.007873840332031250e+02
-1.012918090820312500e+02
-1.017769470214843750e+02
-1.022422943115234375e+02
-1.026874084472656250e+02
-1.031120681762695312e+02
-1.035162048339843750e+02
-1.038989944458007812e+02
-1.042613449096679688e+02
-1.046005096435546875e+02
-1.049175109863281250e+02
-1.052127227783203125e+02
-1.054847717285156250e+02
-1.057353973388671875e+02
-1.059641113281250000e+02
-1.061719055175781250e+02
-1.063582916259765625e+02
-1.065250015258789062e+02
-1.066700744628906250e+02
-1.067952194213867188e+02
-1.069014434814453125e+02
-1.069882431030273438e+02
-1.070551376342773438e+02
-1.071023635864257812e+02
-1.071316528320312500e+02
-1.071425018310546875e+02
-1.071351776123046875e+02
-1.071091537475585938e+02
-1.070661849975585938e+02
-1.070042648315429688e+02
-1.069258804321289062e+02
-1.068297805786132812e+02
-1.067176895141601562e+02
-1.065868835449218750e+02
-1.064413070678710938e+02
-1.062789840698242188e+02
-1.060994033813476562e+02
-1.059042892456054688e+02
-1.056923904418945312e+02
-1.054654388427734375e+02
-1.052214279174804688e+02
-1.049620971679687500e+02
-1.046861801147460938e+02
-1.043961563110351562e+02
-1.040892639160156250e+02
-1.037672500610351562e+02
-1.034295883178710938e+02
-1.030772628784179688e+02
-1.027097473144531250e+02
-1.023272933959960938e+02
-1.019286270141601562e+02
-1.015154800415039062e+02
-1.010858459472656250e+02
-1.006431503295898438e+02
-1.001838302612304688e+02
-9.970974731445312500e+01
-9.921942901611328125e+01
-9.871465301513671875e+01
-9.819497680664062500e+01
-9.765974426269531250e+01
-9.710932159423828125e+01
-9.654386138916015625e+01
-9.596374511718750000e+01
-9.536898040771484375e+01
-9.476017761230468750e+01
-9.413784790039062500e+01
-9.350207519531250000e+01
-9.285346984863281250e+01
-9.219229125976562500e+01
-9.151895141601562500e+01
-9.083375549316406250e+01
-9.013716125488281250e+01
-8.942932128906250000e+01
-8.871090698242187500e+01
-8.798229217529296875e+01
-8.724363708496093750e+01
-8.649516296386718750e+01
-8.573754882812500000e+01
-8.497107696533203125e+01
-8.419561004638671875e+01
-8.341271972656250000e+01
-8.262143707275390625e+01
-8.182242584228515625e+01
-8.101635742187500000e+01
-8.020315551757812500e+01
-7.938275146484375000e+01
-7.855655670166015625e+01
-7.772374725341796875e+01
-7.688574981689453125e+01
-7.604172515869140625e+01
-7.519384002685546875e+01
-7.433979034423828125e+01
-7.348171997070312500e+01
-7.261956024169921875e+01
-7.175398254394531250e+01
-7.088415527343750000e+01
-7.001149749755859375e+01
-6.913519287109375000e+01
-6.825738525390625000e+01
-6.737576293945312500e+01
-6.649323272705078125e+01
-6.560897064208984375e+01
-6.472364807128906250e+01
-6.383791351318359375e+01
-6.294873809814453125e+01
-6.206122970581054688e+01
-6.117160415649414062e+01
-6.028348922729492188e+01
-5.939533996582031250e+01
-5.850854873657226562e+01
-5.762229156494140625e+01
-5.673722076416015625e+01
-5.585309982299804688e+01
-5.497190856933593750e+01
-5.409189987182617188e+01
-5.321505355834960938e+01
-5.233888626098632812e+01
-5.146462631225585938e+01
-5.059499740600585938e+01
-4.972602462768554688e+01
-4.886117172241210938e+01
-4.799869918823242188e+01
-4.713909530639648438e+01
-4.628358840942382812e+01
-4.543044662475585938e+01
-4.458164215087890625e+01
-4.373617553710937500e+01
-4.289528274536132812e+01
-4.205796813964843750e+01
-4.122620773315429688e+01
-4.039826202392578125e+01
-3.957610321044921875e+01
-3.875799942016601562e+01
-3.794518280029296875e+01
-3.713888549804687500e+01
-3.633737564086914062e+01
-3.554262161254882812e+01
-3.475437927246093750e+01
-3.397090911865234375e+01
-3.319567489624023438e+01
-3.242694091796875000e+01
-3.166519927978515625e+01
-3.091168975830078125e+01
-3.016467094421386719e+01
-2.942687034606933594e+01
-2.869729614257812500e+01
-2.797495460510253906e+01
-2.726256752014160156e+01
-2.655914878845214844e+01
-2.586593437194824219e+01
-2.518342018127441406e+01
-2.450987434387207031e+01
-2.384727859497070312e+01
-2.319538497924804688e+01
-2.255469512939453125e+01
-2.192496109008789062e+01
-2.130891036987304688e+01
-2.070407104492187500e+01
-2.011168479919433594e+01
-1.953224754333496094e+01
-1.896626472473144531e+01
-1.841413879394531250e+01
-1.787516593933105469e+01
-1.735002708435058594e+01
-1.683866310119628906e+01
-1.634027671813964844e+01
-1.585629558563232422e+01
-1.538369178771972656e+01
-1.492240619659423828e+01
-1.447610092163085938e+01
-1.404100513458251953e+01
-1.361929607391357422e+01
-1.320868492126464844e+01
-1.281283855438232422e+01
-1.242724227905273438e+01
-1.205333232879638672e+01
-1.169328308105468750e+01
-1.134481716156005859e+01
-1.100788116455078125e+01
-1.068242645263671875e+01
-1.036988830566406250e+01
-1.006873130798339844e+01
-9.779650688171386719e+00
-9.502596855163574219e+00
-9.236781120300292969e+00
-8.983641624450683594e+00
-8.741645812988281250e+00
-8.512232780456542969e+00
-8.294616699218750000e+00
-8.088749885559082031e+00
-7.895332813262939453e+00
-7.712836265563964844e+00
-7.541958332061767578e+00
-7.384143829345703125e+00
-7.237864971160888672e+00
-7.103823184967041016e+00
-6.981976509094238281e+00
-6.872285366058349609e+00
-6.775454044342041016e+00
-6.689955711364746094e+00
-6.618725299835205078e+00
-6.559494018554687500e+00
-6.512969493865966797e+00
-6.479113101959228516e+00
-6.459375381469726562e+00
-6.451490879058837891e+00
-6.458397388458251953e+00
-6.477829933166503906e+00
-6.510498046875000000e+00
-6.557110786437988281e+00
-6.617635726928710938e+00
-6.691967964172363281e+00
-6.780459403991699219e+00
-6.881903648376464844e+00
-6.996582984924316406e+00
-7.124035358428955078e+00
-7.265285015106201172e+00
-7.418385505676269531e+00
-7.583621025085449219e+00
-7.760530948638916016e+00
-7.950143337249755859e+00
-8.150511741638183594e+00
-8.361923217773437500e+00
-8.584664344787597656e+00
-8.817531585693359375e+00
-9.061557769775390625e+00
-9.316285133361816406e+00
-9.582002639770507812e+00
-9.856025695800781250e+00
-1.014087104797363281e+01
-1.043534278869628906e+01
-1.073898601531982422e+01
-1.105209255218505859e+01
-1.137420749664306641e+01
-1.170488166809082031e+01
-1.204440307617187500e+01
-1.239232158660888672e+01
-1.274818801879882812e+01
-1.311303520202636719e+01
-1.348418617248535156e+01
-1.386490440368652344e+01
-1.425177001953125000e+01
-1.464656352996826172e+01
-1.504809093475341797e+01
-1.545665073394775391e+01
-1.587253570556640625e+01
-1.629604148864746094e+01
-1.672449111938476562e+01
-1.716115760803222656e+01
-1.760187339782714844e+01
-1.804990959167480469e+01
-1.850482368469238281e+01
-1.896468162536621094e+01
-1.942903518676757812e+01
-1.989967346191406250e+01
-2.037614822387695312e+01
-2.085653114318847656e+01
-2.134037590026855469e+01
-2.183169937133789062e+01
-2.232634162902832031e+01
-2.282534599304199219e+01
-2.332975578308105469e+01
-2.383914375305175781e+01
-2.435085487365722656e+01
-2.486594772338867188e+01
-2.538548660278320312e+01
-2.590978622436523438e+01
-2.643619346618652344e+01
-2.696576881408691406e+01
-2.749734306335449219e+01
-2.803272247314453125e+01
-2.857148170471191406e+01
-2.911245536804199219e+01
-2.965521430969238281e+01
-3.020007705688476562e+01
-3.074736595153808594e+01
-3.129591369628906250e+01
-3.184678077697753906e+01
-3.239879226684570312e+01
-3.295228195190429688e+01
-3.350607299804687500e+01
-3.406196975708007812e+01
-3.461806488037109375e+01
-3.517541885375976562e+01
-3.573212432861328125e+01
-3.628923797607421875e+01
-3.684708023071289062e+01
-3.740374374389648438e+01
-3.796028900146484375e+01
-3.851651000976562500e+01
-3.907154083251953125e+01
-3.962540435791015625e+01
-4.017789459228515625e+01
-4.072888565063476562e+01
-4.127802658081054688e+01
-4.182519149780273438e+01
-4.236987686157226562e+01
-4.291210556030273438e+01
-4.345145416259765625e+01
-4.398786926269531250e+01
-4.452088928222656250e+01
-4.505043411254882812e+01
-4.557608032226562500e+01
-4.609766387939453125e+01
-4.661487197875976562e+01
-4.712740707397460938e+01
-4.763491821289062500e+01
-4.813719940185546875e+01
-4.863397979736328125e+01
-4.912481689453125000e+01
-4.960951995849609375e+01
-5.008763885498046875e+01
-5.055957412719726562e+01
-5.102509689331054688e+01
-5.148407363891601562e+01
-5.193679428100585938e+01
-5.238312530517578125e+01
-5.282306671142578125e+01
-5.325691986083984375e+01
-5.368446350097656250e+01
-5.410592651367187500e+01
-5.452048873901367188e+01
-5.493030929565429688e+01
-5.533235931396484375e+01
-5.572877502441406250e+01
-5.611800003051757812e+01
-5.650220108032226562e+01
-5.687907409667968750e+01
-5.724853515625000000e+01
-5.761349487304687500e+01
-5.797090148925781250e+01
-5.832141876220703125e+01
-5.866572189331054688e+01
-5.900298690795898438e+01
-5.933388900756835938e+01
-5.965759658813476562e+01
-5.997405242919921875e+01
-6.028464508056640625e+01
-6.058707046508789062e+01
-6.088200759887695312e+01
-6.117011260986328125e+01
-6.145130920410156250e+01
-6.172402954101562500e+01
-6.198819732666015625e+01
-6.224669647216796875e+01
-6.249574279785156250e+01
-6.273748016357421875e+01
-6.297108078002929688e+01
-6.319572067260742188e+01
-6.341205978393554688e+01
-6.361927413940429688e+01
-6.381876754760742188e+01
-6.400822448730468750e+01
-6.418979644775390625e+01
-6.436116027832031250e+01
-6.452297210693359375e+01
-6.467590332031250000e+01
-6.481836700439453125e+01
-6.495101928710937500e+01
-6.507304382324218750e+01
-6.518508148193359375e+01
-6.528710937500000000e+01
-6.537784576416015625e+01
-6.545757293701171875e+01
-6.552802276611328125e+01
-6.558799743652343750e+01
-6.563848876953125000e+01
-6.567903900146484375e+01
-6.570915222167968750e+01
-6.573059082031250000e+01
-6.574288177490234375e+01
-6.574552917480468750e+01
-6.573955535888671875e+01
-6.572373199462890625e+01
-6.569905853271484375e+01
-6.566580200195312500e+01
-6.562274169921875000e+01
-6.557237243652343750e+01
-6.551285552978515625e+01
-6.544491577148437500e+01
-6.536843872070312500e+01
-6.528308105468750000e+01
-6.519029998779296875e+01
-6.508914947509765625e+01
-6.497997283935546875e+01
-6.486273956298828125e+01
-6.473761749267578125e+01
-6.460465240478515625e+01
-6.446378326416015625e+01
-6.431521606445312500e+01
-6.415896606445312500e+01
-6.399507141113281250e+01
-6.382364273071289062e+01
-6.364469528198242188e+01
-6.345843124389648438e+01
-6.326471710205078125e+01
-6.306362152099609375e+01
-6.285544967651367188e+01
-6.264007568359375000e+01
-6.241752243041992188e+01
-6.218785095214843750e+01
-6.195111465454101562e+01
-6.170727920532226562e+01
-6.145667266845703125e+01
-6.119910049438476562e+01
-6.093443679809570312e+01
-6.066300582885742188e+01
-6.038476181030273438e+01
-6.009957504272460938e+01
-5.980778503417968750e+01
-5.950931930541992188e+01
-5.920416259765625000e+01
-5.889237976074218750e+01
-5.857446670532226562e+01
-5.825057601928710938e+01
-5.791977691650390625e+01
-5.758372116088867188e+01
-5.724199676513671875e+01
-5.689343261718750000e+01
-5.653983688354492188e+01
-5.618077850341796875e+01
-5.581585311889648438e+01
-5.544610977172851562e+01
-5.507111740112304688e+01
-5.469121551513671875e+01
-5.430596542358398438e+01
-5.391569519042968750e+01
-5.352071762084960938e+01
-5.312134933471679688e+01
-5.271791458129882812e+01
-5.230997848510742188e+01
-5.189786911010742188e+01
-5.148189926147460938e+01
-5.106238937377929688e+01
-5.063816452026367188e+01
-5.021103286743164062e+01
-4.978056335449218750e+01
-4.934633255004882812e+01
-4.890940093994140625e+01
-4.846859741210937500e+01
-4.802572250366210938e+01
-4.757961273193359375e+01
-4.713131332397460938e+01
-4.668040847778320312e+01
-4.622721481323242188e+01
-4.577204132080078125e+01
-4.531446075439453125e+01
-4.485627746582031250e+01
-4.439557647705078125e+01
-4.393341445922851562e+01
-4.347085189819335938e+01
-4.300671768188476562e+01
-4.254058074951171875e+01
-4.207498931884765625e+01
-4.161025619506835938e+01
-4.114372253417968750e+01
-4.067718887329101562e+01
-4.020948791503906250e+01
-3.974390411376953125e+01
-3.927852249145507812e+01
-3.881291580200195312e+01
-3.834959793090820312e+01
-3.788574981689453125e+01
-3.742223358154296875e+01
-3.696214675903320312e+01
-3.650040817260742188e+01
-3.604085922241210938e+01
-3.558213043212890625e+01
-3.512509155273437500e+01
-3.466837692260742188e+01
-3.421285247802734375e+01
-3.375938796997070312e+01
-3.330735397338867188e+01
-3.285539627075195312e+01
-3.240512084960937500e+01
-3.195664978027343750e+01
-3.151084899902343750e+01
-3.106487274169921875e+01
-3.062181282043457031e+01
-3.017956352233886719e+01
-2.973899841308593750e+01
-2.930171966552734375e+01
-2.886562347412109375e+01
-2.843157958984375000e+01
-2.799971199035644531e+01
-2.757014465332031250e+01
-2.714300155639648438e+01
-2.671841049194335938e+01
-2.629649162292480469e+01
-2.587737274169921875e+01
-2.546043968200683594e+01
-2.504655647277832031e+01
-2.463733673095703125e+01
-2.422993469238281250e+01
-2.382670783996582031e+01
-2.342703628540039062e+01
-2.302956199645996094e+01
-2.263664436340332031e+01
-2.224840545654296875e+01
-2.186274719238281250e+01
-2.148202705383300781e+01
-2.110637283325195312e+01
-2.073442649841308594e+01
-2.036706161499023438e+01
-2.000588989257812500e+01
-1.964807510375976562e+01
-1.929671287536621094e+01
-1.895044898986816406e+01
-1.861015892028808594e+01
-1.827448844909667969e+01
-1.794579315185546875e+01
-1.762268066406250000e+01
-1.730581092834472656e+01
-1.699580383300781250e+01
-1.669104766845703125e+01
-1.639216804504394531e+01
-1.609903907775878906e+01
-1.581302452087402344e+01
-1.553177547454833984e+01
-1.525665664672851562e+01
-1.498680114746093750e+01
-1.472209262847900391e+01
-1.446389770507812500e+01
-1.421135044097900391e+01
-1.396359062194824219e+01
-1.372272777557373047e+01
-1.348641586303710938e+01
-1.325602340698242188e+01
-1.303143215179443359e+01
-1.281178188323974609e+01
-1.259844303131103516e+01
-1.238981246948242188e+01
-1.218726253509521484e+01
-1.198993396759033203e+01
-1.179845428466796875e+01
-1.161196613311767578e+01
-1.143184280395507812e+01
-1.125648403167724609e+01
-1.108726310729980469e+01
-1.092332458496093750e+01
-1.076381111145019531e+01
-1.061158657073974609e+01
-1.046356391906738281e+01
-1.032186317443847656e+01
-1.018562984466552734e+01
-1.005400943756103516e+01
-9.929866790771484375e+00
-9.810118675231933594e+00
-9.696141242980957031e+00
-9.588569641113281250e+00
-9.486552238464355469e+00
-9.389238357543945312e+00
-9.299490928649902344e+00
-9.214231491088867188e+00
-9.135581970214843750e+00
-9.062690734863281250e+00
-8.995454788208007812e+00
-8.934507369995117188e+00
-8.879744529724121094e+00
-8.829574584960937500e+00
-8.786864280700683594e+00
-8.750748634338378906e+00
-8.718806266784667969e+00
-8.694547653198242188e+00
-8.675533294677734375e+00
-8.662301063537597656e+00
-8.654643058776855469e+00
-8.653096199035644531e+00
-8.657454490661621094e+00
-8.667511940002441406e+00
-8.682318687438964844e+00
-8.703158378601074219e+00
-8.729079246520996094e+00
-8.759878158569335938e+00
-8.796836853027343750e+00
-8.838265419006347656e+00
-8.885444641113281250e+00
-8.936685562133789062e+00
-8.993270874023437500e+00
-9.055740356445312500e+00
-9.121662139892578125e+00
-9.193062782287597656e+00
-9.269740104675292969e+00
-9.349263191223144531e+00
-9.435145378112792969e+00
-9.524956703186035156e+00
-9.618494033813476562e+00
-9.717787742614746094e+00
-9.820408821105957031e+00
-9.927641868591308594e+00
-1.003854274749755859e+01
-1.015365695953369141e+01
-1.027278518676757812e+01
-1.039572620391845703e+01
-1.052153968811035156e+01
-1.065225696563720703e+01
-1.078619194030761719e+01
-1.092314815521240234e+01
-1.106515598297119141e+01
-1.120904636383056641e+01
-1.135685157775878906e+01
-1.150837421417236328e+01
-1.166193103790283203e+01
-1.181881237030029297e+01
-1.197882270812988281e+01
-1.214176559448242188e+01
-1.230670166015625000e+01
-1.247492122650146484e+01
-1.264474296569824219e+01
-1.281746006011962891e+01
-1.299287414550781250e+01
-1.316976642608642578e+01
-1.334919929504394531e+01
-1.353120708465576172e+01
-1.371426963806152344e+01
-1.389983081817626953e+01
-1.408733558654785156e+01
-1.427689456939697266e+01
-1.446817302703857422e+01
-1.466143131256103516e+01
-1.485655784606933594e+01
-1.505336666107177734e+01
-1.525204467773437500e+01
-1.545232868194580078e+01
-1.565425968170166016e+01
-1.585772514343261719e+01
-1.606283569335937500e+01
-1.626918411254882812e+01
-1.647695541381835938e+01
-1.668611335754394531e+01
-1.689647102355957031e+01
-1.710799217224121094e+01
-1.732064247131347656e+01
-1.753430557250976562e+01
-1.774880027770996094e+01
-1.796430587768554688e+01
-1.818049430847167969e+01
-1.839732742309570312e+01
-1.861483764648437500e+01
-1.883276939392089844e+01
-1.905108261108398438e+01
-1.926973724365234375e+01
-1.948862457275390625e+01
-1.970748519897460938e+01
-1.992657279968261719e+01
-2.014525985717773438e+01
-2.036395072937011719e+01
-2.058223724365234375e+01
-2.080015373229980469e+01
-2.101743888854980469e+01
-2.123412895202636719e+01
-2.144996261596679688e+01
-2.166489982604980469e+01
-2.187882804870605469e+01
-2.209148216247558594e+01
-2.230290222167968750e+01
-2.251274681091308594e+01
-2.272120094299316406e+01
-2.292778015136718750e+01
-2.313251686096191406e+01
-2.333522415161132812e+01
-2.353581237792968750e+01
-2.373430061340332031e+01
-2.393058204650878906e+01
-2.412485313415527344e+01
-2.431693267822265625e+01
-2.450678825378417969e+01
-2.469461441040039062e+01
-2.488030433654785156e+01
-2.506397438049316406e+01
-2.524537467956542969e+01
-2.542476654052734375e+01
-2.560189819335937500e+01
-2.577680969238281250e+01
-2.594962120056152344e+01
-2.612022209167480469e+01
-2.628865814208984375e+01
-2.645466995239257812e+01
-2.661859893798828125e+01
-2.678011512756347656e+01
-2.693947982788085938e+01
-2.709636688232421875e+01
-2.725103759765625000e+01
-2.740323448181152344e+01
-2.755307197570800781e+01
-2.770043945312500000e+01
-2.784523391723632812e+01
-2.798756599426269531e+01
-2.812732315063476562e+01
-2.826432418823242188e+01
-2.839883041381835938e+01
-2.853051185607910156e+01
-2.865940093994140625e+01
-2.878553581237792969e+01
-2.890880775451660156e+01
-2.902925109863281250e+01
-2.914661026000976562e+01
-2.926113510131835938e+01
-2.937249946594238281e+01
-2.948081016540527344e+01
-2.958602714538574219e+01
-2.968788909912109375e+01
-2.978665161132812500e+01
-2.988190269470214844e+01
-2.997368049621582031e+01
-3.006208992004394531e+01
-3.014701461791992188e+01
-3.022834014892578125e+01
-3.030617141723632812e+01
-3.038017272949218750e+01
-3.045052146911621094e+01
-3.051718902587890625e+01
-3.057998847961425781e+01
-3.063873863220214844e+01
-3.069326591491699219e+01
-3.074487876892089844e+01
-3.079295539855957031e+01
-3.083612632751464844e+01
-3.087674522399902344e+01
-3.091269493103027344e+01
-3.094558906555175781e+01
-3.097554206848144531e+01
-3.100044059753417969e+01
-3.102189064025878906e+01
-3.104001235961914062e+01
-3.105491828918457031e+01
-3.106598663330078125e+01
-3.107407951354980469e+01
-3.107856559753417969e+01
-3.107956123352050781e+01
-3.107719039916992188e+01
-3.107081604003906250e+01
-3.106130218505859375e+01
-3.104802322387695312e+01
-3.103183364868164062e+01
-3.101285171508789062e+01
-3.098970603942871094e+01
-3.096473884582519531e+01
-3.093360710144042969e+01
-3.090162849426269531e+01
-3.086520195007324219e+01
-3.082592391967773438e+01
-3.078317070007324219e+01
-3.073779487609863281e+01
-3.068916702270507812e+01
-3.063740348815917969e+01
-3.058261680603027344e+01
-3.052417564392089844e+01
-3.046293449401855469e+01
-3.039900970458984375e+01
-3.033251190185546875e+01
-3.026206588745117188e+01
-3.018926811218261719e+01
-3.011423683166503906e+01
-3.003558921813964844e+01
-2.995344161987304688e+01
-2.987013435363769531e+01
-2.978280067443847656e+01
-2.969379043579101562e+01
-2.960097122192382812e+01
-2.950669479370117188e+01
-2.940882873535156250e+01
-2.930895423889160156e+01
-2.920640373229980469e+01
-2.910126876831054688e+01
-2.899436759948730469e+01
-2.888430595397949219e+01
-2.877190017700195312e+01
-2.865723800659179688e+01
-2.854040145874023438e+01
-2.842147445678710938e+01
-2.829978752136230469e+01
-2.817542457580566406e+01
-2.804847145080566406e+01
-2.791975021362304688e+01
-2.778859519958496094e+01
-2.765583038330078125e+01
-2.752079582214355469e+01
-2.738356971740722656e+01
-2.724422836303710938e+01
-2.710285568237304688e+01
-2.695952987670898438e+01
-2.681358337402343750e+01
-2.666658401489257812e+01
-2.651786613464355469e+01
-2.636750984191894531e+01
-2.621484947204589844e+01
-2.606070518493652344e+01
-2.590441513061523438e+01
-2.574679756164550781e+01
-2.558793067932128906e+01
-2.542715072631835938e+01
-2.526527786254882812e+01
-2.510238838195800781e+01
-2.493782043457031250e+01
-2.477239036560058594e+01
-2.460543823242187500e+01
-2.443778038024902344e+01
-2.426875305175781250e+01
-2.409769058227539062e+01
-2.392764472961425781e+01
-2.375571823120117188e+01
-2.358348083496093750e+01
-2.341026306152343750e+01
-2.323688507080078125e+01
-2.306343078613281250e+01
-2.288923072814941406e+01
-2.271362113952636719e+01
-2.253816795349121094e+01
-2.236369514465332031e+01
-2.218804740905761719e+01
-2.201277923583984375e+01
-2.183789443969726562e+01
-2.166264152526855469e+01
-2.148775100708007812e+01
-2.131247711181640625e+01
-2.113829612731933594e+01
-2.096296501159667969e+01
-2.078870773315429688e+01
-2.061328887939453125e+01
-2.043892478942871094e+01
-2.026486968994140625e+01
-2.009110832214355469e+01
-1.991763877868652344e+01
-1.974296569824218750e+01
-1.957079505920410156e+01
-1.939740371704101562e+01
-1.922501373291015625e+01
-1.905287170410156250e+01
-1.887948799133300781e+01
-1.870856857299804688e+01
-1.853713035583496094e+01
-1.836665534973144531e+01
-1.819639396667480469e+01
-1.802707862854003906e+01
-1.785795974731445312e+01
-1.768977165222167969e+01
-1.752176475524902344e+01
-1.735467529296875000e+01
-1.718849372863769531e+01
-1.702321243286132812e+01
-1.685882568359375000e+01
-1.669532394409179688e+01
-1.653269958496093750e+01
-1.637094688415527344e+01
-1.621005439758300781e+01
-1.605076408386230469e+01
-1.589231777191162109e+01
-1.573545646667480469e+01
-1.557868385314941406e+01
-1.542422389984130859e+01
-1.527058124542236328e+01
-1.511923599243164062e+01
-1.496794986724853516e+01
-1.481894683837890625e+01
-1.467147827148437500e+01
-1.452627849578857422e+01
-1.438259792327880859e+01
-1.423968696594238281e+01
-1.409977054595947266e+01
-1.396061134338378906e+01
-1.382442188262939453e+01
-1.368965911865234375e+01
-1.355625152587890625e+01
-1.342561340332031250e+01
-1.329693603515625000e+01
-1.317014789581298828e+01
-1.304443740844726562e+01
-1.292196464538574219e+01
-1.280043220520019531e+01
-1.268051719665527344e+01
-1.256289386749267578e+01
-1.244749450683593750e+01
-1.233350849151611328e+01
-1.222161483764648438e+01
-1.211174583435058594e+01
-1.200457859039306641e+01
-1.189856338500976562e+01
-1.179511928558349609e+01
-1.169269657135009766e+01
-1.159346103668212891e+01
-1.149586105346679688e+01
-1.139983367919921875e+01
-1.130605888366699219e+01
-1.121447467803955078e+01
-1.112427425384521484e+01
-1.103613948822021484e+01
-1.095074939727783203e+01
-1.086655902862548828e+01
-1.078499317169189453e+01
-1.070450210571289062e+01
-1.062725639343261719e+01
-1.055096626281738281e+01
-1.047854232788085938e+01
-1.040695285797119141e+01
-1.033688163757324219e+01
-1.026901149749755859e+01
-1.020402526855468750e+01
-1.014112186431884766e+01
-1.007949829101562500e+01
-1.002058029174804688e+01
-9.963566780090332031e+00
-9.909142494201660156e+00
-9.855018615722656250e+00
-9.804106712341308594e+00
-9.755608558654785156e+00
-9.709609985351562500e+00
-9.665089607238769531e+00
-9.623175621032714844e+00
-9.582249641418457031e+00
-9.544556617736816406e+00
-9.508551597595214844e+00
-9.474548339843750000e+00
-9.442713737487792969e+00
-9.412915229797363281e+00
-9.385169029235839844e+00
-9.359494209289550781e+00
-9.335906028747558594e+00
-9.314349174499511719e+00
-9.294765472412109375e+00
-9.277247428894042969e+00
-9.261737823486328125e+00
-9.248178482055664062e+00
-9.236738204956054688e+00
-9.227210044860839844e+00
-9.219612121582031250e+00
-9.213962554931640625e+00
-9.210427284240722656e+00
-9.208580017089843750e+00
-9.208736419677734375e+00
-9.210692405700683594e+00
-9.214613914489746094e+00
-9.220298767089843750e+00
-9.227841377258300781e+00
-9.237110137939453125e+00
-9.248127937316894531e+00
-9.260913848876953125e+00
-9.275487899780273438e+00
-9.291649818420410156e+00
-9.309494018554687500e+00
-9.328967094421386719e+00
-9.350091934204101562e+00
-9.372668266296386719e+00
-9.396940231323242188e+00
-9.422708511352539062e+00
-9.449773788452148438e+00
-9.478531837463378906e+00
-9.508560180664062500e+00
-9.540029525756835938e+00
-9.572819709777832031e+00
-9.606879234313964844e+00
-9.642307281494140625e+00
-9.678906440734863281e+00
-9.716777801513671875e+00
-9.755650520324707031e+00
-9.795846939086914062e+00
-9.836977005004882812e+00
-9.879186630249023438e+00
-9.922407150268554688e+00
-9.966538429260253906e+00
-1.001157760620117188e+01
-1.005748558044433594e+01
-1.010422229766845703e+01
-1.015183162689208984e+01
-1.020027923583984375e+01
-1.024955844879150391e+01
-1.029965209960937500e+01
-1.035057067871093750e+01
-1.040229225158691406e+01
-1.045480728149414062e+01
-1.050810337066650391e+01
-1.056216716766357422e+01
-1.061699295043945312e+01
-1.067255878448486328e+01
-1.072885036468505859e+01
-1.078585338592529297e+01
-1.084355449676513672e+01
-1.090193462371826172e+01
-1.096097087860107422e+01
-1.102063465118408203e+01
-1.108089923858642578e+01
-1.114173698425292969e+01
-1.120312500000000000e+01
-1.126503276824951172e+01
-1.132742881774902344e+01
-1.139028930664062500e+01
-1.145358085632324219e+01
-1.151726913452148438e+01
-1.158132648468017578e+01
-1.164572238922119141e+01
-1.171042060852050781e+01
-1.177539062500000000e+01
-1.184059715270996094e+01
-1.190597343444824219e+01
-1.197151374816894531e+01
-1.203715705871582031e+01
-1.210286235809326172e+01
-1.216859817504882812e+01
-1.223430633544921875e+01
-1.229995632171630859e+01
-1.236549758911132812e+01
-1.243090152740478516e+01
-1.249612331390380859e+01
-1.256111240386962891e+01
-1.262583065032958984e+01
-1.269028949737548828e+01
-1.275433158874511719e+01
-1.281792736053466797e+01
-1.288107490539550781e+01
-1.294376468658447266e+01
-1.300591850280761719e+01
-1.306738758087158203e+01
-1.312849903106689453e+01
-1.318869400024414062e+01
-1.324837970733642578e+01
-1.330736732482910156e+01
-1.336576843261718750e+01
-1.342339706420898438e+01
-1.348028755187988281e+01
-1.353662776947021484e+01
-1.359237766265869141e+01
-1.364735317230224609e+01
-1.370173645019531250e+01
-1.375534439086914062e+01
-1.380814075469970703e+01
-1.386038303375244141e+01
-1.391181087493896484e+01
-1.396246242523193359e+01
-1.401244926452636719e+01
-1.406165790557861328e+01
-1.411012840270996094e+01
-1.415789413452148438e+01
-1.420469570159912109e+01
-1.425071620941162109e+01
-1.429599571228027344e+01
-1.434034347534179688e+01
-1.438386917114257812e+01
-1.442661094665527344e+01
-1.446852588653564453e+01
-1.450935459136962891e+01
-1.454950046539306641e+01
-1.458862590789794922e+01
-1.462691116333007812e+01
-1.466416931152343750e+01
-1.470050716400146484e+01
-1.473595237731933594e+01
-1.477031803131103516e+01
-1.480378150939941406e+01
-1.483644676208496094e+01
-1.486782646179199219e+01
-1.489809608459472656e+01
-1.492743396759033203e+01
-1.495571994781494141e+01
-1.498268413543701172e+01
-1.500872898101806641e+01
-1.503365516662597656e+01
-1.505749225616455078e+01
-1.508018970489501953e+01
-1.510170078277587891e+01
-1.512190437316894531e+01
-1.514111995697021484e+01
-1.515893077850341797e+01
-1.517566108703613281e+01
-1.519112014770507812e+01
-1.520533752441406250e+01
-1.521826839447021484e+01
-1.523001861572265625e+01
-1.524046897888183594e+01
-1.524957466125488281e+01
-1.525766181945800781e+01
-1.526431465148925781e+01
-1.526956462860107422e+01
-1.527351570129394531e+01
-1.527627182006835938e+01
-1.527741718292236328e+01
-1.527735233306884766e+01
-1.527603626251220703e+01
-1.527305316925048828e+01
-1.526932525634765625e+01
-1.526458549499511719e+01
-1.525827217102050781e+01
-1.525041675567626953e+01
-1.524105358123779297e+01
-1.523021030426025391e+01
-1.521866512298583984e+01
-1.520570659637451172e+01
-1.519062614440917969e+01
-1.517494106292724609e+01
-1.515868663787841797e+01
-1.514040946960449219e+01
-1.512162685394287109e+01
-1.510089206695556641e+01
-1.507897758483886719e+01
-1.505591773986816406e+01
-1.503100585937500000e+01
-1.500575923919677734e+01
-1.497947120666503906e+01
-1.495143222808837891e+01
-1.492241573333740234e+01
-1.489246082305908203e+01
-1.486085605621337891e+01
-1.482911968231201172e+01
-1.479579830169677734e+01
-1.476167011260986328e+01
-1.472602176666259766e+01
-1.468963050842285156e+01
-1.465178489685058594e+01
-1.461400127410888672e+01
-1.457482433319091797e+01
-1.453428554534912109e+01
-1.449315738677978516e+01
-1.445146274566650391e+01
-1.440921974182128906e+01
-1.436494541168212891e+01
-1.432013511657714844e+01
-1.427479839324951172e+01
-1.422819614410400391e+01
-1.418181896209716797e+01
-1.413344764709472656e+01
-1.408456897735595703e+01
-1.403444576263427734e+01
-1.398382663726806641e+01
-1.393271064758300781e+01
-1.388036060333251953e+01
-1.382677936553955078e+01
-1.377270889282226562e+01
-1.371815395355224609e+01
-1.366237068176269531e+01
-1.360684585571289062e+01
-1.355009555816650391e+01
-1.349211883544921875e+01
-1.343291568756103516e+01
-1.337322998046875000e+01
-1.331306266784667969e+01
-1.325241088867187500e+01
-1.319053363800048828e+01
-1.312891769409179688e+01
-1.306533145904541016e+01
-1.300126361846923828e+01
-1.293671417236328125e+01
-1.287168407440185547e+01
-1.280543136596679688e+01
-1.273944282531738281e+01
-1.267223453521728516e+01
-1.260455322265625000e+01
-1.253639984130859375e+01
-1.246777820587158203e+01
-1.239720535278320312e+01
-1.232765960693359375e+01
-1.225691413879394531e+01
-1.218423175811767578e+01
-1.211482048034667969e+01
-1.204274177551269531e+01
-1.197023296356201172e+01
-1.189729785919189453e+01
-1.182469081878662109e+01
-1.175167655944824219e+01
-1.167751884460449219e+01
-1.160445880889892578e+01
-1.153027534484863281e+01
-1.145646572113037109e+01
-1.138154888153076172e+01
-1.130626201629638672e+01
-1.123208045959472656e+01
-1.115750885009765625e+01
-1.108327674865722656e+01
-1.100788974761962891e+01
-1.093282413482666016e+01
-1.085881233215332031e+01
-1.078361320495605469e+01
-1.070870494842529297e+01
-1.063407707214355469e+01
-1.055897426605224609e+01
-1.048412895202636719e+01
-1.040952968597412109e+01
-1.033516597747802734e+01
-1.026027965545654297e+01
-1.018560504913330078e+01
-1.011112689971923828e+01
-1.003757476806640625e+01
-9.964191436767578125e+00
-9.889476776123046875e+00
-9.815643310546875000e+00
-9.742676734924316406e+00
-9.668628692626953125e+00
-9.595784187316894531e+00
-9.523756027221679688e+00
-9.451037406921386719e+00
-9.379022598266601562e+00
-9.307246208190917969e+00
-9.235912322998046875e+00
-9.164627075195312500e+00
-9.093816757202148438e+00
-9.023013114929199219e+00
-8.952790260314941406e+00
-8.882903099060058594e+00
-8.813328742980957031e+00
-8.744044303894042969e+00
-8.675175666809082031e+00
-8.606627464294433594e+00
-8.538599014282226562e+00
-8.470844268798828125e+00
-8.403564453125000000e+00
-8.336661338806152344e+00
-8.270113945007324219e+00
-8.204123497009277344e+00
-8.138444900512695312e+00
-8.073279380798339844e+00
-8.008534431457519531e+00
-7.944261550903320312e+00
-7.880368709564208984e+00
-7.816985130310058594e+00
-7.754088401794433594e+00
-7.691584587097167969e+00
-7.629675388336181641e+00
-7.568266391754150391e+00
-7.507339954376220703e+00
-7.446877479553222656e+00
-7.386937141418457031e+00
-7.327651023864746094e+00
-7.268779754638671875e+00
-7.210608005523681641e+00
-7.152824401855468750e+00
-7.095787048339843750e+00
-7.039263248443603516e+00
-6.983387470245361328e+00
-6.928151607513427734e+00
-6.873395919799804688e+00
-6.819483757019042969e+00
-6.766183853149414062e+00
-6.713561534881591797e+00
-6.661609649658203125e+00
-6.610321521759033203e+00
-6.559837818145751953e+00
-6.510004043579101562e+00
-6.460962295532226562e+00
-6.412705421447753906e+00
-6.365152835845947266e+00
-6.318447113037109375e+00
-6.272581100463867188e+00
-6.227473258972167969e+00
-6.183190822601318359e+00
-6.139725685119628906e+00
-6.097144603729248047e+00
-6.055363655090332031e+00
-6.014448642730712891e+00
-5.974389076232910156e+00
-5.935248374938964844e+00
-5.896867752075195312e+00
-5.859456062316894531e+00
-5.822852611541748047e+00
-5.787192344665527344e+00
-5.752386093139648438e+00
-5.718344688415527344e+00
-5.685198783874511719e+00
-5.653007030487060547e+00
-5.621527671813964844e+00
-5.590890884399414062e+00
-5.561225414276123047e+00
-5.532288551330566406e+00
-5.504058837890625000e+00
-5.476739883422851562e+00
-5.450167179107666016e+00
-5.424327373504638672e+00
-5.399280071258544922e+00
-5.375010967254638672e+00
-5.351430892944335938e+00
-5.328673362731933594e+00
-5.306648731231689453e+00
-5.285416603088378906e+00
-5.264739036560058594e+00
-5.244824886322021484e+00
-5.225584983825683594e+00
-5.206932067871093750e+00
-5.189074993133544922e+00
-5.171778678894042969e+00
-5.155106067657470703e+00
-5.139045715332031250e+00
-5.123661518096923828e+00
-5.108870983123779297e+00
-5.094739437103271484e+00
-5.081111907958984375e+00
-5.068056583404541016e+00
-5.055495262145996094e+00
-5.043572425842285156e+00
-5.032211780548095703e+00
-5.021487236022949219e+00
-5.011250495910644531e+00
-5.001503467559814453e+00
-4.992397308349609375e+00
-4.983640193939208984e+00
-4.975607872009277344e+00
-4.968010902404785156e+00
-4.961004734039306641e+00
-4.954598903656005859e+00
-4.948580265045166016e+00
-4.943181514739990234e+00
-4.938415527343750000e+00
-4.934071063995361328e+00
-4.930308818817138672e+00
-4.927142620086669922e+00
-4.924437046051025391e+00
-4.922429561614990234e+00
-4.920835971832275391e+00
-4.919893741607666016e+00
-4.919467449188232422e+00
-4.919644832611083984e+00
-4.920365333557128906e+00
-4.921639919281005859e+00
-4.923555850982666016e+00
-4.925974845886230469e+00
0.000000000000000000e+00
0.000000000000000000e+00
0.000000000000000000e+00
0.000000000000000000e+00
0.000000000000000000e+00
0.000000000000000000e+00
0.000000000000000000e+00
0.000000000000000000e+00
0.000000000000000000e+00
0.000000000000000000e+00
0.000000000000000000e+00
0.000000000000000000e+00
0.000000000000000000e+00
0.000000000000000000e+00
0.000000000000000000e+00
0.000000000000000000e+00
0.000000000000000000e+00
0.000000000000000000e+00
0.000000000000000000e+00
0.000000000000000000e+00
0.000000000000000000e+00
0.000000000000000000e+00
0.000000000000000000e+00
0.000000000000000000e+00
0.000000000000000000e+00
0.000000000000000000e+00
0.000000000000000000e+00
0.000000000000000000e+00
0.000000000000000000e+00
0.000000000000000000e+00
0.000000000000000000e+00
0.000000000000000000e+00
0.000000000000000000e+00
0.000000000000000000e+00
0.000000000000000000e+00
0.000000000000000000e+00
0.000000000000000000e+00
0.000000000000000000e+00
0.000000000000000000e+00
0.000000000000000000e+00
0.000000000000000000e+00
0.000000000000000000e+00
0.000000000000000000e+00
0.000000000000000000e+00
0.000000000000000000e+00
0.000000000000000000e+00
0.000000000000000000e+00
0.000000000000000000e+00
0.000000000000000000e+00
0.000000000000000000e+00
0.000000000000000000e+00
0.000000000000000000e+00
0.000000000000000000e+00
0.000000000000000000e+00
0.000000000000000000e+00
0.000000000000000000e+00
0.000000000000000000e+00
0.000000000000000000e+00
0.000000000000000000e+00
0.000000000000000000e+00
0.000000000000000000e+00
0.000000000000000000e+00
0.000000000000000000e+00
0.000000000000000000e+00
0.000000000000000000e+00
0.000000000000000000e+00
0.000000000000000000e+00
0.000000000000000000e+00
0.000000000000000000e+00
0.000000000000000000e+00
0.000000000000000000e+00
0.000000000000000000e+00
0.000000000000000000e+00
0.000000000000000000e+00
0.000000000000000000e+00
0.000000000000000000e+00
0.000000000000000000e+00
0.000000000000000000e+00
0.000000000000000000e+00
0.000000000000000000e+00
0.000000000000000000e+00
0.000000000000000000e+00
0.000000000000000000e+00
0.000000000000000000e+00
0.000000000000000000e+00
0.000000000000000000e+00
0.000000000000000000e+00
0.000000000000000000e+00
0.000000000000000000e+00
0.000000000000000000e+00
0.000000000000000000e+00
0.000000000000000000e+00
0.000000000000000000e+00
0.000000000000000000e+00
0.000000000000000000e+00
0.000000000000000000e+00
0.000000000000000000e+00
0.000000000000000000e+00
0.000000000000000000e+00
0.000000000000000000e+00
