# k_h
1.048331523634260520e-05
1.157485530711710453e-05
1.278004765481455252e-05
1.411072662449441850e-05
1.557995892653707415e-05
1.720216823741793633e-05
1.899328526633325964e-05
2.097089782182592899e-05
2.315442179678939283e-05
2.556529580033384264e-05
2.822719579853583127e-05
3.116625885013490915e-05
3.441133958403952420e-05
3.799430123763158917e-05
4.195033034193329513e-05
4.631826595868915319e-05
5.114099622005596757e-05
5.646588033414445817e-05
6.234519969439134002e-05
6.883667811052873731e-05
7.600406388519331813e-05
8.391773008042946458e-05
9.265538392355665565e-05
1.023028089548461139e-04
1.129547454183921218e-04
1.247157779289409518e-04
1.377013832097873092e-04
1.520390651421621442e-04
1.678696135058999062e-04
1.853484718594700098e-04
2.046472509391605854e-04
2.259554603369906545e-04
2.494823129381984472e-04
2.754587912932038307e-04
3.041400050278753042e-04
3.358075628057122231e-04
3.707723808474838734e-04
4.093777970410883427e-04
4.520028596743941307e-04
4.990661400370299816e-04
5.510296905413269997e-04
6.084038177505135536e-04
6.717517971992492676e-04
7.416956359520554543e-04
8.189221844077110291e-04
9.041897137649357319e-04
9.983354248106479645e-04
1.102283713407814503e-03
1.217055250890552998e-03
1.343776937574148178e-03
1.483693136833608150e-03
1.638177665881812572e-03
1.808747416362166405e-03
1.997077139094471931e-03
2.205015858635306358e-03
2.434605732560157776e-03
2.688100794330239296e-03
2.967990236356854439e-03
3.277022158727049828e-03
3.618230810388922691e-03
3.994966857135295868e-03
4.410929046571254730e-03
4.870202392339706421e-03
5.377295427024364471e-03
5.937188398092985153e-03
6.555377971380949020e-03
7.237934041768312454e-03
7.991559803485870361e-03
8.823653683066368103e-03
9.742386639118194580e-03
1.075677946209907532e-02
1.187679264694452286e-02
1.311342325061559677e-02
1.447881385684013367e-02
1.598637178540229797e-02
1.765089854598045349e-02
1.948873884975910187e-02
2.151793614029884338e-02
2.375841885805130005e-02
2.623218297958374023e-02
2.896352112293243408e-02
3.197924792766571045e-02
3.530897945165634155e-02
3.898540884256362915e-02
4.304463043808937073e-02
4.734909534454345703e-02
5.165355652570724487e-02
5.595802143216133118e-02
6.026248633861541748e-02
6.456694751977920532e-02
6.887140870094299316e-02
7.317587733268737793e-02
7.748033851385116577e-02
8.178479969501495361e-02
8.608926832675933838e-02
9.039372950792312622e-02
9.679849445819854736e-02
1.032032668590545654e-01
1.096080392599105835e-01
1.160128116607666016e-01
1.224175766110420227e-01
1.288223415613174438e-01
1.352271139621734619e-01
1.416318863630294800e-01
1.480366587638854980e-01
1.544414311647415161e-01
1.608462035655975342e-01
1.672509759664535522e-01
1.736557334661483765e-01
1.800605058670043945e-01
1.864652782678604126e-01
1.928700506687164307e-01
1.992748230695724487e-01
2.056795954704284668e-01
2.120843678712844849e-01
2.184891253709793091e-01
2.248938977718353271e-01
2.312986701726913452e-01
2.377034425735473633e-01
2.441082149744033813e-01
2.505129873752593994e-01
2.569177448749542236e-01
2.633225321769714355e-01
2.697272896766662598e-01
2.761320769786834717e-01
2.825368344783782959e-01
2.889415919780731201e-01
2.953463792800903320e-01
3.017511367797851562e-01
3.081559240818023682e-01
3.145606815814971924e-01
3.209654390811920166e-01
3.273702263832092285e-01
3.337749838829040527e-01
3.401797711849212646e-01
3.465845286846160889e-01
3.529893159866333008e-01
3.593940734863281250e-01
3.657988309860229492e-01
3.722036182880401611e-01
3.786083757877349854e-01
3.850131630897521973e-01
3.914179205894470215e-01
3.978227078914642334e-01
4.042274653911590576e-01
4.106322228908538818e-01
4.170370101928710938e-01
4.234417676925659180e-01
4.298465549945831299e-01
4.362513124942779541e-01
4.426560997962951660e-01
4.490608572959899902e-01
4.554656147956848145e-01
4.618704020977020264e-01
4.682751595973968506e-01
4.746799468994140625e-01
4.810847043991088867e-01
4.874894917011260986e-01
4.938942492008209229e-01
5.002990365028381348e-01
5.067037940025329590e-01
5.131085515022277832e-01
5.195133090019226074e-01
5.259181261062622070e-01
5.323228836059570312e-01
5.387276411056518555e-01
5.451323986053466797e-01
6.140530109405517578e-01
8.569800257682800293e-01
1.196011900901794434e+00
1.669169068336486816e+00
2.329513072967529297e+00
3.251097440719604492e+00
4.537271976470947266e+00
6.332273483276367188e+00
8.837399482727050781e+00
1.233358383178710938e+01
1.721290397644042969e+01
2.402254104614257812e+01
3.352615737915039062e+01
4.678952407836914062e+01
6.530004119873046875e+01
9.113354492187500000e+01
