# k_h
1.041274663293734193e-05
1.149665149569045752e-05
1.269338554266141728e-05
1.401469125994481146e-05
1.547353713249322027e-05
1.708424133539665490e-05
1.886260906758252531e-05
2.082609353237785399e-05
2.299396692251320928e-05
2.538750231906305999e-05
2.803019015118479729e-05
3.094796556979417801e-05
3.416946492507122457e-05
3.772630589082837105e-05
4.165339123574085534e-05
4.598926170729100704e-05
5.077647074358537793e-05
5.606199920293875039e-05
6.189772102516144514e-05
6.834090163465589285e-05
7.545478729298338294e-05
8.330918353749439120e-05
9.198117186315357685e-05
1.015558664221316576e-04
1.121272289310581982e-04
1.237990072695538402e-04
1.366857468383386731e-04
1.509139256086200476e-04
1.666231692070141435e-04
1.839676551753655076e-04
2.031175972661003470e-04
2.242609334643930197e-04
2.476051740814000368e-04
2.733793808147311211e-04
3.018365532625466585e-04
3.332559426780790091e-04
3.679459041450172663e-04
4.062468942720443010e-04
4.485347890295088291e-04
4.952246090397238731e-04
5.467745359055697918e-04
6.036905106157064438e-04
6.665311520919203758e-04
7.359130540862679482e-04
8.125172462314367294e-04
8.970954804681241512e-04
9.904777398332953453e-04
1.093580620363354683e-03
1.207415829412639141e-03
1.333100721240043640e-03
1.471868599765002728e-03
1.625081291422247887e-03
1.794242649339139462e-03
1.981012756004929543e-03
2.187224337831139565e-03
2.414901508018374443e-03
2.666278276592493057e-03
2.943821949884295464e-03
3.250256413593888283e-03
3.588588908314704895e-03
3.962139599025249481e-03
4.374574869871139526e-03
4.829942248761653900e-03
5.332710221409797668e-03
5.887813866138458252e-03
6.500700488686561584e-03
7.177384570240974426e-03
7.924507372081279755e-03
8.749402128159999847e-03
9.660162962973117828e-03
1.066572871059179306e-02
1.177596766501665115e-02
1.300177536904811859e-02
1.435518357902765274e-02
1.584947295486927032e-02
1.749930903315544128e-02
1.932088285684585571e-02
2.133207209408283234e-02
2.355261333286762238e-02
2.600430138409137726e-02
2.871119417250156403e-02
3.169985860586166382e-02
3.499962761998176575e-02
3.849959000945091248e-02
4.199955239892005920e-02
4.549951478838920593e-02
4.899947717785835266e-02
5.249943956732749939e-02
5.599940568208694458e-02
5.949936807155609131e-02
6.299933046102523804e-02
6.649929285049438477e-02
6.999925523996353149e-02
7.349921762943267822e-02
7.869881391525268555e-02
8.389841020107269287e-02
8.909800648689270020e-02
9.429760277271270752e-02
9.949719905853271484e-02
1.046967953443527222e-01
1.098963916301727295e-01
1.150959879159927368e-01
1.202955767512321472e-01
1.254951804876327515e-01
1.306947767734527588e-01
1.358943730592727661e-01
1.410939693450927734e-01
1.462935656309127808e-01
1.514931470155715942e-01
1.566927433013916016e-01
1.618923395872116089e-01
1.670919358730316162e-01
1.722915321588516235e-01
1.774911284446716309e-01
1.826907247304916382e-01
1.878903210163116455e-01
1.930899173021316528e-01
1.982895135879516602e-01
2.034891098737716675e-01
2.086887061595916748e-01
2.138883024454116821e-01
2.190878987312316895e-01
2.242874950170516968e-01
2.294870913028717041e-01
2.346866875886917114e-01
2.398862838745117188e-01
2.450858801603317261e-01
2.502854764461517334e-01
2.554850578308105469e-01
2.606846690177917480e-01
2.658842504024505615e-01
2.710838615894317627e-01
2.762834429740905762e-01
2.814830541610717773e-01
2.866826355457305908e-01
2.918822467327117920e-01
2.970818281173706055e-01
3.022814393043518066e-01
3.074810206890106201e-01
3.126806318759918213e-01
3.178802132606506348e-01
3.230798244476318359e-01
3.282794058322906494e-01
3.334790170192718506e-01
3.386785984039306641e-01
3.438782095909118652e-01
3.490777909755706787e-01
3.542773723602294922e-01
3.594769835472106934e-01
3.646765649318695068e-01
3.698761761188507080e-01
3.750757575035095215e-01
3.802753686904907227e-01
3.854749500751495361e-01
3.906745612621307373e-01
3.958741426467895508e-01
4.010737538337707520e-01
4.062733352184295654e-01
4.114729464054107666e-01
4.166725277900695801e-01
4.218721389770507812e-01
4.270717203617095947e-01
4.322713315486907959e-01
4.374709129333496094e-01
4.426705241203308105e-01
4.478701055049896240e-01
4.530697166919708252e-01
4.582692980766296387e-01
4.634689092636108398e-01
4.686684906482696533e-01
4.738681018352508545e-01
4.790676832199096680e-01
4.842672944068908691e-01
4.894668757915496826e-01
4.946664571762084961e-01
4.998660683631896973e-01
5.050656795501708984e-01
5.102652311325073242e-01
5.154648423194885254e-01
5.206644535064697266e-01
5.258640646934509277e-01
5.310636162757873535e-01
5.362632274627685547e-01
5.414628386497497559e-01
7.038140892982482910e-01
9.822517037391662598e-01
1.370842695236206055e+00
1.913165092468261719e+00
2.670037031173706055e+00
3.726336717605590820e+00
5.200521945953369141e+00
7.257913112640380859e+00
1.012923336029052734e+01
1.413648414611816406e+01
1.972905349731445312e+01
2.753411102294921875e+01
3.842694854736328125e+01
5.362912750244140625e+01
