# k_h
1.048564445227384567e-05
1.157815313490573317e-05
1.278449235542211682e-05
1.411652010574471205e-05
1.558733310957904905e-05
1.721139233268331736e-05
1.900466304505243897e-05
2.098477671097498387e-05
2.317120015504769981e-05
2.558542837505228817e-05
2.825119736371561885e-05
3.119471512036398053e-05
3.444492176640778780e-05
3.803376966970972717e-05
4.199654358671978116e-05
4.637220263248309493e-05
5.120376590639352798e-05
5.653873085975646973e-05
6.242955714697018266e-05
6.893414683872833848e-05
7.611646287841722369e-05
8.404710388276726007e-05
9.280405356548726559e-05
1.024733937811106443e-04
1.131501849158667028e-04
1.249394117621704936e-04
1.379569584969431162e-04
1.523308310424908996e-04
1.682023139437660575e-04
1.857274764915928245e-04
2.050785842584446073e-04
2.264459180878475308e-04
2.500395348761230707e-04
2.760913630481809378e-04
3.048575890716165304e-04
3.366209857631474733e-04
3.716938372235745192e-04
4.104209656361490488e-04
4.531830782070755959e-04
5.004006670787930489e-04
5.525378510355949402e-04
6.101072649471461773e-04
6.736749201081693172e-04
7.438657339662313461e-04
8.213698165491223335e-04
9.069491061381995678e-04
1.001444994471967220e-03
1.105786417610943317e-03
1.220999285578727722e-03
1.348216319456696510e-03
1.488688285462558270e-03
1.643796102143824100e-03
1.815064693801105022e-03
2.004178008064627647e-03
2.212995197623968124e-03
2.443569246679544449e-03
2.698166761547327042e-03
2.979291370138525963e-03
3.289706539362668991e-03
3.632463980466127396e-03
4.010933917015790939e-03
4.428836517035961151e-03
4.890281241387128830e-03
5.399804096668958664e-03
5.962414667010307312e-03
6.583644542843103409e-03
7.269600406289100647e-03
8.027026429772377014e-03
8.863369934260845184e-03
9.786852635443210602e-03
1.080655399709939957e-02
1.193249877542257309e-02
1.317575667053461075e-02
1.454855129122734070e-02
1.606437750160694122e-02
1.773814111948013306e-02
1.958629302680492401e-02
2.162700705230236053e-02
2.388034574687480927e-02
2.636846154928207397e-02
2.911581471562385559e-02
3.214941918849945068e-02
3.549909591674804688e-02
3.919778019189834595e-02
4.328183457255363464e-02
4.761001467704772949e-02
5.193819850683212280e-02
5.626638233661651611e-02
6.059456616640090942e-02
6.492274999618530273e-02
6.925093382596969604e-02
7.357911765575408936e-02
7.790730148553848267e-02
8.223548531532287598e-02
8.656366914510726929e-02
9.089185297489166260e-02
9.738273173570632935e-02
1.038736104965209961e-01
1.103644967079162598e-01
1.168553754687309265e-01
1.233462542295455933e-01
1.298371404409408569e-01
1.363280117511749268e-01
1.428188979625701904e-01
1.493097841739654541e-01
1.558006554841995239e-01
1.622915416955947876e-01
1.687824279069900513e-01
1.752732992172241211e-01
1.817641854286193848e-01
1.882550716400146484e-01
1.947459429502487183e-01
2.012368291616439819e-01
2.077277153730392456e-01
2.142185866832733154e-01
2.207094728946685791e-01
2.272003442049026489e-01
2.336912304162979126e-01
2.401821166276931763e-01
2.466729879379272461e-01
2.531638741493225098e-01
2.596547603607177734e-01
2.661456465721130371e-01
2.726365029811859131e-01
2.791273891925811768e-01
2.856182754039764404e-01
2.921091616153717041e-01
2.986000478267669678e-01
3.050909340381622314e-01
3.115817904472351074e-01
3.180726766586303711e-01
3.245635628700256348e-01
3.310544490814208984e-01
3.375453352928161621e-01
3.440362215042114258e-01
3.505270779132843018e-01
3.570179641246795654e-01
3.635088503360748291e-01
3.699997365474700928e-01
3.764906227588653564e-01
3.829814791679382324e-01
3.894723653793334961e-01
3.959632515907287598e-01
4.024541378021240234e-01
4.089450240135192871e-01
4.154359102249145508e-01
4.219267666339874268e-01
4.284176528453826904e-01
4.349085390567779541e-01
4.413994252681732178e-01
4.478903114795684814e-01
4.543811976909637451e-01
4.608720541000366211e-01
4.673629403114318848e-01
4.738538265228271484e-01
4.803447127342224121e-01
4.868355989456176758e-01
4.933264553546905518e-01
4.998173415660858154e-01
5.063082575798034668e-01
5.127990841865539551e-01
5.192899703979492188e-01
5.257808566093444824e-01
5.322717428207397461e-01
5.387626290321350098e-01
5.452535152435302734e-01
6.203741431236267090e-01
8.658018708229064941e-01
1.208323836326599121e+00
1.686351776123046875e+00
2.353493452072143555e+00
3.284564733505249023e+00
4.583979606628417969e+00
6.397458553314208984e+00
8.928372383117675781e+00
1.246054840087890625e+01
1.739009666442871094e+01
2.426983451843261719e+01
3.387128067016601562e+01
4.727118301391601562e+01
6.597224426269531250e+01
9.207168579101562500e+01
