# k_h
1.051376602845266461e-05
1.161957607109798118e-05
1.284169229620601982e-05
1.419234740751562640e-05
1.568506195326335728e-05
1.733477438392583281e-05
1.915800021379254758e-05
2.117298754455987364e-05
2.339990714972373098e-05
2.586104710644576699e-05
2.858104380720760673e-05
3.158712206641212106e-05
3.490937160677276552e-05
3.858104901155456901e-05
4.263890150468796492e-05
4.712354711955413222e-05
5.207987851463258266e-05
5.755750316893681884e-05
6.361124542308971286e-05
7.030170672805979848e-05
7.769585499772801995e-05
8.586770127294585109e-05
9.489904186921194196e-05
1.048802732839249074e-04
1.159113016910851002e-04
1.281025470234453678e-04
1.415760343661531806e-04
1.564666308695450425e-04
1.729233626974746585e-04
1.911109866341575980e-04
2.112115471391007304e-04
2.334262098884209991e-04
2.579773718025535345e-04
2.851107274182140827e-04
3.150979464408010244e-04
3.482390893623232841e-04
3.848659689538180828e-04
4.253451479598879814e-04
4.700818390119820833e-04
5.195238045416772366e-04
5.741659551858901978e-04
6.345551810227334499e-04
7.012960268184542656e-04
7.750564836896955967e-04
8.565748576074838638e-04
9.466671617701649666e-04
1.046235091052949429e-03
1.156275393441319466e-03
1.277889357879757881e-03
1.412294339388608932e-03
1.560835749842226505e-03
1.725000329315662384e-03
1.906431280076503754e-03
2.106944797560572624e-03
2.328547649085521698e-03
2.573458012193441391e-03
2.844127593562006950e-03
3.143265377730131149e-03
3.473865799605846405e-03
3.839237615466117859e-03
4.243038594722747803e-03
4.689310211688280106e-03
5.182519555091857910e-03
5.727603100240230560e-03
6.330017000436782837e-03
6.995791569352149963e-03
7.731590420007705688e-03
8.544778451323509216e-03
9.443496353924274445e-03
1.043673790991306305e-02
1.153444685041904449e-02
1.274760905653238297e-02
1.408836897462606430e-02
1.557014603167772293e-02
1.720777340233325958e-02
1.901764050126075745e-02
2.101786620914936066e-02
2.322847023606300354e-02
2.567157894372940063e-02
2.837164700031280518e-02
3.135570138692855835e-02
3.465361148118972778e-02
3.829838708043098450e-02
4.232650995254516602e-02
4.677830263972282410e-02
5.145613104104995728e-02
5.613396316766738892e-02
6.081179156899452209e-02
6.548961997032165527e-02
7.016745209693908691e-02
7.484528422355651855e-02
7.952311635017395020e-02
8.420094102621078491e-02
8.887877315282821655e-02
9.355660527944564819e-02
9.823443740606307983e-02
1.052419543266296387e-01
1.122494786977767944e-01
1.192570030689239502e-01
1.262645274400711060e-01
1.332720518112182617e-01
1.402795612812042236e-01
1.472870856523513794e-01
1.542946100234985352e-01
1.613021343946456909e-01
1.683096587657928467e-01
1.753171831369400024e-01
1.823246926069259644e-01
1.893322169780731201e-01
1.963397413492202759e-01
2.033472657203674316e-01
2.103547900915145874e-01
2.173623144626617432e-01
2.243698239326477051e-01
2.313773483037948608e-01
2.383848726749420166e-01
2.453923970460891724e-01
2.523999214172363281e-01
2.594074308872222900e-01
2.664149701595306396e-01
2.734224796295166016e-01
2.804300189018249512e-01
2.874375283718109131e-01
2.944450378417968750e-01
3.014525771141052246e-01
3.084600865840911865e-01
3.154676258563995361e-01
3.224751353263854980e-01
3.294826447963714600e-01
3.364901840686798096e-01
3.434976935386657715e-01
3.505052328109741211e-01
3.575127422809600830e-01
3.645202815532684326e-01
3.715277910232543945e-01
3.785353004932403564e-01
3.855428397655487061e-01
3.925503492355346680e-01
3.995578885078430176e-01
4.065653979778289795e-01
4.135729074478149414e-01
4.205804467201232910e-01
4.275879561901092529e-01
4.345954954624176025e-01
4.416030049324035645e-01
4.486105442047119141e-01
4.556180536746978760e-01
4.626255631446838379e-01
4.696331024169921875e-01
4.766406118869781494e-01
4.836481511592864990e-01
4.906556606292724609e-01
4.976631700992584229e-01
5.046706795692443848e-01
5.116782188415527344e-01
5.186857581138610840e-01
5.256932973861694336e-01
5.327007770538330078e-01
5.397083163261413574e-01
5.467158555984497070e-01
6.722849011421203613e-01
9.382491707801818848e-01
1.309432148933410645e+00
1.827459812164306641e+00
2.550425529479980469e+00
3.559405565261840820e+00
4.967550754547119141e+00
6.932775497436523438e+00
9.675467491149902344e+00
1.350320339202880859e+01
1.884523773193359375e+01
2.630064773559570312e+01
3.670551300048828125e+01
5.122666549682617188e+01
7.149257659912109375e+01
9.977592468261718750e+01
