# ee
4.606092348694801331e-02
7.196721434593200684e-02
7.711143791675567627e-02
6.469934433698654175e-02
4.488066211342811584e-02
2.685551904141902924e-02
1.506547536700963974e-02
9.407303296029567719e-03
7.486940361559391022e-03
6.872542202472686768e-03
6.305524148046970367e-03
5.421997047960758209e-03
4.730005282908678055e-03
4.412033595144748688e-03
4.484007135033607483e-03
4.841579589992761612e-03
5.202668718993663788e-03
5.543218459933996201e-03
5.964443553239107132e-03
6.543308496475219727e-03
7.406282704323530197e-03
8.542667143046855927e-03
9.882763959467411041e-03
1.142934150993824005e-02
1.316237263381481171e-02
1.506240945309400558e-02
1.713712327182292938e-02
1.938762143254280090e-02
2.181819081306457520e-02
2.441296540200710297e-02
2.715187706053256989e-02
3.006648272275924683e-02
3.320819139480590820e-02
3.660787269473075867e-02
4.028613865375518799e-02
4.421047866344451904e-02
4.835330322384834290e-02
5.273156613111495972e-02
5.737894773483276367e-02
6.232593208551406860e-02
6.757015734910964966e-02
7.310087233781814575e-02
7.889246940612792969e-02
8.492973446846008301e-02
9.120511263608932495e-02
9.772832691669464111e-02
1.045205071568489075e-01
1.115804463624954224e-01
1.188995391130447388e-01
1.264611035585403442e-01
1.343426853418350220e-01
1.426805853843688965e-01
1.514551192522048950e-01
1.606317013502120972e-01
1.700574457645416260e-01
1.796264946460723877e-01
1.893523931503295898e-01
1.992784738540649414e-01
2.094629108905792236e-01
2.200032025575637817e-01
2.308866232633590698e-01
2.420728057622909546e-01
2.535734772682189941e-01
2.653631865978240967e-01
2.773739099502563477e-01
2.896053194999694824e-01
3.020961582660675049e-01
3.148035705089569092e-01
3.277662992477416992e-01
3.409715294837951660e-01
3.543925583362579346e-01
3.679956495761871338e-01
3.817693591117858887e-01
3.957245051860809326e-01
4.098621606826782227e-01
4.241740703582763672e-01
4.386868178844451904e-01
4.533451795578002930e-01
4.681535065174102783e-01
4.830615222454071045e-01
4.980904459953308105e-01
5.132145285606384277e-01
5.284302234649658203e-01
5.437116026878356934e-01
5.590705275535583496e-01
5.744758248329162598e-01
5.899414420127868652e-01
6.054515838623046875e-01
6.209681630134582520e-01
6.364829540252685547e-01
6.519809961318969727e-01
6.674549579620361328e-01
6.828677654266357422e-01
6.982194185256958008e-01
7.134951949119567871e-01
7.286802530288696289e-01
7.437673211097717285e-01
7.587192654609680176e-01
7.735361456871032715e-01
7.882775664329528809e-01
8.027949333190917969e-01
8.171626925468444824e-01
8.313809037208557129e-01
8.453753590583801270e-01
8.592205047607421875e-01
8.727678060531616211e-01
8.860917091369628906e-01
8.991178274154663086e-01
9.118465185165405273e-01
9.243519902229309082e-01
9.365597963333129883e-01
9.484696388244628906e-01
9.600068330764770508e-01
9.713197946548461914e-01
9.821853041648864746e-01
9.926773905754089355e-01
1.002944350242614746e+00
1.012837409973144531e+00
1.022207498550415039e+00
1.031351804733276367e+00
1.039972782135009766e+00
1.048144340515136719e+00
1.055940628051757812e+00
1.063287019729614258e+00
1.070257663726806641e+00
1.076703667640686035e+00
1.082773327827453613e+00
1.088317871093750000e+00
1.093336939811706543e+00
1.097979068756103516e+00
1.102095723152160645e+00
1.105761289596557617e+00
1.108976244926452637e+00
1.111666083335876465e+00
1.113831281661987305e+00
1.115546226501464844e+00
1.116736888885498047e+00
1.117551803588867188e+00
1.117768526077270508e+00
1.117461442947387695e+00
1.116705060005187988e+00
1.115499615669250488e+00
1.113770842552185059e+00
1.111667633056640625e+00
1.108967423439025879e+00
1.105893015861511230e+00
1.102296352386474609e+00
1.098251581192016602e+00
1.093833327293395996e+00
1.088967561721801758e+00
1.083580017089843750e+00
1.077819705009460449e+00
1.071686863899230957e+00
1.065181732177734375e+00
1.058304548263549805e+00
1.051055431365966797e+00
1.043509125709533691e+00
1.035517096519470215e+00
1.027228236198425293e+00
1.018717050552368164e+00
1.009835243225097656e+00
1.000657200813293457e+00
9.912574887275695801e-01
9.815620183944702148e-01
9.717196226119995117e-01
9.615076184272766113e-01
9.512977004051208496e-01
9.407927989959716797e-01
9.302161335945129395e-01
9.195677638053894043e-01
9.087736606597900391e-01
8.978337645530700684e-01
8.870458006858825684e-01
8.761125206947326660e-01
8.652570843696594238e-01
8.544055223464965820e-01
8.437815308570861816e-01
8.330881595611572266e-01
8.225489258766174316e-01
8.121642470359802246e-01
8.020089864730834961e-01
7.920093536376953125e-01
7.822399735450744629e-01
7.728500366210937500e-01
7.636987566947937012e-01
7.549277544021606445e-01
7.465226054191589355e-01
7.385209798812866211e-01
7.309751510620117188e-01
7.239078879356384277e-01
7.173418998718261719e-01
7.113221287727355957e-01
7.058787345886230469e-01
7.010490894317626953e-01
6.968708038330078125e-01
6.933888196945190430e-01
6.906257271766662598e-01
6.886190176010131836e-01
6.873987317085266113e-01
6.870245933532714844e-01
6.875042915344238281e-01
6.888977885246276855e-01
6.912274360656738281e-01
6.945382952690124512e-01
6.988676786422729492e-01
7.042381763458251953e-01
7.107020616531372070e-01
7.182818651199340820e-01
7.270298600196838379e-01
7.369759678840637207e-01
7.481501102447509766e-01
7.605971097946166992e-01
7.743097543716430664e-01
7.894812822341918945e-01
8.059262037277221680e-01
8.238007426261901855e-01
8.431050181388854980e-01
8.638391494750976562e-01
8.861519098281860352e-01
9.099690318107604980e-01
9.354393482208251953e-01
9.624885916709899902e-01
9.911170005798339844e-01
1.021472930908203125e+00
1.053556799888610840e+00
1.087368488311767578e+00
1.122908115386962891e+00
1.160250067710876465e+00
1.199394345283508301e+00
1.240415334701538086e+00
1.283238530158996582e+00
1.328087091445922852e+00
1.374812483787536621e+00
1.423488736152648926e+00
1.474116206169128418e+00
1.526768922805786133e+00
1.581521153450012207e+00
1.638224482536315918e+00
1.696953058242797852e+00
1.757855296134948730e+00
1.820782899856567383e+00
1.885884404182434082e+00
1.953085064888000488e+00
2.022459745407104492e+00
2.094007730484008789e+00
2.167655229568481445e+00
2.243773460388183594e+00
2.321842193603515625e+00
2.402307510375976562e+00
2.484871387481689453e+00
2.569756746292114258e+00
2.656739950180053711e+00
2.746117591857910156e+00
2.837591171264648438e+00
2.931532144546508789e+00
3.027493953704833984e+00
3.125847101211547852e+00
3.226442337036132812e+00
3.329279422760009766e+00
3.434282779693603516e+00
3.541675329208374023e+00
3.651233196258544922e+00
3.763029813766479492e+00
3.876990795135498047e+00
3.993337631225585938e+00
4.111698627471923828e+00
4.232444763183593750e+00
4.355278491973876953e+00
4.480272293090820312e+00
4.607352256774902344e+00
4.736814975738525391e+00
4.868065357208251953e+00
5.001697063446044922e+00
5.137189865112304688e+00
5.274765491485595703e+00
5.414423942565917969e+00
5.556089878082275391e+00
5.699688911437988281e+00
5.845220088958740234e+00
5.992758274078369141e+00
6.142004489898681641e+00
6.293182373046875000e+00
6.446216106414794922e+00
6.601106166839599609e+00
6.757702827453613281e+00
6.916005611419677734e+00
7.076015949249267578e+00
7.237657070159912109e+00
7.400780200958251953e+00
7.566130161285400391e+00
7.732589721679687500e+00
7.899787902832031250e+00
8.069211959838867188e+00
8.239373207092285156e+00
8.411758422851562500e+00
8.584139823913574219e+00
8.758743286132812500e+00
8.934829711914062500e+00
9.110908508300781250e+00
9.288469314575195312e+00
9.466765403747558594e+00
9.646539688110351562e+00
9.827792167663574219e+00
1.000903224945068359e+01
1.019100379943847656e+01
1.037370681762695312e+01
1.055862426757812500e+01
1.074278450012207031e+01
1.092692756652832031e+01
1.111328315734863281e+01
1.129887676239013672e+01
1.148519515991210938e+01
1.167223548889160156e+01
1.185851287841796875e+01
1.204551029205322266e+01
1.223174285888671875e+01
1.241943740844726562e+01
1.260636425018310547e+01
1.279326629638671875e+01
1.298088455200195312e+01
1.316699123382568359e+01
1.335306930541992188e+01
1.353986358642578125e+01
1.372365570068359375e+01
1.390890598297119141e+01
1.409338283538818359e+01
1.427634334564208984e+01
1.445927143096923828e+01
1.464068412780761719e+01
1.482132053375244141e+01
1.500192546844482422e+01
1.518101215362548828e+01
1.535932254791259766e+01
1.553537082672119141e+01
1.571064186096191406e+01
1.588513469696044922e+01
1.605736541748046875e+01
1.622956085205078125e+01
1.639949417114257812e+01
1.656716346740722656e+01
1.673479652404785156e+01
1.689942359924316406e+01
1.706252861022949219e+01
1.722336769104003906e+01
1.738343048095703125e+01
1.754048538208007812e+01
1.769527626037597656e+01
1.784854507446289062e+01
1.799880599975585938e+01
1.814754676818847656e+01
1.829402351379394531e+01
1.843749427795410156e+01
1.857870292663574219e+01
1.871765327453613281e+01
1.885434150695800781e+01
1.898802757263183594e+01
1.911797142028808594e+01
1.924565696716308594e+01
1.937108993530273438e+01
1.949352264404296875e+01
1.961295890808105469e+01
1.973014450073242188e+01
1.984284782409667969e+01
1.995330238342285156e+01
2.006076431274414062e+01
2.016374778747558594e+01
2.026448631286621094e+01
2.036223411560058594e+01
2.045625114440917969e+01
2.054653930664062500e+01
2.063384437561035156e+01
2.071741867065429688e+01
2.079801177978515625e+01
2.087487792968750000e+01
2.094876480102539062e+01
2.101818656921386719e+01
2.108388519287109375e+01
2.114660644531250000e+01
2.120635032653808594e+01
2.125940704345703125e+01
2.131097412109375000e+01
2.135808181762695312e+01
2.140073204040527344e+01
2.144115447998046875e+01
2.147711944580078125e+01
2.150863075256347656e+01
2.153643226623535156e+01
2.155829620361328125e+01
2.157942199707031250e+01
2.159535598754882812e+01
2.160906600952148438e+01
2.161758804321289062e+01
2.162240409851074219e+01
2.162277221679687500e+01
2.161944007873535156e+01
2.161240577697753906e+01
2.160092544555664062e+01
2.158574485778808594e+01
2.156686592102050781e+01
2.154354667663574219e+01
2.151578521728515625e+01
2.148507308959960938e+01
2.144992446899414062e+01
2.141034126281738281e+01
2.136781120300292969e+01
2.132085037231445312e+01
2.127020072937011719e+01
2.121660995483398438e+01
2.115784835815429688e+01
2.109614753723144531e+01
2.103076362609863281e+01
2.096170234680175781e+01
2.088896179199218750e+01
2.081328773498535156e+01
2.073319625854492188e+01
2.065016937255859375e+01
2.056198501586914062e+01
2.047161293029785156e+01
2.037831306457519531e+01
2.028134346008300781e+01
2.018070220947265625e+01
2.007639503479003906e+01
1.996916007995605469e+01
1.985825920104980469e+01
1.974517631530761719e+01
1.962843132019042969e+01
1.950876045227050781e+01
1.938616943359375000e+01
1.926140022277832031e+01
1.913296890258789062e+01
1.900161552429199219e+01
1.886882781982421875e+01
1.873237800598144531e+01
1.859449386596679688e+01
1.845369148254394531e+01
1.830996894836425781e+01
1.816407203674316406e+01
1.801674079895019531e+01
1.786648941040039062e+01
1.771406173706054688e+01
1.755945587158203125e+01
1.740341949462890625e+01
1.724594497680664062e+01
1.708480834960937500e+01
1.692372322082519531e+01
1.676119995117187500e+01
1.659575462341308594e+01
1.642961692810058594e+01
1.626278305053710938e+01
1.609376716613769531e+01
1.592405700683593750e+01
1.575365257263183594e+01
1.558180999755859375e+01
1.540927314758300781e+01
1.523529911041259766e+01
1.506137371063232422e+01
1.488675498962402344e+01
1.471218681335449219e+01
1.453617858886718750e+01
1.436022281646728516e+01
1.418357086181640625e+01
1.400771141052246094e+01
1.383190250396728516e+01
1.365613937377929688e+01
1.347968101501464844e+01
1.330401325225830078e+01
1.312913513183593750e+01
1.295356082916259766e+01
1.277951812744140625e+01
1.260700607299804688e+01
1.243453884124755859e+01
1.226285648345947266e+01
1.209270477294921875e+01
1.192259407043457031e+01
1.175475311279296875e+01
1.158769512176513672e+01
1.142141819000244141e+01
1.125740909576416016e+01
1.109492206573486328e+01
1.093395614624023438e+01
1.077525424957275391e+01
1.061807060241699219e+01
1.046314907073974609e+01
1.030974292755126953e+01
1.015933799743652344e+01
1.001118946075439453e+01
9.864553451538085938e+00
9.720913887023925781e+00
9.580270767211914062e+00
9.441876411437988281e+00
9.306475639343261719e+00
9.172578811645507812e+00
9.043156623840332031e+00
8.915978431701660156e+00
8.792531013488769531e+00
8.672064781188964844e+00
8.553839683532714844e+00
8.440080642700195312e+00
8.328557014465332031e+00
8.221496582031250000e+00
8.118153572082519531e+00
8.017782211303710938e+00
7.921123981475830078e+00
7.828917026519775391e+00
7.740566730499267578e+00
7.655771255493164062e+00
7.575568675994873047e+00
7.498991489410400391e+00
7.426704883575439453e+00
7.358408927917480469e+00
7.294547080993652344e+00
7.234893798828125000e+00
7.179743289947509766e+00
7.129019260406494141e+00
7.082793235778808594e+00
7.041211128234863281e+00
7.004122257232666016e+00
6.971746921539306641e+00
6.944007873535156250e+00
6.920977592468261719e+00
6.902875423431396484e+00
6.889553070068359375e+00
6.881004810333251953e+00
6.877378940582275391e+00
6.878673076629638672e+00
6.884884834289550781e+00
6.896011352539062500e+00
6.912348747253417969e+00
6.933671951293945312e+00
6.959903240203857422e+00
6.991340160369873047e+00
7.027830600738525391e+00
7.069447040557861328e+00
7.116262912750244141e+00
7.168127059936523438e+00
7.225111961364746094e+00
7.287365436553955078e+00
7.354588031768798828e+00
7.427225112915039062e+00
7.504827499389648438e+00
7.587618827819824219e+00
7.675670623779296875e+00
7.768834114074707031e+00
7.867107391357421875e+00
7.970266819000244141e+00
8.078535079956054688e+00
8.191909790039062500e+00
8.310390472412109375e+00
8.433978080749511719e+00
8.562669754028320312e+00
8.696463584899902344e+00
8.833871841430664062e+00
8.977862358093261719e+00
9.126206398010253906e+00
9.279641151428222656e+00
9.437424659729003906e+00
9.601038932800292969e+00
9.768253326416015625e+00
9.939808845520019531e+00
1.011644744873046875e+01
1.029816627502441406e+01
1.048347854614257812e+01
1.067461109161376953e+01
1.086859130859375000e+01
1.106764602661132812e+01
1.127028751373291016e+01
1.147800254821777344e+01
1.169004535675048828e+01
1.190567302703857422e+01
1.212562751770019531e+01
1.234916591644287109e+01
1.257628536224365234e+01
1.280773067474365234e+01
1.304201316833496094e+01
1.328062152862548828e+01
1.352281188964843750e+01
1.376783943176269531e+01
1.401719093322753906e+01
1.426938247680664062e+01
1.452441310882568359e+01
1.478302478790283203e+01
1.504447650909423828e+01
1.530876922607421875e+01
1.557590389251708984e+01
1.584513854980468750e+01
1.611795806884765625e+01
1.639287948608398438e+01
1.667064857482910156e+01
1.694977569580078125e+01
1.723249816894531250e+01
1.751584053039550781e+01
1.780277633666992188e+01
1.809108161926269531e+01
1.838001441955566406e+01
1.867254829406738281e+01
1.896422576904296875e+01
1.925876426696777344e+01
1.955468559265136719e+01
1.985198402404785156e+01
2.015066909790039062e+01
2.044925308227539062e+01
2.074996376037597656e+01
2.105057525634765625e+01
2.135183525085449219e+01
2.165373992919921875e+01
2.195629310607910156e+01
2.225949478149414062e+01
2.256186103820800781e+01
2.286413955688476562e+01
2.316707038879394531e+01
2.347065925598144531e+01
2.377119064331054688e+01
2.407312774658203125e+01
2.437349700927734375e+01
2.467453193664550781e+01
2.497474479675292969e+01
2.527414512634277344e+01
2.557347488403320312e+01
2.586976242065429688e+01
2.616598510742187500e+01
2.646065902709960938e+01
2.675304222106933594e+01
2.704388427734375000e+01
2.733318138122558594e+01
2.762094497680664062e+01
2.790642738342285156e+01
2.818963623046875000e+01
2.847057151794433594e+01
2.874924087524414062e+01
2.902564048767089844e+01
2.929903793334960938e+01
2.957091712951660156e+01
2.983831024169921875e+01
3.010419082641601562e+01
3.036782646179199219e+01
3.062623977661132812e+01
3.088315200805664062e+01
3.113559913635253906e+01
3.138580513000488281e+01
3.163229370117187500e+01
3.187432098388671875e+01
3.211412048339843750e+01
3.234798431396484375e+01
3.257888412475585938e+01
3.280607986450195312e+01
3.302883148193359375e+01
3.324788665771484375e+01
3.346176147460937500e+01
3.367120361328125000e+01
3.387770462036132812e+01
3.407903289794921875e+01
3.427446365356445312e+01
3.446622467041015625e+01
3.465357589721679688e+01
3.483579254150390625e+01
3.501287460327148438e+01
3.518556976318359375e+01
3.535314178466796875e+01
3.551485061645507812e+01
3.567145538330078125e+01
3.582369613647460938e+01
3.597084045410156250e+01
3.611140823364257812e+01
3.624688339233398438e+01
3.637728500366210938e+01
3.650186538696289062e+01
3.662137603759765625e+01
3.673508071899414062e+01
3.684298706054687500e+01
3.694658279418945312e+01
3.704290390014648438e+01
3.713492202758789062e+01
3.722042083740234375e+01
3.730014038085937500e+01
3.737409591674804688e+01
3.744228363037109375e+01
3.750396728515625000e+01
3.756064224243164062e+01
3.761156463623046875e+01
3.765599441528320312e+01
3.769394302368164062e+01
3.772763824462890625e+01
3.775337219238281250e+01
3.777411651611328125e+01
3.778839874267578125e+01
3.779769515991210938e+01
3.779978942871093750e+01
3.779616546630859375e+01
3.778757858276367188e+01
3.777105331420898438e+01
3.775030899047851562e+01
3.772311782836914062e+01
3.768948364257812500e+01
3.765164566040039062e+01
3.760662078857421875e+01
3.755590438842773438e+01
3.749875640869140625e+01
3.743666458129882812e+01
3.736814880371093750e+01
3.729394531250000000e+01
3.721480178833007812e+01
3.712923812866210938e+01
3.703873443603515625e+01
3.694181823730468750e+01
3.683996963500976562e+01
3.673244857788085938e+01
3.661999511718750000e+01
3.650187301635742188e+01
3.637808227539062500e+01
3.624935913085937500e+01
3.611571502685546875e+01
3.597639846801757812e+01
3.583290100097656250e+01
3.568373489379882812e+01
3.552964401245117188e+01
3.537136840820312500e+01
3.520816421508789062e+01
3.503854751586914062e+01
3.486548614501953125e+01
3.468898391723632812e+01
3.450680923461914062e+01
3.432118606567382812e+01
3.413063049316406250e+01
3.393662261962890625e+01
3.373990631103515625e+01
3.353750610351562500e+01
3.333016204833984375e+01
3.312010574340820312e+01
3.290658187866210938e+01
3.268811416625976562e+01
3.246840667724609375e+01
3.224374008178710938e+01
3.201634216308593750e+01
3.178472328186035156e+01
3.155036926269531250e+01
3.131401252746582031e+01
3.107491111755371094e+01
3.083231735229492188e+01
3.058696746826171875e+01
3.033811569213867188e+01
3.008946990966796875e+01
2.983879852294921875e+01
2.958461380004882812e+01
2.932839012145996094e+01
2.907086944580078125e+01
2.881056022644042969e+01
2.854968261718750000e+01
2.828526115417480469e+01
2.802100563049316406e+01
2.775468254089355469e+01
2.748851013183593750e+01
2.721951866149902344e+01
2.695067024230957031e+01
2.668047332763671875e+01
2.640966987609863281e+01
2.613899040222167969e+01
2.586695098876953125e+01
2.559428215026855469e+01
2.532172775268554688e+01
2.504927444458007812e+01
2.477692222595214844e+01
2.450540351867675781e+01
2.423323059082031250e+01
2.396113586425781250e+01
2.369060134887695312e+01
2.342087745666503906e+01
2.315121269226074219e+01
2.288160324096679688e+01
2.261426925659179688e+01
2.234771919250488281e+01
2.208268928527832031e+01
2.181917190551757812e+01
2.155715942382812500e+01
2.129664611816406250e+01
2.103836822509765625e+01
2.078157424926757812e+01
2.052700042724609375e+01
2.027464103698730469e+01
2.002300071716308594e+01
1.977578735351562500e+01
1.953002548217773438e+01
1.928718948364257812e+01
1.904727363586425781e+01
1.880952644348144531e+01
1.857468605041503906e+01
1.834348678588867188e+01
1.811443328857421875e+01
1.788752365112304688e+01
1.766646003723144531e+01
1.744752311706542969e+01
1.723293304443359375e+01
1.702268409729003906e+01
1.681602478027343750e+01
1.661220359802246094e+01
1.641344642639160156e+01
1.621751403808593750e+01
1.602662849426269531e+01
1.584003925323486328e+01
1.565699768066406250e+01
1.547898292541503906e+01
1.530524349212646484e+01
1.513503265380859375e+01
1.497057151794433594e+01
1.481037044525146484e+01
1.465442085266113281e+01
1.450420284271240234e+01
1.435896968841552734e+01
1.421871471405029297e+01
1.408343124389648438e+01
1.395311355590820312e+01
1.382924461364746094e+01
1.370884513854980469e+01
1.359488391876220703e+01
1.348586559295654297e+01
1.338253211975097656e+01
1.328413295745849609e+01
1.319215106964111328e+01
1.310509490966796875e+01
1.302370357513427734e+01
1.294723033905029297e+01
1.287789726257324219e+01
1.281347370147705078e+01
1.275544071197509766e+01
1.270230960845947266e+01
1.265630435943603516e+01
1.261519241333007812e+01
1.258045768737792969e+01
1.255209636688232422e+01
1.252936267852783203e+01
1.251225280761718750e+01
1.250076580047607422e+01
1.249564170837402344e+01
1.249613571166992188e+01
1.250373077392578125e+01
1.251619720458984375e+01
1.253501796722412109e+01
1.256019401550292969e+01
1.259097862243652344e+01
1.262885856628417969e+01
1.267160320281982422e+01
1.271995639801025391e+01
1.277465915679931641e+01
1.283571338653564453e+01
1.290163135528564453e+01
1.297538661956787109e+01
1.305326461791992188e+01
1.313749599456787109e+01
1.322733688354492188e+01
1.332353401184082031e+01
1.342534351348876953e+01
1.353350639343261719e+01
1.364653110504150391e+01
1.376589870452880859e+01
1.389086532592773438e+01
1.401994037628173828e+01
1.415534782409667969e+01
1.429783058166503906e+01
1.444292640686035156e+01
1.459434700012207031e+01
1.475134944915771484e+01
1.491318798065185547e+01
1.508060169219970703e+01
1.525210571289062500e+01
1.542918300628662109e+01
1.561109352111816406e+01
1.579857349395751953e+01
1.599014186859130859e+01
1.618653869628906250e+01
1.638702011108398438e+01
1.659233283996582031e+01
1.680247497558593750e+01
1.701670455932617188e+01
1.723576354980468750e+01
1.745742988586425781e+01
1.768467140197753906e+01
1.791526412963867188e+01
1.814920616149902344e+01
1.838799095153808594e+01
1.863013076782226562e+01
1.887488555908203125e+01
1.912374496459960938e+01
1.937671279907226562e+01
1.963156318664550781e+01
1.989052581787109375e+01
2.015286636352539062e+01
2.041709709167480469e+01
2.068545341491699219e+01
2.095497131347656250e+01
2.122862052917480469e+01
2.150417900085449219e+01
2.178165435791015625e+01
2.206253433227539062e+01
2.234459495544433594e+01
2.262858772277832031e+01
2.291526031494140625e+01
2.320387268066406250e+01
2.349368858337402344e+01
2.378545951843261719e+01
2.407844734191894531e+01
2.437265586853027344e+01
2.466809463500976562e+01
2.496476936340332031e+01
2.526194381713867188e+01
2.556110763549804688e+01
2.586004066467285156e+01
2.615949630737304688e+01
2.645947456359863281e+01
2.675998878479003906e+01
2.706178665161132812e+01
2.736190223693847656e+01
2.766331672668457031e+01
2.796381187438964844e+01
2.826413345336914062e+01
2.856429100036621094e+01
2.886355018615722656e+01
2.916340637207031250e+01
2.946163368225097656e+01
2.975899124145507812e+01
3.005547904968261719e+01
3.035111236572265625e+01
3.064515113830566406e+01
3.093760681152343750e+01
3.122923469543457031e+01
3.151854896545410156e+01
3.180705261230468750e+01
3.209326171875000000e+01
3.237793350219726562e+01
3.266033172607421875e+01
3.293972015380859375e+01
3.321833801269531250e+01
3.349322509765625000e+01
3.376587295532226562e+01
3.403703308105468750e+01
3.430448913574218750e+01
3.456898880004882812e+01
3.483128356933593750e+01
3.509064483642578125e+01
3.534558868408203125e+01
3.559835433959960938e+01
3.584747314453125000e+01
3.609294128417968750e+01
3.633477020263671875e+01
3.657297515869140625e+01
3.680681228637695312e+01
3.703778457641601562e+01
3.726440811157226562e+01
3.748817825317382812e+01
3.770613098144531250e+01
3.792050170898437500e+01
3.813130950927734375e+01
3.833780670166015625e+01
3.853853607177734375e+01
3.873574066162109375e+01
3.892794036865234375e+01
3.911590194702148438e+01
3.929814910888671875e+01
3.947544097900390625e+01
3.964927291870117188e+01
3.981743621826171875e+01
3.998068237304687500e+01
4.013902664184570312e+01
4.029248428344726562e+01
4.044031906127929688e+01
4.058329772949218750e+01
4.072142028808593750e+01
4.085470581054687500e+01
4.098093414306640625e+01
4.110235595703125000e+01
4.121896743774414062e+01
4.133004760742187500e+01
4.143486404418945312e+01
4.153416442871093750e+01
4.162871170043945312e+01
4.171776199340820312e+01
4.179985046386718750e+01
4.187721252441406250e+01
4.194910812377929688e+01
4.201556015014648438e+01
4.207582092285156250e+01
4.212916564941406250e+01
4.217857360839843750e+01
4.222182464599609375e+01
4.225743865966796875e+01
4.228913879394531250e+01
4.231470870971679688e+01
4.233414840698242188e+01
4.234896087646484375e+01
4.235691452026367188e+01
4.236248397827148438e+01
4.235897827148437500e+01
4.235012817382812500e+01
4.233519363403320312e+01
4.231566619873046875e+01
4.229006576538085938e+01
4.225691223144531250e+01
4.222066879272460938e+01
4.217763137817382812e+01
4.212928009033203125e+01
4.207562637329101562e+01
4.201593399047851562e+01
4.195019149780273438e+01
4.187989044189453125e+01
4.180354690551757812e+01
4.172189331054687500e+01
4.163418197631835938e+01
4.154115676879882812e+01
4.144281768798828125e+01
4.133915328979492188e+01
4.123091125488281250e+01
4.111808395385742188e+01
4.099918365478515625e+01
4.087643051147460938e+01
4.074758911132812500e+01
4.061488723754882812e+01
4.047609329223632812e+01
4.033342742919921875e+01
4.018465423583984375e+01
4.003274536132812500e+01
3.987397384643554688e+01
3.971130752563476562e+01
3.954473876953125000e+01
3.937277603149414062e+01
3.919615173339843750e+01
3.901635360717773438e+01
3.883113098144531250e+01
3.864346313476562500e+01
3.845110321044921875e+01
3.825404357910156250e+01
3.805376434326171875e+01
3.784951400756835938e+01
3.763979339599609375e+01
3.742756652832031250e+01
3.721282958984375000e+01
3.699333572387695312e+01
3.676981735229492188e+01
3.654375839233398438e+01
3.631513977050781250e+01
3.608246612548828125e+01
3.584647369384765625e+01
3.560863113403320312e+01
3.536670303344726562e+01
3.512215423583984375e+01
3.487424087524414062e+01
3.462591171264648438e+01
3.437344741821289062e+01
3.411831665039062500e+01
3.386124801635742188e+01
3.360223007202148438e+01
3.334050369262695312e+01
3.307680130004882812e+01
3.281111145019531250e+01
3.254343032836914062e+01
3.227449035644531250e+01
3.200428771972656250e+01
3.173206329345703125e+01
3.145856094360351562e+01
3.118450736999511719e+01
3.090841293334960938e+01
3.063101005554199219e+01
3.035377120971679688e+01
3.007521247863769531e+01
2.979605674743652344e+01
2.951629829406738281e+01
2.923518371582031250e+01
2.895418930053710938e+01
2.867330741882324219e+01
2.839178276062011719e+01
2.811109352111816406e+01
2.782899475097656250e+01
2.754845237731933594e+01
2.726722908020019531e+01
2.698679542541503906e+01
2.670714378356933594e+01
2.642677497863769531e+01
2.614791297912597656e+01
2.586979866027832031e+01
2.559316825866699219e+01
2.531651878356933594e+01
2.504059028625488281e+01
2.476759719848632812e+01
2.449529838562011719e+01
2.422368812561035156e+01
2.395423507690429688e+01
2.368619155883789062e+01
2.342028808593750000e+01
2.315651321411132812e+01
2.289262580871582031e+01
2.263233566284179688e+01
2.237414360046386719e+01
2.211729431152343750e+01
2.186252403259277344e+01
2.161130714416503906e+01
2.136140632629394531e+01
2.111578178405761719e+01
2.087070655822753906e+01
2.062915039062500000e+01
2.039109802246093750e+01
2.015579795837402344e+01
1.992398452758789062e+01
1.969416046142578125e+01
1.946780586242675781e+01
1.924489784240722656e+01
1.902617645263671875e+01
1.881014060974121094e+01
1.859677696228027344e+01
1.838755798339843750e+01
1.818099021911621094e+01
1.797631645202636719e+01
1.777798271179199219e+01
1.758300971984863281e+01
1.739138221740722656e+01
1.720457839965820312e+01
1.702035522460937500e+01
1.684093475341796875e+01
1.666556358337402344e+01
1.649422836303710938e+01
1.632766532897949219e+01
1.616437911987304688e+01
1.600584411621093750e+01
1.585131072998046875e+01
1.570076751708984375e+01
1.555569267272949219e+01
1.541385078430175781e+01
1.527671813964843750e+01
1.514428615570068359e+01
1.501580429077148438e+01
1.489275074005126953e+01
1.477437686920166016e+01
1.465993118286132812e+01
1.455015087127685547e+01
1.444503021240234375e+01
1.434530353546142578e+01
1.424948024749755859e+01
1.415829849243164062e+01
1.407249450683593750e+01
1.399057960510253906e+01
1.391477489471435547e+01
1.384210491180419922e+01
1.377553844451904297e+01
1.371209716796875000e+01
1.365475177764892578e+01
1.360126972198486328e+01
1.355239009857177734e+01
1.350959587097167969e+01
1.347065639495849609e+01
1.343705654144287109e+01
1.340730571746826172e+01
1.338288974761962891e+01
1.336306476593017578e+01
1.334782981872558594e+01
1.333718109130859375e+01
1.333186149597167969e+01
1.333112430572509766e+01
1.333496761322021484e+01
1.334264755249023438e+01
1.335490608215332031e+01
1.337248516082763672e+01
1.339389896392822266e+01
1.342063236236572266e+01
1.345120048522949219e+01
1.348634624481201172e+01
1.352607059478759766e+01
1.357037448883056641e+01
1.361851692199707031e+01
1.367124271392822266e+01
1.372780990600585938e+01
1.378896617889404297e+01
1.385396766662597656e+01
1.392282009124755859e+01
1.399626922607421875e+01
1.407357597351074219e+01
1.415474510192871094e+01
1.423903369903564453e+01
1.432719516754150391e+01
1.441923141479492188e+01
1.451588821411132812e+01
1.461494731903076172e+01
1.471938133239746094e+01
1.482697010040283203e+01
1.493697834014892578e+01
1.505089473724365234e+01
1.516798496246337891e+01
1.528751182556152344e+01
1.541171455383300781e+01
1.553837108612060547e+01
1.566822910308837891e+01
1.580055713653564453e+01
1.593610477447509766e+01
1.607413864135742188e+01
1.621540832519531250e+01
1.635918235778808594e+01
1.650547027587890625e+01
1.665428161621093750e+01
1.680562210083007812e+01
1.696025085449218750e+01
1.711594390869140625e+01
1.727419853210449219e+01
1.743428611755371094e+01
1.759695434570312500e+01
1.776073265075683594e+01
1.792786026000976562e+01
1.809611701965332031e+01
1.826625633239746094e+01
1.843680191040039062e+01
1.860999679565429688e+01
1.878436279296875000e+01
1.896065521240234375e+01
1.913740158081054688e+01
1.931535148620605469e+01
1.949526405334472656e+01
1.967566299438476562e+01
1.985656166076660156e+01
2.003945541381835938e+01
2.022212982177734375e+01
2.040608024597167969e+01
2.059057807922363281e+01
2.077638244628906250e+01
2.096126937866210938e+01
2.114674186706542969e+01
2.133206748962402344e+01
2.151874923706054688e+01
2.170531082153320312e+01
2.189027786254882812e+01
2.207663917541503906e+01
2.226217651367187500e+01
2.244764328002929688e+01
2.263305854797363281e+01
2.281768608093261719e+01
2.300154495239257812e+01
2.318538856506347656e+01
2.336774444580078125e+01
2.355085372924804688e+01
2.373176002502441406e+01
2.391270256042480469e+01
2.409146690368652344e+01
2.426955413818359375e+01
2.444697380065917969e+01
2.462225532531738281e+01
2.479689788818359375e+01
2.496942710876464844e+01
2.514208602905273438e+01
2.531117248535156250e+01
2.548041343688964844e+01
2.564759445190429688e+01
2.581198310852050781e+01
2.597507858276367188e+01
2.613615036010742188e+01
2.629669570922851562e+01
2.645376014709472656e+01
2.660809135437011719e+01
2.676193428039550781e+01
2.691233253479003906e+01
2.706003952026367188e+01
2.720655441284179688e+01
2.734966278076171875e+01
2.749085998535156250e+01
2.762867355346679688e+01
2.776460075378417969e+01
2.789717102050781250e+01
2.802788162231445312e+01
2.815599822998046875e+01
2.828078842163085938e+01
2.840301132202148438e+01
2.852193260192871094e+01
2.863830184936523438e+01
2.875065231323242188e+01
2.886195945739746094e+01
2.896777725219726562e+01
2.907108497619628906e+01
2.917189788818359375e+01
2.926948165893554688e+01
2.936310005187988281e+01
2.945275878906250000e+01
2.953995895385742188e+01
2.962396240234375000e+01
2.970477867126464844e+01
2.978167343139648438e+01
2.985465240478515625e+01
2.992520713806152344e+01
2.999186515808105469e+01
3.005462837219238281e+01
3.011424636840820312e+01
3.016998291015625000e+01
3.022259140014648438e+01
3.027058410644531250e+01
3.031546020507812500e+01
3.035647583007812500e+01
3.039437866210937500e+01
3.042769050598144531e+01
3.045790481567382812e+01
3.048278617858886719e+01
3.050606536865234375e+01
3.052476310729980469e+01
3.053963279724121094e+01
3.055141830444335938e+01
3.055937767028808594e+01
3.056351661682128906e+01
3.056382942199707031e+01
3.055958366394042969e+01
3.055300331115722656e+01
3.054186630249023438e+01
3.052691650390625000e+01
3.050889778137207031e+01
3.048632812500000000e+01
3.046143913269042969e+01
3.043200302124023438e+01
3.039876174926757812e+01
3.036097526550292969e+01
3.032087135314941406e+01
3.027696418762207031e+01
3.022999572753906250e+01
3.017848396301269531e+01
3.012391090393066406e+01
3.006627464294433594e+01
3.000408935546875000e+01
2.994032859802246094e+01
2.987126541137695312e+01
2.979913711547851562e+01
2.972393417358398438e+01
2.964639854431152344e+01
2.956355667114257812e+01
2.947837638854980469e+01
2.939010620117187500e+01
2.929874801635742188e+01
2.920429611206054688e+01
2.910748481750488281e+01
2.900756835937500000e+01
2.890379905700683594e+01
2.879691505432128906e+01
2.868765068054199219e+01
2.857525825500488281e+01
2.845973014831542969e+01
2.834254837036132812e+01
2.822147178649902344e+01
2.809872627258300781e+01
2.797207069396972656e+01
2.784373283386230469e+01
2.771220970153808594e+01
2.757898521423339844e+01
2.744404983520507812e+01
2.730590820312500000e+01
2.716529083251953125e+01
2.702219200134277344e+01
2.687808799743652344e+01
2.673073577880859375e+01
2.658161544799804688e+01
2.643071556091308594e+01
2.627653694152832031e+01
2.612204360961914062e+01
2.596499633789062500e+01
2.580612564086914062e+01
2.564690589904785156e+01
2.548510169982910156e+01
2.532144355773925781e+01
2.515740394592285156e+01
2.499074554443359375e+01
2.482294273376464844e+01
2.465398216247558594e+01
2.448534202575683594e+01
2.431329154968261719e+01
2.414079475402832031e+01
2.396709442138671875e+01
2.379292106628417969e+01
2.361752128601074219e+01
2.344087982177734375e+01
2.326298713684082031e+01
2.308605766296386719e+01
2.290711021423339844e+01
2.272835540771484375e+01
2.254904174804687500e+01
2.236915588378906250e+01
2.218942642211914062e+01
2.200909805297851562e+01
2.182815933227539062e+01
2.164733695983886719e+01
2.146736335754394531e+01
2.128524971008300781e+01
2.110544586181640625e+01
2.092347717285156250e+01
2.074304771423339844e+01
2.056265449523925781e+01
2.038228797912597656e+01
2.020267677307128906e+01
2.002306365966796875e+01
1.984417724609375000e+01
1.966600608825683594e+01
1.948779487609863281e+01
1.931027030944824219e+01
1.913416481018066406e+01
1.895872116088867188e+01
1.878392601013183594e+01
1.861050987243652344e+01
1.843771743774414062e+01
1.826553344726562500e+01
1.809543228149414062e+01
1.792591667175292969e+01
1.775696945190429688e+01
1.759081268310546875e+01
1.742520141601562500e+01
1.726012229919433594e+01
1.709779357910156250e+01
1.693671417236328125e+01
1.677761650085449219e+01
1.661900138854980469e+01
1.646308135986328125e+01
1.630836296081542969e+01
1.615483283996582031e+01
1.600396347045898438e+01
1.585425567626953125e+01
1.570644283294677734e+01
1.556125354766845703e+01
1.541793632507324219e+01
1.527647781372070312e+01
1.513686752319335938e+01
1.499983692169189453e+01
1.486388969421386719e+01
1.473050117492675781e+01
1.459965991973876953e+01
1.447135543823242188e+01
1.434483718872070312e+01
1.422083473205566406e+01
1.409934139251708984e+01
1.398034763336181641e+01
1.386384296417236328e+01
1.374981975555419922e+01
1.363826656341552734e+01
1.352843379974365234e+01
1.342254447937011719e+01
1.331835842132568359e+01
1.321661186218261719e+01
1.311804103851318359e+01
1.302189540863037109e+01
1.292891025543212891e+01
1.283759498596191406e+01
1.274942684173583984e+01
1.266440200805664062e+01
1.258102798461914062e+01
1.250152683258056641e+01
1.242440891265869141e+01
1.234966945648193359e+01
1.227804565429687500e+01
1.221027755737304688e+01
1.214413070678710938e+01
1.208183193206787109e+01
1.202114677429199219e+01
1.196430301666259766e+01
1.191055393218994141e+01
1.185841083526611328e+01
1.181010246276855469e+01
1.176488018035888672e+01
1.172200107574462891e+01
1.168220233917236328e+01
1.164548206329345703e+01
1.161109542846679688e+01
1.158052444458007812e+01
1.155153846740722656e+01
1.152636528015136719e+01
1.150351715087890625e+01
1.148447990417480469e+01
1.146627902984619141e+01
1.145188713073730469e+01
1.144056034088134766e+01
1.143155670166015625e+01
1.142561912536621094e+01
1.142274856567382812e+01
1.142220211029052734e+01
1.142472457885742188e+01
1.142957496643066406e+01
1.143675518035888672e+01
1.144775295257568359e+01
1.146108531951904297e+01
1.147675418853759766e+01
1.149476337432861328e+01
1.151511573791503906e+01
1.153855895996093750e+01
1.156435298919677734e+01
1.159250164031982422e+01
1.162375450134277344e+01
1.165737056732177734e+01
1.169261360168457031e+01
1.173097515106201172e+01
1.177171707153320312e+01
1.181410312652587891e+01
1.185888099670410156e+01
1.190680122375488281e+01
1.195564079284667969e+01
1.200763607025146484e+01
1.206205177307128906e+01
1.211740875244140625e+01
1.217520141601562500e+01
1.223543548583984375e+01
1.229663467407226562e+01
1.236029529571533203e+01
1.242642211914062500e+01
1.249428367614746094e+01
1.256314659118652344e+01
1.263450336456298828e+01
1.270687961578369141e+01
1.278177165985107422e+01
1.285770130157470703e+01
1.293542289733886719e+01
1.301494312286376953e+01
1.309553146362304688e+01
1.317793846130371094e+01
1.326143169403076172e+01
1.334676456451416016e+01
1.343320274353027344e+01
1.352001476287841797e+01
1.360944080352783203e+01
1.369926071166992188e+01
1.379023075103759766e+01
1.388236045837402344e+01
1.397640419006347656e+01
1.407088661193847656e+01
1.416582012176513672e+01
1.426195907592773438e+01
1.435931396484375000e+01
1.445641326904296875e+01
1.455475139617919922e+01
1.465434360504150391e+01
1.475371456146240234e+01
1.485361862182617188e+01
1.495481300354003906e+01
1.505656337738037109e+01
1.515814399719238281e+01
1.525956439971923828e+01
1.536232471466064453e+01
1.546494865417480469e+01
1.556745243072509766e+01
1.567058944702148438e+01
1.577437305450439453e+01
1.587732887268066406e+01
1.598095893859863281e+01
1.608452987670898438e+01
1.618731117248535156e+01
1.629080390930175781e+01
1.639427566528320312e+01
1.649625587463378906e+01
1.659823799133300781e+01
1.670098304748535156e+01
1.680301666259765625e+01
1.690360832214355469e+01
1.700499725341796875e+01
1.710496902465820312e+01
1.720427894592285156e+01
1.730368041992187500e+01
1.740244674682617188e+01
1.749984359741210938e+01
1.759662818908691406e+01
1.769281196594238281e+01
1.778766250610351562e+01
1.788268280029296875e+01
1.797714042663574219e+01
1.806955909729003906e+01
1.816069793701171875e+01
1.825131034851074219e+01
1.834140968322753906e+01
1.842877578735351562e+01
1.851639556884765625e+01
1.860204887390136719e+01
1.868723678588867188e+01
1.877048301696777344e+01
1.885328292846679688e+01
1.893342208862304688e+01
1.901313781738281250e+01
1.908946990966796875e+01
1.916688728332519531e+01
1.924168586730957031e+01
1.931610298156738281e+01
1.939015197753906250e+01
1.946012306213378906e+01
1.952974510192871094e+01
1.959679794311523438e+01
1.966351890563964844e+01
1.972620391845703125e+01
1.978857231140136719e+01
1.984915351867675781e+01
1.990720939636230469e+01
1.996497726440429688e+01
2.002023696899414062e+01
2.007374000549316406e+01
2.012400627136230469e+01
2.017401885986328125e+01
2.022229576110839844e+01
2.026735877990722656e+01
2.031144523620605469e+01
2.035307312011718750e+01
2.039299392700195312e+01
2.043046951293945312e+01
2.046625137329101562e+01
2.050034141540527344e+01
2.053200531005859375e+01
2.056198883056640625e+01
2.059029769897460938e+01
2.061545181274414062e+01
2.063893890380859375e+01
2.066002082824707031e+01
2.067944526672363281e+01
2.069721603393554688e+01
2.071259117126464844e+01
2.072483444213867188e+01
2.073543548583984375e+01
2.074365234375000000e+01
2.075023651123046875e+01
2.075444221496582031e+01
2.075702095031738281e+01
2.075797080993652344e+01
2.075506973266601562e+01
2.075054359436035156e+01
2.074439811706542969e+01
2.073514747619628906e+01
2.072427558898925781e+01
2.071179008483886719e+01
2.069694328308105469e+01
2.067973709106445312e+01
2.066091537475585938e+01
2.063973236083984375e+01
2.061618995666503906e+01
2.059103012084960938e+01
2.056276321411132812e+01
2.053362083435058594e+01
2.050211143493652344e+01
2.046898078918457031e+01
2.043273353576660156e+01
2.039560317993164062e+01
2.035535430908203125e+01
2.031421470642089844e+01
2.027069473266601562e+01
2.022553253173828125e+01
2.017798042297363281e+01
2.012803840637207031e+01
2.007718467712402344e+01
2.002392768859863281e+01
1.996975326538085938e+01
1.991167831420898438e+01
1.985341835021972656e+01
1.979347991943359375e+01
1.973111152648925781e+01
1.966705131530761719e+01
1.960129737854003906e+01
1.953383636474609375e+01
1.946615219116210938e+01
1.939452171325683594e+01
1.932190895080566406e+01
1.924830818176269531e+01
1.917296791076660156e+01
1.909588050842285156e+01
1.901778030395507812e+01
1.893717575073242188e+01
1.885628318786621094e+01
1.877212715148925781e+01
1.868766975402832031e+01
1.860290527343750000e+01
1.851633834838867188e+01
1.842795944213867188e+01
1.833850669860839844e+01
1.824722671508789062e+01
1.815485572814941406e+01
1.806212425231933594e+01
1.796753883361816406e+01
1.787257957458496094e+01
1.777649116516113281e+01
1.767852210998535156e+01
1.758014869689941406e+01
1.748061752319335938e+01
1.738066291809082031e+01
1.727953147888183594e+01
1.717795753479003906e+01
1.707518577575683594e+01
1.697120857238769531e+01
1.686675453186035156e+01
1.676107406616210938e+01
1.665638351440429688e+01
1.654970169067382812e+01
1.644175720214843750e+01
1.633477401733398438e+01
1.622576332092285156e+01
1.611768913269042969e+01
1.600831222534179688e+01
1.589761734008789062e+01
1.578782558441162109e+01
1.567818355560302734e+01
1.556719017028808594e+01
1.545632171630859375e+01
1.534556770324707031e+01
1.523342895507812500e+01
1.512212371826171875e+01
1.501089572906494141e+01
1.489899349212646484e+01
1.478788948059082031e+01
1.467534255981445312e+01
1.456357002258300781e+01
1.445256042480468750e+01
1.434007453918457031e+01
1.422907066345214844e+01
1.411730861663818359e+01
1.400626277923583984e+01
1.389517879486083984e+01
1.378330135345458984e+01
1.367359352111816406e+01
1.356306838989257812e+01
1.345394611358642578e+01
1.334398365020751953e+01
1.323540210723876953e+01
1.312521648406982422e+01
1.301638698577880859e+01
1.290890502929687500e+01
1.280201435089111328e+01
1.269644832611083984e+01
1.259145355224609375e+01
1.248553180694580078e+01
1.238090324401855469e+01
1.227755641937255859e+01
1.217399597167968750e+01
1.207169723510742188e+01
1.196990776062011719e+01
1.186935997009277344e+01
1.176930236816406250e+01
1.167046642303466797e+01
1.157284450531005859e+01
1.147494029998779297e+01
1.137823200225830078e+01
1.128345298767089844e+01
1.118836498260498047e+01
1.109518718719482422e+01
1.100242900848388672e+01
1.091230773925781250e+01
1.082258796691894531e+01
1.073326015472412109e+01
1.064506149291992188e+01
1.055798435211181641e+01
1.047276210784912109e+01
1.038790512084960938e+01
1.030488872528076172e+01
1.022222328186035156e+01
1.014212894439697266e+01
1.006237125396728516e+01
9.984430313110351562e+00
9.907557487487792969e+00
9.831745147705078125e+00
9.757733345031738281e+00
9.684771537780761719e+00
9.613596916198730469e+00
9.542721748352050781e+00
9.474367141723632812e+00
9.407787322998046875e+00
9.342978477478027344e+00
9.278448104858398438e+00
9.215680122375488281e+00
9.153925895690917969e+00
9.093182563781738281e+00
9.033444404602050781e+00
8.976192474365234375e+00
8.921200752258300781e+00
8.866681098937988281e+00
8.813742637634277344e+00
8.762234687805175781e+00
8.712301254272460938e+00
8.664014816284179688e+00
8.617222785949707031e+00
8.571846961975097656e+00
8.528184890747070312e+00
8.486156463623046875e+00
8.445465087890625000e+00
8.406255722045898438e+00
8.368527412414550781e+00
8.332427024841308594e+00
8.297804832458496094e+00
8.264586448669433594e+00
8.232992172241210938e+00
8.202800750732421875e+00
8.174084663391113281e+00
8.146919250488281250e+00
8.121229171752929688e+00
8.096942901611328125e+00
8.074282646179199219e+00
8.052950859069824219e+00
8.033175468444824219e+00
8.014804840087890625e+00
7.997844219207763672e+00
7.982367992401123047e+00
7.968304634094238281e+00
7.955583095550537109e+00
7.944353580474853516e+00
7.934471130371093750e+00
7.926086425781250000e+00
7.918981552124023438e+00
7.913234233856201172e+00
7.908847332000732422e+00
7.905750751495361328e+00
7.904024124145507812e+00
7.903598308563232422e+00
7.904402256011962891e+00
7.906663894653320312e+00
7.910092830657958984e+00
7.914693355560302734e+00
7.920544624328613281e+00
7.927729129791259766e+00
7.936102390289306641e+00
7.945597648620605469e+00
7.956219673156738281e+00
7.968049526214599609e+00
7.980942726135253906e+00
7.995056629180908203e+00
8.010320663452148438e+00
8.026669502258300781e+00
8.043886184692382812e+00
8.062049865722656250e+00
8.081393241882324219e+00
8.101698875427246094e+00
8.123049736022949219e+00
8.145302772521972656e+00
8.168466567993164062e+00
8.192549705505371094e+00
8.217483520507812500e+00
8.243278503417968750e+00
8.269939422607421875e+00
8.297553062438964844e+00
8.325752258300781250e+00
8.354844093322753906e+00
8.384613990783691406e+00
8.415219306945800781e+00
8.446223258972167969e+00
8.477855682373046875e+00
8.510944366455078125e+00
8.544308662414550781e+00
8.578180313110351562e+00
8.611824989318847656e+00
8.647481918334960938e+00
8.682929992675781250e+00
8.718920707702636719e+00
8.755466461181640625e+00
8.791830062866210938e+00
8.829506874084472656e+00
8.868508338928222656e+00
8.905870437622070312e+00
8.944575309753417969e+00
8.983889579772949219e+00
9.022335052490234375e+00
9.062151908874511719e+00
9.101861953735351562e+00
9.141476631164550781e+00
9.181747436523437500e+00
9.221940994262695312e+00
9.262810707092285156e+00
9.303622245788574219e+00
9.344384193420410156e+00
9.385108947753906250e+00
9.425803184509277344e+00
9.467223167419433594e+00
9.509374618530273438e+00
9.550039291381835938e+00
9.590714454650878906e+00
9.630663871765136719e+00
9.671385765075683594e+00
9.712887763977050781e+00
9.752951622009277344e+00
9.793815612792968750e+00
9.833258628845214844e+00
9.873520851135253906e+00
9.913125038146972656e+00
9.952822685241699219e+00
9.993368148803710938e+00
1.003253936767578125e+01
1.007109069824218750e+01
1.010977268218994141e+01
1.014785099029541016e+01
1.018533515930175781e+01
1.022297859191894531e+01
1.026078796386718750e+01
1.029728698730468750e+01
1.033397102355957031e+01
1.036936092376708984e+01
1.040495204925537109e+01
1.044001102447509766e+01
1.047454261779785156e+01
1.050781631469726562e+01
1.054057979583740234e+01
1.057284164428710938e+01
1.060461044311523438e+01
1.063663673400878906e+01
1.066669750213623047e+01
1.069777393341064453e+01
1.072690010070800781e+01
1.075631332397460938e+01
1.078453159332275391e+01
1.081156444549560547e+01
1.083816051483154297e+01
1.086432552337646484e+01
1.089006614685058594e+01
1.091464519500732422e+01
1.093881130218505859e+01
1.096182823181152344e+01
1.098444271087646484e+01
1.100666046142578125e+01
1.102700138092041016e+01
1.104695510864257812e+01
1.106652832031250000e+01
1.108423709869384766e+01
1.110157299041748047e+01
1.111779785156250000e+01
1.113291645050048828e+01
1.114841747283935547e+01
1.116207885742187500e+01
1.117464542388916016e+01
1.118760776519775391e+01
1.119874095916748047e+01
1.120879077911376953e+01
1.121924781799316406e+01
1.122788429260253906e+01
1.123544692993164062e+01
1.124193954467773438e+01
1.124736118316650391e+01
1.125246143341064453e+01
1.125649642944335938e+01
1.125872516632080078e+01
1.126138114929199219e+01
1.126223468780517578e+01
1.126202869415283203e+01
1.126151084899902344e+01
1.125919342041015625e+01
1.125656509399414062e+01
1.125288200378417969e+01
1.124740123748779297e+01
1.124235534667968750e+01
1.123625469207763672e+01
1.122910022735595703e+01
1.122089385986328125e+01
1.121163272857666016e+01
1.120057392120361328e+01
1.118994617462158203e+01
1.117751884460449219e+01
1.116477775573730469e+01
1.115023422241210938e+01
1.113611793518066406e+01
1.111871051788330078e+01
1.110246849060058594e+01
1.108441829681396484e+01
1.106604385375976562e+01
1.104660034179687500e+01
1.102608299255371094e+01
1.100523567199707031e+01
1.098182392120361328e+01
1.095956134796142578e+01
1.093547248840332031e+01
1.091103935241699219e+01
1.088551521301269531e+01
1.085815429687500000e+01
1.083118152618408203e+01
1.080385017395019531e+01
1.077392768859863281e+01
1.074438190460205078e+01
1.071372413635253906e+01
1.068269348144531250e+01
1.065054321289062500e+01
1.061726856231689453e+01
1.058360767364501953e+01
1.054881572723388672e+01
1.051437091827392578e+01
1.047878360748291016e+01
1.044279384613037109e+01
1.040565013885498047e+01
1.036809253692626953e+01
1.032937145233154297e+01
1.028948116302490234e+01
1.024990272521972656e+01
1.020914459228515625e+01
1.016794204711914062e+01
1.012777614593505859e+01
1.008566856384277344e+01
1.004235553741455078e+01
1.000005912780761719e+01
9.955801010131835938e+00
9.911803245544433594e+00
9.866573333740234375e+00
9.821589469909667969e+00
9.776102066040039062e+00
9.730104446411132812e+00
9.683588027954101562e+00
9.636545181274414062e+00
9.588970184326171875e+00
9.540853500366210938e+00
9.492932319641113281e+00
9.443711280822753906e+00
9.394669532775878906e+00
9.345799446105957031e+00
9.296348571777343750e+00
9.247055053710937500e+00
9.197165489196777344e+00
9.145929336547851562e+00
9.095568656921386719e+00
9.045331001281738281e+00
8.993722915649414062e+00
8.942222595214843750e+00
8.890079498291015625e+00
8.838027954101562500e+00
8.786804199218750000e+00
8.734169006347656250e+00
8.682344436645507812e+00
8.630580902099609375e+00
8.578125953674316406e+00
8.525715827941894531e+00
8.473342895507812500e+00
8.420255661010742188e+00
8.368677139282226562e+00
8.315627098083496094e+00
8.262582778930664062e+00
8.210282325744628906e+00
8.157973289489746094e+00
8.104906082153320312e+00
8.052558898925781250e+00
7.999439716339111328e+00
7.947768688201904297e+00
7.895310878753662109e+00
7.843544006347656250e+00
7.791719436645507812e+00
7.739976882934570312e+00
7.688310146331787109e+00
7.636713027954101562e+00
7.585771083831787109e+00
7.534884452819824219e+00
7.484194755554199219e+00
7.433694839477539062e+00
7.383451938629150391e+00
7.333459854125976562e+00
7.283859729766845703e+00
7.234497547149658203e+00
7.185439586639404297e+00
7.136680603027343750e+00
7.088287353515625000e+00
7.040179252624511719e+00
6.992572784423828125e+00
6.945313453674316406e+00
6.898395061492919922e+00
6.851884841918945312e+00
6.805852413177490234e+00
6.760141849517822266e+00
6.714970111846923828e+00
6.670183658599853516e+00
6.625775337219238281e+00
6.581963062286376953e+00
6.538592815399169922e+00
6.495658874511718750e+00
6.453229904174804688e+00
6.411300182342529297e+00
6.369864940643310547e+00
6.328993797302246094e+00
6.288681507110595703e+00
6.248847961425781250e+00
6.209563732147216797e+00
6.170897960662841797e+00
6.132770538330078125e+00
6.095177650451660156e+00
6.058113098144531250e+00
6.021721363067626953e+00
5.985924243927001953e+00
5.950642585754394531e+00
5.916020870208740234e+00
5.881832122802734375e+00
5.848370552062988281e+00
5.815557479858398438e+00
5.783315181732177734e+00
5.751714706420898438e+00
5.720753669738769531e+00
5.690428733825683594e+00
5.660663127899169922e+00
5.631527900695800781e+00
5.603096961975097656e+00
5.575292110443115234e+00
5.548111915588378906e+00
5.521629333496093750e+00
5.495769023895263672e+00
5.470529079437255859e+00
5.445908546447753906e+00
5.421980857849121094e+00
5.398745536804199219e+00
5.376127243041992188e+00
5.354199886322021484e+00
5.332889556884765625e+00
5.312345027923583984e+00
5.292343616485595703e+00
5.273032665252685547e+00
5.254489421844482422e+00
5.236489772796630859e+00
5.219184398651123047e+00
5.202573299407958984e+00
5.186583518981933594e+00
5.171291351318359375e+00
5.156623363494873047e+00
5.142654895782470703e+00
5.129239559173583984e+00
5.116528034210205078e+00
5.104521751403808594e+00
5.093074321746826172e+00
5.082410335540771484e+00
5.072234630584716797e+00
5.062773704528808594e+00
5.053880214691162109e+00
5.045779705047607422e+00
5.038177967071533203e+00
5.031224727630615234e+00
5.024848937988281250e+00
5.019126415252685547e+00
5.013910293579101562e+00
5.009427070617675781e+00
5.005455017089843750e+00
5.002071380615234375e+00
4.999279022216796875e+00
4.997079849243164062e+00
4.995328426361083984e+00
4.994250297546386719e+00
4.993552207946777344e+00
4.993458747863769531e+00
4.993972778320312500e+00
4.995099067687988281e+00
4.996913909912109375e+00
4.998900413513183594e+00
5.001508712768554688e+00
5.004519462585449219e+00
5.008158683776855469e+00
5.012133121490478516e+00
5.016595840454101562e+00
5.021475791931152344e+00
5.026926040649414062e+00
5.032579421997070312e+00
5.038886070251464844e+00
5.045479297637939453e+00
5.052437782287597656e+00
5.059840202331542969e+00
5.067766189575195312e+00
5.075923442840576172e+00
5.084540367126464844e+00
5.093473434448242188e+00
5.102802276611328125e+00
5.112309455871582031e+00
5.122297763824462891e+00
5.132550716400146484e+00
5.143147468566894531e+00
5.154020309448242188e+00
5.165027141571044922e+00
5.176471233367919922e+00
5.188135147094726562e+00
5.200026988983154297e+00
5.212225914001464844e+00
5.224590778350830078e+00
5.237202644348144531e+00
5.250142574310302734e+00
5.263268470764160156e+00
5.276513099670410156e+00
5.289958000183105469e+00
5.303609848022460938e+00
5.317399978637695312e+00
5.331336975097656250e+00
5.345427036285400391e+00
5.359676361083984375e+00
5.374017238616943359e+00
5.388532161712646484e+00
5.403152942657470703e+00
5.417811393737792969e+00
5.432589530944824219e+00
5.447493553161621094e+00
5.462381362915039062e+00
5.477334022521972656e+00
5.492506980895996094e+00
5.507534503936767578e+00
5.522572040557861328e+00
5.537775039672851562e+00
5.552851200103759766e+00
5.568030834197998047e+00
5.583096027374267578e+00
5.598201751708984375e+00
5.613205432891845703e+00
5.628335475921630859e+00
5.643300533294677734e+00
5.658105850219726562e+00
5.672979354858398438e+00
5.687704563140869141e+00
5.702360153198242188e+00
5.716876506805419922e+00
5.731334209442138672e+00
5.745662689208984375e+00
5.759867191314697266e+00
5.773878097534179688e+00
5.787700176239013672e+00
5.801485538482666016e+00
5.815017223358154297e+00
5.828447341918945312e+00
5.841631412506103516e+00
5.854574203491210938e+00
5.867427349090576172e+00
5.879899501800537109e+00
5.892215728759765625e+00
5.904381275177001953e+00
5.916251182556152344e+00
5.927828788757324219e+00
5.939192771911621094e+00
5.950272083282470703e+00
5.961071491241455078e+00
5.971593856811523438e+00
5.981917858123779297e+00
5.991823673248291016e+00
6.001539230346679688e+00
6.010919094085693359e+00
6.019893646240234375e+00
6.028614521026611328e+00
6.037012100219726562e+00
6.045164585113525391e+00
6.052852630615234375e+00
6.060228824615478516e+00
6.067370891571044922e+00
6.073985576629638672e+00
6.080374717712402344e+00
6.086392402648925781e+00
6.092116832733154297e+00
6.097329139709472656e+00
6.102255344390869141e+00
6.106750488281250000e+00
6.110892295837402344e+00
6.114758968353271484e+00
6.118204116821289062e+00
6.121231555938720703e+00
6.123844146728515625e+00
6.126194000244140625e+00
6.128134250640869141e+00
6.129594802856445312e+00
6.130725383758544922e+00
6.131380558013916016e+00
6.131711006164550781e+00
6.131644248962402344e+00
6.131182670593261719e+00
6.130327701568603516e+00
6.129081249237060547e+00
6.127444267272949219e+00
6.125492572784423828e+00
6.123077869415283203e+00
6.120202064514160156e+00
6.117012977600097656e+00
6.113438129425048828e+00
6.109476566314697266e+00
6.105053901672363281e+00
6.100244522094726562e+00
6.095047950744628906e+00
6.089462757110595703e+00
6.083414554595947266e+00
6.077050685882568359e+00
6.070294857025146484e+00
6.063072204589843750e+00
6.055528163909912109e+00
6.047513008117675781e+00
6.039173603057861328e+00
6.030358791351318359e+00
6.021215915679931641e+00
6.011668682098388672e+00
6.001788616180419922e+00
5.991425514221191406e+00
5.980725288391113281e+00
5.969610691070556641e+00
5.958079814910888672e+00
5.946204185485839844e+00
5.933906078338623047e+00
5.921331405639648438e+00
5.908328533172607422e+00
5.894894599914550781e+00
5.881174564361572266e+00
5.867092132568359375e+00
5.852643489837646484e+00
5.837750434875488281e+00
5.822559833526611328e+00
5.807068347930908203e+00
5.791197776794433594e+00
5.775019168853759766e+00
5.758307456970214844e+00
5.741355895996093750e+00
5.724161624908447266e+00
5.706573009490966797e+00
5.688662052154541016e+00
5.670498847961425781e+00
5.651932716369628906e+00
5.633183479309082031e+00
5.613950729370117188e+00
5.594603061676025391e+00
5.574840068817138672e+00
5.554957866668701172e+00
5.534729003906250000e+00
5.514151096343994141e+00
5.493444919586181641e+00
5.472383499145507812e+00
5.451187610626220703e+00
5.429631710052490234e+00
5.407861232757568359e+00
5.385947704315185547e+00
5.363739013671875000e+00
5.341381072998046875e+00
5.318647861480712891e+00
5.295982837677001953e+00
5.273009300231933594e+00
5.249948501586914062e+00
5.226647853851318359e+00
5.203103542327880859e+00
5.179460048675537109e+00
5.155789375305175781e+00
5.131789684295654297e+00
5.107754707336425781e+00
5.083606719970703125e+00
5.059266567230224609e+00
5.034879207611083984e+00
5.010365962982177734e+00
4.985722064971923828e+00
4.961091995239257812e+00
4.936172962188720703e+00
4.911332130432128906e+00
4.886415958404541016e+00
4.861418724060058594e+00
4.836335182189941406e+00
4.811234951019287109e+00
4.786110877990722656e+00
4.760884284973144531e+00
4.735622882843017578e+00
4.710395336151123047e+00
4.685046672821044922e+00
4.659794807434082031e+00
4.634410381317138672e+00
4.609183311462402344e+00
4.583812236785888672e+00
4.558512210845947266e+00
4.533054828643798828e+00
4.507805347442626953e+00
4.482460498809814453e+00
4.457163333892822266e+00
4.431981563568115234e+00
4.406760692596435547e+00
4.381569862365722656e+00
4.356254577636718750e+00
4.331180572509765625e+00
4.306045055389404297e+00
4.281065940856933594e+00
4.256164073944091797e+00
4.231185913085937500e+00
4.206349372863769531e+00
4.181649684906005859e+00
4.156933784484863281e+00
4.132347106933593750e+00
4.107810974121093750e+00
4.083468914031982422e+00
4.059245586395263672e+00
4.035060882568359375e+00
4.011062145233154297e+00
3.987096786499023438e+00
3.963310956954956055e+00
3.939628124237060547e+00
3.916119098663330078e+00
3.892708301544189453e+00
3.869541883468627930e+00
3.846469163894653320e+00
3.823636054992675781e+00
3.800893783569335938e+00
3.778239250183105469e+00
3.755820274353027344e+00
3.733709573745727539e+00
3.711757421493530273e+00
3.689962625503540039e+00
3.668397665023803711e+00
3.646987915039062500e+00
3.625954866409301758e+00
3.605000019073486328e+00
3.584270954132080078e+00
3.563766241073608398e+00
3.543633937835693359e+00
3.523575305938720703e+00
3.503886461257934570e+00
3.484343528747558594e+00
3.465167045593261719e+00
3.446207761764526367e+00
3.427538394927978516e+00
3.409082651138305664e+00
3.390913724899291992e+00
3.373029232025146484e+00
3.355427503585815430e+00
3.338032245635986328e+00
3.320915937423706055e+00
3.304150104522705078e+00
3.287584066390991211e+00
3.271364212036132812e+00
3.255339384078979492e+00
3.239655971527099609e+00
3.224162578582763672e+00
3.209153652191162109e+00
3.194181203842163086e+00
3.179614067077636719e+00
3.165374994277954102e+00
3.151312828063964844e+00
3.137499332427978516e+00
3.124006748199462891e+00
3.110831975936889648e+00
3.097898483276367188e+00
3.085204124450683594e+00
3.072821617126464844e+00
3.060599327087402344e+00
3.048758745193481445e+00
3.037149906158447266e+00
3.025770664215087891e+00
3.014619350433349609e+00
3.003843069076538086e+00
2.993217945098876953e+00
2.982891082763671875e+00
2.972862482070922852e+00
2.963056802749633789e+00
2.953399896621704102e+00
2.944114923477172852e+00
2.934979200363159180e+00
2.926141738891601562e+00
2.917529821395874023e+00
2.909144401550292969e+00
2.900987625122070312e+00
2.893135070800781250e+00
2.885440587997436523e+00
2.877980947494506836e+00
2.870684623718261719e+00
2.863777637481689453e+00
2.857039928436279297e+00
2.850549697875976562e+00
2.844310283660888672e+00
2.838251829147338867e+00
2.832600831985473633e+00
2.827064037322998047e+00
2.821721076965332031e+00
2.816724300384521484e+00
2.811780929565429688e+00
2.807267665863037109e+00
2.802965879440307617e+00
2.798806428909301758e+00
2.794942378997802734e+00
2.791229724884033203e+00
2.787822008132934570e+00
2.784649372100830078e+00
2.781716346740722656e+00
2.778953075408935547e+00
2.776512384414672852e+00
2.774250030517578125e+00
2.772170066833496094e+00
2.770424604415893555e+00
2.768868923187255859e+00
2.767506361007690430e+00
2.766414642333984375e+00
2.765448093414306641e+00
2.764684200286865234e+00
2.764125347137451172e+00
2.763922452926635742e+00
2.763854980468750000e+00
2.763850688934326172e+00
2.764133930206298828e+00
2.764557600021362305e+00
2.765197038650512695e+00
2.765978813171386719e+00
2.766978502273559570e+00
2.768121957778930664e+00
2.769335508346557617e+00
2.770768880844116211e+00
2.772273302078247070e+00
2.773923635482788086e+00
2.775794267654418945e+00
2.777662754058837891e+00
2.779603719711303711e+00
2.781691551208496094e+00
2.784001350402832031e+00
2.786310195922851562e+00
2.788619041442871094e+00
2.791076898574829102e+00
2.793610811233520508e+00
2.796147108078002930e+00
2.798761367797851562e+00
2.801455020904541016e+00
2.804229974746704102e+00
2.807013273239135742e+00
2.809807538986206055e+00
2.812615394592285156e+00
2.815439224243164062e+00
2.818281888961791992e+00
2.821147203445434570e+00
2.824038267135620117e+00
2.826885223388671875e+00
2.829840183258056641e+00
2.832685232162475586e+00
2.835648298263549805e+00
2.838510751724243164e+00
2.841352701187133789e+00
2.844179391860961914e+00
2.847071170806884766e+00
2.849885225296020508e+00
2.852702379226684570e+00
2.855453968048095703e+00
2.858369827270507812e+00
2.861084938049316406e+00
2.863828897476196289e+00
2.866608381271362305e+00
2.869355678558349609e+00
2.872003316879272461e+00
2.874780893325805664e+00
2.877397537231445312e+00
0.000000000000000000e+00
0.000000000000000000e+00
0.000000000000000000e+00
0.000000000000000000e+00
0.000000000000000000e+00
0.000000000000000000e+00
0.000000000000000000e+00
0.000000000000000000e+00
0.000000000000000000e+00
0.000000000000000000e+00
0.000000000000000000e+00
0.000000000000000000e+00
0.000000000000000000e+00
0.000000000000000000e+00
0.000000000000000000e+00
0.000000000000000000e+00
0.000000000000000000e+00
0.000000000000000000e+00
0.000000000000000000e+00
0.000000000000000000e+00
0.000000000000000000e+00
0.000000000000000000e+00
0.000000000000000000e+00
0.000000000000000000e+00
0.000000000000000000e+00
0.000000000000000000e+00
0.000000000000000000e+00
0.000000000000000000e+00
0.000000000000000000e+00
0.000000000000000000e+00
0.000000000000000000e+00
0.000000000000000000e+00
0.000000000000000000e+00
0.000000000000000000e+00
0.000000000000000000e+00
0.000000000000000000e+00
0.000000000000000000e+00
0.000000000000000000e+00
0.000000000000000000e+00
0.000000000000000000e+00
0.000000000000000000e+00
0.000000000000000000e+00
0.000000000000000000e+00
0.000000000000000000e+00
0.000000000000000000e+00
0.000000000000000000e+00
0.000000000000000000e+00
0.000000000000000000e+00
0.000000000000000000e+00
0.000000000000000000e+00
0.000000000000000000e+00
0.000000000000000000e+00
0.000000000000000000e+00
0.000000000000000000e+00
0.000000000000000000e+00
0.000000000000000000e+00
0.000000000000000000e+00
0.000000000000000000e+00
0.000000000000000000e+00
0.000000000000000000e+00
0.000000000000000000e+00
0.000000000000000000e+00
0.000000000000000000e+00
0.000000000000000000e+00
0.000000000000000000e+00
0.000000000000000000e+00
0.000000000000000000e+00
0.000000000000000000e+00
0.000000000000000000e+00
0.000000000000000000e+00
0.000000000000000000e+00
0.000000000000000000e+00
0.000000000000000000e+00
0.000000000000000000e+00
0.000000000000000000e+00
0.000000000000000000e+00
0.000000000000000000e+00
0.000000000000000000e+00
0.000000000000000000e+00
0.000000000000000000e+00
0.000000000000000000e+00
0.000000000000000000e+00
0.000000000000000000e+00
0.000000000000000000e+00
0.000000000000000000e+00
0.000000000000000000e+00
0.000000000000000000e+00
0.000000000000000000e+00
0.000000000000000000e+00
0.000000000000000000e+00
0.000000000000000000e+00
0.000000000000000000e+00
0.000000000000000000e+00
0.000000000000000000e+00
0.000000000000000000e+00
0.000000000000000000e+00
0.000000000000000000e+00
0.000000000000000000e+00
0.000000000000000000e+00
0.000000000000000000e+00
