# pp
8.753004381104043689e-09
5.324072509432101646e-09
3.679720423780083046e-09
2.733948623431851292e-09
2.127781517981345141e-09
1.711286958396514823e-09
1.410453670346073173e-09
1.184937582658392038e-09
1.010707403800992021e-09
8.731238227707497580e-10
7.621308337524143858e-10
6.711315768277190735e-10
5.955612624984766933e-10
5.320413415287358871e-10
4.780870777612986103e-10
4.318533553235629329e-10
3.919274452784999790e-10
3.571759969842154138e-10
3.267160939934756301e-10
2.998771879085368380e-10
2.761197432566687535e-10
2.549816479120963461e-10
2.360838817074145131e-10
2.191225702612743142e-10
2.038463098932716014e-10
1.900410912583567201e-10
1.775241485239161294e-10
1.661331694964396950e-10
1.557322312187872979e-10
1.462164679041033394e-10
1.374957088879995009e-10
1.294840583354354434e-10
1.221059265884957786e-10
1.152972616800199414e-10
1.090023805332500880e-10
1.031718976961949927e-10
9.776210602935022389e-11
9.273379491109320531e-11
8.805218947896209209e-11
8.368653852876404188e-11
7.960965177775426625e-11
7.579732567481420186e-11
7.222792457245407427e-11
6.888205471249974514e-11
6.574221243199933478e-11
6.279235013517608170e-11
6.001793075587964436e-11
5.740582078296359157e-11
5.494412828037577478e-11
5.262201669340916633e-11
5.042945947666572807e-11
4.835729307815614356e-11
4.639716803621168233e-11
4.454146269760285953e-11
4.278317983113474237e-11
4.111580478084878902e-11
3.953334191682675191e-11
3.803028965064811631e-11
3.660159198162706136e-11
3.524261532760381196e-11
3.394916463521341365e-11
3.271738183878229063e-11
3.154369604535729485e-11
3.042479790849123251e-11
2.935759303650219688e-11
2.833911614717579003e-11
2.736659237854092410e-11
2.643744392758248526e-11
2.554927339234910176e-11
2.469983382301812328e-11
2.388697370023568393e-11
2.310867472867808265e-11
2.236305552519426433e-11
2.164836063887460133e-11
2.096296162546255946e-11
2.030537881825330751e-11
1.967423624205923681e-11
1.906824307782912218e-11
1.848618737343425950e-11
1.792692652641337242e-11
1.738937145585709616e-11
1.687249426745331641e-11
1.637532759386854318e-11
1.589696035375253024e-11
1.543653021429513903e-11
1.499320975542492626e-11
1.456621518125172580e-11
1.415480692894630198e-11
1.375828671135459926e-11
1.337599308287737951e-11
1.300729410053043355e-11
1.265159059322268645e-11
1.230831571841285560e-11
1.197693290125545378e-11
1.165693392499370561e-11
1.134783716006626967e-11
1.104918592054985814e-11
1.076054693759785740e-11
1.048150894046902226e-11
1.021168133658179027e-11
9.950692982788025407e-12
9.698191040744944816e-12
9.453839909882491948e-12
9.217320232023039541e-12
8.988327962216945869e-12
8.766573500816497013e-12
8.551780882227445606e-12
8.343687016155240703e-12
8.142040977506963169e-12
7.946602320637996947e-12
7.757137539731923928e-12
7.573422789088585673e-12
7.395244365850734980e-12
7.222398169546236015e-12
7.054689194727314138e-12
6.891931054419171122e-12
6.733945532266242317e-12
6.580562161425405969e-12
6.431617828403018586e-12
6.286956400167903976e-12
6.146428372996490972e-12
6.009890541620348048e-12
5.877205687350900382e-12
5.748242283952526748e-12
5.622874220123710377e-12
5.500980537527472009e-12
5.382445183387481753e-12
5.267156776735454108e-12
5.155008387459369742e-12
5.045897034497694696e-12
4.939722645075789162e-12
4.836388805628336279e-12
4.735802880884711632e-12
4.637875840597869795e-12
4.542522095387687671e-12
4.449659341158002560e-12
4.359208411582193687e-12
4.271093138185398224e-12
4.185240217582024582e-12
4.101579085455894389e-12
4.020041796896713320e-12
3.940562912731257958e-12
3.863079391510549843e-12
3.787530486835575651e-12
3.713857649723940533e-12
3.642004435738311856e-12
3.571916416614702056e-12
3.503541096144674806e-12
3.436827830080544498e-12
3.371727753280926401e-12
3.308193716965603184e-12
3.246180208526960569e-12
3.185643282007324059e-12
3.126540495161089958e-12
3.068830849414365463e-12
3.012474732571705868e-12
2.957433864128168174e-12
2.903671243053091849e-12
2.851151097919616376e-12
2.799838839261096653e-12
2.749701014042279126e-12
2.700705262139391058e-12
2.652820274729177671e-12
2.606015754492478297e-12
2.560262377543105801e-12
2.515531756997698057e-12
2.471796408106786795e-12
2.429029714871642367e-12
2.387205898075519815e-12
2.346299984661732284e-12
2.306287778394589077e-12
2.267145831742600095e-12
2.228851418926541619e-12
2.191382510077985414e-12
2.154717710143398607e-12
2.118836129454082923e-12
2.083717475414596905e-12
2.049342067362891231e-12
2.015690815170937048e-12
1.982745198700589997e-12
1.950487248076205016e-12
1.918899524737403236e-12
1.887965103237260266e-12
1.857667553752871889e-12
1.827990925276896587e-12
1.798919729460216444e-12
1.770438925077308735e-12
1.742533903087296618e-12
1.715190472264963208e-12
1.688394845377237140e-12
1.662133625881834087e-12
1.636393795125848166e-12
1.611162700023131085e-12
1.586428041190302133e-12
1.562177861522167393e-12
1.538400535188233040e-12
1.515084757032830082e-12
1.492219532362195839e-12
1.469794167102604908e-12
1.447798296465859704e-12
1.426221987237320771e-12
1.405055609366940101e-12
1.384289788870823088e-12
1.363915399945854888e-12
1.343923557361762273e-12
1.324305609119596907e-12
1.305053129366146408e-12
1.286157911554211110e-12
1.267611961839140458e-12
1.249407492702436330e-12
1.231536916793631074e-12
1.213992840982016569e-12
1.196768060610179522e-12
1.179855553941627740e-12
1.163248476795122732e-12
1.146940157358651280e-12
1.130924091176263806e-12
1.115193936301291163e-12
1.099743508609716795e-12
1.084566777267756088e-12
1.069657860347919481e-12
1.055011020588091395e-12
1.040620661288366843e-12
1.026481322340611546e-12
1.012587676385909916e-12
9.989345250952696107e-13
9.855167955691258613e-13
9.723295368513794225e-13
9.593679165538655546e-13
9.466272175873170578e-13
9.341028349950427011e-13
9.217902728856857731e-13
9.096851414615771259e-13
8.977831541393284491e-13
8.860801247594458090e-13
8.745719648818652615e-13
8.632546811644374536e-13
8.521243728214951631e-13
8.411772291597543491e-13
8.304095271889010699e-13
8.198176293043186073e-13
8.093979810395048598e-13
7.991471088858211479e-13
7.890616181773094977e-13
7.791381910383858494e-13
7.693735843923175103e-13
7.597646280284518381e-13
7.503082227262539152e-13
7.410013384342713584e-13
7.318410332077981038e-13
7.228245122944466513e-13
7.139490621026153112e-13
7.052120276576082597e-13
6.966108111408710283e-13
6.881428704707632439e-13
6.798057579719606039e-13
6.715969187932150619e-13
6.635140518991104403e-13
6.555548992703770910e-13
6.477170994448031106e-13
6.399983460215255596e-13
6.323965250878333380e-13
6.249095617912712673e-13
6.175352869413103982e-13
6.102715812249000239e-13
6.031165004994127767e-13
5.960681361373114627e-13
5.891244933652893104e-13
5.822836226541463691e-13
5.755437340949674792e-13
5.689030701118898542e-13
5.623597943651915699e-13
5.559121116113329773e-13
5.495583722430726555e-13
5.432969561258017161e-13
5.371261710222075511e-13
5.310443620720871312e-13
5.250500074574952491e-13
5.191416122580477211e-13
5.133176154698295349e-13
5.075764901264753880e-13
5.019168309453795660e-13
4.963372572200112530e-13
4.908363276068414804e-13
4.854126317967461425e-13
4.800648709058584139e-13
4.747917685306318940e-13
4.695919925655366965e-13
4.644642392350092594e-13
4.594073069110443535e-13
4.544200145514514931e-13
4.495011298895278574e-13
4.446494465497386006e-13
4.398638519022288510e-13
4.351432521881512745e-13
4.304865064917915664e-13
4.258924975864155077e-13
4.213601943722838699e-13
4.168885830665532917e-13
4.124766148745424497e-13
4.081232960318047453e-13
4.038277192130745312e-13
3.995889917036255350e-13
3.954061794376628736e-13
3.912783670113943799e-13
3.872047107395104018e-13
3.831843803890902132e-13
3.792165075685675749e-13
3.753002410306735394e-13
3.714347956370187518e-13
3.676193986472371462e-13
3.638532420749141383e-13
3.601355336996241099e-13
3.564655422975041124e-13
3.528425480817349358e-13
3.492657986795977849e-13
3.457345562311820317e-13
3.422481392088806932e-13
3.388058766452921661e-13
3.354070674192563832e-13
3.320510237817101980e-13
3.287371100558231283e-13
3.254647003240396701e-13
3.222331407410269511e-13
3.190417897940585988e-13
3.158900541476150179e-13
3.127773494930841832e-13
3.097030656334521821e-13
3.066666037560335952e-13
3.036674096603924842e-13
3.007049375026396612e-13
2.977786174207739486e-13
2.948878900711373129e-13
2.920322374561457938e-13
2.892111493205424085e-13
2.864240931078787299e-13
2.836705459884002177e-13
2.809500234830058316e-13
2.782620482915918718e-13
2.756061223905289136e-13
2.729817567584575001e-13
2.703884979748736087e-13
2.678258992811223781e-13
2.652934946461229368e-13
2.627908263775051824e-13
2.603174698570131262e-13
2.578730066530459340e-13
2.554570003975310055e-13
2.530690224527143619e-13
2.507086786090436815e-13
2.483755949516270387e-13
2.460693840832984513e-13
2.437896652921079914e-13
2.415360860003424632e-13
2.393082985112392786e-13
2.371059391015969207e-13
2.349286502603313869e-13
2.327761006782450005e-13
2.306479635945878157e-13
2.285438973075275940e-13
2.264635658921054145e-13
2.244066578429708461e-13
2.223728658963592696e-13
2.203618688497212075e-13
2.183733508766110889e-13
2.164070189249879830e-13
2.144625839009599813e-13
2.125397436981691876e-13
2.106382012170186780e-13
2.087576806124253351e-13
2.068979097354422472e-13
2.050586042814126207e-13
2.032394846117761898e-13
2.014402909372557477e-13
1.996607669223090390e-13
1.979006448687021158e-13
1.961596614298265010e-13
1.944375718081299542e-13
1.927341344353630976e-13
1.910490971151547934e-13
1.893822117122346009e-13
1.877332474364041395e-13
1.861019765188134785e-13
1.844881612434225341e-13
1.828915676866790005e-13
1.813119781544027950e-13
1.797491777809321407e-13
1.782029423850840548e-13
1.766730513296185552e-13
1.751592991720177863e-13
1.736614831193462297e-13
1.721793916495377389e-13
1.707128165543201731e-13
1.692615638599606537e-13
1.678254420761469413e-13
1.664042515281801920e-13
1.649977956418832980e-13
1.636058911859082979e-13
1.622283572579209311e-13
1.608650068833755830e-13
1.595156623496265831e-13
1.581801598897725389e-13
1.568583377355719908e-13
1.555500267285925747e-13
1.542550602496877514e-13
1.529732832465825198e-13
1.517045425455217542e-13
1.504486780342668589e-13
1.492055319823274195e-13
1.479749660471630038e-13
1.467568095505765557e-13
1.455509281851982421e-13
1.443571888353283004e-13
1.431754275292229246e-13
1.420055150159545022e-13
1.408473076539910471e-13
1.397006639007889217e-13
1.385654593436341214e-13
1.374415409953290720e-13
1.363287880089744116e-13
1.352270806026801299e-13
1.341362717061102728e-13
1.330562449549871714e-13
1.319868712572295074e-13
1.309280233746562338e-13
1.298795892352625961e-13
1.288414314642153707e-13
1.278134411472967069e-13
1.267955103237180344e-13
1.257875068502374586e-13
1.247893257946354483e-13
1.238008509447219209e-13
1.228219677292314837e-13
1.218525750315120300e-13
1.208925492844550555e-13
1.199417921736018778e-13
1.190002062394252156e-13
1.180676725501889162e-13
1.171440963356241546e-13
1.162293728089910073e-13
1.153233986389492260e-13
1.144260824535638540e-13
1.135373129228103257e-13
1.126570011663103698e-13
1.117850590714934248e-13
1.109213794237190468e-13
1.100658765030420613e-13
1.092184556781011560e-13
1.083790236109403524e-13
1.075474978435971323e-13
1.067237790530505107e-13
1.059077881188972615e-13
1.050994465875052070e-13
1.042986589569041655e-13
1.035053488596938969e-13
1.027194319629364791e-13
1.019408250630322729e-13
1.011694544362419960e-13
1.004052304769155526e-13
9.964808139942188015e-14
9.889793601932400557e-14
9.815470793092871628e-14
9.741832781355993311e-14
9.668871923445920467e-14
9.596580676861366480e-14
9.524952346382200448e-14
9.453978817267756961e-14
9.383653567647804499e-14
9.313970129934570750e-14
9.244920675185366447e-14
9.176498902605402741e-14
9.108697875293642693e-14
9.041510746433415496e-14
8.974931427775225107e-14
8.908952560147024653e-14
8.843568210613225537e-14
8.778772495316375985e-14
8.714558310785465942e-14
8.650919922682686951e-14
8.587851026779512825e-14
8.525345399513902586e-14
8.463397497589475723e-14
8.402000637951599931e-14
8.341149416687681338e-14
8.280838474315293182e-14
8.221061356939585787e-14
8.161812839331740734e-14
8.103087184863038176e-14
8.044878729257829675e-14
7.987182419264884927e-14
7.929992177867090057e-14
7.873303077099790708e-14
7.817110229270750798e-14
7.761407763071412384e-14
7.706190911545477169e-14
7.651454448099589217e-14
7.597193211140949675e-14
7.543402588759235188e-14
7.490077048041392004e-14
7.437212124515487728e-14
7.384803527753674325e-14
7.332846113573720803e-14
7.281335728683116550e-14
7.230267802848007729e-14
7.179637821171540137e-14
7.129441760896184307e-14
7.079674766410698078e-14
7.030332910577934430e-14
6.981412296501009702e-14
6.932908226205744158e-14
6.884816895081413096e-14
6.837134122692773680e-14
6.789856178513029370e-14
6.742977781170788715e-14
6.696496877591162206e-14
6.650408282968904285e-14
6.604708439642512334e-14
6.559394567829434154e-14
6.514460911998144982e-14
6.469904784147081462e-14
6.425723485137411977e-14
6.381911450887325079e-14
6.338466070822496737e-14
6.295384027930938282e-14
6.252660655887845910e-14
6.210294097761214245e-14
6.168279771447494759e-14
6.126614511073027881e-14
6.085295174817138985e-14
6.044317353048893653e-14
6.003679275691552130e-14
5.963376612074631704e-14
5.923406362178073131e-14
5.883766163413052437e-14
5.844451216752911249e-14
5.805459234760589955e-14
5.766787922120516051e-14
5.728432635394734833e-14
5.690391151851707271e-14
5.652660670267471998e-14
5.615237282197954039e-14
5.578119384886663526e-14
5.541303139007533859e-14
5.504785867751497783e-14
5.468564914433994906e-14
5.432636580296485960e-14
5.396999336495837947e-14
5.361649549189199242e-14
5.326584678623945089e-14
5.291802717851564960e-14
5.257299684837057813e-14
5.223073672063779895e-14
5.189122765846562465e-14
5.155443117081218045e-14
5.122032870601136231e-14
5.088889694350387205e-14
5.056010342307175325e-14
5.023393470073297102e-14
4.991035887430281867e-14
4.958935362824695977e-14
4.927089681019264828e-14
4.895495765226633215e-14
4.864152331152049488e-14
4.833056354513531127e-14
4.802205714702699517e-14
4.771598725359481295e-14
4.741232040222992873e-14
4.711104023039912377e-14
4.681213033233424377e-14
4.651555827440377496e-14
4.622130813566724656e-14
4.592936004913412075e-14
4.563968657082309088e-14
4.535227602419870364e-14
4.506710142816815486e-14
4.478414375181419681e-14
4.450338410199720592e-14
4.422479643229648389e-14
4.394836958141927272e-14
4.367407793916453266e-14
4.340190340082256859e-14
4.313183147474484209e-14
4.286383386882625611e-14
4.259789650819314689e-14
4.233400528820644372e-14
4.207213276675566463e-14
4.181226524277673022e-14
4.155438573408242572e-14
4.129847094687006238e-14
4.104451072353572182e-14
4.079248215602735029e-14
4.054236896080712414e-14
4.029415497108283397e-14
4.004781805277255298e-14
3.980334849086318391e-14
3.956072451534058322e-14
3.931993061920981363e-14
3.908095431550687010e-14
3.884377159006978521e-14
3.860837037554196301e-14
3.837473886825212272e-14
3.814285418079924485e-14
3.791270490755545262e-14
3.768427689641461459e-14
3.745755070822120040e-14
3.723251789235451845e-14
3.700915932182883652e-14
3.678746140940508031e-14
3.656741066189988452e-14
3.634898858065737364e-14
3.613218707002935712e-14
3.591698792645405551e-14
3.570337819106205398e-14
3.549134743553316586e-14
3.528087555557998307e-14
3.507195240548156510e-14
3.486456782196727123e-14
3.465870227491683996e-14
3.445434587515157352e-14
3.425148642907825528e-14
3.405010729968576230e-14
3.385020108654895668e-14
3.365175141524416343e-14
3.345474656856960050e-14
3.325917490969788553e-14
3.306502058947778050e-14
3.287227651470606491e-14
3.268092708478770063e-14
3.249096111410872317e-14
3.230236955057671059e-14
3.211513518972697833e-14
3.192924921773378134e-14
3.174470280920267263e-14
3.156147924068910982e-14
3.137956991804280102e-14
3.119896430539097686e-14
3.101964811686923532e-14
3.084161486286901193e-14
3.066485047927832127e-14
3.048934483352707684e-14
3.031508786192816036e-14
3.014206594134576068e-14
2.997027284853063341e-14
2.979969517051646992e-14
2.963032322607601895e-14
2.946214739950025325e-14
2.929515814046176414e-14
2.912934255392893561e-14
2.896469469962371419e-14
2.880119858737156097e-14
2.863885197812684659e-14
2.847763937613073935e-14
2.831755533142191176e-14
2.815859111202921499e-14
2.800073169638322876e-14
2.784397180401712189e-14
2.768830608100106960e-14
2.753371986764403030e-14
2.738020490578807459e-14
2.722775600760137655e-14
2.707635895764511357e-14
2.692601166196229819e-14
2.677670013297234566e-14
2.662841936540243801e-14
2.648115855185791182e-14
2.633490989231299798e-14
2.618966563750045658e-14
2.604541808881725439e-14
2.590215684233478393e-14
2.575987711109928135e-14
2.561856864547747574e-14
2.547822402778672308e-14
2.533883588862828973e-14
2.520039428470780915e-14
2.506289461669586443e-14
2.492632708790514302e-14
2.479068459600994856e-14
2.465596008471937061e-14
2.452214654368127398e-14
2.438923453718591195e-14
2.425721966598247914e-14
2.412609020984742710e-14
2.399584428108562945e-14
2.386647034280055542e-14
2.373796414726756935e-14
2.361031906725361626e-14
2.348352390395934132e-14
2.335757453634290927e-14
2.323246679523075523e-14
2.310818974207287062e-14
2.298473709351326873e-14
2.286210480444403805e-14
2.274028225398654092e-14
2.261926765439300867e-14
2.249905054905463316e-14
2.237962703103778527e-14
2.226098896122127644e-14
2.214313039475540863e-14
2.202604542485132483e-14
2.190972822166527893e-14
2.179417113229165936e-14
2.167937064836830765e-14
2.156531926385904767e-14
2.145201154178814276e-14
2.133944207886037044e-14
2.122760358322307167e-14
2.111649267722407067e-14
2.100610217155798441e-14
2.089642684968488399e-14
2.078746152724897389e-14
2.067920105201664743e-14
2.057163848766630747e-14
2.046477059618072177e-14
2.035858875614518975e-14
2.025309157378413029e-14
2.014827055648554284e-14
2.004412257232918748e-14
1.994064273767347173e-14
1.983782279783108183e-14
1.973565970980827224e-14
1.963415039646622627e-14
1.953328678641512547e-14
1.943306423804465314e-14
1.933347976140383437e-14
1.923452550926744937e-14
1.913620015670278900e-14
1.903849597246287538e-14
1.894141006378063586e-14
1.884493640710986722e-14
1.874907059949358825e-14
1.865380826482384066e-14
1.855914505378313348e-14
1.846507514956848437e-14
1.837159577771800344e-14
1.827870120137240574e-14
1.818638721734188879e-14
1.809464964806789579e-14
1.800348291407296606e-14
1.791288434223716309e-14
1.782284842937039431e-14
1.773337113742720851e-14
1.764444845289268675e-14
1.755607638672465362e-14
1.746824962243693005e-14
1.738096559591924512e-14
1.729421773546860865e-14
1.720800485191042023e-14
1.712232046858321926e-14
1.703716210316375718e-14
1.695252599888434174e-14
1.686840600260148798e-14
1.678479987706102231e-14
1.670170536005682621e-14
1.661911645840569712e-14
1.653702973734896635e-14
1.645544299575596311e-14
1.637435039985877481e-14
1.629375099127536481e-14
1.621363901860790574e-14
1.613401234865833852e-14
1.605486650353189706e-14
1.597619821670574356e-14
1.589800424053027231e-14
1.582028134619334591e-14
1.574302520282127802e-14
1.566623375967155685e-14
1.558990274260599713e-14
1.551402902636508391e-14
1.543860950374870125e-14
1.536364001287277869e-14
1.528911857394293161e-14
1.521504107932526540e-14
1.514140452088491127e-14
1.506820590780597775e-14
1.499544226655586893e-14
1.492310962285144157e-14
1.485120607322210562e-14
1.477972669455442361e-14
1.470867061727971170e-14
1.463803298635620769e-14
1.456781195597476544e-14
1.449800469636148404e-14
1.442860647794023667e-14
1.435961550306515182e-14
1.429102995694863457e-14
1.422284520729501690e-14
1.415505855343295342e-14
1.408766822783945979e-14
1.402066971699452274e-14
1.395406219407763680e-14
1.388784120737710242e-14
1.382200504252066939e-14
1.375655021087738591e-14
1.369147414073443822e-14
1.362677427502725393e-14
1.356244807130637148e-14
1.349849215168801183e-14
1.343490486721658452e-14
1.337168288313979800e-14
1.330882375767854259e-14
1.324632514925180262e-14
1.318418393593237568e-14
1.312239865177872263e-14
1.306096621362747550e-14
1.299988437228040137e-14
1.293915089076792559e-14
1.287876354432843049e-14
1.281871934565865812e-14
1.275901688199495446e-14
1.269965244114563739e-14
1.264062539586076450e-14
1.258193208303290131e-14
1.252357113046811231e-14
1.246554041579458028e-14
1.240783636678333677e-14
1.235045837007954264e-14
1.229340290044489232e-14
1.223666791728797242e-14
1.218025280473899369e-14
1.212415410687133471e-14
1.206836981606624347e-14
1.201289655634245573e-14
1.195773511147378566e-14
1.190288075901030351e-14
1.184833291346068552e-14
1.179408962088851454e-14
1.174014761447358691e-14
1.168650499415203524e-14
1.163316117204070001e-14
1.158011294490623501e-14
1.152735844317830787e-14
1.147489580731380035e-14
1.142272318777757114e-14
1.137083874502236837e-14
1.131923940959130597e-14
1.126792462180427817e-14
1.121689257167247925e-14
1.116614024907687694e-14
1.111566589310937906e-14
1.106546894276950340e-14
1.101554526500315836e-14
1.096589549857077671e-14
1.091651672940673078e-14
1.086740724327802168e-14
1.081856419166943602e-14
1.076998704060521748e-14
1.072167410321329926e-14
1.067362258551651023e-14
1.062583195304711624e-14
1.057829946199244732e-14
1.053102355973731152e-14
1.048400271592224256e-14
1.043723648045528142e-14
1.039072118503306031e-14
1.034445640369000015e-14
1.029844063712089045e-14
1.025267135489769575e-14
1.020714812846329004e-14
1.016186948144820080e-14
1.011683293076158626e-14
1.007203703940983345e-14
1.002748137611209424e-14
9.983162513509117413e-15
9.939080042685406933e-15
9.895233530622074232e-15
9.851619618514834254e-15
9.808237895431425454e-15
9.765086974774315607e-15
9.722164532197165534e-15
9.679469217545808390e-15
9.637000617587508038e-15
9.594756450914421117e-15
9.552735387726020813e-15
9.510937013533720205e-15
9.469358187630157749e-15
9.427998516019953401e-15
9.386856695629769997e-15
9.345931430038575033e-15
9.305220555570931834e-15
9.264723676490262901e-15
9.224438655648346545e-15
9.184364242859903230e-15
9.144500041371764608e-15
9.104843953209358252e-15
9.065394747040672235e-15
9.026150369964404311e-15
8.987111264955588689e-15
8.948274569965263812e-15
8.909639906020135372e-15
8.871206072531773304e-15
8.832971078545477987e-15
8.794933754024204724e-15
8.757093719115472151e-15
8.719449019023441766e-15
8.681998501245780721e-15
8.644741019051610855e-15
8.607675431470788077e-15
8.570800603282724205e-15
8.534114655782071274e-15
8.497617234969063166e-15
8.461307268309616945e-15
8.425182965378705721e-15
8.389243289893724679e-15
8.353487931763778165e-15
8.317914416529197691e-15
8.282523159834282961e-15
8.247312423881537090e-15
8.212281197039065794e-15
8.177427778056002618e-15
8.142751869996021470e-15
8.108252475716247356e-15
8.073927923960274434e-15
8.039777916445658053e-15
8.005800801613984859e-15
7.971995616588995589e-15
7.938361403065980901e-15
7.904897861261118712e-15
7.871602729205231174e-15
7.838475721144474177e-15
7.805515896995186038e-15
7.772721686523032752e-15
7.740092802832040037e-15
7.707628319308391919e-15
7.675326693195557816e-15
7.643187020696671465e-15
7.611209013778061811e-15
7.579390549652129878e-15
7.547731353359786830e-15
7.516231136172777472e-15
7.484887815068368629e-15
7.453701114239646363e-15
7.422670159616303130e-15
7.391793500729804722e-15
7.361070284737172321e-15
7.330500234903908316e-15
7.300081925850442284e-15
7.269814516790958474e-15
7.239697730544583910e-15
7.209729610902227890e-15
7.179909892733989525e-15
7.150237751101086938e-15
7.120712365009438783e-15
7.091332377901773135e-15
7.062097524007408436e-15
7.033006462347762187e-15
7.004058399127552926e-15
6.975253068248596393e-15
6.946589151761074475e-15
6.918065867095694955e-15
6.889681928012532804e-15
6.861437614797075945e-15
6.833331165737518617e-15
6.805362356805612858e-15
6.777530454712310538e-15
6.749834235148144427e-15
6.722272982307690037e-15
6.694846470935398285e-15
6.667553497322201603e-15
6.640393355393388366e-15
6.613365342280751956e-15
6.586468758318359316e-15
6.559702907038023673e-15
6.533066628434318663e-15
6.506559705824997655e-15
6.480181452225407431e-15
6.453930727030678842e-15
6.427806859380036177e-15
6.401809631732853532e-15
6.375937475420313457e-15
6.350190626066847437e-15
6.324567974596669332e-15
6.299068865237194920e-15
6.273692210668164383e-15
6.248437801785567553e-15
6.223304991695446542e-15
6.198292711107337751e-15
6.173400750456399769e-15
6.148628052303392038e-15
6.123973990427517710e-15
6.099437941420558574e-15
6.075019695258536454e-15
6.050717810105777803e-15
6.026532084454843621e-15
6.002461906105938586e-15
5.978506266494762116e-15
5.954664963751466200e-15
5.930937393967656157e-15
5.907322565186860880e-15
5.883819887248073963e-15
5.860429158006140462e-15
5.837149019120035105e-15
5.813979276417624848e-15
5.790919727630913326e-15
5.767969038371754708e-15
5.745127014256265962e-15
5.722393083492191501e-15
5.699766309910871928e-15
5.677246134567045140e-15
5.654832362901615788e-15
5.632524076873741393e-15
5.610320739357975183e-15
5.588222172892166341e-15
5.566227136550085893e-15
5.544335459983869085e-15
5.522546618249163051e-15
5.500860088716475971e-15
5.479275008677237517e-15
5.457791207222060700e-15
5.436407830891707774e-15
5.415124373182445072e-15
5.393940662856201189e-15
5.372855860139796662e-15
5.351869465140034671e-15
5.330980653864277330e-15
5.310189585564041550e-15
5.289495116513996598e-15
5.268897081747039581e-15
5.248394992183743653e-15
5.227988045614758844e-15
5.207675763723306941e-15
5.187457981264485316e-15
5.167333908788067055e-15
5.147303074187082860e-15
5.127365007402120547e-15
5.107519240418269782e-15
5.087765307261957174e-15
5.068102743997655935e-15
5.048530495623178742e-15
5.029048703385705197e-15
5.009656909351519261e-15
4.990354657611690748e-15
4.971140917026648734e-15
4.952015820751914126e-15
4.932978918840899199e-15
4.914028632002924297e-15
4.895166222737010611e-15
4.876390119415450442e-15
4.857699891247865982e-15
4.839095109267558600e-15
4.820575893290603774e-15
4.802140720408855798e-15
4.783790257431316179e-15
4.765524071849359984e-15
4.747340668147739827e-15
4.729240168000644931e-15
4.711222155215546450e-15
4.693286215401324384e-15
4.675431935965138949e-15
4.657658906109225441e-15
4.639966206778738786e-15
4.622353956778063232e-15
4.604821759720054001e-15
4.587369220930396332e-15
4.569995449284968329e-15
4.552700558272474984e-15
4.535483666667831244e-15
4.518344884629056975e-15
4.501283340722104180e-15
4.484299141861846703e-15
4.467390947538172615e-15
4.450559346567697364e-15
4.433803959191520578e-15
4.417123468571946051e-15
4.400518449390960181e-15
4.383987600301703903e-15
4.367531486735976698e-15
4.351148822646200703e-15
4.334840164385788185e-15
4.318604692251395168e-15
4.302441599983558031e-15
4.286350985270332125e-15
4.270332493116998147e-15
4.254385330470261429e-15
4.238510027380638161e-15
4.222705357064390206e-15
4.206970979037829928e-15
4.191306982454836148e-15
4.175712595781111620e-15
4.160187905453658764e-15
4.144732148371886751e-15
4.129345408327546225e-15
4.114026515998704367e-15
4.098775972523241667e-15
4.083593440563551118e-15
4.068477771092363900e-15
4.053429453388569549e-15
4.038447351709910900e-15
4.023531548791651897e-15
4.008682118356117908e-15
3.993897944286460372e-15
3.979179496719194741e-15
3.964525672422181379e-15
3.949936161832897357e-15
3.935411423964951704e-15
3.920950374566539741e-15
3.906553086663501541e-15
3.892218872118576062e-15
3.877947801648265140e-15
3.863739194516978193e-15
3.849593120136043533e-15
3.835509276644932770e-15
3.821486635381420079e-15
3.807525636294967795e-15
3.793625622314311289e-15
3.779786304393548691e-15
3.766007750004163060e-15
3.752289312598656330e-15
3.738630355840730586e-15
3.725031299347881298e-15
3.711491160451511318e-15
3.698010352219002074e-15
3.684587903126489829e-15
3.671224219809189294e-15
3.657918341754713394e-15
3.644669997998706542e-15
3.631479585698715867e-15
3.618346160568406642e-15
3.605269784268675797e-15
3.592249856684384455e-15
3.579286437516158316e-15
3.566378932984985351e-15
3.553527400882355570e-15
3.540731253699472887e-15
3.527990230207526744e-15
3.515304070226938524e-15
3.502672827837340650e-15
3.490095927833442035e-15
3.477573113214882374e-15
3.465104128023541628e-15
3.452688717341778894e-15
3.440326627290633013e-15
3.428017906719622524e-15
3.415761698565025530e-15
3.403557757672274245e-15
3.391406432061877571e-15
3.379306878924287429e-15
3.367259148492131791e-15
3.355262994064957517e-15
3.343318169965429350e-15
3.331423857403531483e-15
3.319580679255828923e-15
3.307787820477307048e-15
3.296045044664866338e-15
3.284352396409942707e-15
3.272709357686843285e-15
3.261115694942654559e-15
3.249571175559290403e-15
3.238075841087260471e-15
3.226629184186973013e-15
3.215230975771841435e-15
3.203880990480919710e-15
3.192579004554711373e-15
3.181324795129345694e-15
3.170118140234984967e-15
3.158958818794212080e-15
3.147846350470600031e-15
3.136780779287345346e-15
3.125761886801581394e-15
3.114789455456366263e-15
3.103863014706270562e-15
3.092982605718425433e-15
3.082148013551136412e-15
3.071358525588318407e-15
3.060614681007356241e-15
3.049915770403752855e-15
3.039261586780926579e-15
3.028651923952754871e-15
3.018086818365610249e-15
3.007565580343452768e-15
2.997088488329871250e-15
2.986655335045689988e-15
2.976265441992004121e-15
2.965918846759028566e-15
2.955615348825086880e-15
2.945354748467624240e-15
2.935136846761684153e-15
2.924961445578368598e-15
2.914828119925983960e-15
2.904736903649147987e-15
2.894687600969945253e-15
2.884680016900329402e-15
2.874713734986045685e-15
2.864788786724191958e-15
2.854904759852118396e-15
2.845061684725333838e-15
2.835259153231251183e-15
2.825497194613547271e-15
2.815775190449887227e-15
2.806093385870697719e-15
2.796451592790651483e-15
2.786849202662403642e-15
2.777286455180690227e-15
2.767762748272379759e-15
2.758278318069165739e-15
2.748832568899780892e-15
2.739425733393889850e-15
2.730057425451488863e-15
2.720727264537130772e-15
2.711435277292241450e-15
2.702181287270499286e-15
2.692964922850705255e-15
2.683786410370845905e-15
2.674645182893350763e-15
2.665541073436035652e-15
2.656474109500748869e-15
2.647443929234478299e-15
2.638450559149988576e-15
2.629493640973038422e-15
2.620573200252620594e-15
2.611688694023927691e-15
2.602840337334650658e-15
2.594027964980001232e-15
2.585251042518648831e-15
2.576509780297432285e-15
2.567803649464709526e-15
2.559132675553246045e-15
2.550496880435212292e-15
2.541895743528563909e-15
2.533329467571612976e-15
2.524797537419625699e-15
2.516299799845216736e-15
2.507836453153641853e-15
2.499406990224194142e-15
2.491011433030848920e-15
2.482649455203366685e-15
2.474321077867414082e-15
2.466025977835168356e-15
2.457764175405825906e-15
2.449535519035057432e-15
2.441339522741988638e-15
2.433176375087082049e-15
2.425045760695892273e-15
2.416947533245628181e-15
2.408881710663410224e-15
2.400847982169365046e-15
2.392846041319040262e-15
2.384876068594651525e-15
2.376937597765729338e-15
2.369030806704879102e-15
2.361155233981714641e-15
2.353311054902595578e-15
2.345497812785243377e-15
2.337715369548283352e-15
2.329963896710957841e-15
2.322242944599857313e-15
2.314552529489231939e-15
2.306892360853333590e-15
2.299262454266395019e-15
2.291662521997507621e-15
2.284092579552921300e-15
2.276552345031429260e-15
2.269041688676693699e-15
2.261560481213980339e-15
2.254108739816009720e-15
2.246686188546443441e-15
2.239292699586329677e-15
2.231928145594900026e-15
2.224592399708717535e-15
2.217285335540803826e-15
2.210006968257442494e-15
2.202756889469710434e-15
2.195534976605089262e-15
2.188341384938373520e-15
2.181175712249875141e-15
2.174037974466526198e-15
2.166928048496261358e-15
2.159845811716148900e-15
2.152790872286276934e-15
2.145763515318840363e-15
2.138763350640716236e-15
2.131790259724952432e-15
2.124844256321955803e-15
2.117925089457471739e-15
2.111032641924102181e-15
2.104166796948049227e-15
2.097327567103365616e-15
2.090514706125788983e-15
2.083728098551196981e-15
2.076967629345796800e-15
2.070233183905312252e-15
2.063524648054155068e-15
2.056841908044583186e-15
2.050184850555848779e-15
2.043553239415054564e-15
2.036947086801017793e-15
2.030366280655943932e-15
2.023810709345633089e-15
2.017280141094627621e-15
2.010774587013245305e-15
2.004293936720122007e-15
1.997837843109605411e-15
1.991406436406545306e-15
1.984999607462362442e-15
1.978617247545848099e-15
1.972259016395081582e-15
1.965925040616246389e-15
1.959614983304155140e-15
1.953328969287146157e-15
1.947066891859288820e-15
1.940828419694141975e-15
1.934613453606242784e-15
1.928422118506934304e-15
1.922254312817671170e-15
1.916109714632806884e-15
1.909988226775849773e-15
1.903889970710869645e-15
1.897814629249476869e-15
1.891762322172892292e-15
1.885732735404522624e-15
1.879725773506084651e-15
1.873741341376480739e-15
1.867779555488970533e-15
1.861839897787817001e-15
1.855922904458195994e-15
1.850027851506775803e-15
1.844154855616890128e-15
1.838304029267082721e-15
1.832474867510836864e-15
1.826667687935763393e-15
1.820882192944795393e-15
1.815118290819154851e-15
1.809375690143530693e-15
1.803654700998471477e-15
1.797955031537826984e-15
1.792276591362132662e-15
1.786619094669367484e-15
1.780982844235455615e-15
1.775367360227287764e-15
1.769772941842460202e-15
1.764199114106158583e-15
1.758645982181258408e-15
1.753113268455404832e-15
1.747601265095148268e-15
1.742109506664583198e-15
1.736638095458871614e-15
1.731186944616676109e-15
1.725755783159505301e-15
1.720344711285582365e-15
1.714953460612546311e-15
1.709582129961914658e-15
1.704230634035434103e-15
1.698898708305052760e-15
1.693586449576024165e-15
1.688293595851803733e-15
1.683020242613758119e-15
1.677766130371509460e-15
1.672531353303079271e-15
1.667315654399159395e-15
1.662118953612483468e-15
1.656941343717435048e-15
1.651782573975149700e-15
1.646642568298526425e-15
1.641521420149163183e-15
1.636418882868741866e-15
1.631334881162107024e-15
1.626269506598756971e-15
1.621222350301246766e-15
1.616193670087108456e-15
1.611183225098676336e-15
1.606190941341228808e-15
1.601216745075706003e-15
1.596260562818293272e-15
1.591322481869554728e-15
1.586402107347932582e-15
1.581499527915150523e-15
1.576614829105081985e-15
1.571747621868536946e-15
1.566897993082885820e-15
1.562065871038702337e-15
1.557251184278226780e-15
1.552453861594891474e-15
1.547673832032839591e-15
1.542911024886439402e-15
1.538165218226904735e-15
1.533436494909754081e-15
1.528724784963101076e-15
1.524029869560599210e-15
1.519351978212940898e-15
1.514690744257812672e-15
1.510046101028797156e-15
1.505418274092296046e-15
1.500806902155585292e-15
1.496211919235952280e-15
1.491633403300750342e-15
1.487071286554977855e-15
1.482525359210465111e-15
1.477995556181985169e-15
1.473481953360893448e-15
1.468984483898726156e-15
1.464502941889596289e-15
1.460037263139656203e-15
1.455587521526386002e-15
1.451153513999986552e-15
1.446735177024743053e-15
1.442332583001080541e-15
1.437945531693935854e-15
1.433573960222237321e-15
1.429217805918295606e-15
1.424877139260591715e-15
1.420551764129670921e-15
1.416241620652360771e-15
1.411946649583801728e-15
1.407666791876013036e-15
1.403402118214380898e-15
1.399152310202604176e-15
1.394917567795151951e-15
1.390697575657802848e-15
1.386492404591566807e-15
1.382302122959993679e-15
1.378126419962555756e-15
1.373965489947257098e-15
1.369819025096863658e-15
1.365687093902978906e-15
1.361569639462603517e-15
1.357466605065746791e-15
1.353377934195076004e-15
1.349303449376250271e-15
1.345243216864936360e-15
1.341197180709033404e-15
1.337165285147737135e-15
1.333147355919738118e-15
1.329143457548653694e-15
1.325153534834991797e-15
1.321177415884729766e-15
1.317215163953159705e-15
1.313266724399092243e-15
1.309331927662210871e-15
1.305410721234910189e-15
1.301503166717934115e-15
1.297609210203048795e-15
1.293728685183620649e-15
1.289861539842765958e-15
1.286007834174918705e-15
1.282167514999407112e-15
1.278340308290384516e-15
1.274526384507711633e-15
1.270725691007970403e-15
1.266937957640179209e-15
1.263163352022942271e-15
1.259401714298266415e-15
1.255652994172634454e-15
1.251917248180992795e-15
1.248194318619477329e-15
1.244484155697172293e-15
1.240786709787090577e-15
1.237101931425906095e-15
1.233429771313683606e-15
1.229770180313599653e-15
1.226123212412028901e-15
1.222488612677121484e-15
1.218866437524801860e-15
1.215256741777504725e-15
1.211659275648949899e-15
1.208074094775397079e-15
1.204501153015234579e-15
1.200940404377378388e-15
1.197391803021021120e-15
1.193855204848423644e-15
1.190330761624441130e-15
1.186818231630183771e-15
1.183317668022173158e-15
1.179829025699016020e-15
1.176352163733965889e-15
1.172887134254027231e-15
1.169433892595327177e-15
1.165992299695518840e-15
1.162562406674169781e-15
1.159144169302746332e-15
1.155737450357573872e-15
1.152342299972349918e-15
1.148958582132502931e-15
1.145586346323674886e-15
1.142225457729294308e-15
1.138875965196223644e-15
1.135537735094885888e-15
1.132210725687397201e-15
1.128894984875824200e-15
1.125590380787006633e-15
1.122296960706837386e-15
1.119014593922124889e-15
1.115743239358838380e-15
1.112482943391438606e-15
1.109233490134871000e-15
1.105995013114592594e-15
1.102767384460359037e-15
1.099550649359187747e-15
1.096344595876091313e-15
1.093149354647034583e-15
1.089964715679375102e-15
1.086790808187389636e-15
1.083627507626083909e-15
1.080474774346363768e-15
1.077332486119984325e-15
1.074200769369837833e-15
1.071079501713101123e-15
1.067968644007523371e-15
1.064868076140849692e-15
1.061777921812342108e-15
1.058697980458007903e-15
1.055628294753783958e-15
1.052568906823530733e-15
1.049519541051557530e-15
1.046480399064632167e-15
1.043451286162395212e-15
1.040432244770094789e-15
1.037423238297882725e-15
1.034424230272870124e-15
1.031435107494168687e-15
1.028455911315091968e-15
1.025486529507732906e-15
1.022527002897643699e-15
1.019577295581622597e-15
1.016637296777912012e-15
1.013706971907033385e-15
1.010786360761100956e-15
1.007875427886995198e-15
1.004974064397101118e-15
1.002082236137148021e-15
9.991999818945164670e-16
9.963271941771524746e-16
9.934639112805634898e-16
9.906100266345828389e-16
9.877655066101085895e-16
9.849303176803728039e-16
9.821044971720463655e-16
9.792879403285479055e-16
9.764806139347637779e-16
9.736824848773248553e-16
9.708935895409210449e-16
9.681137558881364683e-16
9.653430895722508824e-16
9.625814884942847051e-16
9.598289200526839336e-16
9.570853517467147359e-16
9.543507511763084396e-16
9.516250860419031681e-16
9.489083241442870544e-16
9.462004333844361304e-16
9.435013817633516241e-16
9.408111373818962711e-16
9.381296029393584417e-16
9.354568780518756403e-16
9.327928004265570161e-16
9.301374040583446629e-16
9.274906575399614155e-16
9.248525295630017930e-16
9.222229252729416242e-16
9.196018778108345184e-16
9.169893561590148090e-16
9.143853295449135460e-16
9.117897054405541884e-16
9.092025170322922607e-16
9.066236727143221261e-16
9.040532052550018341e-16
9.014910850760343420e-16
8.989372217235931146e-16
8.963915866734986633e-16
8.938542118752518937e-16
8.913250681112083749e-16
8.888040664370432830e-16
8.862911786698939714e-16
8.837864359626950444e-16
8.812897504837735987e-16
8.788011529959354445e-16
8.763205564026730898e-16
8.738479329428153028e-16
8.713832549374266428e-16
8.689265523806443889e-16
8.664776823038255314e-16
8.640367892352737227e-16
8.616036738712248148e-16
8.591783662654697483e-16
8.567608954795649910e-16
8.543511216559612955e-16
8.519491300019520639e-16
8.495548373367662256e-16
8.471682168058708803e-16
8.447891867015687481e-16
8.424178304573840045e-16
8.400540662676125726e-16
8.376978676006878134e-16
8.353491540959718218e-16
8.330080074544478826e-16
8.306742938166672884e-16
8.283480940324704696e-16
8.260292754085079381e-16
8.237178652950738079e-16
8.214137853050509134e-16
8.191171146117736553e-16
8.168277228176557663e-16
8.145456365938445396e-16
8.122708302786754012e-16
8.100032270904375766e-16
8.077428532020235561e-16
8.054896324620408678e-16
8.032435907156106904e-16
8.010047026872821274e-16
7.987728931628885283e-16
7.965481875060219937e-16
7.943305112153790034e-16
7.921198898164540187e-16
7.899162498956760144e-16
7.877196167564822068e-16
7.855299175860489295e-16
7.833471289613542987e-16
7.811712757147621137e-16
7.790022859232521560e-16
7.768401363692473625e-16
7.746848514235180538e-16
7.725363600415269112e-16
7.703946392102596469e-16
7.682597128481702060e-16
7.661314641300545667e-16
7.640099637580066134e-16
7.618951421246433187e-16
7.597869765536623602e-16
7.576854444351498784e-16
7.555905232254860110e-16
7.535022358183631284e-16
7.514204688511931096e-16
7.493452455598685932e-16
7.472765884121552394e-16
7.452143854941825388e-16
7.431586596121299859e-16
7.411093886836644283e-16
7.390665506919453266e-16
7.370301236855191454e-16
7.350000857782131530e-16
7.329764151490275447e-16
7.309590037836826165e-16
7.289480029032302028e-16
7.269432187562034517e-16
7.249448011118643670e-16
7.229525579215601447e-16
7.209665532167824754e-16
7.189867656238106587e-16
7.170130903007648807e-16
7.150456734490023741e-16
7.130843272002105239e-16
7.111291139639984811e-16
7.091800126813876356e-16
7.072369207135601804e-16
7.052999807882798561e-16
7.033690091186541363e-16
7.014439860051771039e-16
6.995250521333524916e-16
6.976120261165053484e-16
6.957049678614891371e-16
6.938037777273802450e-16
6.919085937880328505e-16
6.900191597399719924e-16
6.881356917116524087e-16
6.862580133662004296e-16
6.843861831535986344e-16
6.825201042739946205e-16
6.806598345837036352e-16
6.788052780939335158e-16
6.769564920740376922e-16
6.751134569043029363e-16
6.732760778014578534e-16
6.714444111693705418e-16
6.696183630177013301e-16
6.677979891797411405e-16
6.659831964509679786e-16
6.641740401005157346e-16
6.623704277026321123e-16
6.605724139686363130e-16
6.587799072445616569e-16
6.569929616901770997e-16
6.552114864163820848e-16
6.534354634621646258e-16
6.516649461691288588e-16
6.498998447802622011e-16
6.481402121009638597e-16
6.463859591221138494e-16
6.446370681369462080e-16
6.428935911554259553e-16
6.411554402754146944e-16
6.394225979408841744e-16
6.376951153796814954e-16
6.359729057818896700e-16
6.342559517415594595e-16
6.325442359011089551e-16
6.308378084643446029e-16
6.291365840535495617e-16
6.274405454603416508e-16
6.257497421365601538e-16
6.240640897630931199e-16
6.223835712800492068e-16
6.207081696754208304e-16
6.190378679850194785e-16
6.173727144322220136e-16
6.157125615785133660e-16
6.140575225950979861e-16
6.124075155728412855e-16
6.107625237898781295e-16
6.091225305717349910e-16
6.074875827114019806e-16
6.058575365069700571e-16
6.042324391724835432e-16
6.026123370185983401e-16
6.009970884305002255e-16
5.993868021582205372e-16
5.977813995391263247e-16
5.961808030585107696e-16
5.945851199496610651e-16
5.929942725152667439e-16
5.914081841896913582e-16
5.898269607129118590e-16
5.882504652114834114e-16
5.866788024426611702e-16
5.851118366911789619e-16
5.835496717416959631e-16
5.819921730264656718e-16
5.804393845543357268e-16
5.788912907802665515e-16
5.773478762039538851e-16
5.758091253697520657e-16
5.742750228665966239e-16
5.727455533279268752e-16
5.712206441553717793e-16
5.697003378510561253e-16
5.681846191777973476e-16
5.666734729426252805e-16
5.651668839967018911e-16
5.636647812061072857e-16
5.621672060307847565e-16
5.606741434502382209e-16
5.591855231925804695e-16
5.577014411576055609e-16
5.562217721055594600e-16
5.547465564824933033e-16
5.532757251496752831e-16
5.518093181532612493e-16
5.503473207709470065e-16
5.488896647001625411e-16
5.474364427864272366e-16
5.459874802657176229e-16
5.445429227529357614e-16
5.431026496553700462e-16
5.416666471951413468e-16
5.402349538654164640e-16
5.388075552778965861e-16
5.373843853061413045e-16
5.359654818786736612e-16
5.345507794005880213e-16
5.331403154280093662e-16
5.317340757786071139e-16
5.303319956478081547e-16
5.289340616342215636e-16
5.275403107425836943e-16
5.261506791620356156e-16
5.247652035713466918e-16
5.233838206711774907e-16
5.220065667818437144e-16
5.206333791111309816e-16
5.192642936247779917e-16
5.178992480333401133e-16
5.165382294414541665e-16
5.151812732886539172e-16
5.138283180300789472e-16
5.124793508763016161e-16
5.111344067491592125e-16
5.097934248388566430e-16
5.084563924614348992e-16
5.071233440293943518e-16
5.057942194586097999e-16
5.044690061701125221e-16
5.031477380752769279e-16
5.018303558063767202e-16
5.005168468889410178e-16
4.992071988822799356e-16
4.979013993794387323e-16
4.965994814725633172e-16
4.953013869658135971e-16
4.940071035559263565e-16
4.927166189731688140e-16
4.914299656706094590e-16
4.901470418750515986e-16
4.888679246057654539e-16
4.875925570400356514e-16
4.863209270777338139e-16
4.850530226519518777e-16
4.837888317289520981e-16
4.825283423081158722e-16
4.812715856022764073e-16
4.800184631314782626e-16
4.787690491720042585e-16
4.775232460483704306e-16
4.762811273674646771e-16
4.750425962511565194e-16
4.738076835582232052e-16
4.725764194569636670e-16
4.713487082520851893e-16
4.701246219059639651e-16
4.689040655031542649e-16
4.676871103596341340e-16
4.664736623329158052e-16
4.652637512527861640e-16
4.640573656442643503e-16
4.628544942052282552e-16
4.616551257001236989e-16
4.604592489246048250e-16
4.592668127198958137e-16
4.580778860847939158e-16
4.568923781052347753e-16
4.557103176843857897e-16
4.545316937707818531e-16
4.533564953438546816e-16
4.521846724348950435e-16
4.510162533940388072e-16
4.498512272907685277e-16
4.486895832252550269e-16
4.475313103282971443e-16
4.463763595999249838e-16
4.452247587158875796e-16
4.440764968962860305e-16
4.429315257118456008e-16
4.417898724412947458e-16
4.406515263935934345e-16
4.395164397030685553e-16
4.383846392576932170e-16
4.372561144548343398e-16
4.361308179854176691e-16
4.350087763528183711e-16
4.338899790423501652e-16
4.327743792946243724e-16
4.316620032344688291e-16
4.305528044644524908e-16
4.294468088596475139e-16
4.283439703815932202e-16
4.272443146582314151e-16
4.261477960071097616e-16
4.250544398116344260e-16
4.239642358160874702e-16
4.228771388675441728e-16
4.217931392081510112e-16
4.207122617399113899e-16
4.196344618308656604e-16
4.185597641460887709e-16
4.174881243980302993e-16
4.164195329588500721e-16
4.153540141418825814e-16
4.142915579442474020e-16
4.132320871254713547e-16
4.121756930615490682e-16
4.111222653538805854e-16
4.100718613756557659e-16
4.090244381869318701e-16
4.079799864017996930e-16
4.069385296045174340e-16
4.059000255660444251e-16
4.048644976839233287e-16
4.038318716615975006e-16
4.028022033373971556e-16
4.017754511269049348e-16
4.007516059968346272e-16
3.997306907941039342e-16
3.987126644113267368e-16
3.976975178877686079e-16
3.966852422862022880e-16
3.956758286928755881e-16
3.946692994182633898e-16
3.936656141359084830e-16
3.926647640040353339e-16
3.916667402041960610e-16
3.906715339412361692e-16
3.896791364432599873e-16
3.886895389615952193e-16
3.877027630780740808e-16
3.867187393503900354e-16
3.857375195897529211e-16
3.847590349014158462e-16
3.837833366435936064e-16
3.828103564644408297e-16
3.818401452735230549e-16
3.808726646989867789e-16
3.799078768809280748e-16
3.789458320639899074e-16
3.779864923124944141e-16
3.770298201960265785e-16
3.760758653038294269e-16
3.751245614099039166e-16
3.741759290687643852e-16
3.732299883836777012e-16
3.722866739073406132e-16
3.713460059058348163e-16
3.704079760647442082e-16
3.694725760921270874e-16
3.685397698136224516e-16
3.676096049063665926e-16
3.666820174494118353e-16
3.657570271436376515e-16
3.648346258073532440e-16
3.639148052811113759e-16
3.629975574276673988e-16
3.620828470182049167e-16
3.611706932955068939e-16
3.602610881872023351e-16
3.593539968959723917e-16
3.584494385704353287e-16
3.575474054128411209e-16
3.566478896464883763e-16
3.557508571686956818e-16
3.548563268069132992e-16
3.539642908459134495e-16
3.530747155657266927e-16
3.521876195308597301e-16
3.513029950872556702e-16
3.504208088930867808e-16
3.495410792539157270e-16
3.486637730770344374e-16
3.477889084971007848e-16
3.469164779608607923e-16
3.460464487462688071e-16
3.451788387355624474e-16
3.443136154508910102e-16
3.434507966078878953e-16
3.425903499709605486e-16
3.417322930908272009e-16
3.408765939722319297e-16
3.400232700026483087e-16
3.391722894252518982e-16
3.383236694659234405e-16
3.374773786043799667e-16
3.366334098195791655e-16
3.357917800974198888e-16
3.349524582682795744e-16
3.341154611605197763e-16
3.332807578364131111e-16
3.324483649683726503e-16
3.316182283408850260e-16
3.307904115827122650e-16
3.299648372929396497e-16
3.291415453433728877e-16
3.283205054797766100e-16
3.275017339148368054e-16
3.266851776751435095e-16
3.258708759525856810e-16
3.250588216983645925e-16
3.242489625486083593e-16
3.234413371938796086e-16
3.226359161567196615e-16
3.218326927359105831e-16
3.210316825516780363e-16
3.202328342385493601e-16
3.194361856662443267e-16
3.186417078986508338e-16
3.178493943209923030e-16
3.170592602279885954e-16
3.162712553973857037e-16
3.154854170946489629e-16
3.147016955141785090e-16
3.139201276038178499e-16
3.131406853624163285e-16
3.123633624889871541e-16
3.115881526985289144e-16
3.108150497220021568e-16
3.100440473063057716e-16
3.092751392142522416e-16
3.085083192245444198e-16
3.077435811317510256e-16
3.069809394933578692e-16
3.062203465584543869e-16
3.054618169994803338e-16
3.047053446742199953e-16
3.039509234561998197e-16
3.031985472346637173e-16
3.024482099145471264e-16
3.016999054164522631e-16
3.009536075834366649e-16
3.002093506338815085e-16
2.994670884283233729e-16
2.987268548956907457e-16
2.979886042468534324e-16
2.972523504280762767e-16
2.965180874678876256e-16
2.957858094102813459e-16
2.950554908531092672e-16
2.943271454876467571e-16
2.936007867101844098e-16
2.928763507041262539e-16
2.921538895105912013e-16
2.914333588799831960e-16
2.907147721921451317e-16
2.899981236118783652e-16
2.892834073192195240e-16
2.885705987327796239e-16
2.878597109885697805e-16
2.871507383112046086e-16
2.864436563862734126e-16
2.857384781698238778e-16
2.850351979308295992e-16
2.843337916187868873e-16
2.836342720124366346e-16
2.829366152352140019e-16
2.822408339488000723e-16
2.815469224952966846e-16
2.808548572570155878e-16
2.801646507503706084e-16
2.794762796665918696e-16
2.787897565455778337e-16
2.781050582743144574e-16
2.774221972783045249e-16
2.767411681642302728e-16
2.760619480691139256e-16
2.753845318346127597e-16
2.747089316607927847e-16
2.740351249309648613e-16
2.733631237341293002e-16
2.726929056165181864e-16
2.720244825571526887e-16
2.713578322639417868e-16
2.706929496666761212e-16
2.700298465809920334e-16
2.693685009545788885e-16
2.687089244957633913e-16
2.680510953108503313e-16
2.673950083919213700e-16
2.667406587431281353e-16
2.660880578604740390e-16
2.654372005781714331e-16
2.647880490426650940e-16
2.641406310734347101e-16
2.634949253212562266e-16
2.628509268639946037e-16
2.622086468872863823e-16
2.615680482381920092e-16
2.609291581595056492e-16
2.602919715892436422e-16
2.596564517884771055e-16
2.590226256605266831e-16
2.583904567391981972e-16
2.577599717035187740e-16
2.571311499566701771e-16
2.565040022346985795e-16
2.558784926111739739e-16
2.552546319066340229e-16
2.546324307110870734e-16
2.540118687933407267e-16
2.533929261741424227e-16
2.527756286561217417e-16
2.521599562237065238e-16
2.515459041695783159e-16
2.509334677980537715e-16
2.503226424250667539e-16
2.497134233781505368e-16
2.491058059964197595e-16
2.484997856305525790e-16
2.478953576657582566e-16
2.472925175905384648e-16
2.466912609273976904e-16
2.460915832097955779e-16
2.454934799821308569e-16
2.448969467997241838e-16
2.443019504863340691e-16
2.437085442156017654e-16
2.431166947209882773e-16
2.425263691922492104e-16
2.419376201674380222e-16
2.413503865581606700e-16
2.407647204833041431e-16
2.401805613150274190e-16
2.395979328939808668e-16
2.390168308824226835e-16
2.384372509533529361e-16
2.378591887904965017e-16
2.372826400882847766e-16
2.367076005518382715e-16
2.361340386750571448e-16
2.355619776167694243e-16
2.349914401245716243e-16
2.344223678168138254e-16
2.338547835671329408e-16
2.332886831431117344e-16
2.327240357259593812e-16
2.321608904009149851e-16
2.315991898751247528e-16
2.310389565540123929e-16
2.304801862565616622e-16
2.299228748122423501e-16
2.293669920735752886e-16
2.288125600785971674e-16
2.282596004744686829e-16
2.277080317683977901e-16
2.271579272035492822e-16
2.266092568830975921e-16
2.260619913152750407e-16
2.255161519997571855e-16
2.249717096591402267e-16
2.244287107171322146e-16
2.238871008149997176e-16
2.233469011009858378e-16
2.228081075356109179e-16
2.222706913719195223e-16
2.217346734983448195e-16
2.212000499048964981e-16
2.206667921574891477e-16
2.201349452287603062e-16
2.196044563808457651e-16
2.190753220093475790e-16
2.185475866581860787e-16
2.180211742932007214e-16
2.174961532607319610e-16
2.169724718831505622e-16
2.164501503092328777e-16
2.159291847277659151e-16
2.154095478226954269e-16
2.148912594963397220e-16
2.143743159652031754e-16
2.138586902095338586e-16
2.133444018884277713e-16
2.128314241773966927e-16
2.123197765747985708e-16
2.118094553426734453e-16
2.113004339471535944e-16
2.107927316486679382e-16
2.102863221048706489e-16
2.097812469644035305e-16
2.092774348981160641e-16
2.087749274850811746e-16
2.082737210502705267e-16
2.077737897242452690e-16
2.072751522236040168e-16
2.067778049003720251e-16
2.062817221647058709e-16
2.057869006378071352e-16
2.052933587326393317e-16
2.048010928363975258e-16
2.043100777263523922e-16
2.038203100546827977e-16
2.033318079359922674e-16
2.028445677924197671e-16
2.023585647627430921e-16
2.018737955299613874e-16
2.013902990467315334e-16
2.009080083761983422e-16
2.004269624068378093e-16
1.999471576127747109e-16
1.994685488522174702e-16
1.989911952916136866e-16
1.985150518845847811e-16
1.980401153752825191e-16
1.975664030139085698e-16
1.970938909047202196e-16
1.966225758141588687e-16
1.961524747828302072e-16
1.956835843613818223e-16
1.952158809953533056e-16
1.947493614943733814e-16
1.942840426892520802e-16
1.938199013551468805e-16
1.933569343880304390e-16
1.928951584275492077e-16
1.924345504972183356e-16
1.919751075141480565e-16
1.915168459164589151e-16
1.910597429731987706e-16
1.906038149898877491e-16
1.901490393980038435e-16
1.896954131500015348e-16
1.892429523541995280e-16
1.887916346829653648e-16
1.883414571096698526e-16
1.878924166143484164e-16
1.874445290460504435e-16
1.869977723937936726e-16
1.865521623790993988e-16
1.861076771479415887e-16
1.856643137152717110e-16
1.852220691026561779e-16
1.847809587789929969e-16
1.843409611997588326e-16
1.839020734071557867e-16
1.834642924499677479e-16
1.830276335488007009e-16
1.825920573669051129e-16
1.821576152647928195e-16
1.817242500271118640e-16
1.812919947274962283e-16
1.808608105994402868e-16
1.804307304601857532e-16
1.800017512120408479e-16
1.795738345105892172e-16
1.791470127932630920e-16
1.787212479937795657e-16
1.782965722984507561e-16
1.778729652818918051e-16
1.774504413865187878e-16
1.770289630966626160e-16
1.766085621033908238e-16
1.761892182693456473e-16
1.757709287635378145e-16
1.753536907613958311e-16
1.749375014447579197e-16
1.745223748542292680e-16
1.741082744167869464e-16
1.736952309757601613e-16
1.732832082225738521e-16
1.728722367715755314e-16
1.724622971616268183e-16
1.720533866734958718e-16
1.716455190112390362e-16
1.712386585724250365e-16
1.708328191348038769e-16
1.704280142379804104e-16
1.700242086642698324e-16
1.696214321398265930e-16
1.692196497009985742e-16
1.688188908452382329e-16
1.684191208609745943e-16
1.680203690188354636e-16
1.676226166735052254e-16
1.672258611796304650e-16
1.668300998978977063e-16
1.664353145546059815e-16
1.660415338614343210e-16
1.656487394983889092e-16
1.652569288502321322e-16
1.648660993077229759e-16
1.644762329153967981e-16
1.640873578373623097e-16
1.636994560729222004e-16
1.633125250367370050e-16
1.629265470236898749e-16
1.625415497678595757e-16
1.621575155197261274e-16
1.617744267594984676e-16
1.613923109033329044e-16
1.610111355400148264e-16
1.606309130832444753e-16
1.602516557323276455e-16
1.598733314241561212e-16
1.594959524245400974e-16
1.591195162124868767e-16
1.587440202728602895e-16
1.583694620963715238e-16
1.579958247656100397e-16
1.576231346641234758e-16
1.572513605250218572e-16
1.568805285304778587e-16
1.565106076373825595e-16
1.561416096783795995e-16
1.557735321842306350e-16
1.554063726914726712e-16
1.550401147486345310e-16
1.546747839429196404e-16
1.543103498917781918e-16
1.539468241479197292e-16
1.535842042826174166e-16
1.532224741614421899e-16
1.528616589261553815e-16
1.525017287724709468e-16
1.521426950642744894e-16
1.517845554331945268e-16
1.514273075163963201e-16
1.510709355193625876e-16
1.507154506263399220e-16
1.503608504904651087e-16
1.500071327703772381e-16
1.496542818894964721e-16
1.493023220475042140e-16
1.489512113427168815e-16
1.486009870313181956e-16
1.482516336066834186e-16
1.479031357603169839e-16
1.475555042833322146e-16
1.472087239727568295e-16
1.468628055340366677e-16
1.465177466786475892e-16
1.461735451234722076e-16
1.458301858748309039e-16
1.454876794695348941e-16
1.451460236400799025e-16
1.448052035476126871e-16
1.444652296041805651e-16
1.441260995578206095e-16
1.437878111619138094e-16
1.434503497815865823e-16
1.431137133168909519e-16
1.427779119752211109e-16
1.424429435301771697e-16
1.421088057606599897e-16
1.417754842822073595e-16
1.414429891418683468e-16
1.411113060539656253e-16
1.407804449861185731e-16
1.404504037425495990e-16
1.401211681846701377e-16
1.397927362580036595e-16
1.394651296343069273e-16
1.391383223724209624e-16
1.388123124314963634e-16
1.384871095065878523e-16
1.381626997479910304e-16
1.378391044206064904e-16
1.375162864345169000e-16
1.371942670213711813e-16
1.368730440400956479e-16
1.365526038836386775e-16
1.362329560145444772e-16
1.359140869510155267e-16
1.355960060874985275e-16
1.352787000344401028e-16
1.349621781123507685e-16
1.346464270232528794e-16
1.343314560143344011e-16
1.340172518785305058e-16
1.337038237903151409e-16
1.333911586328778683e-16
1.330792655085816521e-16
1.327681313902172916e-16
1.324577543618313199e-16
1.321481434185078795e-16
1.318392856659972186e-16
1.315311900287578969e-16
1.312238437005337507e-16
1.309172555357426728e-16
1.306114128154855756e-16
1.303063136528619750e-16
1.300019667980885103e-16
1.296983702565529392e-16
1.293955009259059277e-16
1.290933780866371040e-16
1.287919997576739631e-16
1.284913430786879466e-16
1.281914271133972246e-16
1.278922498942047869e-16
1.275937991291988304e-16
1.272960729723817280e-16
1.269990798361526885e-16
1.267027973361933358e-16
1.264072542908919889e-16
1.261124182178885694e-16
1.258183076155082928e-16
1.255249104813486952e-16
1.252322350315663752e-16
1.249402593473563343e-16
1.246490016508217015e-16
1.243584600276147115e-16
1.240686127878287112e-16
1.237794779493685820e-16
1.234910536110340347e-16
1.232033183092831626e-16
1.229162898602428983e-16
1.226299566627062060e-16
1.223443169381675379e-16
1.220593689119234833e-16
1.217751204215531371e-16
1.214915600222390422e-16
1.212086859509703091e-16
1.209264964485016016e-16
1.206449992302346179e-16
1.203641830054498146e-16
1.200840460266073436e-16
1.198045865499282755e-16
1.195258028353893987e-16
1.192477024485000141e-16
1.189702650197379310e-16
1.186935073907032441e-16
1.184174185349458239e-16
1.181420059003391950e-16
1.178672493991156826e-16
1.175931656227297577e-16
1.173197346225530814e-16
1.170469728662548572e-16
1.167748695487537715e-16
1.165034229717505999e-16
1.162326314406386772e-16
1.159625021733734319e-16
1.156930156330279286e-16
1.154241790769783556e-16
1.151559996387538314e-16
1.148884667655588212e-16
1.146215787851919858e-16
1.143553253100632846e-16
1.140897221445819207e-16
1.138247588771127319e-16
1.135604338500415760e-16
1.132967454093878533e-16
1.130337004689165324e-16
1.127712802230288482e-16
1.125094916234807188e-16
1.122483330307721959e-16
1.119878112512829551e-16
1.117279077380016280e-16
1.114686293347940179e-16
1.112099827686469163e-16
1.109519496840227158e-16
1.106945368450202181e-16
1.104377426372735571e-16
1.101815736834160699e-16
1.099260118799674415e-16
1.096710638861797722e-16
1.094167362475329800e-16
1.091630110471884051e-16
1.089098948668794490e-16
1.086573861171064969e-16
1.084054832119001607e-16
1.081541845901337488e-16
1.079034887793291469e-16
1.076533943314498630e-16
1.074038918853458804e-16
1.071549958597305801e-16
1.069066968713101390e-16
1.066589856524208808e-16
1.064118764621509097e-16
1.061653522346956435e-16
1.059194193751377272e-16
1.056740764596780380e-16
1.054293220675681509e-16
1.051851547811056178e-16
1.049415655466435551e-16
1.046985682576824272e-16
1.044561462546079747e-16
1.042143057705391031e-16
1.039730454026339876e-16
1.037323637510715613e-16
1.034922594190471026e-16
1.032527235617236442e-16
1.030137622922552403e-16
1.027753816208075903e-16
1.025375579675603550e-16
1.023003121451669123e-16
1.020636353762851846e-16
1.018275189909723774e-16
1.015919689616518918e-16
1.013569839178809627e-16
1.011225624921904486e-16
1.008886961291073242e-16
1.006553907090176892e-16
1.004226448730583568e-16
1.001904501504914138e-16
9.995881944321343532e-17
9.972773719655678493e-17
9.949720917800375573e-17
9.926722702851478766e-17
9.903780346069034531e-17
9.880892313135576001e-17
9.858058477878508302e-17
9.835280097545293561e-17
9.812555653474171320e-17
9.789885020257401587e-17
9.767269441291878163e-17
9.744707413403029054e-17
9.722199491403255492e-17
9.699744866625238332e-17
9.677344089588672630e-17
9.654997029235308802e-17
9.632702879207386868e-17
9.610462155325546704e-17
9.588274693456930575e-17
9.566139667019569051e-17
9.544057580196976310e-17
9.522027611840607853e-17
9.500050918055878826e-17
9.478125369060512658e-17
9.456252770619090122e-17
9.434431656504640107e-17
9.412661872548663352e-17
9.390943909307406348e-17
9.369277606484012682e-17
9.347662164317314080e-17
9.326098067648251148e-17
9.304584521964524072e-17
9.283122008327022097e-17
9.261709737436315924e-17
9.240348186603801938e-17
9.219037198169056034e-17
9.197775990597250262e-17
9.176565035644467207e-17
9.155403556899724016e-17
9.134291404747358185e-17
9.113229045430955158e-17
9.092216323511044889e-17
9.071252472719549340e-17
9.050337344816871551e-17
9.029471398815799300e-17
9.008654480743193495e-17
8.987885834335736575e-17
8.967165312720010478e-17
8.946493367793736143e-17
8.925869847038621342e-17
8.905293409810281045e-17
8.884765693340862414e-17
8.864284769689967137e-17
8.843851676259369025e-17
8.823466262321816744e-17
8.803127793619191262e-17
8.782836126304453100e-17
8.762591696667446410e-17
8.742393777628863890e-17
8.722242802088468025e-17
8.702138047719718907e-17
8.682079372330624490e-17
8.662067203775396607e-17
8.642100826785359912e-17
8.622180100149947910e-17
8.602305446738015567e-17
8.582476180540739379e-17
8.562692832368117289e-17
8.542954273809842177e-17
8.523262171548609077e-17
8.503614844996503826e-17
8.484013396923561498e-17
8.464457264221598786e-17
8.444946439583956724e-17
8.425481461849876483e-17
8.406061773430173841e-17
8.386687366724271350e-17
8.367358774569915422e-17
8.348075444839392002e-17
8.328837369644029174e-17
8.309644540993513995e-17
8.290497483822844724e-17
8.271395653190713057e-17
8.252339040826448579e-17
8.233328165821985177e-17
8.214361962944771728e-17
8.195441476724619483e-17
8.176566693015595802e-17
8.157736557341496036e-17
8.138952102976394103e-17
8.120212282537083807e-17
8.101518121850814308e-17
8.082869606416708699e-17
8.064265699415346313e-17
8.045707415628688575e-17
8.027193725203019472e-17
8.008725635612932719e-17
7.990302627968319564e-17
7.971925194934049234e-17
7.953592320456660739e-17
7.935304997580928769e-17
7.917062714137302071e-17
7.898864964822141913e-17
7.880712731986436878e-17
7.862606000325886043e-17
7.844543774104141034e-17
7.826526536629974898e-17
7.808554764302434338e-17
7.790627471368283386e-17
7.772745619173815754e-17
7.754908710301138442e-17
7.737116734042506205e-17
7.719369679608294966e-17
7.701667536127607020e-17
7.684010292648817075e-17
7.666397938140179922e-17
7.648830383457669512e-17
7.631307227736684013e-17
7.613828461889178483e-17
7.596392670956459116e-17
7.579000315548897539e-17
7.561649989951642451e-17
7.544342151060601739e-17
7.527075402342005329e-17
7.509850197010042493e-17
7.492665147650066750e-17
7.475520248091357883e-17
7.458415487183037895e-17
7.441349491074694308e-17
7.424322703915180786e-17
7.407333760821626361e-17
7.390383102370651345e-17
7.373469372587649545e-17
7.356593008506810842e-17
7.339752663003257871e-17
7.322948327837776049e-17
7.306179549723465314e-17
7.289445876691374287e-17
7.272746858086903560e-17
7.256082044566220071e-17
7.239450988092692445e-17
7.222853241933297977e-17
7.206288360655069057e-17
7.189755470421541166e-17
7.173254989273853927e-17
7.156785617732709018e-17
7.140347770475891988e-17
7.123940156511486112e-17
7.107562342527954608e-17
7.091214738190856814e-17
7.074896903945046215e-17
7.058606729697273965e-17
7.042346294912061253e-17
7.026112664782698067e-17
7.009907076670518214e-17
6.993729097384215942e-17
6.977577473464111321e-17
6.961451782812825771e-17
6.945352420412489450e-17
6.929278145077278438e-17
6.913228538379417592e-17
6.897203990499520539e-17
6.881204077013145449e-17
6.865226771143805786e-17
6.849273265719408723e-17
6.833343140013051406e-17
