# te
3.263362407684326172e+00
3.959807872772216797e+00
3.979854583740234375e+00
3.618029356002807617e+00
3.093120813369750977e+00
2.540770530700683594e+00
2.040396451950073242e+00
1.629219055175781250e+00
1.323813080787658691e+00
1.126612663269042969e+00
1.029985308647155762e+00
1.007867336273193359e+00
1.031042575836181641e+00
1.082486391067504883e+00
1.149329781532287598e+00
1.219939112663269043e+00
1.285979151725769043e+00
1.344310760498046875e+00
1.391909241676330566e+00
1.435358285903930664e+00
1.481070041656494141e+00
1.530071616172790527e+00
1.582208871841430664e+00
1.637914896011352539e+00
1.698219418525695801e+00
1.758740425109863281e+00
1.815485119819641113e+00
1.866295814514160156e+00
1.908306241035461426e+00
1.940296053886413574e+00
1.961101770401000977e+00
1.968291878700256348e+00
1.961414813995361328e+00
1.946162819862365723e+00
1.926775336265563965e+00
1.899401426315307617e+00
1.861333012580871582e+00
1.813678741455078125e+00
1.758298039436340332e+00
1.696102619171142578e+00
1.625034332275390625e+00
1.542310714721679688e+00
1.446041584014892578e+00
1.334410548210144043e+00
1.204379200935363770e+00
1.057904243469238281e+00
9.008474349975585938e-01
7.384763956069946289e-01
5.692738890647888184e-01
3.898572623729705811e-01
1.950147598981857300e-01
-1.907170563936233521e-02
-2.482495456933975220e-01
-4.882502257823944092e-01
-7.409226298332214355e-01
-1.006270289421081543e+00
-1.285068273544311523e+00
-1.578113794326782227e+00
-1.884770154953002930e+00
-2.204201698303222656e+00
-2.537156581878662109e+00
-2.884407758712768555e+00
-3.246950149536132812e+00
-3.625185489654541016e+00
-4.017086505889892578e+00
-4.419984817504882812e+00
-4.832349300384521484e+00
-5.252575874328613281e+00
-5.682478427886962891e+00
-6.124577522277832031e+00
-6.580279827117919922e+00
-7.050213813781738281e+00
-7.533519744873046875e+00
-8.028745651245117188e+00
-8.535257339477539062e+00
-9.052809715270996094e+00
-9.582719802856445312e+00
-1.012110233306884766e+01
-1.066927528381347656e+01
-1.122765350341796875e+01
-1.179527187347412109e+01
-1.237175083160400391e+01
-1.295522117614746094e+01
-1.354679107666015625e+01
-1.414540100097656250e+01
-1.475027561187744141e+01
-1.536144924163818359e+01
-1.598044204711914062e+01
-1.660431289672851562e+01
-1.723384094238281250e+01
-1.786830902099609375e+01
-1.850774765014648438e+01
-1.915069770812988281e+01
-1.979793167114257812e+01
-2.044873428344726562e+01
-2.110239219665527344e+01
-2.175670242309570312e+01
-2.241466903686523438e+01
-2.307185745239257812e+01
-2.373127365112304688e+01
-2.439071273803710938e+01
-2.505095100402832031e+01
-2.570903968811035156e+01
-2.636649703979492188e+01
-2.702260971069335938e+01
-2.767591857910156250e+01
-2.832719612121582031e+01
-2.897498703002929688e+01
-2.961783027648925781e+01
-3.025723075866699219e+01
-3.089241218566894531e+01
-3.152183532714843750e+01
-3.214471054077148438e+01
-3.276099777221679688e+01
-3.336989212036132812e+01
-3.397061538696289062e+01
-3.456385421752929688e+01
-3.514733505249023438e+01
-3.572101211547851562e+01
-3.628483581542968750e+01
-3.683801269531250000e+01
-3.738050079345703125e+01
-3.790927505493164062e+01
-3.842652130126953125e+01
-3.893145370483398438e+01
-3.942327117919921875e+01
-3.990119171142578125e+01
-4.036442565917968750e+01
-4.081217956542968750e+01
-4.124590682983398438e+01
-4.166264343261718750e+01
-4.206465148925781250e+01
-4.244748687744140625e+01
-4.281415557861328125e+01
-4.316095733642578125e+01
-4.349015426635742188e+01
-4.380027770996093750e+01
-4.409061050415039062e+01
-4.436192703247070312e+01
-4.461201477050781250e+01
-4.484164428710937500e+01
-4.505084609985351562e+01
-4.523889541625976562e+01
-4.540507507324218750e+01
-4.554941177368164062e+01
-4.567044448852539062e+01
-4.576968383789062500e+01
-4.584566879272460938e+01
-4.589620208740234375e+01
-4.592426681518554688e+01
-4.592837524414062500e+01
-4.590628051757812500e+01
-4.586019515991210938e+01
-4.578936767578125000e+01
-4.569378280639648438e+01
-4.557194137573242188e+01
-4.542457199096679688e+01
-4.525165557861328125e+01
-4.505170059204101562e+01
-4.482617950439453125e+01
-4.457506942749023438e+01
-4.429688262939453125e+01
-4.399308013916015625e+01
-4.366142654418945312e+01
-4.330339431762695312e+01
-4.291971588134765625e+01
-4.250814056396484375e+01
-4.206866073608398438e+01
-4.160274505615234375e+01
-4.110815429687500000e+01
-4.058636093139648438e+01
-4.003735351562500000e+01
-3.946111297607421875e+01
-3.885689163208007812e+01
-3.822467041015625000e+01
-3.756594467163085938e+01
-3.687923812866210938e+01
-3.616455459594726562e+01
-3.542338943481445312e+01
-3.465575027465820312e+01
-3.386015701293945312e+01
-3.303810501098632812e+01
-3.218885803222656250e+01
-3.131465721130371094e+01
-3.041253089904785156e+01
-2.948397636413574219e+01
-2.853049278259277344e+01
-2.755059051513671875e+01
-2.654651260375976562e+01
-2.551529312133789062e+01
-2.445917129516601562e+01
-2.337963485717773438e+01
-2.227446556091308594e+01
-2.114590072631835938e+01
-1.999320220947265625e+01
-1.881786346435546875e+01
-1.761915016174316406e+01
-1.639780807495117188e+01
-1.515459251403808594e+01
-1.388876342773437500e+01
-1.260182666778564453e+01
-1.129305076599121094e+01
-9.965424537658691406e+00
-8.616735458374023438e+00
-7.248260974884033203e+00
-5.860462665557861328e+00
-4.453876018524169922e+00
-3.028886795043945312e+00
-1.586402773857116699e+00
-1.264976412057876587e-01
1.349877715110778809e+00
2.842753171920776367e+00
4.350910663604736328e+00
5.873592853546142578e+00
7.411304950714111328e+00
8.962028503417968750e+00
1.052597141265869141e+01
1.210408496856689453e+01
1.369190025329589844e+01
1.529162979125976562e+01
1.690177726745605469e+01
1.852307128906250000e+01
2.015178108215332031e+01
2.179087066650390625e+01
2.343661308288574219e+01
2.509047698974609375e+01
2.675096702575683594e+01
2.841658401489257812e+01
3.008806419372558594e+01
3.176464462280273438e+01
3.344483566284179688e+01
3.512713623046875000e+01
3.681227874755859375e+01
3.849876403808593750e+01
4.018658447265625000e+01
4.187424468994140625e+01
4.356173324584960938e+01
4.524829483032226562e+01
4.693169403076171875e+01
4.861265945434570312e+01
5.029044342041015625e+01
5.196355056762695312e+01
5.363270950317382812e+01
5.529494857788085938e+01
5.695173263549804688e+01
5.860084152221679688e+01
6.024224472045898438e+01
6.187520599365234375e+01
6.349823760986328125e+01
6.511205291748046875e+01
6.671517944335937500e+01
6.830612182617187500e+01
6.988486480712890625e+01
7.145141601562500000e+01
7.300576019287109375e+01
7.453972625732421875e+01
7.606594085693359375e+01
7.756952667236328125e+01
7.906535339355468750e+01
8.053112030029296875e+01
8.198912048339843750e+01
8.343191528320312500e+01
8.485206604003906250e+01
8.624214172363281250e+01
8.762443542480468750e+01
8.897664642333984375e+01
9.031362915039062500e+01
9.162796020507812500e+01
9.291963195800781250e+01
9.418864440917968750e+01
9.542754364013671875e+01
9.665122222900390625e+01
9.783736419677734375e+01
9.900827026367187500e+01
1.001416320800781250e+02
1.012597579956054688e+02
1.023403396606445312e+02
1.033908081054687500e+02
1.044260330200195312e+02
1.054236984252929688e+02
1.063912506103515625e+02
1.073286972045898438e+02
1.082360229492187500e+02
1.091132202148437500e+02
1.099528656005859375e+02
1.107698287963867188e+02
1.115492248535156250e+02
1.122985076904296875e+02
1.130176544189453125e+02
1.136918258666992188e+02
1.143432922363281250e+02
1.149497680664062500e+02
1.155335464477539062e+02
1.160723342895507812e+02
1.165810012817382812e+02
1.170595245361328125e+02
1.174930572509765625e+02
1.178890151977539062e+02
1.182474212646484375e+02
1.185756835937500000e+02
1.188738403320312500e+02
1.191269912719726562e+02
1.193351898193359375e+02
1.195132751464843750e+02
1.196538314819335938e+02
1.197494430541992188e+02
1.198224029541015625e+02
1.198430023193359375e+02
1.198335418701171875e+02
1.197791519165039062e+02
1.196947174072265625e+02
1.195653686523437500e+02
1.194059982299804688e+02
1.192017288208007812e+02
1.189599990844726562e+02
1.186808319091796875e+02
1.183642349243164062e+02
1.180102005004882812e+02
1.176261520385742188e+02
1.171972732543945312e+02
1.167309722900390625e+02
1.162272567749023438e+02
1.156787109375000000e+02
1.151076354980468750e+02
1.144843063354492188e+02
1.138310089111328125e+02
1.131477661132812500e+02
1.124197235107421875e+02
1.116542892456054688e+02
1.108589324951171875e+02
1.100336303710937500e+02
1.091709594726562500e+02
1.082709426879882812e+02
1.073335647583007812e+02
1.063662643432617188e+02
1.053541793823242188e+02
1.043196182250976562e+02
1.032477035522460938e+02
1.021533050537109375e+02
1.010141372680664062e+02
9.984505462646484375e+01
9.864605712890625000e+01
9.741715240478515625e+01
9.615834808349609375e+01
9.487705230712890625e+01
9.355842590332031250e+01
9.220987701416015625e+01
9.083142852783203125e+01
8.943048858642578125e+01
8.799963378906250000e+01
8.653888702392578125e+01
8.506311798095703125e+01
8.355005645751953125e+01
8.201457214355468750e+01
8.046411132812500000e+01
7.888383483886718750e+01
7.728861236572265625e+01
7.566359710693359375e+01
7.401995086669921875e+01
7.235323333740234375e+01
7.066642761230468750e+01
6.896176910400390625e+01
6.723555755615234375e+01
6.549375915527343750e+01
6.373340606689453125e+01
6.195674133300781250e+01
6.016525650024414062e+01
5.835673904418945312e+01
5.653639984130859375e+01
5.470053863525390625e+01
5.285360717773437500e+01
5.099266052246093750e+01
4.912141799926757812e+01
4.723988342285156250e+01
4.534807205200195312e+01
4.344896316528320312e+01
4.153958892822265625e+01
3.962441253662109375e+01
3.770122146606445312e+01
3.577298736572265625e+01
3.384046554565429688e+01
3.190216827392578125e+01
2.996182441711425781e+01
2.801794624328613281e+01
2.607277679443359375e+01
2.412631225585937500e+01
2.218004989624023438e+01
2.023398971557617188e+01
1.829036903381347656e+01
1.634770202636718750e+01
1.440896511077880859e+01
1.247341728210449219e+01
1.054329395294189453e+01
8.617108345031738281e+00
6.698431491851806641e+00
4.785926818847656250e+00
2.880933761596679688e+00
9.843232035636901855e-01
-9.030191302299499512e-01
-2.780490875244140625e+00
-4.647179603576660156e+00
-6.502492427825927734e+00
-8.344870567321777344e+00
-1.017513370513916016e+01
-1.199105739593505859e+01
-1.379412651062011719e+01
-1.557988929748535156e+01
-1.735057640075683594e+01
-1.910544776916503906e+01
-2.084227752685546875e+01
-2.256181335449218750e+01
-2.426257133483886719e+01
-2.594455718994140625e+01
-2.760554313659667969e+01
-2.924702262878417969e+01
-3.086825752258300781e+01
-3.246627426147460938e+01
-3.404182434082031250e+01
-3.559490966796875000e+01
-3.712405014038085938e+01
-3.862999725341796875e+01
-4.011051940917968750e+01
-4.156636810302734375e+01
-4.299531555175781250e+01
-4.439811706542968750e+01
-4.577551269531250000e+01
-4.712379455566406250e+01
-4.844445419311523438e+01
-4.973749542236328125e+01
-5.100143432617187500e+01
-5.223702239990234375e+01
-5.344128799438476562e+01
-5.461721038818359375e+01
-5.576256179809570312e+01
-5.687735366821289062e+01
-5.796009063720703125e+01
-5.901079177856445312e+01
-6.003093338012695312e+01
-6.101755523681640625e+01
-6.197288894653320312e+01
-6.289470291137695312e+01
-6.378375244140625000e+01
-6.463854217529296875e+01
-6.545982360839843750e+01
-6.624611663818359375e+01
-6.699965667724609375e+01
-6.771894836425781250e+01
-6.840251159667968750e+01
-6.905257415771484375e+01
-6.966691589355468750e+01
-7.024777984619140625e+01
-7.079295349121093750e+01
-7.130393981933593750e+01
-7.178076171875000000e+01
-7.221675109863281250e+01
-7.262602996826171875e+01
-7.299004364013671875e+01
-7.332442474365234375e+01
-7.362323760986328125e+01
-7.388722991943359375e+01
-7.411048126220703125e+01
-7.431158447265625000e+01
-7.446083068847656250e+01
-7.458795166015625000e+01
-7.467067718505859375e+01
-7.472387695312500000e+01
-7.474013519287109375e+01
-7.472689819335937500e+01
-7.467673492431640625e+01
-7.458966827392578125e+01
-7.447312927246093750e+01
-7.431970977783203125e+01
-7.413684844970703125e+01
-7.391712188720703125e+01
-7.366276550292968750e+01
-7.338345336914062500e+01
-7.306061553955078125e+01
-7.271877288818359375e+01
-7.233862304687500000e+01
-7.192388916015625000e+01
-7.148050689697265625e+01
-7.101073455810546875e+01
-7.050861358642578125e+01
-6.997564697265625000e+01
-6.941405487060546875e+01
-6.882385253906250000e+01
-6.820429229736328125e+01
-6.755686950683593750e+01
-6.688084411621093750e+01
-6.617918395996093750e+01
-6.545114135742187500e+01
-6.469524383544921875e+01
-6.391519927978515625e+01
-6.310952377319335938e+01
-6.227969741821289062e+01
-6.142498016357421875e+01
-6.054833984375000000e+01
-5.964680099487304688e+01
-5.872481918334960938e+01
-5.778090286254882812e+01
-5.681506347656250000e+01
-5.582952880859375000e+01
-5.482282638549804688e+01
-5.379867172241210938e+01
-5.275483703613281250e+01
-5.169356536865234375e+01
-5.061411666870117188e+01
-4.951945877075195312e+01
-4.840885925292968750e+01
-4.728231048583984375e+01
-4.614131164550781250e+01
-4.498734283447265625e+01
-4.382040023803710938e+01
-4.264049911499023438e+01
-4.144911193847656250e+01
-4.024697875976562500e+01
-3.903485107421875000e+01
-3.781198120117187500e+01
-3.658133316040039062e+01
-3.534290695190429688e+01
-3.409669876098632812e+01
-3.284419250488281250e+01
-3.158612632751464844e+01
-3.032175064086914062e+01
-2.905328559875488281e+01
-2.778147506713867188e+01
-2.650779724121093750e+01
-2.523075675964355469e+01
-2.395406150817871094e+01
-2.267473220825195312e+01
-2.139647865295410156e+01
-2.011928939819335938e+01
-1.884390068054199219e+01
-1.757104301452636719e+01
-1.630071067810058594e+01
-1.503437805175781250e+01
-1.377277755737304688e+01
-1.251664447784423828e+01
-1.126670837402343750e+01
-1.002295780181884766e+01
-8.787611961364746094e+00
-7.560213565826416016e+00
-6.341714859008789062e+00
-5.132699489593505859e+00
-3.934195280075073242e+00
-2.746486663818359375e+00
-1.570601105690002441e+00
-4.072240591049194336e-01
7.430781126022338867e-01
1.879709959030151367e+00
3.001604318618774414e+00
4.108556270599365234e+00
5.199767589569091797e+00
6.274437904357910156e+00
7.332438468933105469e+00
8.372004508972167969e+00
9.393748283386230469e+00
1.039694595336914062e+01
1.138013076782226562e+01
1.234331989288330078e+01
1.328579139709472656e+01
1.420904827117919922e+01
1.510790824890136719e+01
1.598610401153564453e+01
1.684068489074707031e+01
1.767241096496582031e+01
1.847981452941894531e+01
1.926514244079589844e+01
2.002321052551269531e+01
2.075626945495605469e+01
2.146433448791503906e+01
2.214519309997558594e+01
2.280035209655761719e+01
2.342759704589843750e+01
2.402843284606933594e+01
2.460138893127441406e+01
2.514574050903320312e+01
2.566224479675292969e+01
2.614868927001953125e+01
2.660732078552246094e+01
2.703592300415039062e+01
2.743376922607421875e+01
2.780236244201660156e+01
2.814022636413574219e+01
2.844737815856933594e+01
2.872382926940917969e+01
2.896811294555664062e+01
2.918172073364257812e+01
2.936392402648925781e+01
2.951399612426757812e+01
2.963120079040527344e+01
2.971778297424316406e+01
2.977077484130859375e+01
2.979242134094238281e+01
2.978049659729003906e+01
2.973650360107421875e+01
2.965970230102539062e+01
2.955084800720214844e+01
2.940845870971679688e+01
2.923329162597656250e+01
2.902461624145507812e+01
2.878468704223632812e+01
2.851130104064941406e+01
2.820521545410156250e+01
2.786645507812500000e+01
2.749503898620605469e+01
2.709098052978515625e+01
2.665430641174316406e+01
2.618502807617187500e+01
2.568390846252441406e+01
2.515170478820800781e+01
2.458620452880859375e+01
2.398890686035156250e+01
2.336057281494140625e+01
2.270121192932128906e+01
2.201083946228027344e+01
2.128872108459472656e+01
2.053784179687500000e+01
1.975598526000976562e+01
1.894389724731445312e+01
1.810159492492675781e+01
1.723130989074707031e+01
1.633156204223632812e+01
1.540236377716064453e+01
1.444520092010498047e+01
1.346008110046386719e+01
1.244700717926025391e+01
1.140672683715820312e+01
1.033849716186523438e+01
9.245292663574218750e+00
8.124885559082031250e+00
6.979504108428955078e+00
5.809147834777832031e+00
4.614185810089111328e+00
3.395283937454223633e+00
2.151844739913940430e+00
8.860189914703369141e-01
-4.031650722026824951e-01
-1.714117646217346191e+00
-3.046876668930053711e+00
-4.400675773620605469e+00
-5.775038242340087891e+00
-7.169303894042968750e+00
-8.583187103271484375e+00
-1.001602935791015625e+01
-1.146769332885742188e+01
-1.293626022338867188e+01
-1.442248725891113281e+01
-1.592490005493164062e+01
-1.744351196289062500e+01
-1.897759056091308594e+01
-2.052565002441406250e+01
-2.208695793151855469e+01
-2.366226196289062500e+01
-2.525008392333984375e+01
-2.684894752502441406e+01
-2.845960426330566406e+01
-3.008058166503906250e+01
-3.171114158630371094e+01
-3.334981155395507812e+01
-3.499809265136718750e+01
-3.665450668334960938e+01
-3.831684494018554688e+01
-3.998585891723632812e+01
-4.166007614135742188e+01
-4.333951568603515625e+01
-4.502345275878906250e+01
-4.671041107177734375e+01
-4.839892578125000000e+01
-5.009049987792968750e+01
-5.178366470336914062e+01
-5.347621154785156250e+01
-5.516890335083007812e+01
-5.686100769042968750e+01
-5.855033493041992188e+01
-6.023763275146484375e+01
-6.192218017578125000e+01
-6.360251617431640625e+01
-6.527867126464843750e+01
-6.694842529296875000e+01
-6.861329650878906250e+01
-7.027255249023437500e+01
-7.192401123046875000e+01
-7.356767272949218750e+01
-7.519465637207031250e+01
-7.681613159179687500e+01
-7.842989349365234375e+01
-8.002853393554687500e+01
-8.161951446533203125e+01
-8.319542694091796875e+01
-8.475629425048828125e+01
-8.630958557128906250e+01
-8.784045410156250000e+01
-8.935635375976562500e+01
-9.087218475341796875e+01
-9.235824584960937500e+01
-9.382942962646484375e+01
-9.527832031250000000e+01
-9.671238708496093750e+01
-9.813166046142578125e+01
-9.952130126953125000e+01
-1.009110717773437500e+02
-1.022638549804687500e+02
-1.035945434570312500e+02
-1.049106140136718750e+02
-1.062046508789062500e+02
-1.074618453979492188e+02
-1.087119522094726562e+02
-1.099326934814453125e+02
-1.111241378784179688e+02
-1.123011398315429688e+02
-1.134414825439453125e+02
-1.145600280761718750e+02
-1.156568374633789062e+02
-1.167244873046875000e+02
-1.177555923461914062e+02
-1.187724761962890625e+02
-1.197454452514648438e+02
-1.207042541503906250e+02
-1.216192245483398438e+02
-1.225052413940429688e+02
-1.233697586059570312e+02
-1.242053756713867188e+02
-1.250046997070312500e+02
-1.257677612304687500e+02
-1.265094528198242188e+02
-1.272149200439453125e+02
-1.278916549682617188e+02
-1.285322265625000000e+02
-1.291366729736328125e+02
-1.297050323486328125e+02
-1.302521667480468750e+02
-1.307483978271484375e+02
-1.312308959960937500e+02
-1.316625366210937500e+02
-1.320730438232421875e+02
-1.324327545166015625e+02
-1.327639465332031250e+02
-1.330666656494140625e+02
-1.333334960937500000e+02
-1.335570373535156250e+02
-1.337521514892578125e+02
-1.339039916992187500e+02
-1.340348815917968750e+02
-1.341076812744140625e+02
-1.341595306396484375e+02
-1.341756439208984375e+02
-1.341634216308593750e+02
-1.341080169677734375e+02
-1.340168914794921875e+02
-1.338826446533203125e+02
-1.337201080322265625e+02
-1.335144805908203125e+02
-1.332806243896484375e+02
-1.330111236572265625e+02
-1.326985778808593750e+02
-1.323504180908203125e+02
-1.319740905761718750e+02
-1.315621795654296875e+02
-1.311146850585937500e+02
-1.306316375732421875e+02
-1.301130371093750000e+02
-1.295663299560546875e+02
-1.289766387939453125e+02
-1.283588562011718750e+02
-1.277055358886718750e+02
-1.270092773437500000e+02
-1.262923583984375000e+02
-1.255399169921875000e+02
-1.247519607543945312e+02
-1.239210662841796875e+02
-1.230695037841796875e+02
-1.221898651123046875e+02
-1.212747039794921875e+02
-1.203314514160156250e+02
-1.193526611328125000e+02
-1.183383407592773438e+02
-1.173033294677734375e+02
-1.162327651977539062e+02
-1.151415100097656250e+02
-1.140295257568359375e+02
-1.128745422363281250e+02
-1.116913909912109375e+02
-1.104874801635742188e+02
-1.092330780029296875e+02
-1.079653320312500000e+02
-1.066767883300781250e+02
-1.053674240112304688e+02
-1.040223617553710938e+02
-1.026490173339843750e+02
-1.012622299194335938e+02
-9.983966827392578125e+01
-9.840361785888671875e+01
-9.693919372558593750e+01
-9.546121978759765625e+01
-9.395481109619140625e+01
-9.243481445312500000e+01
-9.089375305175781250e+01
-8.933160400390625000e+01
-8.775576782226562500e+01
-8.614395141601562500e+01
-8.453328704833984375e+01
-8.289405059814453125e+01
-8.124108886718750000e+01
-7.957439422607421875e+01
-7.789394378662109375e+01
-7.619229888916015625e+01
-7.448431396484375000e+01
-7.275510406494140625e+01
-7.101282501220703125e+01
-6.926192474365234375e+01
-6.750163269042968750e+01
-6.572971343994140625e+01
-6.394837570190429688e+01
-6.215758132934570312e+01
-6.035807037353515625e+01
-5.855055999755859375e+01
-5.673575973510742188e+01
-5.491366195678710938e+01
-5.308720397949218750e+01
-5.125487899780273438e+01
-4.941740417480468750e+01
-4.757549667358398438e+01
-4.573135757446289062e+01
-4.388421630859375000e+01
-4.203627014160156250e+01
-4.018675994873046875e+01
-3.833713531494140625e+01
-3.648958969116210938e+01
-3.464261627197265625e+01
-3.279767227172851562e+01
-3.095546150207519531e+01
-2.911595726013183594e+01
-2.728061485290527344e+01
-2.544940185546875000e+01
-2.362377166748046875e+01
-2.180369377136230469e+01
-1.998913002014160156e+01
-1.818228530883789062e+01
-1.638460731506347656e+01
-1.459309196472167969e+01
-1.281365013122558594e+01
-1.104253196716308594e+01
-9.282678604125976562e+00
-7.534576416015625000e+00
-5.797893047332763672e+00
-4.074528217315673828e+00
-2.363830804824829102e+00
-6.668747663497924805e-01
1.015773534774780273e+00
2.683765649795532227e+00
4.336405754089355469e+00
5.972329616546630859e+00
7.592550277709960938e+00
9.195257186889648438e+00
1.077975273132324219e+01
1.234608554840087891e+01
1.389504146575927734e+01
1.542369842529296875e+01
1.693209838867187500e+01
1.842103195190429688e+01
1.988831138610839844e+01
2.133472824096679688e+01
2.275809478759765625e+01
2.415919876098632812e+01
2.553733825683593750e+01
2.689255714416503906e+01
2.822415542602539062e+01
2.953143119812011719e+01
3.081368064880371094e+01
3.207168960571289062e+01
3.330400848388671875e+01
3.450993728637695312e+01
3.569100189208984375e+01
3.684574890136718750e+01
3.797272872924804688e+01
3.907273101806640625e+01
4.014578247070312500e+01
4.119117736816406250e+01
4.220746231079101562e+01
4.319542312622070312e+01
4.415359115600585938e+01
4.508424377441406250e+01
4.598442840576171875e+01
4.685492324829101562e+01
4.769575881958007812e+01
4.850621795654296875e+01
4.928632736206054688e+01
5.003463745117187500e+01
5.075339126586914062e+01
5.144187927246093750e+01
5.209862899780273438e+01
5.272367858886718750e+01
5.331926727294921875e+01
5.388245010375976562e+01
5.441473388671875000e+01
5.491539001464843750e+01
5.538368988037109375e+01
5.582114791870117188e+01
5.622629165649414062e+01
5.659988403320312500e+01
5.694121932983398438e+01
5.725033187866210938e+01
5.752722930908203125e+01
5.777194976806640625e+01
5.798451995849609375e+01
5.816569519042968750e+01
5.831402587890625000e+01
5.843174362182617188e+01
5.851665496826171875e+01
5.857025527954101562e+01
5.859182357788085938e+01
5.858285903930664062e+01
5.854263305664062500e+01
5.847040939331054688e+01
5.836844253540039062e+01
5.823450851440429688e+01
5.807009506225585938e+01
5.787448501586914062e+01
5.764841079711914062e+01
5.739262008666992188e+01
5.710713195800781250e+01
5.679120254516601562e+01
5.644557189941406250e+01
5.607172393798828125e+01
5.566817474365234375e+01
5.523567199707031250e+01
5.477568435668945312e+01
5.428673171997070312e+01
5.377029418945312500e+01
5.322636032104492188e+01
5.265566253662109375e+01
5.205894088745117188e+01
5.143395233154296875e+01
5.078365707397460938e+01
5.010729598999023438e+01
4.940559768676757812e+01
4.867855072021484375e+01
4.792687988281250000e+01
4.715056228637695312e+01
4.635032653808593750e+01
4.552688980102539062e+01
4.467949295043945312e+01
4.380959701538085938e+01
4.291717529296875000e+01
4.200369262695312500e+01
4.106837844848632812e+01
4.011268997192382812e+01
3.913586044311523438e+01
3.813933944702148438e+01
3.712385177612304688e+01
3.608862304687500000e+01
3.503511428833007812e+01
3.396329116821289062e+01
3.287313461303710938e+01
3.176683425903320312e+01
3.064287567138671875e+01
2.950271415710449219e+01
2.834854698181152344e+01
2.717810440063476562e+01
2.599358558654785156e+01
2.479495429992675781e+01
2.358366012573242188e+01
2.235892295837402344e+01
2.112219047546386719e+01
1.987342262268066406e+01
1.861332321166992188e+01
1.734333992004394531e+01
1.606194114685058594e+01
1.477132034301757812e+01
1.347217464447021484e+01
1.216371726989746094e+01
1.084664916992187500e+01
9.523155212402343750e+00
8.192446708679199219e+00
6.855965614318847656e+00
5.513515949249267578e+00
4.166388511657714844e+00
2.814388990402221680e+00
1.458211779594421387e+00
9.884988516569137573e-02
-1.263645052909851074e+00
-2.628582715988159180e+00
-3.995562553405761719e+00
-5.363619804382324219e+00
-6.732878684997558594e+00
-8.102200508117675781e+00
-9.470299720764160156e+00
-1.083863639831542969e+01
-1.220525741577148438e+01
-1.357021522521972656e+01
-1.493281459808349609e+01
-1.629162406921386719e+01
-1.764743614196777344e+01
-1.899882125854492188e+01
-2.034657096862792969e+01
-2.168776512145996094e+01
-2.302394294738769531e+01
-2.435441398620605469e+01
-2.567700195312500000e+01
-2.699249649047851562e+01
-2.830094718933105469e+01
-2.960091781616210938e+01
-3.089097023010253906e+01
-3.217263793945312500e+01
-3.344448471069335938e+01
-3.470581436157226562e+01
-3.595667266845703125e+01
-3.719636917114257812e+01
-3.842420578002929688e+01
-3.964171218872070312e+01
-4.084522247314453125e+01
-4.203701400756835938e+01
-4.321490097045898438e+01
-4.437966918945312500e+01
-4.553062438964843750e+01
-4.666706848144531250e+01
-4.778903961181640625e+01
-4.889584732055664062e+01
-4.998752593994140625e+01
-5.106337738037109375e+01
-5.212047195434570312e+01
-5.316256332397460938e+01
-5.418448638916015625e+01
-5.519075393676757812e+01
-5.617916107177734375e+01
-5.714826202392578125e+01
-5.810033035278320312e+01
-5.903316116333007812e+01
-5.994531631469726562e+01
-6.084202575683593750e+01
-6.171812057495117188e+01
-6.257363128662109375e+01
-6.341008377075195312e+01
-6.422676086425781250e+01
-6.502294921875000000e+01
-6.579867553710937500e+01
-6.655026245117187500e+01
-6.728292083740234375e+01
-6.799149322509765625e+01
-6.868045806884765625e+01
-6.934536743164062500e+01
-6.998997497558593750e+01
-7.061429595947265625e+01
-7.121091461181640625e+01
-7.179472351074218750e+01
-7.235086822509765625e+01
-7.287937927246093750e+01
-7.338768768310546875e+01
-7.387581634521484375e+01
-7.433635711669921875e+01
-7.477677154541015625e+01
-7.519708251953125000e+01
-7.558989715576171875e+01
-7.596265411376953125e+01
-7.630793762207031250e+01
-7.663322448730468750e+01
-7.693108367919921875e+01
-7.720896911621093750e+01
-7.745947265625000000e+01
-7.769002532958984375e+01
-7.789323425292968750e+01
-7.808395385742187500e+01
-7.824733734130859375e+01
-7.838340759277343750e+01
-7.849216461181640625e+01
-7.858103942871093750e+01
-7.865747833251953125e+01
-7.870662689208984375e+01
-7.872849273681640625e+01
-7.872306060791015625e+01
-7.869777679443359375e+01
-7.865264129638671875e+01
-7.858764648437500000e+01
-7.849536132812500000e+01
-7.839064025878906250e+01
-7.824375152587890625e+01
-7.809185791015625000e+01
-7.792007446289062500e+01
-7.772097015380859375e+01
-7.750196075439453125e+01
-7.726303100585937500e+01
-7.700418090820312500e+01
-7.671794128417968750e+01
-7.642660522460937500e+01
-7.609300231933593750e+01
-7.575426483154296875e+01
-7.538806915283203125e+01
-7.501670837402343750e+01
-7.461042022705078125e+01
-7.419148254394531250e+01
-7.375243377685546875e+01
-7.330068206787109375e+01
-7.283619689941406250e+01
-7.234409332275390625e+01
-7.183176422119140625e+01
-7.130661010742187500e+01
-7.076860046386718750e+01
-7.021028137207031250e+01
-6.963681030273437500e+01
-6.904593658447265625e+01
-6.844061279296875000e+01
-6.781932830810546875e+01
-6.718428039550781250e+01
-6.653395080566406250e+01
-6.586981964111328125e+01
-6.519258117675781250e+01
-6.450147247314453125e+01
-6.379795074462890625e+01
-6.308123016357421875e+01
-6.235351181030273438e+01
-6.161254119873046875e+01
-6.086124801635742188e+01
-6.009959411621093750e+01
-5.932681274414062500e+01
-5.854433822631835938e+01
-5.775065231323242188e+01
-5.694869613647460938e+01
-5.613768005371093750e+01
-5.531681823730468750e+01
-5.448904418945312500e+01
-5.365357208251953125e+01
-5.281036376953125000e+01
-5.195937347412109375e+01
-5.110278701782226562e+01
-5.023981857299804688e+01
-4.937190628051757812e+01
-4.849752044677734375e+01
-4.761884689331054688e+01
-4.673657989501953125e+01
-4.584918594360351562e+01
-4.495884704589843750e+01
-4.406477355957031250e+01
-4.316765975952148438e+01
-4.226969146728515625e+01
-4.136784362792968750e+01
-4.046577835083007812e+01
-3.956122589111328125e+01
-3.865710449218750000e+01
-3.775188064575195312e+01
-3.684698867797851562e+01
-3.594312286376953125e+01
-3.504023361206054688e+01
-3.413827133178710938e+01
-3.323792266845703125e+01
-3.233989334106445312e+01
-3.144412231445312500e+01
-3.055204963684082031e+01
-2.966288375854492188e+01
-2.877731323242187500e+01
-2.789603042602539062e+01
-2.701972579956054688e+01
-2.614685630798339844e+01
-2.527959632873535156e+01
-2.441863632202148438e+01
-2.356243896484375000e+01
-2.271318054199218750e+01
-2.187005996704101562e+01
-2.103525924682617188e+01
-2.020649528503417969e+01
-1.938594627380371094e+01
-1.857355880737304688e+01
-1.776928329467773438e+01
-1.697307014465332031e+01
-1.618635559082031250e+01
-1.540908622741699219e+01
-1.464047622680664062e+01
-1.388344478607177734e+01
-1.313497257232666016e+01
-1.239798545837402344e+01
-1.167169475555419922e+01
-1.095605278015136719e+01
-1.025212860107421875e+01
-9.559804916381835938e+00
-8.879780769348144531e+00
-8.211565971374511719e+00
-7.555787086486816406e+00
-6.912626743316650391e+00
-6.282339572906494141e+00
-5.665184020996093750e+00
-5.061418056488037109e+00
-4.471151828765869141e+00
-3.894741773605346680e+00
-3.332233190536499023e+00
-2.784029245376586914e+00
-2.250221252441406250e+00
-1.731147766113281250e+00
-1.226701378822326660e+00
-7.372964620590209961e-01
-2.628282010555267334e-01
1.962871849536895752e-01
6.400780677795410156e-01
1.068497538566589355e+00
1.481274604797363281e+00
1.877988696098327637e+00
2.258961200714111328e+00
2.622802734375000000e+00
2.971764802932739258e+00
3.304306983947753906e+00
3.619708061218261719e+00
3.919481992721557617e+00
4.202171325683593750e+00
4.468546867370605469e+00
4.717892646789550781e+00
4.950975894927978516e+00
5.166334629058837891e+00
5.366220951080322266e+00
5.549170017242431641e+00
5.714458465576171875e+00
5.862848758697509766e+00
5.995100975036621094e+00
6.111231803894042969e+00
6.209769725799560547e+00
6.291471004486083984e+00
6.356348514556884766e+00
6.405155658721923828e+00
6.436416625976562500e+00
6.452368736267089844e+00
6.450789451599121094e+00
6.433170318603515625e+00
6.398029804229736328e+00
6.348343849182128906e+00
6.280397891998291016e+00
6.196422100067138672e+00
6.097157955169677734e+00
5.981117248535156250e+00
5.849782943725585938e+00
5.701663017272949219e+00
5.538981437683105469e+00
5.360243797302246094e+00
5.166928291320800781e+00
4.956794261932373047e+00
4.732804298400878906e+00
4.493457794189453125e+00
4.239484786987304688e+00
3.970127105712890625e+00
3.686111450195312500e+00
3.387419700622558594e+00
3.075518846511840820e+00
2.748903036117553711e+00
2.409780025482177734e+00
2.054932117462158203e+00
1.688125133514404297e+00
1.307699322700500488e+00
9.153378009796142578e-01
5.094527006149291992e-01
9.068445116281509399e-02
-3.401047289371490479e-01
-7.830941081047058105e-01
-1.238165497779846191e+00
-1.705122232437133789e+00
-2.183321714401245117e+00
-2.672716379165649414e+00
-3.173186302185058594e+00
-3.684143304824829102e+00
-4.205573558807373047e+00
-4.737091064453125000e+00
-5.278461456298828125e+00
-5.829338550567626953e+00
-6.389547824859619141e+00
-6.958604812622070312e+00
-7.536544322967529297e+00
-8.123106002807617188e+00
-8.717807769775390625e+00
-9.320241928100585938e+00
-9.930446624755859375e+00
-1.054809188842773438e+01
-1.117240047454833984e+01
-1.180430603027343750e+01
-1.244221401214599609e+01
-1.308616924285888672e+01
-1.373621463775634766e+01
-1.439165115356445312e+01
-1.505177974700927734e+01
-1.571739196777343750e+01
-1.638704490661621094e+01
-1.706152915954589844e+01
-1.773940658569335938e+01
-1.842221069335937500e+01
-1.910701560974121094e+01
-1.979535865783691406e+01
-2.048654365539550781e+01
-2.118062210083007812e+01
-2.187615776062011719e+01
-2.257394218444824219e+01
-2.327254295349121094e+01
-2.397349357604980469e+01
-2.467387390136718750e+01
-2.537596511840820312e+01
-2.607833290100097656e+01
-2.678103065490722656e+01
-2.748410797119140625e+01
-2.818390464782714844e+01
-2.888492774963378906e+01
-2.958277320861816406e+01
-3.028046417236328125e+01
-3.097582817077636719e+01
-3.166965866088867188e+01
-3.236051940917968750e+01
-3.304846572875976562e+01
-3.373281097412109375e+01
-3.441509246826171875e+01
-3.509313964843750000e+01
-3.576848220825195312e+01
-3.643821334838867188e+01
-3.710312652587890625e+01
-3.776550292968750000e+01
-3.842093658447265625e+01
-3.907245635986328125e+01
-3.971788024902343750e+01
-4.035726928710937500e+01
-4.099141311645507812e+01
-4.161812973022460938e+01
-4.223896408081054688e+01
-4.285247421264648438e+01
-4.345946121215820312e+01
-4.405848312377929688e+01
-4.465107727050781250e+01
-4.523506546020507812e+01
-4.581197738647460938e+01
-4.637963104248046875e+01
-4.693881988525390625e+01
-4.749033355712890625e+01
-4.803198623657226562e+01
-4.856531143188476562e+01
-4.908960723876953125e+01
-4.960269546508789062e+01
-5.010757827758789062e+01
-5.060208129882812500e+01
-5.108623886108398438e+01
-5.156083679199218750e+01
-5.202368545532226562e+01
-5.247705459594726562e+01
-5.291949462890625000e+01
-5.334955596923828125e+01
-5.376950454711914062e+01
-5.417788696289062500e+01
-5.457548904418945312e+01
-5.496233749389648438e+01
-5.533623886108398438e+01
-5.569870376586914062e+01
-5.604903411865234375e+01
-5.638724899291992188e+01
-5.671262741088867188e+01
-5.702744293212890625e+01
-5.732873535156250000e+01
-5.761728286743164062e+01
-5.789311218261718750e+01
-5.815623474121093750e+01
-5.840667724609375000e+01
-5.864373397827148438e+01
-5.886817169189453125e+01
-5.908001327514648438e+01
-5.927854919433593750e+01
-5.946527862548828125e+01
-5.963726806640625000e+01
-5.979453277587890625e+01
-5.994080352783203125e+01
-6.007239532470703125e+01
-6.019155883789062500e+01
-6.029607009887695312e+01
-6.038966751098632812e+01
-6.046791458129882812e+01
-6.053229904174804688e+01
-6.058507156372070312e+01
-6.062401580810546875e+01
-6.064913558959960938e+01
-6.066044616699218750e+01
-6.065943908691406250e+01
-6.064464187622070312e+01
-6.061679077148437500e+01
-6.057590103149414062e+01
-6.052123260498046875e+01
-6.045426177978515625e+01
-6.037351989746093750e+01
-6.028047943115234375e+01
-6.017440032958984375e+01
-6.005528259277343750e+01
-5.992385482788085938e+01
-5.977863693237304688e+01
-5.962036132812500000e+01
-5.945050430297851562e+01
-5.926757049560546875e+01
-5.907229995727539062e+01
-5.886467361450195312e+01
-5.864467620849609375e+01
-5.841304016113281250e+01
-5.816826629638671875e+01
-5.791331100463867188e+01
-5.764592742919921875e+01
-5.736683273315429688e+01
-5.707601547241210938e+01
-5.677493286132812500e+01
-5.646133804321289062e+01
-5.613818359375000000e+01
-5.580320358276367188e+01
-5.545713806152343750e+01
-5.510067749023437500e+01
-5.473380661010742188e+01
-5.435649871826171875e+01
-5.396947097778320312e+01
-5.357195663452148438e+01
-5.316468048095703125e+01
-5.274760437011718750e+01
-5.232220077514648438e+01
-5.188694763183593750e+01
-5.144256591796875000e+01
-5.098902130126953125e+01
-5.052777099609375000e+01
-5.005730056762695312e+01
-4.957831954956054688e+01
-4.909153747558593750e+01
-4.859617996215820312e+01
-4.809369277954101562e+01
-4.758404541015625000e+01
-4.706794738769531250e+01
-4.654312515258789062e+01
-4.601251602172851562e+01
-4.547533798217773438e+01
-4.493155670166015625e+01
-4.438187026977539062e+01
-4.382623672485351562e+01
-4.326461791992187500e+01
-4.269771575927734375e+01
-4.212548828125000000e+01
-4.154788208007812500e+01
-4.096635437011718750e+01
-4.037862396240234375e+01
-3.978836441040039062e+01
-3.919255065917968750e+01
-3.859337615966796875e+01
-3.799004745483398438e+01
-3.738325881958007812e+01
-3.677370834350585938e+01
-3.616209030151367188e+01
-3.554613113403320312e+01
-3.492949295043945312e+01
-3.430841445922851562e+01
-3.368656158447265625e+01
-3.306389236450195312e+01
-3.243885421752929688e+01
-3.181141281127929688e+01
-3.118374633789062500e+01
-3.055579757690429688e+01
-2.992603492736816406e+01
-2.929440689086914062e+01
-2.866532516479492188e+01
-2.803501701354980469e+01
-2.740492248535156250e+01
-2.677647972106933594e+01
-2.614963340759277344e+01
-2.552210426330566406e+01
-2.489533042907714844e+01
-2.427074813842773438e+01
-2.364904594421386719e+01
-2.302794837951660156e+01
-2.240888786315917969e+01
-2.179107475280761719e+01
-2.117668533325195312e+01
-2.056567573547363281e+01
-1.995724487304687500e+01
-1.935135078430175781e+01
-1.874868202209472656e+01
-1.814993858337402344e+01
-1.755432701110839844e+01
-1.696328544616699219e+01
-1.637602233886718750e+01
-1.579323196411132812e+01
-1.521412944793701172e+01
-1.464089488983154297e+01
-1.407199668884277344e+01
-1.350887489318847656e+01
-1.294999885559082031e+01
-1.239681148529052734e+01
-1.185000991821289062e+01
-1.130806636810302734e+01
-1.077242374420166016e+01
-1.024326229095458984e+01
-9.720096588134765625e+00
-9.203329086303710938e+00
-8.693143844604492188e+00
-8.189799308776855469e+00
-7.693330764770507812e+00
-7.203995704650878906e+00
-6.721683979034423828e+00
-6.246804714202880859e+00
-5.779321670532226562e+00
-5.319572448730468750e+00
-4.867491245269775391e+00
-4.423380851745605469e+00
-3.987222909927368164e+00
-3.559238433837890625e+00
-3.139515638351440430e+00
-2.728150844573974609e+00
-2.325189113616943359e+00
-1.930825829505920410e+00
-1.545182347297668457e+00
-1.168232202529907227e+00
-8.001732230186462402e-01
-4.409056603908538818e-01
-9.091955423355102539e-02
2.499639093875885010e-01
5.818483829498291016e-01
9.043905138969421387e-01
1.217691898345947266e+00
1.521704554557800293e+00
1.816081881523132324e+00
2.100996732711791992e+00
2.376174688339233398e+00
2.642381191253662109e+00
2.897407293319702148e+00
3.144245862960815430e+00
3.380685329437255859e+00
3.608230590820312500e+00
3.824668169021606445e+00
4.032242774963378906e+00
4.230968952178955078e+00
4.417887210845947266e+00
4.595982551574707031e+00
4.764521598815917969e+00
4.922772407531738281e+00
5.071486473083496094e+00
5.209928035736083984e+00
5.338846206665039062e+00
5.458246707916259766e+00
5.566647529602050781e+00
5.666281700134277344e+00
5.756407260894775391e+00
5.836281776428222656e+00
5.905906200408935547e+00
5.966763973236083984e+00
6.018853664398193359e+00
6.059198856353759766e+00
6.091510295867919922e+00
6.113553524017333984e+00
6.126064300537109375e+00
6.129777908325195312e+00
6.123941898345947266e+00
6.109290122985839844e+00
6.084324836730957031e+00
6.051262855529785156e+00
6.007862091064453125e+00
5.956337451934814453e+00
5.895930767059326172e+00
5.825881958007812500e+00
5.747661113739013672e+00
5.660505771636962891e+00
5.565140247344970703e+00
5.460801124572753906e+00
5.347467422485351562e+00
5.226608753204345703e+00
5.098206996917724609e+00
4.960757255554199219e+00
4.815726757049560547e+00
4.662351608276367188e+00
4.501353740692138672e+00
4.333454608917236328e+00
4.157144069671630859e+00
3.973141431808471680e+00
3.782165527343750000e+00
3.583447456359863281e+00
3.378446817398071289e+00
3.166393518447875977e+00
2.947259187698364258e+00
2.722501516342163086e+00
2.489861249923706055e+00
2.251389026641845703e+00
2.006607770919799805e+00
1.755856990814208984e+00
1.499699115753173828e+00
1.236911535263061523e+00
9.686495661735534668e-01
6.948042511940002441e-01
4.156376719474792480e-01
1.311883479356765747e-01
-1.583572030067443848e-01
-4.527387320995330811e-01
-7.519195675849914551e-01
-1.055714845657348633e+00
-1.363940238952636719e+00
-1.676486372947692871e+00
-1.993169903755187988e+00
-2.313956499099731445e+00
-2.638515710830688477e+00
-2.966702222824096680e+00
-3.298609733581542969e+00
-3.633900880813598633e+00
-3.972380638122558594e+00
-4.313920021057128906e+00
-4.658346176147460938e+00
-5.005428314208984375e+00
-5.355283737182617188e+00
-5.707509994506835938e+00
-6.061779975891113281e+00
-6.418211936950683594e+00
-6.776552677154541016e+00
-7.136476516723632812e+00
-7.498101711273193359e+00
-7.861175537109375000e+00
-8.225446701049804688e+00
-8.590736389160156250e+00
-8.957237243652343750e+00
-9.324846267700195312e+00
-9.692344665527343750e+00
-1.006111431121826172e+01
-1.043045806884765625e+01
-1.079893207550048828e+01
-1.116806983947753906e+01
-1.153717136383056641e+01
-1.190553855895996094e+01
-1.227395915985107422e+01
-1.264173221588134766e+01
-1.300890541076660156e+01
-1.337477493286132812e+01
-1.373938751220703125e+01
-1.410278701782226562e+01
-1.446501445770263672e+01
-1.482611274719238281e+01
-1.518538379669189453e+01
-1.554286861419677734e+01
-1.589860725402832031e+01
-1.625264549255371094e+01
-1.660353279113769531e+01
-1.695280265808105469e+01
-1.729974746704101562e+01
-1.764366722106933594e+01
-1.798534202575683594e+01
-1.832332611083984375e+01
-1.865914535522460938e+01
-1.899135017395019531e+01
-1.932072448730468750e+01
-1.964655876159667969e+01
-1.996889305114746094e+01
-2.028775787353515625e+01
-2.060245323181152344e+01
-2.091449546813964844e+01
-2.122168922424316406e+01
-2.152481460571289062e+01
-2.182464599609375000e+01
-2.211973190307617188e+01
-2.240935707092285156e+01
-2.269578552246093750e+01
-2.297904777526855469e+01
-2.325619888305664062e+01
-2.352875518798828125e+01
-2.379526138305664062e+01
-2.405871582031250000e+01
-2.431691551208496094e+01
-2.456914710998535156e+01
-2.481766128540039062e+01
-2.505951881408691406e+01
-2.529548645019531250e+01
-2.552856826782226562e+01
-2.575358581542968750e+01
-2.597428703308105469e+01
-2.618920516967773438e+01
-2.639911079406738281e+01
-2.660253715515136719e+01
-2.680025672912597656e+01
-2.699302864074707031e+01
-2.718013763427734375e+01
-2.736010742187500000e+01
-2.753445434570312500e+01
-2.770318984985351562e+01
-2.786707687377929688e+01
-2.802316093444824219e+01
-2.817442512512207031e+01
-2.831866264343261719e+01
-2.845662689208984375e+01
-2.858981513977050781e+01
-2.871601104736328125e+01
-2.883596992492675781e+01
-2.894970321655273438e+01
-2.905722045898437500e+01
-2.915852355957031250e+01
-2.925362968444824219e+01
-2.934253883361816406e+01
-2.942525672912597656e+01
-2.950104522705078125e+01
-2.957065200805664062e+01
-2.963556480407714844e+01
-2.969281578063964844e+01
-2.974463462829589844e+01
-2.979027175903320312e+01
-2.982824897766113281e+01
-2.986078453063964844e+01
-2.988788223266601562e+01
-2.990730857849121094e+01
-2.992128181457519531e+01
-2.992980003356933594e+01
-2.993137168884277344e+01
-2.992672729492187500e+01
-2.991735076904296875e+01
-2.990025711059570312e+01
-2.987840270996093750e+01
-2.985030174255371094e+01
-2.981667518615722656e+01
-2.977602767944335938e+01
-2.973056983947753906e+01
-2.967881011962890625e+01
-2.962147521972656250e+01
-2.955929565429687500e+01
-2.949077415466308594e+01
-2.941664505004882812e+01
-2.933688926696777344e+01
-2.925298118591308594e+01
-2.916267395019531250e+01
-2.906744384765625000e+01
-2.896652603149414062e+01
-2.885990333557128906e+01
-2.874904441833496094e+01
-2.863318634033203125e+01
-2.851156806945800781e+01
-2.838639640808105469e+01
-2.825542259216308594e+01
-2.812010765075683594e+01
-2.798043441772460938e+01
-2.783563041687011719e+01
-2.768715858459472656e+01
-2.753351593017578125e+01
-2.737615585327148438e+01
-2.721431159973144531e+01
-2.704869842529296875e+01
-2.687854957580566406e+01
-2.670532226562500000e+01
-2.652750205993652344e+01
-2.634654617309570312e+01
-2.616168022155761719e+01
-2.597213554382324219e+01
-2.578085327148437500e+01
-2.558482933044433594e+01
-2.538626289367675781e+01
-2.518437767028808594e+01
-2.497839927673339844e+01
-2.477126884460449219e+01
-2.455997848510742188e+01
-2.434598541259765625e+01
-2.412999725341796875e+01
-2.391123580932617188e+01
-2.368892097473144531e+01
-2.346599769592285156e+01
-2.323945426940917969e+01
-2.301148414611816406e+01
-2.278131103515625000e+01
-2.254889678955078125e+01
-2.231494903564453125e+01
-2.207943344116210938e+01
-2.184082412719726562e+01
-2.160205841064453125e+01
-2.136235809326171875e+01
-2.111945533752441406e+01
-2.087703132629394531e+01
-2.063281631469726562e+01
-2.038752174377441406e+01
-2.014110946655273438e+01
-1.989428520202636719e+01
-1.964701461791992188e+01
-1.939925956726074219e+01
-1.915023994445800781e+01
-1.890140342712402344e+01
-1.865197181701660156e+01
-1.840190887451171875e+01
-1.815266609191894531e+01
-1.790271568298339844e+01
-1.765351104736328125e+01
-1.740352821350097656e+01
-1.715421676635742188e+01
-1.690628433227539062e+01
-1.665746498107910156e+01
-1.640995216369628906e+01
-1.616370964050292969e+01
-1.591647434234619141e+01
-1.567192363739013672e+01
-1.542779636383056641e+01
-1.518405437469482422e+01
-1.494289493560791016e+01
-1.470205211639404297e+01
-1.446298122406005859e+01
-1.422490406036376953e+01
-1.398853015899658203e+01
-1.375382709503173828e+01
-1.352076053619384766e+01
-1.328855705261230469e+01
-1.305941390991210938e+01
-1.283181381225585938e+01
-1.260572624206542969e+01
-1.238334846496582031e+01
-1.216167831420898438e+01
-1.194291687011718750e+01
-1.172703456878662109e+01
-1.151251602172851562e+01
-1.130082035064697266e+01
-1.109192085266113281e+01
-1.088578891754150391e+01
-1.068165493011474609e+01
-1.048098087310791016e+01
-1.028225421905517578e+01
-1.008693790435791016e+01
-9.895006179809570312e+00
-9.705394744873046875e+00
-9.519267082214355469e+00
-9.336747169494628906e+00
-9.156396865844726562e+00
-8.979751586914062500e+00
-8.806342124938964844e+00
-8.636368751525878906e+00
-8.469583511352539062e+00
-8.306339263916015625e+00
-8.146611213684082031e+00
-7.990307331085205078e+00
-7.837703227996826172e+00
-7.688631057739257812e+00
-7.543220996856689453e+00
-7.401455402374267578e+00
-7.263540744781494141e+00
-7.129161834716796875e+00
-6.998600482940673828e+00
-6.871916770935058594e+00
-6.749020576477050781e+00
-6.629973888397216797e+00
-6.514837741851806641e+00
-6.403599262237548828e+00
-6.296173572540283203e+00
-6.192845821380615234e+00
-6.093384742736816406e+00
-5.997854232788085938e+00
-5.906394004821777344e+00
-5.818848609924316406e+00
-5.735284805297851562e+00
-5.655770778656005859e+00
-5.580299854278564453e+00
-5.508719921112060547e+00
-5.441398143768310547e+00
-5.377810001373291016e+00
-5.318474292755126953e+00
-5.263090610504150391e+00
-5.211807250976562500e+00
-5.164475917816162109e+00
-5.121243953704833984e+00
-5.081964492797851562e+00
-5.046714305877685547e+00
-5.015495777130126953e+00
-4.988162994384765625e+00
-4.964869022369384766e+00
-4.945395946502685547e+00
-4.930047035217285156e+00
-4.918456554412841797e+00
-4.910779953002929688e+00
-4.906951427459716797e+00
-4.906978607177734375e+00
-4.910867691040039062e+00
-4.918476104736328125e+00
-4.929959774017333984e+00
-4.945103168487548828e+00
-4.963840961456298828e+00
-4.986330032348632812e+00
-5.012431621551513672e+00
-5.042231082916259766e+00
-5.075442790985107422e+00
-5.112300395965576172e+00
-5.152520179748535156e+00
-5.196115016937255859e+00
-5.243173122406005859e+00
-5.293560504913330078e+00
-5.347292423248291016e+00
-5.404087543487548828e+00
-5.464259147644042969e+00
-5.527453899383544922e+00
-5.593910694122314453e+00
-5.663278102874755859e+00
-5.735796451568603516e+00
-5.811188697814941406e+00
-5.889548778533935547e+00
-5.970748424530029297e+00
-6.054661273956298828e+00
-6.141381263732910156e+00
-6.230783462524414062e+00
-6.322666645050048828e+00
-6.417276382446289062e+00
-6.514265537261962891e+00
-6.613657951354980469e+00
-6.715476989746093750e+00
-6.819599628448486328e+00
-6.926051139831542969e+00
-7.034558773040771484e+00
-7.145371913909912109e+00
-7.258145809173583984e+00
-7.372980117797851562e+00
-7.489829063415527344e+00
-7.608421325683593750e+00
-7.729007720947265625e+00
-7.851170063018798828e+00
-7.974936485290527344e+00
-8.100409507751464844e+00
-8.227470397949218750e+00
-8.355996131896972656e+00
-8.486093521118164062e+00
-8.617418289184570312e+00
-8.750148773193359375e+00
-8.884240150451660156e+00
-9.019423484802246094e+00
-9.155430793762207031e+00
-9.291993141174316406e+00
-9.430328369140625000e+00
-9.569722175598144531e+00
-9.708719253540039062e+00
-9.849575996398925781e+00
-9.990094184875488281e+00
-1.013178730010986328e+01
-1.027468681335449219e+01
-1.041659259796142578e+01
-1.055901908874511719e+01
-1.070199680328369141e+01
-1.084555625915527344e+01
-1.098898124694824219e+01
-1.113304615020751953e+01
-1.127703762054443359e+01
-1.142098617553710938e+01
-1.156491756439208984e+01
-1.170812129974365234e+01
-1.185136985778808594e+01
-1.199394798278808594e+01
-1.213662815093994141e+01
-1.227943992614746094e+01
-1.242092704772949219e+01
-1.256334495544433594e+01
-1.270226669311523438e+01
-1.284292125701904297e+01
-1.298162174224853516e+01
-1.311988258361816406e+01
-1.325698947906494141e+01
-1.339371299743652344e+01
-1.352933692932128906e+01
-1.366388988494873047e+01
-1.379739761352539062e+01
-1.392914772033691406e+01
-1.405990505218505859e+01
-1.418970012664794922e+01
-1.431855773925781250e+01
-1.444501590728759766e+01
-1.457058906555175781e+01
-1.469530296325683594e+01
-1.481769371032714844e+01
-1.493778705596923828e+01
-1.505783653259277344e+01
-1.517489242553710938e+01
-1.529121017456054688e+01
-1.540458297729492188e+01
-1.551726055145263672e+01
-1.562703800201416016e+01
-1.573542308807373047e+01
-1.584169673919677734e+01
-1.594588470458984375e+01
-1.604874801635742188e+01
-1.614882278442382812e+01
-1.624687385559082031e+01
-1.634292411804199219e+01
-1.643699073791503906e+01
-1.652909469604492188e+01
-1.661851119995117188e+01
-1.670525932312011719e+01
-1.678935813903808594e+01
-1.687156486511230469e+01
-1.695115852355957031e+01
-1.702889442443847656e+01
-1.710404586791992188e+01
-1.717662811279296875e+01
-1.724665451049804688e+01
-1.731414031982421875e+01
-1.737909889221191406e+01
-1.744079971313476562e+01
-1.750073814392089844e+01
-1.755818939208984375e+01
-1.761315727233886719e+01
-1.766491317749023438e+01
-1.771420478820800781e+01
-1.776030540466308594e+01
-1.780396080017089844e+01
-1.784518051147460938e+01
-1.788322830200195312e+01
-1.791885375976562500e+01
-1.795206451416015625e+01
-1.798211860656738281e+01
-1.800976753234863281e+01
-1.803427314758300781e+01
-1.805637931823730469e+01
-1.807534790039062500e+01
-1.809043693542480469e+01
-1.810461997985839844e+01
-1.811492538452148438e+01
-1.812284278869628906e+01
-1.812762832641601562e+01
-1.813002204895019531e+01
-1.813002586364746094e+01
-1.812689399719238281e+01
-1.811988067626953125e+01
-1.811046981811523438e+01
-1.809940147399902344e+01
-1.808444213867187500e+01
-1.806707382202148438e+01
-1.804729461669921875e+01
-1.802435874938964844e+01
-1.799900817871093750e+01
-1.797049713134765625e+01
-1.794030570983886719e+01
-1.790620231628417969e+01
-1.787041091918945312e+01
-1.783069801330566406e+01
-1.778928375244140625e+01
-1.774542236328125000e+01
-1.769910621643066406e+01
-1.765032577514648438e+01
-1.759758949279785156e+01
-1.754460334777832031e+01
-1.748764228820800781e+01
-1.742893028259277344e+01
-1.736770820617675781e+01
-1.730248069763183594e+01
-1.723695755004882812e+01
-1.716814804077148438e+01
-1.709753036499023438e+01
-1.702434730529785156e+01
-1.694932937622070312e+01
-1.687172126770019531e+01
-1.679224777221679688e+01
-1.671015548706054688e+01
-1.662617111206054688e+01
-1.654027938842773438e+01
-1.645246315002441406e+01
-1.636270713806152344e+01
-1.627099227905273438e+01
-1.617730522155761719e+01
-1.608162498474121094e+01
-1.598393344879150391e+01
-1.588495731353759766e+01
-1.578392982482910156e+01
-1.568157958984375000e+01
-1.557639598846435547e+01
-1.547059059143066406e+01
-1.536265468597412109e+01
-1.525405693054199219e+01
-1.514254283905029297e+01
-1.503031921386718750e+01
-1.491662502288818359e+01
-1.480217742919921875e+01
-1.468621253967285156e+01
-1.456796264648437500e+01
-1.444963455200195312e+01
-1.432897567749023438e+01
-1.420819091796875000e+01
-1.408577251434326172e+01
-1.396169567108154297e+01
-1.383742618560791016e+01
-1.371219348907470703e+01
-1.358597946166992188e+01
-1.345801448822021484e+01
-1.333050441741943359e+01
-1.320119571685791016e+01
-1.307080936431884766e+01
-1.294006347656250000e+01
-1.280893421173095703e+01
-1.267665481567382812e+01
-1.254394435882568359e+01
-1.241077899932861328e+01
-1.227787780761718750e+01
-1.214373016357421875e+01
-1.200979995727539062e+01
-1.187457466125488281e+01
-1.174026203155517578e+01
-1.160535049438476562e+01
-1.146981811523437500e+01
-1.133438301086425781e+01
-1.119902229309082031e+01
-1.106296920776367188e+01
-1.092694473266601562e+01
-1.079166698455810547e+01
-1.065562820434570312e+01
-1.052029228210449219e+01
-1.038414859771728516e+01
-1.024940490722656250e+01
-1.011380958557128906e+01
-9.980312347412109375e+00
-9.845919609069824219e+00
-9.711351394653320312e+00
-9.577329635620117188e+00
-9.444576263427734375e+00
-9.312325477600097656e+00
-9.179814338684082031e+00
-9.048506736755371094e+00
-8.917639732360839844e+00
-8.787936210632324219e+00
-8.657143592834472656e+00
-8.528216361999511719e+00
-8.400390625000000000e+00
-8.273796081542968750e+00
-8.147444725036621094e+00
-8.022506713867187500e+00
-7.897403240203857422e+00
-7.774417400360107422e+00
-7.652044773101806641e+00
-7.530635833740234375e+00
-7.410394668579101562e+00
-7.291226387023925781e+00
-7.173185825347900391e+00
-7.056328296661376953e+00
-6.940708160400390625e+00
-6.826307773590087891e+00
-6.713108062744140625e+00
-6.601239204406738281e+00
-6.490683555603027344e+00
-6.381422996520996094e+00
-6.273663520812988281e+00
-6.167238712310791016e+00
-6.062207221984863281e+00
-5.958625793457031250e+00
-5.856701850891113281e+00
-5.756048679351806641e+00
-5.657021522521972656e+00
-5.559456825256347656e+00
-5.463564395904541016e+00
-5.369180202484130859e+00
-5.276439666748046875e+00
-5.185255050659179688e+00
-5.095687866210937500e+00
-5.007800579071044922e+00
-4.921655178070068359e+00
-4.837091922760009766e+00
-4.754249095916748047e+00
-4.673115253448486328e+00
-4.593755722045898438e+00
-4.516013145446777344e+00
-4.440174579620361328e+00
-4.366084098815917969e+00
-4.293585777282714844e+00
-4.223117828369140625e+00
-4.154302597045898438e+00
-4.087357044219970703e+00
-4.022201538085937500e+00
-3.958831071853637695e+00
-3.897390127182006836e+00
-3.837726116180419922e+00
-3.779985904693603516e+00
-3.723942279815673828e+00
-3.669966459274291992e+00
-3.617713928222656250e+00
-3.567378282546997070e+00
-3.518935918807983398e+00
-3.472336053848266602e+00
-3.427623033523559570e+00
-3.384798765182495117e+00
-3.343833208084106445e+00
-3.304771184921264648e+00
-3.267583608627319336e+00
-3.232264041900634766e+00
-3.198799371719360352e+00
-3.167207002639770508e+00
-3.137466192245483398e+00
-3.109573602676391602e+00
-3.083524227142333984e+00
-3.059308767318725586e+00
-3.036930322647094727e+00
-3.016372442245483398e+00
-2.997629880905151367e+00
-2.980696201324462891e+00
-2.965567588806152344e+00
-2.952233552932739258e+00
-2.940681934356689453e+00
-2.930894374847412109e+00
-2.922855615615844727e+00
-2.916550636291503906e+00
-2.911966085433959961e+00
-2.909085988998413086e+00
-2.907893180847167969e+00
-2.908375740051269531e+00
-2.910514116287231445e+00
-2.914289712905883789e+00
-2.919690370559692383e+00
-2.926700115203857422e+00
-2.935298204421997070e+00
-2.945472002029418945e+00
-2.957201719284057617e+00
-2.970438957214355469e+00
-2.985193729400634766e+00
-3.001425266265869141e+00
-3.019107580184936523e+00
-3.038229465484619141e+00
-3.058750629425048828e+00
-3.080661296844482422e+00
-3.103928565979003906e+00
-3.128543376922607422e+00
-3.154480457305908203e+00
-3.181709289550781250e+00
-3.210213184356689453e+00
-3.240020751953125000e+00
-3.270997524261474609e+00
-3.303135395050048828e+00
-3.336449384689331055e+00
-3.370954275131225586e+00
-3.406591176986694336e+00
-3.443227529525756836e+00
-3.481174230575561523e+00
-3.519853591918945312e+00
-3.559650897979736328e+00
-3.600359678268432617e+00
-3.642070055007934570e+00
-3.684575796127319336e+00
-3.727893829345703125e+00
-3.772188425064086914e+00
-3.817404031753540039e+00
-3.863334417343139648e+00
-3.910145998001098633e+00
-3.957634687423706055e+00
-4.005743503570556641e+00
-4.054714679718017578e+00
-4.104269981384277344e+00
-4.154427528381347656e+00
-4.205281257629394531e+00
-4.256702423095703125e+00
-4.308709621429443359e+00
-4.361323356628417969e+00
-4.414265632629394531e+00
-4.467704772949218750e+00
-4.521661281585693359e+00
-4.575932025909423828e+00
-4.630610942840576172e+00
-4.685718536376953125e+00
-4.741199493408203125e+00
-4.796778202056884766e+00
-4.852844238281250000e+00
-4.909046649932861328e+00
-4.965553760528564453e+00
-5.022161960601806641e+00
-5.078965187072753906e+00
-5.135982513427734375e+00
-5.193009853363037109e+00
-5.250214099884033203e+00
-5.307689189910888672e+00
-5.364933013916015625e+00
-5.422111511230468750e+00
-5.479392528533935547e+00
-5.536643981933593750e+00
-5.593585491180419922e+00
-5.650606155395507812e+00
-5.707499980926513672e+00
-5.764283180236816406e+00
-5.820896625518798828e+00
-5.877283096313476562e+00
-5.933308601379394531e+00
-5.989285469055175781e+00
-6.044783115386962891e+00
-6.100113391876220703e+00
-6.155068397521972656e+00
-6.209661960601806641e+00
-6.263834476470947266e+00
-6.317673683166503906e+00
-6.371044635772705078e+00
-6.423886299133300781e+00
-6.476509094238281250e+00
-6.528479576110839844e+00
-6.579810619354248047e+00
-6.630589008331298828e+00
-6.680901527404785156e+00
-6.730313777923583984e+00
-6.779209136962890625e+00
-6.827525138854980469e+00
-6.874827384948730469e+00
-6.922019481658935547e+00
-6.968814373016357422e+00
-7.014629364013671875e+00
-7.059474945068359375e+00
-7.103363037109375000e+00
-7.146302700042724609e+00
-7.189048767089843750e+00
-7.230869293212890625e+00
-7.271029949188232422e+00
-7.311028003692626953e+00
-7.350874900817871094e+00
-7.389092445373535156e+00
-7.427177906036376953e+00
-7.463654994964599609e+00
-7.499276638031005859e+00
-7.534051418304443359e+00
-7.567246913909912109e+00
-7.600357532501220703e+00
-7.632650852203369141e+00
-7.663390636444091797e+00
-7.693329811096191406e+00
-7.722477436065673828e+00
-7.750097274780273438e+00
-7.777684688568115234e+00
-7.803759574890136719e+00
-7.829073429107666016e+00
-7.852890014648437500e+00
-7.875959873199462891e+00
-7.897544384002685547e+00
-7.919137477874755859e+00
-7.939256668090820312e+00
-7.957908153533935547e+00
-7.975839614868164062e+00
-7.993054389953613281e+00
-8.009559631347656250e+00
-8.023871421813964844e+00
-8.037482261657714844e+00
-8.050395965576171875e+00
-8.061871528625488281e+00
-8.073398590087890625e+00
-8.082750320434570312e+00
-8.091414451599121094e+00
-8.098649024963378906e+00
-8.105195999145507812e+00
-8.111057281494140625e+00
-8.115487098693847656e+00
-8.118486404418945312e+00
-8.120794296264648438e+00
-8.122408866882324219e+00
-8.122585296630859375e+00
-8.122804641723632812e+00
-8.121577262878417969e+00
-8.118897438049316406e+00
-8.114760398864746094e+00
-8.109905242919921875e+00
-8.104324340820312500e+00
-8.098011970520019531e+00
-8.090217590332031250e+00
-8.082420349121093750e+00
-8.072381973266601562e+00
-8.061582565307617188e+00
-8.050012588500976562e+00
-8.037663459777832031e+00
-8.023783683776855469e+00
-8.009850502014160156e+00
-7.994368553161621094e+00
-7.978070259094238281e+00
-7.960947513580322266e+00
-7.942989349365234375e+00
-7.922700881958007812e+00
-7.903043746948242188e+00
-7.881779193878173828e+00
-7.858155250549316406e+00
-7.837361335754394531e+00
-7.813444137573242188e+00
-7.788623332977294922e+00
-7.762888431549072266e+00
-7.736972808837890625e+00
-7.710123538970947266e+00
-7.681587696075439453e+00
-7.653586387634277344e+00
-7.623878955841064453e+00
-7.593942642211914062e+00
-7.562282562255859375e+00
-7.529633045196533203e+00
-7.497472763061523438e+00
-7.464304924011230469e+00
-7.430866718292236328e+00
-7.395663261413574219e+00
-7.360172271728515625e+00
-7.325129508972167969e+00
-7.288295745849609375e+00
-7.251150608062744141e+00
-7.213685035705566406e+00
-7.175147533416748047e+00
-7.136272907257080078e+00
-7.097052097320556641e+00
-7.057476043701171875e+00
-7.016793251037597656e+00
-6.975738048553466797e+00
-6.934299468994140625e+00
-6.893212318420410156e+00
-6.851722717285156250e+00
-6.808334350585937500e+00
-6.765266895294189453e+00
-6.722507953643798828e+00
-6.678114891052246094e+00
-6.634379386901855469e+00
-6.590918540954589844e+00
-6.546234130859375000e+00
-6.501724720001220703e+00
-6.456931591033935547e+00
-6.412064552307128906e+00
-6.366738319396972656e+00
-6.321384429931640625e+00
-6.275542259216308594e+00
-6.229792118072509766e+00
-6.183896064758300781e+00
-6.137837409973144531e+00
-6.091602325439453125e+00
-6.045322418212890625e+00
-5.998907089233398438e+00
-5.952563285827636719e+00
-5.906051635742187500e+00
-5.859577655792236328e+00
-5.813050746917724609e+00
-5.766454219818115234e+00
-5.719994068145751953e+00
-5.673429489135742188e+00
-5.626967430114746094e+00
-5.580516815185546875e+00
-5.534134387969970703e+00
-5.487730503082275391e+00
-5.441436767578125000e+00
-5.395236492156982422e+00
-5.349039554595947266e+00
-5.303053379058837891e+00
-5.257187843322753906e+00
-5.211428165435791016e+00
-5.165759086608886719e+00
-5.120241165161132812e+00
-5.075008869171142578e+00
-5.029826164245605469e+00
-4.984977722167968750e+00
-4.940153121948242188e+00
-4.895713329315185547e+00
-4.851422786712646484e+00
-4.807420730590820312e+00
-4.763696670532226562e+00
-4.720091819763183594e+00
-4.676969528198242188e+00
-4.634098052978515625e+00
-4.591543674468994141e+00
-4.549299240112304688e+00
-4.507357597351074219e+00
-4.465861797332763672e+00
-4.424655914306640625e+00
-4.383884429931640625e+00
-4.343542098999023438e+00
-4.303549289703369141e+00
-4.264050960540771484e+00
-4.225043296813964844e+00
-4.186447620391845703e+00
-4.148335456848144531e+00
-4.110703468322753906e+00
-4.073623180389404297e+00
-4.037017345428466797e+00
-4.000957965850830078e+00
-3.965441942214965820e+00
-3.930541038513183594e+00
-3.896104812622070312e+00
-3.862352371215820312e+00
-3.829133272171020508e+00
-3.796593427658081055e+00
-3.764655351638793945e+00
-3.733241796493530273e+00
-3.702498674392700195e+00
-3.672496557235717773e+00
-3.643009901046752930e+00
-3.614182233810424805e+00
-3.586159467697143555e+00
-3.558714389801025391e+00
-3.531841993331909180e+00
-3.505761384963989258e+00
-3.480317592620849609e+00
-3.455505371093750000e+00
-3.431392908096313477e+00
-3.407974243164062500e+00
-3.385168075561523438e+00
-3.363116741180419922e+00
-3.341739892959594727e+00
-3.321104764938354492e+00
-3.300981998443603516e+00
-3.281587839126586914e+00
-3.262841701507568359e+00
-3.244662523269653320e+00
-3.227267265319824219e+00
-3.210426568984985352e+00
-3.194209098815917969e+00
-3.178609132766723633e+00
-3.163695573806762695e+00
-3.149389505386352539e+00
-3.135760545730590820e+00
-3.122656106948852539e+00
-3.110146760940551758e+00
-3.098155260086059570e+00
-3.086827754974365234e+00
-3.076087951660156250e+00
-3.066008806228637695e+00
-3.056441783905029297e+00
-3.047386407852172852e+00
-3.038992166519165039e+00
-3.030963659286499023e+00
-3.023674488067626953e+00
-3.016830682754516602e+00
-3.010584354400634766e+00
-3.004940748214721680e+00
-2.999681472778320312e+00
-2.995036125183105469e+00
-2.991011381149291992e+00
-2.987391948699951172e+00
-2.984334230422973633e+00
-2.981847763061523438e+00
-2.979793071746826172e+00
-2.978403329849243164e+00
-2.977391958236694336e+00
-2.976993083953857422e+00
-2.977070093154907227e+00
-2.977709054946899414e+00
-2.978848457336425781e+00
-2.980501174926757812e+00
-2.982754230499267578e+00
-2.985472679138183594e+00
0.000000000000000000e+00
0.000000000000000000e+00
0.000000000000000000e+00
0.000000000000000000e+00
0.000000000000000000e+00
0.000000000000000000e+00
0.000000000000000000e+00
0.000000000000000000e+00
0.000000000000000000e+00
0.000000000000000000e+00
0.000000000000000000e+00
0.000000000000000000e+00
0.000000000000000000e+00
0.000000000000000000e+00
0.000000000000000000e+00
0.000000000000000000e+00
0.000000000000000000e+00
0.000000000000000000e+00
0.000000000000000000e+00
0.000000000000000000e+00
0.000000000000000000e+00
0.000000000000000000e+00
0.000000000000000000e+00
0.000000000000000000e+00
0.000000000000000000e+00
0.000000000000000000e+00
0.000000000000000000e+00
0.000000000000000000e+00
0.000000000000000000e+00
0.000000000000000000e+00
0.000000000000000000e+00
0.000000000000000000e+00
0.000000000000000000e+00
0.000000000000000000e+00
0.000000000000000000e+00
0.000000000000000000e+00
0.000000000000000000e+00
0.000000000000000000e+00
0.000000000000000000e+00
0.000000000000000000e+00
0.000000000000000000e+00
0.000000000000000000e+00
0.000000000000000000e+00
0.000000000000000000e+00
0.000000000000000000e+00
0.000000000000000000e+00
0.000000000000000000e+00
0.000000000000000000e+00
0.000000000000000000e+00
0.000000000000000000e+00
0.000000000000000000e+00
0.000000000000000000e+00
0.000000000000000000e+00
0.000000000000000000e+00
0.000000000000000000e+00
0.000000000000000000e+00
0.000000000000000000e+00
0.000000000000000000e+00
0.000000000000000000e+00
0.000000000000000000e+00
0.000000000000000000e+00
0.000000000000000000e+00
0.000000000000000000e+00
0.000000000000000000e+00
0.000000000000000000e+00
0.000000000000000000e+00
0.000000000000000000e+00
0.000000000000000000e+00
0.000000000000000000e+00
0.000000000000000000e+00
0.000000000000000000e+00
0.000000000000000000e+00
0.000000000000000000e+00
0.000000000000000000e+00
0.000000000000000000e+00
0.000000000000000000e+00
0.000000000000000000e+00
0.000000000000000000e+00
0.000000000000000000e+00
0.000000000000000000e+00
0.000000000000000000e+00
0.000000000000000000e+00
0.000000000000000000e+00
0.000000000000000000e+00
0.000000000000000000e+00
0.000000000000000000e+00
0.000000000000000000e+00
0.000000000000000000e+00
0.000000000000000000e+00
0.000000000000000000e+00
0.000000000000000000e+00
0.000000000000000000e+00
0.000000000000000000e+00
0.000000000000000000e+00
0.000000000000000000e+00
0.000000000000000000e+00
0.000000000000000000e+00
0.000000000000000000e+00
0.000000000000000000e+00
0.000000000000000000e+00
