# tt
1.076144653320312500e+03
1.016800598144531250e+03
9.582031860351562500e+02
9.128641357421875000e+02
8.804100952148437500e+02
8.585614624023437500e+02
8.445621948242187500e+02
8.366446533203125000e+02
8.334534301757812500e+02
8.334833374023437500e+02
8.370656738281250000e+02
8.424722290039062500e+02
8.487800292968750000e+02
8.563430786132812500e+02
8.656278686523437500e+02
8.765709838867187500e+02
8.882283935546875000e+02
9.014217529296875000e+02
9.144704589843750000e+02
9.277410888671875000e+02
9.415279541015625000e+02
9.556452636718750000e+02
9.701505126953125000e+02
9.849954833984375000e+02
1.000004516601562500e+03
1.015415405273437500e+03
1.031080688476562500e+03
1.047053100585937500e+03
1.063242675781250000e+03
1.079529296875000000e+03
1.096167968750000000e+03
1.113157958984375000e+03
1.130320434570312500e+03
1.147612915039062500e+03
1.164960815429687500e+03
1.182395507812500000e+03
1.200239624023437500e+03
1.218465454101562500e+03
1.236790771484375000e+03
1.255315551757812500e+03
1.273812744140625000e+03
1.292438110351562500e+03
1.311049926757812500e+03
1.330026977539062500e+03
1.349300903320312500e+03
1.368725219726562500e+03
1.388227050781250000e+03
1.407881835937500000e+03
1.427914062500000000e+03
1.448100585937500000e+03
1.468658813476562500e+03
1.489210449218750000e+03
1.509674316406250000e+03
1.530266601562500000e+03
1.551206787109375000e+03
1.572431762695312500e+03
1.593956298828125000e+03
1.615646240234375000e+03
1.637516357421875000e+03
1.659874877929687500e+03
1.682123291015625000e+03
1.704477172851562500e+03
1.727226196289062500e+03
1.749991210937500000e+03
1.773060668945312500e+03
1.796272949218750000e+03
1.819910522460937500e+03
1.843736206054687500e+03
1.867884033203125000e+03
1.892200195312500000e+03
1.916714721679687500e+03
1.941392700195312500e+03
1.966273437500000000e+03
1.991470092773437500e+03
2.016935058593750000e+03
2.042717895507812500e+03
2.068855468750000000e+03
2.095161376953125000e+03
2.121747070312500000e+03
2.148508789062500000e+03
2.175526367187500000e+03
2.202739257812500000e+03
2.230235351562500000e+03
2.257880126953125000e+03
2.285758056640625000e+03
2.314089111328125000e+03
2.342421142578125000e+03
2.371119140625000000e+03
2.400028320312500000e+03
2.429069335937500000e+03
2.458391113281250000e+03
2.487995117187500000e+03
2.517660156250000000e+03
2.547610839843750000e+03
2.577551757812500000e+03
2.607929931640625000e+03
2.638524414062500000e+03
2.669188476562500000e+03
2.700146240234375000e+03
2.731250732421875000e+03
2.762875488281250000e+03
2.794427490234375000e+03
2.826205810546875000e+03
2.858137695312500000e+03
2.890298828125000000e+03
2.922394042968750000e+03
2.954870605468750000e+03
2.987507568359375000e+03
3.020231689453125000e+03
3.053119140625000000e+03
3.086168701171875000e+03
3.119453125000000000e+03
3.152822998046875000e+03
3.186425537109375000e+03
3.220036132812500000e+03
3.253950927734375000e+03
3.288019775390625000e+03
3.322092773437500000e+03
3.356317626953125000e+03
3.390543945312500000e+03
3.424844726562500000e+03
3.459218750000000000e+03
3.493665039062500000e+03
3.528106933593750000e+03
3.562618652343750000e+03
3.597123779296875000e+03
3.631621093750000000e+03
3.666184082031250000e+03
3.700736083984375000e+03
3.735277099609375000e+03
3.769881835937500000e+03
3.804402099609375000e+03
3.838913085937500000e+03
3.873416015625000000e+03
3.907763183593750000e+03
3.942103759765625000e+03
3.976364746093750000e+03
4.010397949218750000e+03
4.044501708984375000e+03
4.078379882812500000e+03
4.112255371093750000e+03
4.146056152343750000e+03
4.179632812500000000e+03
4.213062500000000000e+03
4.246567382812500000e+03
4.279703613281250000e+03
4.312693847656250000e+03
4.345614257812500000e+03
4.378242675781250000e+03
4.410727539062500000e+03
4.442920410156250000e+03
4.474967773437500000e+03
4.506794921875000000e+03
4.538400878906250000e+03
4.569635253906250000e+03
4.600793457031250000e+03
4.631652832031250000e+03
4.662211425781250000e+03
4.692542968750000000e+03
4.722645507812500000e+03
4.752444335937500000e+03
4.782086425781250000e+03
4.811273437500000000e+03
4.840301269531250000e+03
4.869020996093750000e+03
4.897505371093750000e+03
4.925530273437500000e+03
4.953243164062500000e+03
4.980642578125000000e+03
5.007579589843750000e+03
5.034126953125000000e+03
5.060209472656250000e+03
5.085974609375000000e+03
5.111346191406250000e+03
5.136175781250000000e+03
5.160611816406250000e+03
5.184580566406250000e+03
5.208083496093750000e+03
5.231268066406250000e+03
5.253913574218750000e+03
5.276094238281250000e+03
5.297735839843750000e+03
5.318988769531250000e+03
5.339778808593750000e+03
5.359734863281250000e+03
5.379526367187500000e+03
5.398782226562500000e+03
5.417429199218750000e+03
5.435913085937500000e+03
5.453492187500000000e+03
5.470687011718750000e+03
5.487274902343750000e+03
5.503479492187500000e+03
5.519078613281250000e+03
5.534073242187500000e+03
5.548611328125000000e+03
5.562621093750000000e+03
5.576101562500000000e+03
5.589054199218750000e+03
5.601404785156250000e+03
5.613227539062500000e+03
5.624448242187500000e+03
5.634992675781250000e+03
5.645008789062500000e+03
5.654348144531250000e+03
5.663159179687500000e+03
5.671219238281250000e+03
5.678675292968750000e+03
5.685528808593750000e+03
5.691779296875000000e+03
5.697277832031250000e+03
5.702247070312500000e+03
5.706538574218750000e+03
5.710226074218750000e+03
5.713235351562500000e+03
5.715714843750000000e+03
5.717515625000000000e+03
5.718712402343750000e+03
5.719304687500000000e+03
5.719292480468750000e+03
5.718675292968750000e+03
5.717304687500000000e+03
5.715477539062500000e+03
5.712971191406250000e+03
5.709859375000000000e+03
5.706067871093750000e+03
5.701744628906250000e+03
5.696816406250000000e+03
5.691208007812500000e+03
5.684918945312500000e+03
5.678098632812500000e+03
5.670671386718750000e+03
5.662489746093750000e+03
5.653775878906250000e+03
5.644380859375000000e+03
5.634379394531250000e+03
5.623770996093750000e+03
5.612629882812500000e+03
5.600732910156250000e+03
5.588377441406250000e+03
5.575414550781250000e+03
5.561844238281250000e+03
5.547666503906250000e+03
5.532880859375000000e+03
5.517561523437500000e+03
5.501708496093750000e+03
5.485247070312500000e+03
5.468326660156250000e+03
5.450796875000000000e+03
5.432807617187500000e+03
5.414136230468750000e+03
5.395153808593750000e+03
5.375564941406250000e+03
5.355442871093750000e+03
5.334862792968750000e+03
5.313825683593750000e+03
5.292257324218750000e+03
5.270232421875000000e+03
5.247825683593750000e+03
5.224888671875000000e+03
5.201421875000000000e+03
5.177798339843750000e+03
5.153570800781250000e+03
5.128814941406250000e+03
5.103753417968750000e+03
5.078165039062500000e+03
5.052197753906250000e+03
5.025703613281250000e+03
4.998979980468750000e+03
4.971804199218750000e+03
4.944400390625000000e+03
4.916544921875000000e+03
4.888387695312500000e+03
4.859854003906250000e+03
4.831093261718750000e+03
4.801882812500000000e+03
4.772445800781250000e+03
4.742708007812500000e+03
4.712670410156250000e+03
4.682481933593750000e+03
4.651844726562500000e+03
4.621057128906250000e+03
4.590044921875000000e+03
4.558809082031250000e+03
4.527274902343750000e+03
4.495517089843750000e+03
4.463609863281250000e+03
4.431480468750000000e+03
4.399202148437500000e+03
4.366775878906250000e+03
4.333905273437500000e+03
4.301183593750000000e+03
4.268166992187500000e+03
4.235226562500000000e+03
4.201990722656250000e+03
4.168683105468750000e+03
4.135155273437500000e+03
4.101629882812500000e+03
4.067960205078125000e+03
4.034219482421875000e+03
4.000482421875000000e+03
3.966674804687500000e+03
3.932797119140625000e+03
3.898923583984375000e+03
3.864979492187500000e+03
3.831039550781250000e+03
3.797104003906250000e+03
3.763247314453125000e+03
3.729320556640625000e+03
3.695472656250000000e+03
3.661703857421875000e+03
3.627939453125000000e+03
3.594253906250000000e+03
3.560648193359375000e+03
3.527121582031250000e+03
3.493673583984375000e+03
3.460305664062500000e+03
3.427091064453125000e+03
3.394030273437500000e+03
3.361049072265625000e+03
3.328221923828125000e+03
3.295548583984375000e+03
3.263029052734375000e+03
3.230738281250000000e+03
3.198527099609375000e+03
3.166544433593750000e+03
3.134790039062500000e+03
3.103189941406250000e+03
3.071818603515625000e+03
3.040750000000000000e+03
3.009835449218750000e+03
2.979149902343750000e+03
2.948767089843750000e+03
2.918538574218750000e+03
2.888613281250000000e+03
2.858990722656250000e+03
2.829596923828125000e+03
2.800580322265625000e+03
2.771792480468750000e+03
2.743233398437500000e+03
2.715051513671875000e+03
2.687172607421875000e+03
2.659671142578125000e+03
2.632398193359375000e+03
2.605502441406250000e+03
2.578909667968750000e+03
2.552694335937500000e+03
2.526781738281250000e+03
2.501246826171875000e+03
2.476237060546875000e+03
2.451382080078125000e+03
2.426978027343750000e+03
2.402876708984375000e+03
2.379226562500000000e+03
2.355953125000000000e+03
2.333056396484375000e+03
2.310610351562500000e+03
2.288466796875000000e+03
2.266773437500000000e+03
2.245456787109375000e+03
2.224590332031250000e+03
2.204100341796875000e+03
2.184060058593750000e+03
2.164396240234375000e+03
2.145182617187500000e+03
2.126418945312500000e+03
2.107956542968750000e+03
2.090093017578125000e+03
2.072605224609375000e+03
2.055492675781250000e+03
2.038829956054687500e+03
2.022617309570312500e+03
2.006854125976562500e+03
1.991466308593750000e+03
1.976602661132812500e+03
1.962188476562500000e+03
1.948149414062500000e+03
1.934560180664062500e+03
1.921494506835937500e+03
1.908804077148437500e+03
1.896488891601562500e+03
1.884697265625000000e+03
1.873429565429687500e+03
1.862462646484375000e+03
1.852019409179687500e+03
1.841951049804687500e+03
1.832332153320312500e+03
1.823162719726562500e+03
1.814442626953125000e+03
1.806171875000000000e+03
1.798276000976562500e+03
1.790904052734375000e+03
1.783907104492187500e+03
1.777285156250000000e+03
1.771186767578125000e+03
1.765389404296875000e+03
1.760115478515625000e+03
1.755216918945312500e+03
1.750693115234375000e+03
1.746619018554687500e+03
1.742993896484375000e+03
1.739743774414062500e+03
1.736868286132812500e+03
1.734441772460937500e+03
1.732315063476562500e+03
1.730637207031250000e+03
1.729333496093750000e+03
1.728478027343750000e+03
1.727922119140625000e+03
1.727814331054687500e+03
1.728005981445312500e+03
1.728571044921875000e+03
1.729435302734375000e+03
1.730747070312500000e+03
1.732357910156250000e+03
1.734267456054687500e+03
1.736549926757812500e+03
1.739205444335937500e+03
1.742159179687500000e+03
1.745485839843750000e+03
1.749110717773437500e+03
1.752959716796875000e+03
1.757106811523437500e+03
1.761626342773437500e+03
1.766443725585937500e+03
1.771484863281250000e+03
1.776823974609375000e+03
1.782386596679687500e+03
1.788321411132812500e+03
1.794479492187500000e+03
1.800786987304687500e+03
1.807466308593750000e+03
1.814294799804687500e+03
1.821346679687500000e+03
1.828696166992187500e+03
1.836268920898437500e+03
1.843990966796875000e+03
1.852010498046875000e+03
1.860179199218750000e+03
1.868571044921875000e+03
1.877037841796875000e+03
1.885802368164062500e+03
1.894716064453125000e+03
1.903778930664062500e+03
1.912916625976562500e+03
1.922277832031250000e+03
1.931713989257812500e+03
1.941373901367187500e+03
1.951183227539062500e+03
1.961067749023437500e+03
1.971027099609375000e+03
1.981210327148437500e+03
1.991394165039062500e+03
2.001652587890625000e+03
2.012134643554687500e+03
2.022542724609375000e+03
2.033099853515625000e+03
2.043731445312500000e+03
2.054437744140625000e+03
2.065144042968750000e+03
2.075924804687500000e+03
2.086705810546875000e+03
2.097486572265625000e+03
2.108267333984375000e+03
2.119122314453125000e+03
2.130051513671875000e+03
2.140906250000000000e+03
2.151760498046875000e+03
2.162688720703125000e+03
2.173393798828125000e+03
2.184247070312500000e+03
2.195025146484375000e+03
2.205802978515625000e+03
2.216580322265625000e+03
2.227208251953125000e+03
2.237761230468750000e+03
2.248313232421875000e+03
2.258790039062500000e+03
2.269191894531250000e+03
2.279518310546875000e+03
2.289843750000000000e+03
2.299945068359375000e+03
2.309896728515625000e+03
2.319921630859375000e+03
2.329796386718750000e+03
2.339521240234375000e+03
2.349096191406250000e+03
2.358595458984375000e+03
2.368018798828125000e+03
2.377143310546875000e+03
2.386266357421875000e+03
2.395239013671875000e+03
2.404061279296875000e+03
2.412658935546875000e+03
2.421105957031250000e+03
2.429402587890625000e+03
2.437548583984375000e+03
2.445618164062500000e+03
2.453462646484375000e+03
2.461008056640625000e+03
2.468551513671875000e+03
2.475795654296875000e+03
2.482815673828125000e+03
2.489834228515625000e+03
2.496480224609375000e+03
2.503050781250000000e+03
2.509323486328125000e+03
2.515447021484375000e+03
2.521273193359375000e+03
2.527024902343750000e+03
2.532479248046875000e+03
2.537785400390625000e+03
2.542869140625000000e+03
2.547730468750000000e+03
2.552369873046875000e+03
2.556713134765625000e+03
2.560908691406250000e+03
2.564957275390625000e+03
2.568710205078125000e+03
2.572167724609375000e+03
2.575404296875000000e+03
2.578494140625000000e+03
2.581363525390625000e+03
2.583863769531250000e+03
2.586218017578125000e+03
2.588500488281250000e+03
2.590414550781250000e+03
2.592108642578125000e+03
2.593508544921875000e+03
2.594912109375000000e+03
2.595873046875000000e+03
2.596614501953125000e+03
2.597136718750000000e+03
2.597439697265625000e+03
2.597523925781250000e+03
2.597463134765625000e+03
2.597035156250000000e+03
2.596462646484375000e+03
2.595671386718750000e+03
2.594587402343750000e+03
2.593358886718750000e+03
2.591837890625000000e+03
2.590172607421875000e+03
2.588214843750000000e+03
2.586113037109375000e+03
2.583718505859375000e+03
2.581180175781250000e+03
2.578423828125000000e+03
2.575448974609375000e+03
2.572330566406250000e+03
2.568919677734375000e+03
2.565364990234375000e+03
2.561592285156250000e+03
2.557601318359375000e+03
2.553392578125000000e+03
2.549040039062500000e+03
2.544469238281250000e+03
2.539680664062500000e+03
2.534822265625000000e+03
2.529597412109375000e+03
2.524377197265625000e+03
2.518938964843750000e+03
2.513356933593750000e+03
2.507556640625000000e+03
2.501612548828125000e+03
2.495524414062500000e+03
2.489292480468750000e+03
2.482842041015625000e+03
2.476322021484375000e+03
2.469583496093750000e+03
2.462700927734375000e+03
2.455748535156250000e+03
2.448651855468750000e+03
2.441410888671875000e+03
2.434099853515625000e+03
2.426570312500000000e+03
2.418970458984375000e+03
2.411300048828125000e+03
2.403559814453125000e+03
2.395526123046875000e+03
2.387496337890625000e+03
2.379395996093750000e+03
2.371225341796875000e+03
2.362983886718750000e+03
2.354597167968750000e+03
2.346213867187500000e+03
2.337685546875000000e+03
2.329086181640625000e+03
2.320415283203125000e+03
2.311748046875000000e+03
2.303009033203125000e+03
2.294198486328125000e+03
2.285242187500000000e+03
2.276288574218750000e+03
2.267411376953125000e+03
2.258462646484375000e+03
2.249664550781250000e+03
2.240719726562500000e+03
2.231702636718750000e+03
2.222687255859375000e+03
2.213673828125000000e+03
2.204587402343750000e+03
2.195651123046875000e+03
2.186642089843750000e+03
2.177708496093750000e+03
2.168553466796875000e+03
2.159622314453125000e+03
2.150766601562500000e+03
2.141837402343750000e+03
2.132983398437500000e+03
2.124204101562500000e+03
2.115351318359375000e+03
2.106647460937500000e+03
2.097943847656250000e+03
2.089315185546875000e+03
2.080834716796875000e+03
2.072354492187500000e+03
2.063873779296875000e+03
2.055615722656250000e+03
2.047283081054687500e+03
2.039098388671875000e+03
2.031061645507812500e+03
2.023023925781250000e+03
2.015059814453125000e+03
2.007242919921875000e+03
1.999573608398437500e+03
1.991977050781250000e+03
1.984527709960937500e+03
1.977076782226562500e+03
1.969772705078125000e+03
1.962689697265625000e+03
1.955604736328125000e+03
1.948740478515625000e+03
1.942022583007812500e+03
1.935302490234375000e+03
1.928802978515625000e+03
1.922449218750000000e+03
1.916241577148437500e+03
1.910180053710937500e+03
1.904264038085937500e+03
1.898419433593750000e+03
1.892794677734375000e+03
1.887389770507812500e+03
1.882056030273437500e+03
1.876867431640625000e+03
1.871972778320312500e+03
1.867074707031250000e+03
1.862470458984375000e+03
1.858011108398437500e+03
1.853696777343750000e+03
1.849527343750000000e+03
1.845651000976562500e+03
1.841845214843750000e+03
1.838183593750000000e+03
1.834815063476562500e+03
1.831590698242187500e+03
1.828435791015625000e+03
1.825647827148437500e+03
1.823003906250000000e+03
1.820503417968750000e+03
1.818220825195312500e+03
1.816081787109375000e+03
1.814160278320312500e+03
1.812382202148437500e+03
1.810821533203125000e+03
1.809478149414062500e+03
1.808203491210937500e+03
1.807294555664062500e+03
1.806453979492187500e+03
1.805905029296875000e+03
1.805424194335937500e+03
1.805234619140625000e+03
1.805187377929687500e+03
1.805356933593750000e+03
1.805668823242187500e+03
1.806197509765625000e+03
1.806942504882812500e+03
1.807829711914062500e+03
1.809007690429687500e+03
1.810327514648437500e+03
1.811789672851562500e+03
1.813542236328125000e+03
1.815362426757812500e+03
1.817324707031250000e+03
1.819502929687500000e+03
1.821971801757812500e+03
1.824508300781250000e+03
1.827260742187500000e+03
1.830155151367187500e+03
1.833265625000000000e+03
1.836518066406250000e+03
1.839986694335937500e+03
1.843522705078125000e+03
1.847349365234375000e+03
1.851317871093750000e+03
1.855428344726562500e+03
1.859680664062500000e+03
1.864075195312500000e+03
1.868685913085937500e+03
1.873439086914062500e+03
1.878334106445312500e+03
1.883371215820312500e+03
1.888550537109375000e+03
1.893797485351562500e+03
1.899260498046875000e+03
1.904791625976562500e+03
1.910613159179687500e+03
1.916428100585937500e+03
1.922459350585937500e+03
1.928558471679687500e+03
1.934799804687500000e+03
1.941257446289062500e+03
1.947634155273437500e+03
1.954227539062500000e+03
1.960963134765625000e+03
1.967766845703125000e+03
1.974638427734375000e+03
1.981652587890625000e+03
1.988660644531250000e+03
1.995959960937500000e+03
2.003179077148437500e+03
2.010541015625000000e+03
2.017971313476562500e+03
2.025470336914062500e+03
2.033112670898437500e+03
2.040749389648437500e+03
2.048455078125000000e+03
2.056229980468750000e+03
2.063999755859375000e+03
2.071987548828125000e+03
2.079896240234375000e+03
2.087948974609375000e+03
2.095996826171875000e+03
2.104114990234375000e+03
2.112154541015625000e+03
2.120338134765625000e+03
2.128444091796875000e+03
2.136620117187500000e+03
2.144792724609375000e+03
2.153035888671875000e+03
2.161276123046875000e+03
2.169512939453125000e+03
2.177821044921875000e+03
2.186051757812500000e+03
2.194205566406250000e+03
2.202357177734375000e+03
2.210580566406250000e+03
2.218801757812500000e+03
2.226946533203125000e+03
2.235089599609375000e+03
2.243230957031250000e+03
2.251296386718750000e+03
2.259286132812500000e+03
2.267348876953125000e+03
2.275187500000000000e+03
2.283173828125000000e+03
2.290936279296875000e+03
2.298772460937500000e+03
2.306459472656250000e+03
2.314071533203125000e+03
2.321757812500000000e+03
2.329220947265625000e+03
2.336684082031250000e+03
2.343999023437500000e+03
2.351313964843750000e+03
2.358480957031250000e+03
2.365574218750000000e+03
2.372593994140625000e+03
2.379466064453125000e+03
2.386264892578125000e+03
2.392916503906250000e+03
2.399494873046875000e+03
2.405926513671875000e+03
2.412359863281250000e+03
2.418497802734375000e+03
2.424563476562500000e+03
2.430705566406250000e+03
2.436478759765625000e+03
2.442179687500000000e+03
2.447809326171875000e+03
2.453218750000000000e+03
2.458556884765625000e+03
2.463749511718750000e+03
2.468722412109375000e+03
2.473624511718750000e+03
2.478307373046875000e+03
2.482845214843750000e+03
2.487238037109375000e+03
2.491561035156250000e+03
2.495665039062500000e+03
2.499624755859375000e+03
2.503365966796875000e+03
2.506888916015625000e+03
2.510267578125000000e+03
2.513651367187500000e+03
2.516668457031250000e+03
2.519541992187500000e+03
2.522272216796875000e+03
2.524858886718750000e+03
2.527228271484375000e+03
2.529305664062500000e+03
2.531389160156250000e+03
2.533181396484375000e+03
2.534905029296875000e+03
2.536338134765625000e+03
2.537554199218750000e+03
2.538554443359375000e+03
2.539486816406250000e+03
2.540128906250000000e+03
2.540555175781250000e+03
2.540839843750000000e+03
2.540908935546875000e+03
2.540911376953125000e+03
2.540623779296875000e+03
2.540046630859375000e+03
2.539328613281250000e+03
2.538544189453125000e+03
2.537470458984375000e+03
2.536256103515625000e+03
2.534752441406250000e+03
2.533108642578125000e+03
2.531250244140625000e+03
2.529102539062500000e+03
2.526889160156250000e+03
2.524386718750000000e+03
2.521669921875000000e+03
2.518887695312500000e+03
2.515816406250000000e+03
2.512605224609375000e+03
2.509179443359375000e+03
2.505539550781250000e+03
2.501759521484375000e+03
2.497690917968750000e+03
2.493556640625000000e+03
2.489059326171875000e+03
2.484496337890625000e+03
2.479718994140625000e+03
2.474653320312500000e+03
2.469521484375000000e+03
2.464175048828125000e+03
2.458614501953125000e+03
2.452913330078125000e+03
2.446923583984375000e+03
2.440867675781250000e+03
2.434671386718750000e+03
2.428334716796875000e+03
2.421783203125000000e+03
2.414942138671875000e+03
2.408109130859375000e+03
2.400986816406250000e+03
2.393723876953125000e+03
2.386319824218750000e+03
2.378701171875000000e+03
2.370867431640625000e+03
2.363042236328125000e+03
2.354927490234375000e+03
2.346672607421875000e+03
2.338277343750000000e+03
2.329815917968750000e+03
2.321139648437500000e+03
2.312323242187500000e+03
2.303366699218750000e+03
2.294269531250000000e+03
2.284883789062500000e+03
2.275729003906250000e+03
2.266210937500000000e+03
2.256626953125000000e+03
2.246902587890625000e+03
2.237037597656250000e+03
2.227106689453125000e+03
2.217035400390625000e+03
2.206823242187500000e+03
2.196544921875000000e+03
2.186125976562500000e+03
2.175566406250000000e+03
2.165088623046875000e+03
2.154321533203125000e+03
2.143562255859375000e+03
2.132736083984375000e+03
2.121768554687500000e+03
2.110734375000000000e+03
2.099707275390625000e+03
2.088464599609375000e+03
2.077154296875000000e+03
2.065851074218750000e+03
2.054406250000000000e+03
2.043042114257812500e+03
2.031387573242187500e+03
2.019813598632812500e+03
2.008245727539062500e+03
1.996609741210937500e+03
1.984831176757812500e+03
1.973132812500000000e+03
1.961291503906250000e+03
1.949455566406250000e+03
1.937550781250000000e+03
1.925725585937500000e+03
1.913830932617187500e+03
1.901867187500000000e+03
1.889982177734375000e+03
1.878027465820312500e+03
1.865928344726562500e+03
1.854056274414062500e+03
1.842039306640625000e+03
1.830026000976562500e+03
1.818090454101562500e+03
1.806232299804687500e+03
1.794302612304687500e+03
1.782301391601562500e+03
1.770376831054687500e+03
1.758454467773437500e+03
1.746311279296875000e+03
1.734541381835937500e+03
1.722624145507812500e+03
1.710857055664062500e+03
1.699016601562500000e+03
1.687325683593750000e+03
1.675635253906250000e+03
1.663945190429687500e+03
1.652404052734375000e+03
1.640788452148437500e+03
1.629246704101562500e+03
1.617778808593750000e+03
1.606458862304687500e+03
1.595063598632812500e+03
1.583815917968750000e+03
1.572640869140625000e+03
1.561464355468750000e+03
1.550434692382812500e+03
1.539402954101562500e+03
1.528517578125000000e+03
1.517704101562500000e+03
1.506962158203125000e+03
1.496291748046875000e+03
1.485766845703125000e+03
1.475238647460937500e+03
1.464855712890625000e+03
1.454617675781250000e+03
1.444375854492187500e+03
1.434278564453125000e+03
1.424251220703125000e+03
1.414442626953125000e+03
1.404703613281250000e+03
1.395034057617187500e+03
1.385508300781250000e+03
1.376051635742187500e+03
1.366589721679687500e+03
1.357419677734375000e+03
1.348318115234375000e+03
1.339359497070312500e+03
1.330543334960937500e+03
1.321795410156250000e+03
1.313189453125000000e+03
1.304651000976562500e+03
1.296254150390625000e+03
1.288073120117187500e+03
1.279884521484375000e+03
1.271985595703125000e+03
1.264153076171875000e+03
1.256386962890625000e+03
1.248835327148437500e+03
1.241423828125000000e+03
1.234152343750000000e+03
1.226946166992187500e+03
1.219953979492187500e+03
1.213026733398437500e+03
1.206238891601562500e+03
1.199664428710937500e+03
1.193228759765625000e+03
1.186857543945312500e+03
1.180624877929687500e+03
1.174530761718750000e+03
1.168649169921875000e+03
1.162905761718750000e+03
1.157300537109375000e+03
1.151833251953125000e+03
1.146429443359375000e+03
1.141312011718750000e+03
1.136257934570312500e+03
1.131341308593750000e+03
1.126562377929687500e+03
1.121994873046875000e+03
1.117490600585937500e+03
1.113197875976562500e+03
1.108968017578125000e+03
1.104875244140625000e+03
1.100994018554687500e+03
1.097249755859375000e+03
1.093642700195312500e+03
1.090172607421875000e+03
1.086839477539062500e+03
1.083569091796875000e+03
1.080510009765625000e+03
1.077662231445312500e+03
1.074877197265625000e+03
1.072229248046875000e+03
1.069718261718750000e+03
1.067344360351562500e+03
1.065107666015625000e+03
1.063008056640625000e+03
1.060971313476562500e+03
1.059146240234375000e+03
1.057458374023437500e+03
1.055982177734375000e+03
1.054568969726562500e+03
1.053219116210937500e+03
1.051783813476562500e+03
1.050709228515625000e+03
1.049772216796875000e+03
1.048898925781250000e+03
1.048163208007812500e+03
1.047565795898437500e+03
1.047106445312500000e+03
1.046636596679687500e+03
1.046379516601562500e+03
1.046260742187500000e+03
1.046206298828125000e+03
1.046216308593750000e+03
1.046439331054687500e+03
1.046727172851562500e+03
1.047079833984375000e+03
1.047571655273437500e+03
1.048128662109375000e+03
1.048750732421875000e+03
1.049735595703125000e+03
1.050562988281250000e+03
1.051456176757812500e+03
1.052489624023437500e+03
1.053589111328125000e+03
1.054606201171875000e+03
1.055912597656250000e+03
1.057211425781250000e+03
1.058725708007812500e+03
1.060232666015625000e+03
1.061806762695312500e+03
1.063448242187500000e+03
1.065231689453125000e+03
1.067083129882812500e+03
1.068853759765625000e+03
1.070841308593750000e+03
1.072823120117187500e+03
1.074873657226562500e+03
1.077067382812500000e+03
1.079181640625000000e+03
1.081439575195312500e+03
1.083767333984375000e+03
1.086016357421875000e+03
1.088409790039062500e+03
1.090799316406250000e+03
1.093259399414062500e+03
1.095790527343750000e+03
1.098244018554687500e+03
1.100768676757812500e+03
1.103290405273437500e+03
1.105883789062500000e+03
1.108548950195312500e+03
1.111360351562500000e+03
1.114095336914062500e+03
1.116828369140625000e+03
1.119559692382812500e+03
1.122363769531250000e+03
1.125017944335937500e+03
1.127819702148437500e+03
1.130620483398437500e+03
1.133346191406250000e+03
1.136220214843750000e+03
1.139019531250000000e+03
1.141818847656250000e+03
1.144692626953125000e+03
1.147418212890625000e+03
1.150218627929687500e+03
1.153094116210937500e+03
1.155821899414062500e+03
1.158625244140625000e+03
1.161355712890625000e+03
1.164162109375000000e+03
1.166821777343750000e+03
1.169483398437500000e+03
1.172221557617187500e+03
1.174813476562500000e+03
1.177408081054687500e+03
1.180005493164062500e+03
1.182605834960937500e+03
1.185135131835937500e+03
1.187667846679687500e+03
1.190129882812500000e+03
1.192521240234375000e+03
1.194916625976562500e+03
1.197241699218750000e+03
1.199571166992187500e+03
1.201905029296875000e+03
1.204094848632812500e+03
1.206140747070312500e+03
1.208340332031250000e+03
1.210396362304687500e+03
1.212383300781250000e+03
1.214375488281250000e+03
1.216298950195312500e+03
1.218153686523437500e+03
1.219940063476562500e+03
1.221806640625000000e+03
1.223456298828125000e+03
1.225112548828125000e+03
1.226626708984375000e+03
1.228147583007812500e+03
1.229601074218750000e+03
1.230987304687500000e+03
1.232232299804687500e+03
1.233484741210937500e+03
1.234596191406250000e+03
1.235789550781250000e+03
1.236768066406250000e+03
1.237680297851562500e+03
1.238600830078125000e+03
1.239455322265625000e+03
1.240169799804687500e+03
1.240818481445312500e+03
1.241475952148437500e+03
1.241993774414062500e+03
1.242446166992187500e+03
1.242833374023437500e+03
1.243081298828125000e+03
1.243338500976562500e+03
1.243456420898437500e+03
1.243509643554687500e+03
1.243498046875000000e+03
1.243421997070312500e+03
1.243281372070312500e+03
1.242927612304687500e+03
1.242657958984375000e+03
1.242249877929687500e+03
1.241703002929687500e+03
1.241166259765625000e+03
1.240491088867187500e+03
1.239751831054687500e+03
1.238948364257812500e+03
1.238080810546875000e+03
1.237149291992187500e+03
1.236079345703125000e+03
1.234945434570312500e+03
1.233747558593750000e+03
1.232485595703125000e+03
1.231010986328125000e+03
1.229620971679687500e+03
1.228092773437500000e+03
1.226500366210937500e+03
1.224769531250000000e+03
1.223048950195312500e+03
1.221190063476562500e+03
1.219341064453125000e+03
1.217279296875000000e+03
1.215302001953125000e+03
1.213186157226562500e+03
1.211006103515625000e+03
1.208687377929687500e+03
1.206304443359375000e+03
1.203931396484375000e+03
1.201493896484375000e+03
1.198843627929687500e+03
1.196277221679687500e+03
1.193572143554687500e+03
1.190802368164062500e+03
1.188042236328125000e+03
1.185143066406250000e+03
1.182104614257812500e+03
1.179150024414062500e+03
1.176056030273437500e+03
1.172971069335937500e+03
1.169821166992187500e+03
1.166531372070312500e+03
1.163250488281250000e+03
1.159904052734375000e+03
1.156491943359375000e+03
1.153013916015625000e+03
1.149395751953125000e+03
1.145859985351562500e+03
1.142183837890625000e+03
1.138589721679687500e+03
1.134854858398437500e+03
1.131127685546875000e+03
1.127259277343750000e+03
1.123398193359375000e+03
1.119469848632812500e+03
1.115548583984375000e+03
1.111559692382812500e+03
1.107577514648437500e+03
1.103527465820312500e+03
1.099409301757812500e+03
1.095297241210937500e+03
1.091116821289062500e+03
1.086942016601562500e+03
1.082698364257812500e+03
1.078460083007812500e+03
1.074226928710937500e+03
1.069850097656250000e+03
1.065552246093750000e+03
1.061184570312500000e+03
1.056821289062500000e+03
1.052387817382812500e+03
1.048032470703125000e+03
1.043532226562500000e+03
1.039109863281250000e+03
1.034616333007812500e+03
1.030126098632812500e+03
1.025638671875000000e+03
1.021228515625000000e+03
1.016746398925781250e+03
1.012192382812500000e+03
1.007714782714843750e+03
1.003164916992187500e+03
9.986910400390625000e+02
9.941444702148437500e+02
9.896735229492187500e+02
9.852036743164062500e+02
9.807348632812500000e+02
9.761180419921875000e+02
9.716505126953125000e+02
9.671088867187500000e+02
9.626417236328125000e+02
9.581744384765625000e+02
9.537069702148437500e+02
9.492388916015625000e+02
9.447702026367187500e+02
9.403748168945312500e+02
9.359783935546875000e+02
9.316548461914062500e+02
9.272555541992187500e+02
9.229288330078125000e+02
9.184515991210937500e+02
9.141207885742187500e+02
9.097876586914062500e+02
9.056005859375000000e+02
9.013366088867187500e+02
8.973668212890625000e+02
8.932453613281250000e+02
8.891204833984375000e+02
8.850664062500000000e+02
8.810087890625000000e+02
8.769470825195312500e+02
8.730300292968750000e+02
8.690344848632812500e+02
8.651087036132812500e+02
8.612526855468750000e+02
8.574661865234375000e+02
8.536746826171875000e+02
8.498781127929687500e+02
8.461505737304687500e+02
8.424918823242187500e+02
8.389018554687500000e+02
8.353061523437500000e+02
8.318530273437500000e+02
8.283195190429687500e+02
8.248540039062500000e+02
8.214562377929687500e+02
8.182004394531250000e+02
8.149378051757812500e+02
8.116680908203125000e+02
8.084655761718750000e+02
8.053300170898437500e+02
8.022611694335937500e+02
7.992590942382812500e+02
7.963234863281250000e+02
7.933799438476562500e+02
7.905770263671875000e+02
7.877658081054687500e+02
7.850206909179687500e+02
7.823488159179687500e+02
7.797501220703125000e+02
7.771873779296875000e+02
7.746975708007812500e+02
7.722509155273437500e+02
7.698472900390625000e+02
7.675163574218750000e+02
7.652431640625000000e+02
7.630202026367187500e+02
7.608622436523437500e+02
7.587618408203125000e+02
7.567262573242187500e+02
7.547555541992187500e+02
7.528421020507812500e+02
7.509934692382812500e+02
7.492019653320312500e+02
7.474751586914062500e+02
7.457980346679687500e+02
7.441854858398437500e+02
7.426375122070312500e+02
7.411540527343750000e+02
7.397275390625000000e+02
7.383582153320312500e+02
7.370533447265625000e+02
7.358054199218750000e+02
7.346146850585937500e+02
7.334957275390625000e+02
7.324265136718750000e+02
7.314143066406250000e+02
7.304667358398437500e+02
7.295762329101562500e+02
7.287354736328125000e+02
7.279667358398437500e+02
7.272552490234375000e+02
7.265936279296875000e+02
7.259891967773437500e+02
7.254420776367187500e+02
7.249522094726562500e+02
7.245048217773437500e+02
7.241296386718750000e+02
7.238043823242187500e+02
7.235216674804687500e+02
7.233038940429687500e+02
7.231287231445312500e+02
7.230333862304687500e+02
7.229660034179687500e+02
7.229562377929687500e+02
7.229893798828125000e+02
7.230803833007812500e+02
7.232218017578125000e+02
7.233989257812500000e+02
7.236266479492187500e+02
7.238977050781250000e+02
7.242121582031250000e+02
7.245775146484375000e+02
7.249864501953125000e+02
7.254390869140625000e+02
7.259281616210937500e+02
7.264685668945312500e+02
7.270307617187500000e+02
7.276519165039062500e+02
7.283026123046875000e+02
7.289902954101562500e+02
7.297226562500000000e+02
7.304774169921875000e+02
7.312770385742187500e+02
7.321068725585937500e+02
7.329670410156250000e+02
7.338651733398437500e+02
7.347938842773437500e+02
7.357460327148437500e+02
7.367366333007812500e+02
7.377509765625000000e+02
7.387891845703125000e+02
7.398515625000000000e+02
7.409456787109375000e+02
7.420642089843750000e+02
7.431925659179687500e+02
7.443532714843750000e+02
7.455389404296875000e+02
7.467350463867187500e+02
7.479640502929687500e+02
7.491963500976562500e+02
7.504545288085937500e+02
7.517164916992187500e+02
7.530046386718750000e+02
7.542968750000000000e+02
7.556157836914062500e+02
7.569465942382812500e+02
7.582820434570312500e+02
7.596150512695312500e+02
7.609605102539062500e+02
7.622963867187500000e+02
7.636600341796875000e+02
7.650070800781250000e+02
7.663674316406250000e+02
7.677041015625000000e+02
7.691287841796875000e+02
7.704781494140625000e+02
7.718267211914062500e+02
7.732490844726562500e+02
7.745967407226562500e+02
7.759442138671875000e+02
7.772916870117187500e+02
7.786392822265625000e+02
7.799873657226562500e+02
7.813359985351562500e+02
7.826854248046875000e+02
7.840358276367187500e+02
7.853873291015625000e+02
7.867402954101562500e+02
7.880204467773437500e+02
7.893023071289062500e+02
7.905861206054687500e+02
7.917233886718750000e+02
7.930115356445312500e+02
7.941536254882812500e+02
7.952982788085937500e+02
7.964458618164062500e+02
7.975220947265625000e+02
7.987501220703125000e+02
7.998328857421875000e+02
8.008449096679687500e+02
8.019349365234375000e+02
8.029545288085937500e+02
8.039782104492187500e+02
8.049317626953125000e+02
8.058896484375000000e+02
8.068521728515625000e+02
8.077450561523437500e+02
8.085684814453125000e+02
8.093969116210937500e+02
8.102305297851562500e+02
8.109952392578125000e+02
8.117653808593750000e+02
8.124668579101562500e+02
8.130999145507812500e+02
8.138132934570312500e+02
8.143842163085937500e+02
8.148871459960937500e+02
8.155452880859375000e+02
8.159870605468750000e+02
8.165099487304687500e+02
8.169655151367187500e+02
8.173538818359375000e+02
8.176008911132812500e+02
8.179295654296875000e+02
8.181914672851562500e+02
8.184609985351562500e+02
8.185897216796875000e+02
8.187263183593750000e+02
8.187966308593750000e+02
8.188751220703125000e+02
8.188875732421875000e+02
8.189083251953125000e+02
8.187890014648437500e+02
8.187525024414062500e+02
8.185761108398437500e+02
8.183341064453125000e+02
8.181752929687500000e+02
8.178767089843750000e+02
8.175128784179687500e+02
8.171580810546875000e+02
8.167381591796875000e+02
8.162530517578125000e+02
8.158515625000000000e+02
8.153106689453125000e+02
8.147049560546875000e+02
8.141085205078125000e+02
8.133729858398437500e+02
8.126468505859375000e+02
8.118560180664062500e+02
8.110745239257812500e+02
8.102283935546875000e+02
8.093173828125000000e+02
8.083416748046875000e+02
8.073755493164062500e+02
8.062702636718750000e+02
8.052488403320312500e+02
8.040140380859375000e+02
8.028630371093750000e+02
8.016472167968750000e+02
8.003665161132812500e+02
7.990952148437500000e+02
7.976848144531250000e+02
7.962837524414062500e+02
7.948920898437500000e+02
7.934355468750000000e+02
7.919140014648437500e+02
7.902532348632812500e+02
7.886761474609375000e+02
7.870339355468750000e+02
7.853267211914062500e+02
7.836287231445312500e+02
7.818655395507812500e+02
7.799628906250000000e+02
7.781436767578125000e+02
7.761847534179687500e+02
7.743091430664062500e+02
7.722937622070312500e+02
7.702871704101562500e+02
7.682893676757812500e+02
7.660772705078125000e+02
7.640224609375000000e+02
7.619017333984375000e+02
7.597151489257812500e+02
7.573882446289062500e+02
7.551439819335937500e+02
7.528334350585937500e+02
7.505309448242187500e+02
7.481621093750000000e+02
7.458010864257812500e+02
7.433734741210937500e+02
7.408865356445312500e+02
7.384146118164062500e+02
7.358905029296875000e+02
7.333662719726562500e+02
7.307896728515625000e+02
7.281829223632812500e+02
7.255458984375000000e+02
7.229007568359375000e+02
7.202026977539062500e+02
7.174888305664062500e+02
7.147515258789062500e+02
7.119981689453125000e+02
7.092136230468750000e+02
7.064052734375000000e+02
7.035802612304687500e+02
7.007311401367187500e+02
6.978577270507812500e+02
6.949746093750000000e+02
6.920669555664062500e+02
6.891419067382812500e+02
6.861993408203125000e+02
6.832390747070312500e+02
6.802683715820312500e+02
6.772797241210937500e+02
6.742729492187500000e+02
6.712551879882812500e+02
6.682265014648437500e+02
6.651864624023437500e+02
6.621277465820312500e+02
6.590722045898437500e+02
6.559902343750000000e+02
6.529037475585937500e+02
6.498051757812500000e+02
6.467092895507812500e+02
6.436232299804687500e+02
6.405097656250000000e+02
6.373984375000000000e+02
6.342815551757812500e+02
6.311591186523437500e+02
6.280455932617187500e+02
6.249185791015625000e+02
6.217853393554687500e+02
6.186606445312500000e+02
6.155293579101562500e+02
6.123986816406250000e+02
6.092760009765625000e+02
6.061536254882812500e+02
6.030313720703125000e+02
5.999165649414062500e+02
5.968088989257812500e+02
5.937008666992187500e+02
5.906071166992187500e+02
5.875126342773437500e+02
5.844320068359375000e+02
5.813577880859375000e+02
5.782896728515625000e+02
5.752423706054687500e+02
5.722083740234375000e+02
5.691502685546875000e+02
5.661273193359375000e+02
5.631171264648437500e+02
5.601195678710937500e+02
5.571268920898437500e+02
5.541538696289062500e+02
5.512004394531250000e+02
5.482514038085937500e+02
5.453215942382812500e+02
5.424183349609375000e+02
5.395264282226562500e+02
5.366607055664062500e+02
5.337987670898437500e+02
5.309700927734375000e+02
5.281522827148437500e+02
5.253599853515625000e+02
5.225782470703125000e+02
5.198291015625000000e+02
5.170977172851562500e+02
5.143911743164062500e+02
5.117168884277343750e+02
5.090598754882812500e+02
5.064049987792968750e+02
5.037745971679687500e+02
5.011757812500000000e+02
4.986085815429687500e+02
4.960727844238281250e+02
4.935534362792968750e+02
4.910504455566406250e+02
4.885784912109375000e+02
4.861449279785156250e+02
4.837348022460937500e+02
4.813553466796875000e+02
4.789917297363281250e+02
4.766586303710937500e+02
4.743708496093750000e+02
4.720985107421875000e+02
4.698564453125000000e+02
4.676445922851562500e+02
4.654627685546875000e+02
4.633184509277343750e+02
4.611891174316406250e+02
4.590897216796875000e+02
4.570349731445312500e+02
4.549950561523437500e+02
4.529996337890625000e+02
4.510190429687500000e+02
4.490827636718750000e+02
4.471760559082031250e+02
4.453061828613281250e+02
4.434583129882812500e+02
4.416398315429687500e+02
4.398655090332031250e+02
4.381130676269531250e+02
4.363973388671875000e+02
4.347033691406250000e+02
4.330535583496093750e+02
4.314403076171875000e+02
4.298488464355468750e+02
4.282939758300781250e+02
4.267682800292968750e+02
4.252791748046875000e+02
4.238192138671875000e+02
4.223809814453125000e+02
4.209941711425781250e+02
4.196290283203125000e+02
4.183004150390625000e+02
4.170009155273437500e+02
4.157304992675781250e+02
4.144891662597656250e+02
4.132918090820312500e+02
4.121235351562500000e+02
4.109769592285156250e+02
4.098743896484375000e+02
4.087861022949218750e+02
4.077418518066406250e+02
4.067268066406250000e+02
4.057336120605468750e+02
4.047770690917968750e+02
4.038498535156250000e+02
4.029371337890625000e+02
4.020760803222656250e+02
4.012370605468750000e+02
4.004275512695312500e+02
3.996401672363281250e+02
3.988898315429687500e+02
3.981691589355468750e+02
3.974708251953125000e+02
3.967948608398437500e+02
3.961488342285156250e+02
3.955327148437500000e+02
3.949466857910156250e+02
3.943684997558593750e+02
3.938353881835937500e+02
3.933251647949218750e+02
3.928527526855468750e+02
3.923885498046875000e+02
3.919549560546875000e+02
3.915446166992187500e+02
3.911502380371093750e+02
3.907941894531250000e+02
3.904542846679687500e+02
3.901306762695312500e+02
3.898382873535156250e+02
3.895624389648437500e+02
3.893031921386718750e+02
3.890681152343750000e+02
3.888498840332031250e+02
3.886635742187500000e+02
3.884943237304687500e+02
3.883423461914062500e+02
3.882077636718750000e+02
3.880906982421875000e+02
3.879987182617187500e+02
3.879170227050781250e+02
3.878532409667968750e+02
3.878149414062500000e+02
3.877872924804687500e+02
3.877630920410156250e+02
3.877721557617187500e+02
3.877923278808593750e+02
3.878163146972656250e+02
3.878664855957031250e+02
3.879208068847656250e+02
3.879941406250000000e+02
3.880718383789062500e+02
3.881689147949218750e+02
3.882780151367187500e+02
3.883919372558593750e+02
3.885255737304687500e+02
3.886642761230468750e+02
3.888081665039062500e+02
3.889722900390625000e+02
3.891418457031250000e+02
3.893095703125000000e+02
3.894979858398437500e+02
3.896773986816406250e+02
3.898777160644531250e+02
3.900842285156250000e+02
3.902821960449218750e+02
3.904941101074218750e+02
3.907126159667968750e+02
3.909378967285156250e+02
3.911552124023437500e+02
3.913869934082031250e+02
3.916185913085937500e+02
3.918574829101562500e+02
3.920964050292968750e+02
3.923281250000000000e+02
3.925750122070312500e+02
3.928074645996093750e+02
3.930405883789062500e+02
3.932818603515625000e+02
3.935240173339843750e+02
3.937597656250000000e+02
3.939892272949218750e+02
3.942274475097656250e+02
3.944596252441406250e+02
3.946785278320312500e+02
3.949065246582031250e+02
3.951289367675781250e+02
3.953458557128906250e+02
3.955499877929687500e+02
3.957637634277343750e+02
3.959650573730468750e+02
3.961613769531250000e+02
3.963528747558593750e+02
3.965322875976562500e+02
3.967145385742187500e+02
3.968849182128906250e+02
3.970509948730468750e+02
3.972054138183593750e+02
3.973483581542968750e+02
3.974947509765625000e+02
3.976224365234375000e+02
3.977389831542968750e+02
3.978444824218750000e+02
3.979538879394531250e+02
3.980450134277343750e+02
3.981180114746093750e+02
3.981878051757812500e+02
3.982545166015625000e+02
3.983033447265625000e+02
3.983492431640625000e+02
3.983775024414062500e+02
3.983881530761718750e+02
3.983887634277343750e+02
3.983793640136718750e+02
3.983600769042968750e+02
3.983235168457031250e+02
3.982846679687500000e+02
3.982138366699218750e+02
3.981408386230468750e+02
3.980508422851562500e+02
3.979514160156250000e+02
3.978351135253906250e+02
3.977020263671875000e+02
3.975596313476562500e+02
3.974005737304687500e+02
3.972248840332031250e+02
3.970474853515625000e+02
3.968386840820312500e+02
3.966356506347656250e+02
3.964012756347656250e+02
3.961579284667968750e+02
3.958981933593750000e+02
3.956220703125000000e+02
3.953296203613281250e+02
3.950282592773437500e+02
3.947031250000000000e+02
3.943617248535156250e+02
3.940040588378906250e+02
3.936301269531250000e+02
3.932473754882812500e+02
3.928483886718750000e+02
3.924331970214843750e+02
3.920018615722656250e+02
3.915617370605468750e+02
3.910980529785156250e+02
3.906107788085937500e+02
3.901221923828125000e+02
3.896100769042968750e+02
3.890817871093750000e+02
3.885373535156250000e+02
3.879841613769531250e+02
3.874222717285156250e+02
3.868293457031250000e+02
3.862276611328125000e+02
3.856097412109375000e+02
3.849756164550781250e+02
3.843326416015625000e+02
3.836659545898437500e+02
3.829904174804687500e+02
3.823059387207031250e+02
3.815902404785156250e+02
3.808729858398437500e+02
3.801392517089843750e+02
3.793964843750000000e+02
3.786223144531250000e+02
3.778464050292968750e+02
3.770538635253906250e+02
3.762520751953125000e+02
3.754409484863281250e+02
3.745981750488281250e+02
3.737534179687500000e+02
3.729065551757812500e+02
3.720353088378906250e+02
3.711544189453125000e+02
3.702638549804687500e+02
3.693634948730468750e+02
3.684458618164062500e+02
3.675109252929687500e+02
3.665733947753906250e+02
3.656257629394531250e+02
3.646531677246093750e+02
3.636851501464843750e+02
3.627068176269531250e+02
3.616883239746093750e+02
3.606965026855468750e+02
3.596791992187500000e+02
3.586512145996093750e+02
3.576198120117187500e+02
3.565850219726562500e+02
3.555466308593750000e+02
3.544897766113281250e+02
3.534143066406250000e+02
3.523350524902343750e+02
3.512593078613281250e+02
3.501646728515625000e+02
3.490659484863281250e+02
3.479630432128906250e+02
3.468558044433593750e+02
3.457293701171875000e+02
3.446058044433593750e+02
3.434776611328125000e+02
3.423373718261718750e+02
3.411997375488281250e+02
3.400571594238281250e+02
3.389020996093750000e+02
3.377419433593750000e+02
3.365617065429687500e+02
3.353983764648437500e+02
3.342370300292968750e+02
3.330627136230468750e+02
3.319124145507812500e+02
3.307340393066406250e+02
3.295571899414062500e+02
3.283743286132812500e+02
3.272002258300781250e+02
3.260124511718750000e+02
3.248257141113281250e+02
3.236399841308593750e+02
3.224550781250000000e+02
3.212635192871093750e+02
3.200799865722656250e+02
3.188970031738281250e+02
3.177069702148437500e+02
3.165172119140625000e+02
3.153350830078125000e+02
3.141530151367187500e+02
3.129635009765625000e+02
3.117886657714843750e+02
3.106135559082031250e+02
3.094381103515625000e+02
3.082621459960937500e+02
3.070930480957031250e+02
3.059455566406250000e+02
3.047749633789062500e+02
3.036183471679687500e+02
3.024606933593750000e+02
3.013093566894531250e+02
3.001642456054687500e+02
2.990029602050781250e+02
2.978773803710937500e+02
2.967354125976562500e+02
2.956066894531250000e+02
2.944836425781250000e+02
2.933736267089843750e+02
2.922616271972656250e+02
2.911550292968750000e+02
2.900611572265625000e+02
2.889650268554687500e+02
2.878887939453125000e+02
2.868176269531250000e+02
2.857364501953125000e+02
2.846824035644531250e+02
2.836256103515625000e+02
2.825883178710937500e+02
2.815407104492187500e+02
2.805123901367187500e+02
2.794959106445312500e+02
2.784837036132812500e+02
2.774756774902343750e+02
2.764866638183593750e+02
2.755017395019531250e+02
2.745281677246093750e+02
2.735659484863281250e+02
2.726075744628906250e+02
2.716603698730468750e+02
2.707168579101562500e+02
2.697918701171875000e+02
2.688778381347656250e+02
2.679747924804687500e+02
2.670751647949218750e+02
2.661937866210937500e+02
2.653231506347656250e+02
2.644632263183593750e+02
2.636065368652343750e+02
2.627604675292968750e+02
2.619397888183593750e+02
2.611147766113281250e+02
2.603076782226562500e+02
2.595184326171875000e+02
2.587321472167968750e+02
2.579561767578125000e+02
2.571979980468750000e+02
2.564426574707031250e+02
2.557049865722656250e+02
2.549849853515625000e+02
2.542677612304687500e+02
2.535681152343750000e+02
2.528712005615234375e+02
2.521918487548828125e+02
2.515300292968750000e+02
2.508708801269531250e+02
2.502440643310546875e+02
2.495975646972656250e+02
2.489759368896484375e+02
2.483717346191406250e+02
2.477775421142578125e+02
2.471858825683593750e+02
2.466116180419921875e+02
2.460547332763671875e+02
2.455078125000000000e+02
2.449782562255859375e+02
2.444512481689453125e+02
2.439416198730468750e+02
2.434345245361328125e+02
2.429522552490234375e+02
2.424725341796875000e+02
2.420102386474609375e+02
2.415579376220703125e+02
2.411082305908203125e+02
2.406834259033203125e+02
2.402612762451171875e+02
2.398417510986328125e+02
2.394546661376953125e+02
2.390628509521484375e+02
2.386737823486328125e+02
2.383171997070312500e+02
2.379560241699218750e+02
2.376125488281250000e+02
2.372868194580078125e+02
2.369640655517578125e+02
2.366516876220703125e+02
2.363497924804687500e+02
2.360583953857421875e+02
2.357775573730468750e+02
2.354998931884765625e+02
2.352403411865234375e+02
2.349915161132812500e+02
2.347460479736328125e+02
2.345188446044921875e+02
2.342877044677734375e+02
2.340749816894531250e+02
2.338732604980468750e+02
2.336678314208984375e+02
2.334809875488281250e+02
2.332905426025390625e+02
2.331262817382812500e+02
2.329585723876953125e+02
2.328023376464843750e+02
2.326576538085937500e+02
2.325171661376953125e+02
2.323883666992187500e+02
2.322638549804687500e+02
2.321437988281250000e+02
2.320281829833984375e+02
2.319542999267578125e+02
2.318330230712890625e+02
2.317461395263671875e+02
2.316566162109375000e+02
2.315793762207031250e+02
2.315070648193359375e+02
2.314397735595703125e+02
2.313775634765625000e+02
2.313279266357421875e+02
2.312761383056640625e+02
2.312371063232421875e+02
2.311886291503906250e+02
2.311605072021484375e+02
2.311230926513671875e+02
2.310987548828125000e+02
2.310727691650390625e+02
2.310525817871093750e+02
2.310457458496093750e+02
2.310300445556640625e+02
2.310204315185546875e+02
2.310169677734375000e+02
2.310123596191406250e+02
2.310140838623046875e+02
2.310222015380859375e+02
2.310220031738281250e+02
2.310283966064453125e+02
2.310414733886718750e+02
2.310538940429687500e+02
2.310731506347656250e+02
2.310845184326171875e+02
2.310954742431640625e+02
2.311135559082031250e+02
2.311314239501953125e+02
2.311565856933593750e+02
2.311668243408203125e+02
2.311771087646484375e+02
2.311949462890625000e+02
2.312129974365234375e+02
2.312387695312500000e+02
2.312500915527343750e+02
2.312618713378906250e+02
2.312816772460937500e+02
2.312946777343750000e+02
2.313010101318359375e+02
2.313155822753906250e+02
2.313236236572265625e+02
2.313327026367187500e+02
2.313428497314453125e+02
2.313393249511718750e+02
2.313445129394531250e+02
2.313361816406250000e+02
2.313367156982421875e+02
2.313313903808593750e+02
2.313127899169921875e+02
2.313033294677734375e+02
2.312882232666015625e+02
2.312601165771484375e+02
2.312414093017578125e+02
2.312173004150390625e+02
2.311953125000000000e+02
2.311532287597656250e+02
2.311134033203125000e+02
2.310685119628906250e+02
2.310260314941406250e+02
2.309786071777343750e+02
2.309189300537109375e+02
2.308544464111328125e+02
2.307926788330078125e+02
2.307113800048828125e+02
2.306403808593750000e+02
2.305648651123046875e+02
2.304700164794921875e+02
2.303856353759765625e+02
2.302820434570312500e+02
2.301741943359375000e+02
2.300695495605468750e+02
2.299532623291015625e+02
2.298403167724609375e+02
2.297084197998046875e+02
2.295724945068359375e+02
2.294400329589843750e+02
2.292812957763671875e+02
2.291335296630859375e+02
2.289819183349609375e+02
2.288115997314453125e+02
2.286449127197265625e+02
2.284595947265625000e+02
2.282854156494140625e+02
2.280926513671875000e+02
2.279036102294921875e+02
2.276960449218750000e+02
2.274848632812500000e+02
2.272700347900390625e+02
2.270441589355468750e+02
2.267998199462890625e+02
2.265667724609375000e+02
2.263153228759765625e+02
2.260603485107421875e+02
2.257944030761718750e+02
2.255249633789062500e+02
2.252520294189453125e+02
2.249682006835937500e+02
2.246808929443359375e+02
2.243827209472656250e+02
2.240811004638671875e+02
2.237686004638671875e+02
2.234526672363281250e+02
2.231184539794921875e+02
2.227807922363281250e+02
2.224471588134765625e+02
2.220952301025390625e+02
2.217324523925781250e+02
2.213736724853515625e+02
2.209966125488281250e+02
2.206161041259765625e+02
2.202321929931640625e+02
2.198373718261718750e+02
2.194390869140625000e+02
2.190299224853515625e+02
2.186098937988281250e+02
2.181937713623046875e+02
2.177667541503906250e+02
2.173139190673828125e+02
2.168798522949218750e+02
2.164274139404296875e+02
2.159714050292968750e+02
2.155118408203125000e+02
2.150338134765625000e+02
2.145670471191406250e+02
2.140817871093750000e+02
2.135928497314453125e+02
2.130928192138671875e+02
2.125965118408203125e+02
2.120816040039062500e+02
2.115777740478515625e+02
2.110552978515625000e+02
2.105215454101562500e+02
2.099913635253906250e+02
2.094572753906250000e+02
2.089117889404296875e+02
2.083623352050781250e+02
2.078088378906250000e+02
2.072512512207031250e+02
2.066895446777343750e+02
2.061162414550781250e+02
2.055386810302734375e+02
2.049568786621093750e+02
2.043781738281250000e+02
2.037802429199218750e+02
2.031853179931640625e+02
2.025859069824218750e+02
2.019745330810546875e+02
2.013734283447265625e+02
2.007602233886718750e+02
2.001422882080078125e+02
1.995195922851562500e+02
1.988920288085937500e+02
1.982669830322265625e+02
1.976295166015625000e+02
1.970018310546875000e+02
1.963616027832031250e+02
1.957161712646484375e+02
1.950728759765625000e+02
1.944167938232421875e+02
1.937627258300781250e+02
1.931031494140625000e+02
1.924454345703125000e+02
1.917894592285156250e+02
1.911203308105468750e+02
1.904602508544921875e+02
1.897868347167968750e+02
1.891223144531250000e+02
1.884443054199218750e+02
1.877676086425781250e+02
1.870921173095703125e+02
1.864177856445312500e+02
1.857370910644531250e+02
1.850574035644531250e+02
1.843711853027343750e+02
1.836858367919921875e+02
1.830012512207031250e+02
1.823099212646484375e+02
1.816266632080078125e+02
1.809365386962890625e+02
1.802543334960937500e+02
1.795576934814453125e+02
1.788614044189453125e+02
1.781653900146484375e+02
1.774770507812500000e+02
1.767814178466796875e+02
1.760859069824218750e+02
1.754052886962890625e+02
1.747172241210937500e+02
1.740216217041015625e+02
1.733333129882812500e+02
1.726448059082031250e+02
1.719560546875000000e+02
1.712669830322265625e+02
1.705849609375000000e+02
1.699025115966796875e+02
1.692195892333984375e+02
1.685435638427734375e+02
1.678594970703125000e+02
1.671822204589843750e+02
1.665042572021484375e+02
1.658329620361328125e+02
1.651608734130859375e+02
1.644878997802734375e+02
1.638214569091796875e+02
1.631614685058593750e+02
1.624930114746093750e+02
1.618309173583984375e+02
1.611825256347656250e+02
1.605329589843750000e+02
1.598747100830078125e+02
1.592300109863281250e+02
1.585913696289062500e+02
1.579513092041015625e+02
1.573097686767578125e+02
1.566741027832031250e+02
1.560591430664062500e+02
1.554350891113281250e+02
1.548093109130859375e+02
1.541891784667968750e+02
1.535746459960937500e+02
1.529656219482421875e+02
1.523546447753906250e+02
1.517490844726562500e+02
1.511488494873046875e+02
1.505539245605468750e+02
1.499716644287109375e+02
1.493796997070312500e+02
1.488002777099609375e+02
1.482333526611328125e+02
1.476565704345703125e+02
1.470921478271484375e+02
1.465252075195312500e+02
1.459705352783203125e+02
1.454132385253906250e+02
1.448681182861328125e+02
1.443277130126953125e+02
1.437845306396484375e+02
1.432459564208984375e+02
1.427194061279296875e+02
1.421973876953125000e+02
1.416724548339843750e+02
1.411668548583984375e+02
1.406508331298828125e+02
1.401540679931640625e+02
1.396542510986328125e+02
1.391587677001953125e+02
1.386750640869140625e+02
1.381882324218750000e+02
1.377131347656250000e+02
1.372423095703125000e+02
1.367757415771484375e+02
1.363134460449218750e+02
1.358554077148437500e+02
1.354016418457031250e+02
1.349521026611328125e+02
1.345142822265625000e+02
1.340732879638671875e+02
1.336514282226562500e+02
1.332264404296875000e+02
1.327983093261718750e+02
1.323893585205078125e+02
1.319847412109375000e+02
1.315770416259765625e+02
1.311737213134765625e+02
1.307822113037109375e+02
1.303951263427734375e+02
1.300124816894531250e+02
1.296417236328125000e+02
1.292680358886718750e+02
1.289062805175781250e+02
1.285416259765625000e+02
1.281889801025390625e+02
1.278483581542968750e+02
1.275123519897460938e+02
1.271809921264648438e+02
1.268468627929687500e+02
1.265174255371093750e+02
1.262001342773437500e+02
1.258727188110351562e+02
1.255575103759765625e+02
1.252619400024414062e+02
1.249860305786132812e+02
1.246926651000976562e+02
1.244041366577148438e+02
1.241204757690429688e+02
1.238491210937500000e+02
1.235752258300781250e+02
1.233062591552734375e+02
1.230496520996093750e+02
1.227905578613281250e+02
1.225364151000976562e+02
1.222946548461914062e+02
1.220578918457031250e+02
1.218186645507812500e+02
1.215918579101562500e+02
1.213626174926757812e+02
1.211383972167968750e+02
1.209266204833984375e+02
1.207124557495117188e+02
1.205033264160156250e+02
1.202992630004882812e+02
1.201002655029296875e+02
1.198989257812500000e+02
1.196952590942382812e+02
1.195041656494140625e+02
1.193256530761718750e+02
1.191448669433593750e+02
1.189618682861328125e+02
1.187841033935546875e+02
1.186190261840820312e+02
1.184518127441406250e+02
1.182825164794921875e+02
1.181260223388671875e+02
1.179600906372070312e+02
1.178144760131835938e+02
1.176669540405273438e+02
1.175101318359375000e+02
1.173663787841796875e+02
1.172208480834960938e+02
1.170810775756835938e+02
1.169396743774414062e+02
1.167966995239257812e+02
1.166670989990234375e+02
1.165360717773437500e+02
1.163888320922851562e+02
1.162477416992187500e+02
1.161351776123046875e+02
1.160066299438476562e+02
1.158844604492187500e+02
1.157761917114257812e+02
1.156818923950195312e+02
1.155645141601562500e+02
1.154538192749023438e+02
1.153499298095703125e+02
1.152306137084960938e+02
1.151330947875976562e+02
1.150351867675781250e+02
1.149295196533203125e+02
1.148384857177734375e+02
1.147249679565429688e+02
1.146262207031250000e+02
1.145423126220703125e+02
1.144435806274414062e+02
1.143524017333984375e+02
1.142613830566406250e+02
1.141483001708984375e+02
1.140652313232421875e+02
1.139973907470703125e+02
1.139150695800781250e+02
1.138257598876953125e+02
1.137443771362304688e+02
1.136561050415039062e+02
1.135758285522460938e+02
1.134961776733398438e+02
1.134097290039062500e+02
1.133313903808593750e+02
1.132537689208984375e+02
1.131694335937500000e+02
1.130932769775390625e+02
1.130253219604492188e+02
1.129432983398437500e+02
1.128546524047851562e+02
1.127816848754882812e+02
1.127021102905273438e+02
1.126233901977539062e+02
1.125455093383789062e+02
1.124833679199218750e+02
1.124072189331054688e+02
1.123245239257812500e+02
1.122352828979492188e+02
1.121543655395507812e+02
1.120743484497070312e+02
1.119729537963867188e+02
1.118873443603515625e+02
1.118026733398437500e+02
1.117115249633789062e+02
1.116213226318359375e+02
1.115246810913085938e+02
1.114290313720703125e+02
1.113492660522460938e+02
1.112482376098632812e+02
1.111482772827148438e+02
1.110494232177734375e+02
1.109516830444335938e+02
1.108551025390625000e+02
1.107597122192382812e+02
1.106506805419921875e+02
1.105577850341796875e+02
1.104364700317382812e+02
1.103165206909179688e+02
1.102053909301757812e+02
1.100882873535156250e+02
1.099801330566406250e+02
1.098586730957031250e+02
1.097388381958007812e+02
1.096132583618164062e+02
1.094894180297851562e+02
1.093599243164062500e+02
1.092322921752929688e+02
1.091065673828125000e+02
1.089753875732421875e+02
1.088387985229492188e+02
1.087042922973632812e+02
1.085719146728515625e+02
1.084268569946289062e+02
1.082914733886718750e+02
1.081509399414062500e+02
1.080052947998046875e+02
1.078545837402343750e+02
1.077137069702148438e+02
1.075678329467773438e+02
1.074095611572265625e+02
1.072612152099609375e+02
1.071005096435546875e+02
1.069497680664062500e+02
1.067867050170898438e+02
1.066336135864257812e+02
1.064682159423828125e+02
1.063127899169921875e+02
1.061524658203125000e+02
1.059872360229492188e+02
1.058170776367187500e+02
1.056494140625000000e+02
1.054767761230468750e+02
1.053065719604492188e+02
1.051313323974609375e+02
1.049510040283203125e+02
1.047730026245117188e+02
1.045972595214843750e+02
1.044088745117187500e+02
1.042226562500000000e+02
1.040459823608398438e+02
1.038490676879882812e+02
1.036615829467773438e+02
1.034686050415039062e+02
1.032775115966796875e+02
1.030733642578125000e+02
1.028858413696289062e+02
1.026851501464843750e+02
1.024786682128906250e+02
1.022811965942382812e+02
1.020703811645507812e+02
1.018610534667968750e+02
1.016457290649414062e+02
1.014392013549804688e+02
1.012191467285156250e+02
1.010003967285156250e+02
1.007754592895507812e+02
1.005591812133789062e+02
1.003366622924804688e+02
1.001004409790039062e+02
9.987278747558593750e+01
9.963882446289062500e+01
9.940596008300781250e+01
9.917419433593750000e+01
9.893607330322265625e+01
9.869902801513671875e+01
9.845562744140625000e+01
9.821331024169921875e+01
9.796464538574218750e+01
9.772450256347656250e+01
9.747060394287109375e+01
9.721781921386718750e+01
9.697360229492187500e+01
9.671566772460937500e+01
9.645891571044921875e+01
9.621078491210937500e+01
9.594900512695312500e+01
9.569588470458984375e+01
9.542915344238281250e+01
9.517856597900390625e+01
9.490696716308593750e+01
9.465155029296875000e+01
9.439002227783203125e+01
9.412982940673828125e+01
9.387098693847656250e+01
9.360607910156250000e+01
9.334251403808593750e+01
9.308773803710937500e+01
9.281945800781250000e+01
9.255994415283203125e+01
9.229433441162109375e+01
9.203003692626953125e+01
9.176702117919921875e+01
9.150525665283203125e+01
9.124472045898437500e+01
9.097792816162109375e+01
9.071970367431640625e+01
9.045513153076171875e+01
9.019158935546875000e+01
8.992157745361328125e+01
8.966732788085937500e+01
8.940648651123046875e+01
8.914639282226562500e+01
8.888697052001953125e+01
8.862815093994140625e+01
8.836239624023437500e+01
8.811193084716796875e+01
8.785433959960937500e+01
8.758956146240234375e+01
8.733976745605468750e+01
8.708258819580078125e+01
8.682534790039062500e+01
8.657537078857421875e+01
8.631771087646484375e+01
8.605969238281250000e+01
8.580122375488281250e+01
8.554222106933593750e+01
8.528258514404296875e+01
8.502967071533203125e+01
8.477593994140625000e+01
8.452133941650390625e+01
8.426577758789062500e+01
8.400920104980468750e+01
8.375895690917968750e+01
8.350013732910156250e+01
8.324755096435546875e+01
8.298628234863281250e+01
8.273859405517578125e+01
8.247472381591796875e+01
8.222436523437500000e+01
8.196519470214843750e+01
8.170986175537109375e+01
8.145907592773437500e+01
8.120763397216796875e+01
8.095407104492187500e+01
8.070433807373046875e+01
8.045175170898437500e+01
8.020155334472656250e+01
7.995227813720703125e+01
7.970172119140625000e+01
7.945439147949218750e+01
7.920809173583984375e+01
7.896212005615234375e+01
7.871726989746093750e+01
7.847432708740234375e+01
7.823187255859375000e+01
7.799290466308593750e+01
7.775376892089843750e+01
0.000000000000000000e+00
0.000000000000000000e+00
0.000000000000000000e+00
0.000000000000000000e+00
0.000000000000000000e+00
0.000000000000000000e+00
0.000000000000000000e+00
0.000000000000000000e+00
0.000000000000000000e+00
0.000000000000000000e+00
0.000000000000000000e+00
0.000000000000000000e+00
0.000000000000000000e+00
0.000000000000000000e+00
0.000000000000000000e+00
0.000000000000000000e+00
0.000000000000000000e+00
0.000000000000000000e+00
0.000000000000000000e+00
0.000000000000000000e+00
0.000000000000000000e+00
0.000000000000000000e+00
0.000000000000000000e+00
0.000000000000000000e+00
0.000000000000000000e+00
0.000000000000000000e+00
0.000000000000000000e+00
0.000000000000000000e+00
0.000000000000000000e+00
0.000000000000000000e+00
0.000000000000000000e+00
0.000000000000000000e+00
0.000000000000000000e+00
0.000000000000000000e+00
0.000000000000000000e+00
0.000000000000000000e+00
0.000000000000000000e+00
0.000000000000000000e+00
0.000000000000000000e+00
0.000000000000000000e+00
0.000000000000000000e+00
0.000000000000000000e+00
0.000000000000000000e+00
0.000000000000000000e+00
0.000000000000000000e+00
0.000000000000000000e+00
0.000000000000000000e+00
0.000000000000000000e+00
0.000000000000000000e+00
0.000000000000000000e+00
0.000000000000000000e+00
0.000000000000000000e+00
0.000000000000000000e+00
0.000000000000000000e+00
0.000000000000000000e+00
0.000000000000000000e+00
0.000000000000000000e+00
0.000000000000000000e+00
0.000000000000000000e+00
0.000000000000000000e+00
0.000000000000000000e+00
0.000000000000000000e+00
0.000000000000000000e+00
0.000000000000000000e+00
0.000000000000000000e+00
0.000000000000000000e+00
0.000000000000000000e+00
0.000000000000000000e+00
0.000000000000000000e+00
0.000000000000000000e+00
0.000000000000000000e+00
0.000000000000000000e+00
0.000000000000000000e+00
0.000000000000000000e+00
0.000000000000000000e+00
0.000000000000000000e+00
0.000000000000000000e+00
0.000000000000000000e+00
0.000000000000000000e+00
0.000000000000000000e+00
0.000000000000000000e+00
0.000000000000000000e+00
0.000000000000000000e+00
0.000000000000000000e+00
0.000000000000000000e+00
0.000000000000000000e+00
0.000000000000000000e+00
0.000000000000000000e+00
0.000000000000000000e+00
0.000000000000000000e+00
0.000000000000000000e+00
0.000000000000000000e+00
0.000000000000000000e+00
0.000000000000000000e+00
0.000000000000000000e+00
0.000000000000000000e+00
0.000000000000000000e+00
0.000000000000000000e+00
0.000000000000000000e+00
0.000000000000000000e+00
