# k_h
1.056694964063353837e-05
1.166948186437366530e-05
1.288704879698343575e-05
1.423165394953684881e-05
1.571655229781754315e-05
1.735638215905055404e-05
1.916730616358108819e-05
2.116717951139435172e-05
2.337571459065657109e-05
2.581468470452819020e-05
2.850812961696647108e-05
3.148260293528437614e-05
3.476742494967766106e-05
3.839498094748705626e-05
4.240102498442865908e-05
4.682505095843225718e-05
5.171067095943726599e-05
5.710604455089196563e-05
6.306435534497722983e-05
6.964435306144878268e-05
7.691088103456422687e-05
8.493558561895042658e-05
9.379757102578878403e-05
1.035841996781527996e-04
1.143919362220913172e-04
1.263273297809064388e-04
1.395080325892195106e-04
1.540639932500198483e-04
1.701386790955439210e-04
1.878905604826286435e-04
2.074946241918951273e-04
2.291441487614065409e-04
2.530525380279868841e-04
2.794554457068443298e-04
3.086132055614143610e-04
3.408131888136267662e-04
3.763728600461035967e-04
4.156427457928657532e-04
4.590099852066487074e-04
5.069020553492009640e-04
5.597910494543612003e-04
6.181983626447618008e-04
6.826997851021587849e-04
7.539311191067099571e-04
8.325945236720144749e-04
9.194655576720833778e-04
1.015400514006614685e-03
1.121345092542469501e-03
1.238343655131757259e-03
1.367549644783139229e-03
1.510236645117402077e-03
1.667811302468180656e-03
1.841826946474611759e-03
2.033998956903815269e-03
2.246221760287880898e-03
2.480587456375360489e-03
2.739406190812587738e-03
3.025229787454009056e-03
3.340875264257192612e-03
3.689454635605216026e-03
4.074404016137123108e-03
4.499517846852540970e-03
4.968987312167882919e-03
5.487440153956413269e-03
6.059987004846334457e-03
6.692272610962390900e-03
7.390528917312622070e-03
8.161639794707298279e-03
9.013206698000431061e-03
9.953624568879604340e-03
1.099216286092996597e-02
1.213905960321426392e-02
1.340562198311090469e-02
1.480433344841003418e-02
1.634898409247398376e-02
1.805480010807514191e-02
1.993859745562076569e-02
2.201894484460353851e-02
2.431634999811649323e-02
2.685346268117427826e-02
2.965529263019561768e-02
3.274945914745330811e-02
3.616646304726600647e-02
3.993998840451240540e-02
4.410723596811294556e-02
4.870928451418876648e-02
5.379150062799453735e-02
5.917065218091011047e-02
6.454980373382568359e-02
6.992895156145095825e-02
7.530809938907623291e-02
8.068725466728210449e-02
8.606640249490737915e-02
9.144555032253265381e-02
9.682470560073852539e-02
1.022038534283638000e-01
1.075830012559890747e-01
1.129621565341949463e-01
1.208988651633262634e-01
1.288355737924575806e-01
1.367722898721694946e-01
1.447090059518814087e-01
1.526457220315933228e-01
1.605824381113052368e-01
1.685191541910171509e-01
1.764558553695678711e-01
1.843925714492797852e-01
1.923292875289916992e-01
2.002660036087036133e-01
2.082027196884155273e-01
2.161394357681274414e-01
2.240761518478393555e-01
2.320128530263900757e-01
2.399495691061019897e-01
2.478862851858139038e-01
2.558229863643646240e-01
2.637597024440765381e-01
2.716964185237884521e-01
2.796331346035003662e-01
2.875698506832122803e-01
2.955065667629241943e-01
3.034432828426361084e-01
3.113799989223480225e-01
3.193167150020599365e-01
3.272534310817718506e-01
3.351901471614837646e-01
3.431268632411956787e-01
3.510635495185852051e-01
3.590002655982971191e-01
3.669369816780090332e-01
3.748736977577209473e-01
3.828104138374328613e-01
3.907471299171447754e-01
3.986838459968566895e-01
4.066205620765686035e-01
4.145572781562805176e-01
4.224939942359924316e-01
4.304307103157043457e-01
4.383674263954162598e-01
4.463041126728057861e-01
4.542408287525177002e-01
4.621775448322296143e-01
4.701142609119415283e-01
4.780509769916534424e-01
4.859876930713653564e-01
4.939244091510772705e-01
5.018610954284667969e-01
5.097978115081787109e-01
5.177345275878906250e-01
5.256712436676025391e-01
5.336079597473144531e-01
5.415446758270263672e-01
5.494813919067382812e-01
5.577994585037231445e-01
7.784718871116638184e-01
1.086444973945617676e+00
1.516256213188171387e+00
2.116106033325195312e+00
2.953263759613037109e+00
4.121611595153808594e+00
5.752172470092773438e+00
8.027803421020507812e+00
1.120370197296142578e+01
1.563602542877197266e+01
2.182183074951171875e+01
3.045481872558593750e+01
4.250312423706054688e+01
5.931789016723632812e+01
8.278478240966796875e+01
1.155354690551757812e+02
