# d_a
# unit = Mpc
0.000000000000000000e+00
4.555519069361773887e+01
9.000222758467280926e+01
1.333722543333799990e+02
1.756952824516062606e+02
2.170002448744049275e+02
2.573150464313940802e+02
2.966666114235303553e+02
3.350809284956976057e+02
3.725830929815739978e+02
4.091973468844745412e+02
4.449471166460670020e+02
4.798550488440458821e+02
5.139430439498611349e+02
5.472322882683878333e+02
5.797432841729364554e+02
6.114958787411794674e+02
6.425092908902820454e+02
6.728021371028760313e+02
7.023924558292787879e+02
7.312977306456331235e+02
7.595349122423276640e+02
7.871204393121188332e+02
8.140702584028019828e+02
8.403998427950418773e+02
8.661242104620140481e+02
8.912579411638532747e+02
9.158151927265000722e+02
9.398097165513547679e+02
9.632548723992096029e+02
9.861636424891759134e+02
1.008548644950767994e+03
1.030422146664914862e+03
1.051796075527455059e+03
1.072682032166580711e+03
1.093091301143785358e+03
1.113034861666035795e+03
1.132523397835218248e+03
1.151567308459325659e+03
1.170176716448386060e+03
1.188361477816740262e+03
1.206131190312012222e+03
1.223495201689881696e+03
1.240462617652672861e+03
1.257042309468684607e+03
1.273242921288229581e+03
1.289072877171407526e+03
1.304540387841773736e+03
1.319653457179249244e+03
1.334419888464872656e+03
1.348847290389255249e+03
1.362943082835954328e+03
1.376714502450339296e+03
1.390168608003939198e+03
1.403312285563709111e+03
1.416152253475126145e+03
1.428695067167561092e+03
1.440947123789871512e+03
1.452914666683787118e+03
1.464603789702198355e+03
1.476020441379138447e+03
1.487170428957814920e+03
1.498059422282806736e+03
1.508692957562145239e+03
1.519076441004729077e+03
1.529215152338270627e+03
1.539114248212660868e+03
1.548778765493423634e+03
1.558213624449688496e+03
1.567423631840885264e+03
1.576413483906167130e+03
1.585187769260360255e+03
1.593750971700073251e+03
1.602107472923394653e+03
1.610261555166478729e+03
1.618217403760137586e+03
1.625979109609425223e+03
1.633550671599055704e+03
1.640935998927358241e+03
1.648138913371388981e+03
1.655163151485620347e+03
1.662012366736627428e+03
1.668690131575982377e+03
1.675199939453539628e+03
1.681545206773173504e+03
1.687729274792933666e+03
1.693755411471519665e+03
1.699626813262883616e+03
1.705346606860701968e+03
1.710917850894359162e+03
1.716343537578073438e+03
1.721626594314667500e+03
1.726769885255462441e+03
1.731776212817713713e+03
1.736648319160925212e+03
1.741388887623374330e+03
1.746000544120063296e+03
1.750485858503328473e+03
1.754847345887256779e+03
1.759087467937020392e+03
1.763208634124203400e+03
1.767213202949164270e+03
1.771103483131413896e+03
1.774881734768978504e+03
1.778550170467670796e+03
1.782110956441161534e+03
1.785566213582706951e+03
1.788918018509371450e+03
1.792168404579537082e+03
1.795319362884482871e+03
1.798372843214770910e+03
1.801330755002173419e+03
1.804194968237826288e+03
1.806967314367293966e+03
1.809649587163191200e+03
1.812243543575992589e+03
1.814750904563642280e+03
1.817173355900556089e+03
1.819512548966582244e+03
1.821770101516474142e+03
1.823947598430416292e+03
1.826046592446116165e+03
1.828068604872967398e+03
1.830015126288770261e+03
1.831887617219477306e+03
1.833687508802433513e+03
1.835416203433536111e+03
1.837075075398754961e+03
1.838665471490443451e+03
1.840188711608801214e+03
1.841646089348935220e+03
1.843038872573860772e+03
1.844368303973828461e+03
1.845635601612326809e+03
1.846841959459118243e+03
1.847988547910645138e+03
1.849076514298114489e+03
1.850106983383614306e+03
1.851081057844538464e+03
1.851999818746641722e+03
1.852864326006005740e+03
1.853675618840205289e+03
1.854434716208946384e+03
1.855142617244449411e+03
1.855800301671839406e+03
1.856408730219775862e+03
1.856968845021599464e+03
1.857481570007221535e+03
1.857947811285971511e+03
1.858368457520663014e+03
1.858744380293067024e+03
1.859076434461026565e+03
1.859365458507414814e+03
1.859612274881128769e+03
1.859817690330342884e+03
1.859982496228178888e+03
1.860107468891006647e+03
1.860193369889549786e+03
1.860240946352961146e+03
1.860250931266059069e+03
1.860224043759880942e+03
1.860160989395711113e+03
1.860062460442760312e+03
1.859929136149636179e+03
1.859761683009754506e+03
1.859560755020855595e+03
1.859326993938741680e+03
1.859061029525395952e+03
1.858763479791612099e+03
1.858434951234261234e+03
1.858076039068332420e+03
1.857687327453864555e+03
1.857269389717894228e+03
1.856822788571546425e+03
1.856348076322366524e+03
1.855845795082023642e+03
1.855316476969481755e+03
1.854760644309757936e+03
1.854178809828360500e+03
1.853571476841513459e+03
1.852939139442270061e+03
1.852282282682608638e+03
1.851601382751597384e+03
1.850896907149739718e+03
1.850169314859565702e+03
1.849419056512570933e+03
1.848646574552593165e+03
1.847852303395686022e+03
1.847036669586604830e+03
1.846200091951942113e+03
1.845342981750037097e+03
1.844465742817687897e+03
1.843568771713767092e+03
1.842652457859816423e+03
1.841717183677660387e+03
1.840763324724137647e+03
1.839791249823001635e+03
1.838801321194052889e+03
1.837793894579576090e+03
1.836769319368132528e+03
1.835727938715771870e+03
1.834670089664730995e+03
1.833596103259654910e+03
1.832506304661417289e+03
1.831401013258586772e+03
1.830280542776585889e+03
1.829145201384603297e+03
1.827995291800302539e+03
1.826831111392388948e+03
1.825652952281059470e+03
1.824461101436412491e+03
1.823255840774831768e+03
1.822037447253418350e+03
1.820806192962492560e+03
1.819562345216215363e+03
1.818306166641381424e+03
1.817037915264400681e+03
1.815757844596533914e+03
1.814466203717401186e+03
1.813163237356815671e+03
1.811849185974962211e+03
1.810524285840980610e+03
1.809188769109960504e+03
1.807842863898409405e+03
1.806486794358206680e+03
1.805120780749085952e+03
1.803745039509677099e+03
1.802359783327140121e+03
1.800965221205410899e+03
1.799561557566998545e+03
1.798148996149147933e+03
1.796727734366270852e+03
1.795297967145342682e+03
1.793859886051695412e+03
1.792413679349584527e+03
1.790959532061576283e+03
1.789497626026776288e+03
1.788028139957918938e+03
1.786551249497345907e+03
1.785067127271896879e+03
1.783575942946736404e+03
1.782077863278135283e+03
1.780573052165231047e+03
1.779061670700794366e+03
1.777543877221012053e+03
1.776019827354313747e+03
1.774489674069260218e+03
1.772953567721516265e+03
1.771411656099921174e+03
1.769864084471682418e+03
1.768310995626700105e+03
1.766752529921059249e+03
1.765188825319685066e+03
1.763620017438194509e+03
1.762046239583948591e+03
1.760467622796339356e+03
1.758884295886302880e+03
1.757296385475097622e+03
1.755704016032349273e+03
1.754107309913381641e+03
1.752506387395844285e+03
1.750901366715658696e+03
1.749292364102294187e+03
1.747679493813375529e+03
1.746062868168658724e+03
1.744442597583364204e+03
1.742818790600901366e+03
1.741191553924973277e+03
1.739560992451102493e+03
1.737927209297560466e+03
1.736290305835736035e+03
1.734650381719942516e+03
1.733007534916672284e+03
1.731361861733316800e+03
1.729713456846367535e+03
1.728062413329087576e+03
1.726408822678689148e+03
1.724752774843010457e+03
1.723094358246704815e+03
1.721433659816959789e+03
1.719770765008745684e+03
1.718105757829604727e+03
1.716438720863996423e+03
1.714769735297201123e+03
1.713098880938789307e+03
1.711426236245675682e+03
1.709751878344750594e+03
1.708075883055112172e+03
1.706398324909893518e+03
1.704719277177706772e+03
1.703038811883699736e+03
1.701356999830231871e+03
1.699673910617198544e+03
1.697989612661970341e+03
1.696304173219000404e+03
1.694617658399074571e+03
1.692930133188212722e+03
1.691241661466255437e+03
1.689552306025104372e+03
1.687862128586652489e+03
1.686171189820395739e+03
1.684479549360730971e+03
1.682787265823957796e+03
1.681094396824978730e+03
1.679400998993709209e+03
1.677707127991195193e+03
1.676012838525462712e+03
1.674318184367077038e+03
1.672623218364437662e+03
1.670927992458813378e+03
1.669232557699106337e+03
1.667536964256370084e+03
1.665841261438067477e+03
1.664145497702093735e+03
1.662449720670546640e+03
1.660753977143268230e+03
1.659058313111150710e+03
1.657362773769212708e+03
1.655667403529454759e+03
1.653972246033491956e+03
1.652277344164974011e+03
1.650582740061791128e+03
1.648888475128072059e+03
1.647194590045979794e+03
1.645501124787303979e+03
1.643808118624862800e+03
1.642115610143702952e+03
1.640423637252119534e+03
1.638732237192483353e+03
1.637041446551886565e+03
1.635351301272613455e+03
1.633661836662428641e+03
1.631973087404699299e+03
1.630285087568340032e+03
1.628597870617600393e+03
1.626911469421680067e+03
1.625225916264189664e+03
1.623541242852448477e+03
1.621857480326635141e+03
1.620174659268772530e+03
1.618492809711584187e+03
1.616811961147181592e+03
1.615132142535621142e+03
1.613453382313318116e+03
1.611775708401318298e+03
1.610099148213431590e+03
1.608423728664238752e+03
1.606749476176962389e+03
1.605076416691204713e+03
1.603404575670562735e+03
1.601733978110121825e+03
1.600064648543817839e+03
1.598396611051685340e+03
1.596729889266987129e+03
1.595064506383226217e+03
1.593400485161039114e+03
1.591737847934988849e+03
1.590076616620232471e+03
1.588416812719094878e+03
1.586758457327523729e+03
1.585101571141450677e+03
1.583446174463040052e+03
1.581792287206843184e+03
1.580139928905852685e+03
1.578489118717455540e+03
1.576839875429295489e+03
1.575192217465035583e+03
1.573546162890034338e+03
1.571901729416927083e+03
1.570258934411116570e+03
1.568617794896180612e+03
1.566978327559191712e+03
1.565340548755945974e+03
1.563704474516118580e+03
1.562070120548328987e+03
1.560437502245131782e+03
1.558806634687922951e+03
1.557177532651770889e+03
1.555550210610170780e+03
1.553924682739725995e+03
1.552300962924750593e+03
1.550679064761800646e+03
1.549059001564140317e+03
1.547440786366126304e+03
1.545824431927533851e+03
1.544209950737807276e+03
1.542597355020249324e+03
1.540986656736142777e+03
1.539377867588803838e+03
1.537770999027576863e+03
1.536166062251767016e+03
1.534563068214504483e+03
1.532962027626560484e+03
1.531362950960092803e+03
1.529765848452335376e+03
1.528170730109235137e+03
1.526577605709028603e+03
1.524986484805765031e+03
1.523397376732769544e+03
1.521810290606061244e+03
1.520225235327711744e+03
