# d_l
# unit = Mpc
0.000000000000000000e+00
4.647085002655946084e+01
9.363831757909359510e+01
1.414946246222828279e+02
1.900320174996573428e+02
2.392427699740314324e+02
2.891191861703144355e+02
3.396536034187999462e+02
3.908383949973817266e+02
4.426659727714081214e+02
4.951287897302142369e+02
5.482193424196192382e+02
6.019301732699711920e+02
6.562538728195775093e+02
7.111830818335969298e+02
7.667104933187083589e+02
8.228288544341310171e+02
8.795309682997069558e+02
9.368096957020444506e+02
9.946579566998416340e+02
1.053068732129711634e+03
1.112035065013991925e+03
1.171550061872157585e+03
1.231606893937599125e+03
1.292198798281656309e+03
1.353319078846896900e+03
1.414961107391733549e+03
1.477118324348572060e+03
1.539784239597739770e+03
1.602952433159524844e+03
1.666616555806707311e+03
1.730770329600013156e+03
1.795407548348948012e+03
1.860522078000515421e+03
1.926107856958312595e+03
1.992158896334548899e+03
2.058669280137499300e+03
2.125633165396921413e+03
2.193044782229939756e+03
2.260898433849927187e+03
2.329188496520810531e+03
2.397909419459311721e+03
2.467055724687477323e+03
2.536622006837950721e+03
2.606602932914263874e+03
2.676993242008502421e+03
2.747787744978572391e+03
2.818981324087289067e+03
2.890568932605427563e+03
2.962545594380863804e+03
3.034906403375824084e+03
3.107646523174259528e+03
3.180761186461263605e+03
3.254245694476421249e+03
3.328095416442892201e+03
3.402305788973990730e+03
3.476872315458977027e+03
3.551790565429654634e+03
3.627056173909405970e+03
3.702664840746126629e+03
3.778612329930594569e+03
3.854894468901551591e+03
3.931507147838998662e+03
4.008446318946863357e+03
4.085707995726319950e+03
4.163288252240941802e+03
4.241183222374808793e+03
4.319389099084608461e+03
4.397902133646801303e+03
4.476718634900752477e+03
4.555834968488824416e+03
4.635247556094219362e+03
4.714952874677496766e+03
4.794947455712427654e+03
4.875227884422030911e+03
4.955790799015420816e+03
5.036632889926156167e+03
5.117750899052681234e+03
5.199141619001441541e+03
5.280801892333267460e+03
5.362728610813410342e+03
5.444918714665865082e+03
5.527369191832284741e+03
5.610077077235959223e+03
5.693039452051255466e+03
5.776253442978815656e+03
5.859716221526869049e+03
5.943425003298978481e+03
6.027377047288464382e+03
6.111569655179741858e+03
6.196000170656844602e+03
6.280665978719339364e+03
6.365564505005736464e+03
6.450693215124702874e+03
6.536049613994057836e+03
6.621631245187882087e+03
6.707435690291634273e+03
6.793460568265567417e+03
6.879703534816400861e+03
6.966162281777394128e+03
7.052834536496813598e+03
7.139718061234917514e+03
7.226810652569422018e+03
7.314110140809485529e+03
7.401614389418258725e+03
7.489321294443980150e+03
7.577228783959575594e+03
7.665334817510807625e+03
7.753637385572908897e+03
7.842134509015708318e+03
7.930824238577140932e+03
8.019704654345178824e+03
8.108773865248086622e+03
8.198030008552974323e+03
8.287471249372551029e+03
8.377095780180028669e+03
8.466901820332130228e+03
8.556887615600127901e+03
8.647051437708783851e+03
8.737391583883161729e+03
8.827906376403216200e+03
8.918594162166076785e+03
9.009453312255929632e+03
9.100482221521424435e+03
9.191679308160451910e+03
9.283043013312319090e+03
9.374571800657127824e+03
9.466264156022245515e+03
9.558118586995922669e+03
9.650133622547713458e+03
9.742307812655864836e+03
9.834639727941377714e+03
9.927127959308736536e+03
1.001977111759316176e+04
1.011256783321434705e+04
1.020551675583653741e+04
1.029861655403478107e+04
1.039186591496742403e+04
1.048526354405460370e+04
1.057880816466269243e+04
1.067249851779459641e+04
1.076633336178579702e+04
1.086031147200607302e+04
1.095443164056674686e+04
1.104869267603346270e+04
1.114309340314420660e+04
1.123763266253271104e+04
1.133230931045705438e+04
1.142712221853324081e+04
1.152207027347386611e+04
1.161715237683166924e+04
1.171236744474791158e+04
1.180771440770548725e+04
1.190319221028662105e+04
1.199879981093524111e+04
1.209453618172373172e+04
1.219040030812410259e+04
1.228639118878349109e+04
1.238250783530385161e+04
1.247874927202585059e+04
1.257511453581679780e+04
1.267160267586252667e+04
1.276821275346328548e+04
1.286494384183341754e+04
1.296179502590478660e+04
1.305876540213396220e+04
1.315585407831296288e+04
1.325306017338359379e+04
1.335038281725527304e+04
1.344782115062623780e+04
1.354537432480814459e+04
1.364304150155392745e+04
1.374082185288886649e+04
1.383871456094487803e+04
1.393671881779780233e+04
1.403483382530780364e+04
1.413305879496272064e+04
1.423139294772434187e+04
1.432983551387750413e+04
1.442838573288202497e+04
1.452704285322739452e+04
1.462580613229014671e+04
1.472467483619380619e+04
1.482364823967155098e+04
1.492272562593131079e+04
1.502190628652335909e+04
1.512118952121039547e+04
1.522057463783992898e+04
1.532006095221913347e+04
1.541964778799181840e+04
1.551933447651781535e+04
1.561912035675446350e+04
1.571900477514026170e+04
1.581898708548073591e+04
1.591906664883622580e+04
1.601924283341180853e+04
1.611951501444921087e+04
1.621988257412061830e+04
1.632034490142446703e+04
1.642090139208304390e+04
1.652155144844194729e+04
1.662229447937143050e+04
1.672312990016935510e+04
1.682405713246600862e+04
1.692507560413055398e+04
1.702618474917918866e+04
1.712738400768487190e+04
1.722867282568867086e+04
1.733005065511275825e+04
1.743151695367478169e+04
1.753307118480392455e+04
1.763471281755825112e+04
1.773644132654367786e+04
1.783825619183424351e+04
1.794015689889379792e+04
1.804214293849910609e+04
1.814421380666420009e+04
1.824636900456610965e+04
1.834860803847184798e+04
1.845093041966669261e+04
1.855333566438361231e+04
1.865582329373404718e+04
1.875839283363971845e+04
1.886104381476571507e+04
1.896377577245471184e+04
1.906658824666222063e+04
1.916948078189304579e+04
1.927245292713877643e+04
1.937550423581629366e+04
1.947863425526094943e+04
1.958184256806422491e+04
1.968512873049029804e+04
1.978849231306282309e+04
1.989193289043864570e+04
1.999545004135222189e+04
2.009904334856104106e+04
2.020271239879189307e+04
2.030645678268808842e+04
2.041027609475747522e+04
2.051416993332136917e+04
2.061813790046427312e+04
2.072217960198448418e+04
2.082629464734540670e+04
2.093048264962777830e+04
2.103474322548256896e+04
2.113907599508472413e+04
2.124348058208755538e+04
2.134795661357800782e+04
2.145250372003248413e+04
2.155712153527354167e+04
2.166180969642707714e+04
2.176656784388044616e+04
2.187139562124102667e+04
2.197629267529560093e+04
2.208125865597021038e+04
2.218629321629086917e+04
2.229139601234464863e+04
2.239656670324156948e+04
2.250180495107700335e+04
2.260711042089465263e+04
2.271248278065014165e+04
2.281792170117513524e+04
2.292342685614210495e+04
2.302899792202946628e+04
2.313463457808746170e+04
2.324033650630436750e+04
2.334610339137343544e+04
2.345193492066007093e+04
2.355783078416981516e+04
2.366379067451651281e+04
2.376981428689122913e+04
2.387590131903145812e+04
2.398205147119087997e+04
2.408826444610946419e+04
2.419453994898425299e+04
2.430087768744029381e+04
2.440727737150223766e+04
2.451373871356622112e+04
2.462026142837222142e+04
2.472684523297679334e+04
2.483348984672629012e+04
2.494019499123032438e+04
2.504696039033578199e+04
2.515378577010111258e+04
2.526067085877100908e+04
2.536761538675153133e+04
2.547461908658544417e+04
2.558168169292811217e+04
2.568880294252349995e+04
2.579598257418077992e+04
2.590322032875107470e+04
2.601051594910457061e+04
2.611786918010811860e+04
2.622527976860286799e+04
2.633274746338247496e+04
2.644027201517156209e+04
2.654785317660427609e+04
2.665549070220350768e+04
2.676318434836006418e+04
2.687093387331236954e+04
2.697873903712633182e+04
2.708659960167548707e+04
2.719451533062148155e+04
2.730248598939480144e+04
2.741051134517572791e+04
2.751859116687558708e+04
2.762672522511832358e+04
2.773491329222219792e+04
2.784315514218177486e+04
2.795145055065027191e+04
2.805979929492196970e+04
2.816820115391502259e+04
2.827665590815433461e+04
2.838516333975484304e+04
2.849372323240490732e+04
2.860233537134994185e+04
2.871099954337633244e+04
2.881971553679546196e+04
2.892848314142804156e+04
2.903730214858858017e+04
2.914617235107014494e+04
2.925509354312919095e+04
2.936406552047076912e+04
2.947308808023371603e+04
2.958216102097624025e+04
2.969128414266158507e+04
2.980045724664386216e+04
2.990968013565416186e+04
3.001895261378679061e+04
3.012827448648557402e+04
3.023764556053063279e+04
3.034706564402494769e+04
3.045653454638146286e+04
3.056605207831005464e+04
3.067561805180487136e+04
3.078523228013173866e+04
3.089489457781573219e+04
3.100460476062892849e+04
3.111436264557829782e+04
3.122416805089371701e+04
3.133402079601627338e+04
3.144392070158650313e+04
3.155386758943290624e+04
3.166386128256063239e+04
3.177390160514022136e+04
3.188398838249648179e+04
3.199412144109757355e+04
3.210430060854427938e+04
3.221452571355916007e+04
3.232479658597611706e+04
3.243511305672996605e+04
3.254547495784610510e+04
3.265588212243034650e+04
3.276633438465891959e+04
3.287683157976850634e+04
3.298737354404642247e+04
3.309796011482099129e+04
3.320859113045189588e+04
3.331926643032082211e+04
3.342998585482199996e+04
3.354074924535308674e+04
3.365155644430596294e+04
3.376240729505774652e+04
3.387330164196187252e+04
3.398423933033934009e+04
3.409522020646994497e+04
3.420624411758373026e+04
3.431731091185246623e+04
3.442842043838129757e+04
3.453957254720035417e+04
3.465076708925663115e+04
3.476200391640586167e+04
3.487328288140447694e+04
3.498460383790167543e+04
3.509596664043163764e+04
3.520737114440578443e+04
3.531881720610507909e+04
3.543030468267247488e+04
3.554183343210542807e+04
3.565340331324854924e+04
3.576501418578626181e+04
3.587666591023550427e+04
3.598835834793873801e+04
3.610009136105672223e+04
3.621186481256163097e+04
3.632367856623006810e+04
3.643553248663627164e+04
3.654742643914542714e+04
3.665936028990680643e+04
3.677133390584732842e+04
3.688334715466493071e+04
3.699539990482209396e+04
3.710749202553957730e+04
3.721962338678995729e+04
3.733179385929140699e+04
3.744400331450154044e+04
3.755625162461123546e+04
3.766853866253872548e+04
3.778086430192338594e+04
3.789322841711998626e+04
3.800563088319279632e+04
