# d_m
# unit = Mpc
0.000000000000000000e+00
4.601074260055391818e+01
9.180227213636626971e+01
1.373734219633813893e+02
1.827230937496705110e+02
2.278502571181251710e+02
2.727539492172777500e+02
3.174332742231774773e+02
3.618874027753534506e+02
4.061155713499156832e+02
4.501170815729220180e+02
4.938912994771343961e+02
5.374376547053313971e+02
5.807556396633430040e+02
6.238448086259621732e+02
6.667047767988768783e+02
7.093352193397681731e+02
7.517358703416299477e+02
7.939065217813936215e+02
8.358470224368417121e+02
8.775572767747597709e+02
9.190372438132164916e+02
9.602869359607849447e+02
1.001306417835446382e+03
1.042095805065851891e+03
1.082655263077517475e+03
1.122985005866455140e+03
1.163085294762655167e+03
1.202956437185734103e+03
1.242598785394980496e+03
1.282012735235928631e+03
1.321198724885506181e+03
1.360157233597687764e+03
1.398888780451515231e+03
1.437393923103218185e+03
1.475673256544110245e+03
1.513727411865808563e+03
1.551557055034249061e+03
1.589162885673869368e+03
1.626545635863256848e+03
1.663706068943436321e+03
1.700644978339937325e+03
1.737363186399632013e+03
1.773861543243322103e+03
1.810140925634905670e+03
1.846202235867932814e+03
1.882046400670255025e+03
1.917674370127407428e+03
1.953087116625288900e+03
1.988285633812660308e+03
2.023270935583882874e+03
2.058044055082290924e+03
2.092606043724515530e+03
2.126957970246026889e+03
2.161100919768111908e+03
2.195035992886445456e+03
2.228764304781395367e+03
2.262286984350098464e+03
2.295605173360383560e+03
2.328720025626495044e+03
2.361632706206621606e+03
2.394344390622081846e+03
2.426856264098147221e+03
2.459169520826296775e+03
2.491285363247755868e+03
2.523205001358146546e+03
2.554929652033017192e+03
2.586460538374017233e+03
2.617798889075476836e+03
2.648945937811095973e+03
2.679902922640484576e+03
2.710671085435215900e+03
2.741251671324126164e+03
2.771645928157472554e+03
2.801855105989673120e+03
2.831880456580240661e+03
2.861723232912588628e+03
2.891384688730328435e+03
2.920866078090697556e+03
2.950168654934786446e+03
2.979293672674116806e+03
3.008242383793295630e+03
3.037016039468288000e+03
3.065615889199977573e+03
3.094043180462639157e+03
3.122299158366927259e+03
3.150385065337026390e+03
3.178302140801592486e+03
3.206051620898119381e+03
3.233634738190339249e+03
3.261052721398339600e+03
3.288306795141015300e+03
3.315398179690487723e+03
3.342328090738187711e+03
3.369097739172194906e+03
3.395708330865580137e+03
3.422161066475323878e+03
3.448457141251557005e+03
3.474597744856768259e+03
3.500584061194670539e+03
3.526417268248406799e+03
3.552098537927819962e+03
3.577629035925456265e+03
3.603009921581026902e+03
3.628242347754048296e+03
3.653327460704380883e+03
3.678266399980376264e+03
3.703060298314399461e+03
3.727710281525437040e+03
3.752217468428568736e+03
3.776582970751019275e+03
3.800807893054586657e+03
3.824893332664191803e+03
3.848840379602335815e+03
3.872650116529229308e+03
3.896323618688384613e+03
3.919861953857467597e+03
3.943266182304206723e+03
3.966537356747148806e+03
3.989676522321078210e+03
4.012684716546916206e+03
4.035562969305916795e+03
4.058312302817987074e+03
4.080933731623957556e+03
4.103428262571629602e+03
4.125796894805474949e+03
4.148040619759791298e+03
4.170160421155173935e+03
4.192157274998211506e+03
4.214032149584154467e+03
4.235786005502550324e+03
4.257419795645618251e+03
4.278934465219282174e+03
4.300330951756721333e+03
4.321610185134336461e+03
4.342773087590016075e+03
4.363820573743550995e+03
4.384753550619166163e+03
4.405572917670001516e+03
4.426279566804473689e+03
4.446874382414414868e+03
4.467358241404895125e+03
4.487732013225650007e+03
4.507996559904011519e+03
4.528152736079287934e+03
4.548201389038451453e+03
4.568143358753134635e+03
4.587979477917836448e+03
4.607710571989209711e+03
4.627337459226451756e+03
4.646860950732667334e+03
4.666281850497176492e+03
4.685600955438685560e+03
4.704819055449256666e+03
4.723936933439071254e+03
4.742955365381855700e+03
4.761875120360977235e+03
4.780696960616143770e+03
4.799421641590640320e+03
4.818049911979092940e+03
4.836582513775691041e+03
4.855020182322806249e+03
4.873363646360032362e+03
4.891613628073542714e+03
4.909770843145752224e+03
4.927836000805267759e+03
4.945809803877053128e+03
4.963692948832806906e+03
4.981486125841520334e+03
4.999190018820162550e+03
5.016805305484497694e+03
5.034332657399972959e+03
5.051772740032672118e+03
5.069126212800321809e+03
5.086393729123285084e+03
5.103575936475564959e+03
5.120673476435768862e+03
5.137686984738029423e+03
5.154617091322842498e+03
5.171464420387822429e+03
5.188229590438355444e+03
5.204913214338130274e+03
5.221515899359505056e+03
5.238038247233763286e+03
5.254480854201166039e+03
5.270844311060827749e+03
5.287129203220417367e+03
5.303336110745619408e+03
5.319465608409421293e+03
5.335518265741113282e+03
5.351494647075108333e+03
5.367395311599471825e+03
5.383220813404199362e+03
5.398971701529261736e+03
5.414648520012321569e+03
5.430251807936206205e+03
5.445782099476085023e+03
5.461239923946336603e+03
5.476625805847136689e+03
5.491940264910716905e+03
5.507183816147315156e+03
5.522356969890840446e+03
5.537460231844157533e+03
5.552494103124095091e+03
5.567459080306103715e+03
5.582355655468586519e+03
5.597184316236885934e+03
5.611945545826928537e+03
5.626639823088557932e+03
5.641267622548473810e+03
5.655829414452879064e+03
5.670325664809726732e+03
5.684756835430665888e+03
5.699123383972601914e+03
5.713425763978916621e+03
5.727664424920350939e+03
5.741839812235506542e+03
5.755952367371012770e+03
5.770002527821336116e+03
5.783990727168242302e+03
5.797917395119879075e+03
5.811782957549547973e+03
5.825587836534073176e+03
5.839332450391862039e+03
5.853017213720590007e+03
5.866642537434529004e+03
5.880208828801547497e+03
5.893716491479748584e+03
5.907165925553747911e+03
5.920557524395425389e+03
5.933891687292189090e+03
5.947168800752356219e+03
5.960389250922537030e+03
5.973553420552146235e+03
5.986661689027611828e+03
5.999714432406281048e+03
6.012712023449968001e+03
6.025654831658186595e+03
6.038543223301028775e+03
6.051377561451730799e+03
6.064158206018903911e+03
6.076885513778441236e+03
6.089559838405089977e+03
6.102181530503725298e+03
6.114750937640281336e+03
6.127268404372382975e+03
6.139734272279640209e+03
6.152148879993661467e+03
6.164512563227725877e+03
6.176825654806171769e+03
6.189088484693450482e+03
6.201301380022918238e+03
6.213464665125291504e+03
6.225578661556826773e+03
6.237643688127178393e+03
6.249660060927005361e+03
6.261628093355237979e+03
6.273548096146098032e+03
6.285420377395810647e+03
6.297245242589039663e+03
6.309022994625039246e+03
6.320753933843528102e+03
6.332438358050305396e+03
6.344076562542552892e+03
6.355668840133917911e+03
6.367215481179278868e+03
6.378716773599298904e+03
6.390173002904652094e+03
6.401584452220057756e+03
6.412951402307998251e+03
6.424274131592223966e+03
6.435552916180986358e+03
6.446788029890020880e+03
6.457979744265271620e+03
6.469128328605414936e+03
6.480234049984078410e+03
6.491297173271871543e+03
6.502317961158149046e+03
6.513296674172544954e+03
6.524233570706277533e+03
6.535128907033234100e+03
6.545982937330793902e+03
6.556795913700466372e+03
6.567568086188280176e+03
6.578299702804950357e+03
6.588991009545851739e+03
6.599642250410736779e+03
6.610253667423284242e+03
6.620825500650386857e+03
6.631357988221279811e+03
6.641851366346429131e+03
6.652305869336207252e+03
6.662721729619418511e+03
6.673099177761543615e+03
6.683438442482861319e+03
6.693739750676344556e+03
6.704003327425321913e+03
6.714229396021034518e+03
6.724418177979915527e+03
6.734569893060744107e+03
6.744684759281582956e+03
6.754762992936531191e+03
6.764804808612309898e+03
6.774810419204664868e+03
6.784780035934585612e+03
6.794713868364341579e+03
6.804612124413379206e+03
6.814475010374004341e+03
6.824302730926905497e+03
6.834095489156546137e+03
6.843853486566335050e+03
6.853576923093680307e+03
6.863265997124838577e+03
6.872920905509647127e+03
6.882541843576063911e+03
6.892129005144563962e+03
6.901682582542387536e+03
6.911202766617617272e+03
6.920689746753120744e+03
6.930143710880330218e+03
6.939564845492891436e+03
6.948953335660140510e+03
6.958309365040465309e+03
6.967633115894494949e+03
6.976924769098169236e+03
6.986184504155667128e+03
6.995412499212174225e+03
7.004608931066549303e+03
7.013773975183828952e+03
7.022907805707593070e+03
7.032010595472239402e+03
7.041082516015067995e+03
7.050123737588301083e+03
7.059134429170912881e+03
7.068114758480385717e+03
7.077064891984307906e+03
7.085984994911866124e+03
7.094875231265200455e+03
7.103735763830662108e+03
7.112566754189911990e+03
7.121368362730971057e+03
7.130140748659070596e+03
7.138884070007445189e+03
7.147598483647998364e+03
7.156284145301852732e+03
7.164941209549770974e+03
7.173569829842504987e+03
7.182170158511023146e+03
7.190742346776597515e+03
7.199286544760827383e+03
7.207802901495548213e+03
7.216291564932617803e+03
7.224752681953616957e+03
7.233186398379451930e+03
7.241592858979846824e+03
7.249972207482728663e+03
7.258324586583549717e+03
7.266650137954462480e+03
7.274949002253454637e+03
7.283221319133333964e+03
7.291467227250672295e+03
7.299686864274613981e+03
7.307880366895616135e+03
7.316047870834097921e+03
7.324189510848994360e+03
7.332305420746224627e+03
7.340395733387065775e+03
7.348460580696460056e+03
7.356500093671218565e+03
7.364514402388135750e+03
7.372503636012049355e+03
7.380467922803793044e+03
7.388407390128066254e+03
7.396322164461241300e+03
7.404212371399079530e+03
7.412078135664375623e+03
7.419919581114512766e+03
7.427736830748946886e+03
7.435530006716616299e+03
7.443299230323287702e+03
7.451044622038803936e+03
7.458766301504261719e+03
7.466464387539156633e+03
7.474138998148389874e+03
7.481790250529263176e+03
7.489418261078364594e+03
7.497023145398410634e+03
7.504605018305015619e+03
7.512163993833362838e+03
7.519700185244852037e+03
7.527213705033658698e+03
7.534704664933216918e+03
7.542173175922677729e+03
7.549619348233257369e+03
7.557043291354536450e+03
7.564445114040714543e+03
7.571824924316782017e+03
7.579182829484652757e+03
7.586518936129193207e+03
7.593833350124245953e+03
7.601126176638558718e+03
