# h
# unit = 1.0/Mpc
2.168259395979599009e-04
2.178585815615165548e-04
2.189068611789331449e-04
2.199707570675944561e-04
2.210502449460336502e-04
2.221452977204021594e-04
2.232558855713663224e-04
2.243819760412766153e-04
2.255235341214626506e-04
2.266805223395107472e-04
2.278529008463864324e-04
2.290406275032707151e-04
2.302436579679833042e-04
2.314619457808728337e-04
2.326954424500605784e-04
2.339440975359282629e-04
2.352078587347500565e-04
2.364866719613706867e-04
2.377804814308423389e-04
2.390892297389355856e-04
2.404128579414479617e-04
2.417513056322385218e-04
2.431045110199232177e-04
2.444724110031721697e-04
2.458549412445541348e-04
2.472520362428817938e-04
2.486636294040129994e-04
2.500896531100723144e-04
2.515300387870599615e-04
2.529847169708204302e-04
2.544536173713481337e-04
2.559366689354123899e-04
2.574337999074867650e-04
2.589449378889743217e-04
2.604700098957212916e-04
2.620089424138183050e-04
2.635616614536892858e-04
2.651280926024737034e-04
2.667081610747083081e-04
2.683017917613201133e-04
2.699089092769431462e-04
2.715294380055743645e-04
2.731633021445870600e-04
2.748104257471219712e-04
2.764707327628768661e-04
2.781441470773194247e-04
2.798305925493487899e-04
2.815299930474309963e-04
2.832422724842383077e-04
2.849673548498198950e-04
2.867051642433346989e-04
2.884556249033773238e-04
2.902186612369284579e-04
2.919941978469627270e-04
2.937821595587454754e-04
2.955824714448528458e-04
2.973950588489481157e-04
2.992198474083477937e-04
3.010567630754114104e-04
3.029057321377883437e-04
3.047666812375565888e-04
3.066395373892844283e-04
3.085242279970519725e-04
3.104206808704622778e-04
3.123288242396770622e-04
3.142485867695085145e-04
3.161798975725995070e-04
3.181226862217230553e-04
3.200768827612346379e-04
3.220424177177036657e-04
3.240192221097589051e-04
3.260072274571734958e-04
3.280063657892211683e-04
3.300165696523304939e-04
3.320377721170648163e-04
3.340699067844559431e-04
3.361129077917170247e-04
3.381667098173608008e-04
3.402312480857480463e-04
3.423064583710907160e-04
3.443922770009334808e-04
3.464886408591377775e-04
3.485954873883877789e-04
3.507127545922438731e-04
3.528403810367624618e-04
3.549783058517025683e-04
3.571264687313387728e-04
3.592848099349030787e-04
3.614532702866669867e-04
3.636317911756906649e-04
3.658203145552486467e-04
3.680187829419535785e-04
3.702271394145920038e-04
3.724453276126888789e-04
3.746732917348138329e-04
3.769109765366466798e-04
3.791583273288125374e-04
3.814152899745030341e-04
3.836818108868936847e-04
3.859578370263722362e-04
3.882433158975869816e-04
3.905381955463303831e-04
3.928424245562648904e-04
3.951559520455022283e-04
3.974787276630497071e-04
3.998107015851280017e-04
4.021518245113734616e-04
4.045020476609305924e-04
4.068613227684472842e-04
4.092296020799757140e-04
4.116068383487914454e-04
4.139929848311340319e-04
4.163879952818783396e-04
4.187918239501443418e-04
4.212044255748479868e-04
4.236257553802024096e-04
4.260557690711744196e-04
4.284944228289013076e-04
4.309416733060737704e-04
4.333974776222889120e-04
4.358617933593793379e-04
4.383345785567221379e-04
4.408157917065316051e-04
4.433053917491408427e-04
4.458033380682748046e-04
4.483095904863187292e-04
4.508241092595866809e-04
4.533468550735910677e-04
4.558777890383183926e-04
4.584168726835116735e-04
4.609640679539662523e-04
4.635193372048360670e-04
4.660826431969577045e-04
4.686539490921912045e-04
4.712332184487823305e-04
4.738204152167453860e-04
4.764155037332708058e-04
4.790184487181582251e-04
4.816292152692773585e-04
4.842477688580564183e-04
4.868740753250014861e-04
4.895081008752474351e-04
4.921498120741405651e-04
4.947991758428568537e-04
4.974561594540525709e-04
5.001207305275519191e-04
5.027928570260712651e-04
5.054725072509807767e-04
5.081596498381032480e-04
5.108542537535522808e-04
5.135562882896089554e-04
5.162657230606404598e-04
5.189825279990554737e-04
5.217066733513030284e-04
5.244381296739108328e-04
5.271768678295657732e-04
5.299228589832358314e-04
5.326760745983322252e-04
5.354364864329152433e-04
5.382040665359419298e-04
5.409787872435548603e-04
5.437606211754135270e-04
5.465495412310685495e-04
5.493455205863768693e-04
5.521485326899607448e-04
5.549585512597061043e-04
5.577755502793060004e-04
5.605995039948439640e-04
5.634303869114193168e-04
5.662681737898141165e-04
5.691128396432026037e-04
5.719643597338985950e-04
5.748227095701484131e-04
5.776878649029607883e-04
5.805598017229774170e-04
5.834384962573866719e-04
5.863239249668745004e-04
5.892160645426147876e-04
5.921148919033005940e-04
5.950203841922136654e-04
5.979325187743319983e-04
6.008512732334768706e-04
6.037766253694968428e-04
6.067085531954890566e-04
6.096470349350597813e-04
6.125920490196205218e-04
6.155435740857189298e-04
6.185015889724096135e-04
6.214660727186576902e-04
6.244370045607797442e-04
6.274143639299177436e-04
6.303981304495497127e-04
6.333882839330337968e-04
6.363848043811852874e-04
6.393876719798887755e-04
6.423968670977429386e-04
6.454123702837360121e-04
6.484341622649573630e-04
6.514622239443377963e-04
6.544965363984227118e-04
6.575370808751760526e-04
6.605838387918154791e-04
6.636367917326771405e-04
6.666959214471117811e-04
6.697612098474081677e-04
6.728326390067481755e-04
6.759101911571895223e-04
6.789938486876758231e-04
6.820835941420781961e-04
6.851794102172598534e-04
6.882812797611723502e-04
6.913891857709756868e-04
6.945031113911873588e-04
6.976230399118548255e-04
7.007489547667575779e-04
7.038808395316308898e-04
7.070186779224173256e-04
7.101624537935420992e-04
7.133121511362130454e-04
7.164677540767436844e-04
7.196292468749030660e-04
7.227966139222845874e-04
7.259698397407016992e-04
7.291489089806046453e-04
7.323338064195202956e-04
7.355245169605124705e-04
7.387210256306670940e-04
7.419233175795959942e-04
7.451313780779622803e-04
7.483451925160294633e-04
7.515647464022267308e-04
7.547900253617365572e-04
7.580210151351046482e-04
7.612577015768652805e-04
7.645000706541874589e-04
7.677481084455430819e-04
7.710018011393882272e-04
7.742611350328698063e-04
7.775260965305431709e-04
7.807966721431145460e-04
7.840728484861961495e-04
7.873546122790811520e-04
7.906419503435347914e-04
7.939348496026042441e-04
7.972332970794415068e-04
8.005372798961477455e-04
8.038467852726291366e-04
8.071618005254705980e-04
8.104823130668265419e-04
8.138083104033239871e-04
8.171397801349839949e-04
8.204767099541562239e-04
8.238190876444685543e-04
8.271669010797924344e-04
8.305201382232192849e-04
8.338787871260560942e-04
8.372428359268297956e-04
8.406122728503101840e-04
8.439870862065404229e-04
8.473672643898870656e-04
8.507527958780989686e-04
8.541436692313807318e-04
8.575398730914779574e-04
8.609413961807761695e-04
8.643482273014105755e-04
8.677603553343897057e-04
8.711777692387287020e-04
8.746004580505974601e-04
8.780284108824771205e-04
8.814616169223290273e-04
8.849000654327776735e-04
8.883437457502987421e-04
8.917926472844248196e-04
8.952467595169566385e-04
8.987060720011887409e-04
9.021705743611402361e-04
9.056402562908039914e-04
9.091151075533966891e-04
9.125951179806266649e-04
9.160802774719647816e-04
9.195705759939334098e-04
9.230660035793937816e-04
9.265665503268532936e-04
9.300722063997759548e-04
9.335829620259024830e-04
9.370988074965831954e-04
9.406197331661124168e-04
9.441457294510812110e-04
9.476767868297288110e-04
9.512128958413098787e-04
9.547540470854666431e-04
9.583002312216091709e-04
9.618514389683056106e-04
9.654076611026776418e-04
9.689688884598068744e-04
9.725351119321459098e-04
9.761063224689378592e-04
9.796825110756476798e-04
9.832636688133923174e-04
9.868497867983844034e-04
9.904408562013834304e-04
9.940368682471497491e-04
9.976378142139083211e-04
1.001243685432820279e-03
1.004854473287457089e-03
1.008470169213286855e-03
1.012090764697161490e-03
1.015716251276816470e-03
1.019346620540370575e-03
1.022981864125835838e-03
1.026621973720634419e-03
1.030266941061117004e-03
1.033916757932093347e-03
1.037571416166361074e-03
1.041230907644250534e-03
1.044895224293164015e-03
1.048564358087128402e-03
1.052238301046351738e-03
1.055917045236784554e-03
1.059600582769684891e-03
1.063288905801192856e-03
1.066982006531905615e-03
1.070679877206461928e-03
1.074382510113128632e-03
1.078089897583394937e-03
1.081802031991566928e-03
1.085518905754374874e-03
1.089240511330575320e-03
1.092966841220567283e-03
1.096697887966007574e-03
1.100433644149431548e-03
1.104174102393880134e-03
1.107919255362529477e-03
1.111669095758327074e-03
1.115423616323629437e-03
1.119182809839846257e-03
1.122946669127089774e-03
1.126715187043823710e-03
1.130488356486521314e-03
1.134266170389325139e-03
1.138048621723710720e-03
1.141835703498155895e-03
1.145627408757811426e-03
1.149423730584177685e-03
1.153224662094783732e-03
1.157030196442871599e-03
1.160840326817081216e-03
1.164655046441144017e-03
1.168474348573574594e-03
1.172298226507370155e-03
1.176126673569711286e-03
1.179959683121665961e-03
1.183797248557898977e-03
1.187639363306383124e-03
1.191486020828111435e-03
1.195337214616820068e-03
1.199192938198704672e-03
1.203053185132146961e-03
1.206917949007443218e-03
1.210787223446532172e-03
1.214661002102732177e-03
1.218539278660473206e-03
1.222422046835041623e-03
1.226309300372317376e-03
1.230201033048523764e-03
1.234097238669973296e-03
1.237997911072819630e-03
1.241903044122810587e-03
1.245812631715045946e-03
1.249726667773734144e-03
1.253645146251957873e-03
1.257568061131434474e-03
1.261495406422285647e-03
1.265427176162806306e-03
1.269363364419237323e-03
1.273303965285538936e-03
1.277248972883168266e-03
1.281198381360859444e-03
1.285152184894405468e-03
1.289110377686439411e-03
1.293072953966227338e-03
1.297039907989450168e-03
1.301011234037999838e-03
1.304986926419769624e-03
1.308966979468451823e-03
1.312951387543333497e-03
1.316940145029098490e-03
1.320933246335628591e-03
1.324930685897804904e-03
1.328932458175320066e-03
1.332938557652479841e-03
1.336948978838018581e-03
1.340963716264907983e-03
1.344982764490173848e-03
1.349006118094710693e-03
1.353033771683100029e-03
1.357065719883429741e-03
1.361101957347118007e-03
1.365142478748733760e-03
1.369187278785825813e-03
1.373236352178746787e-03
