# mu
-inf
3.333590308247912049e+01
3.485726801013575482e+01
3.575369970667878761e+01
3.639413389560539258e+01
3.689419411034624119e+01
3.730538456370466349e+01
3.765518113212230844e+01
3.795998610579184174e+01
3.823038069770116465e+01
3.847359089763858719e+01
3.869477177183201633e+01
3.889773056989032796e+01
3.908535939684499283e+01
3.925990708378080285e+01
3.942315703559268059e+01
3.957654756424930298e+01
3.972125567789234424e+01
3.985825688453217452e+01
3.998836880545632511e+01
4.011228358912074299e+01
4.023059240881107002e+01
4.034380425651425384e+01
4.045236055603838565e+01
4.055664666409694519e+01
4.065700102232680280e+01
4.075372251351605968e+01
4.084707642900865210e+01
4.093729935055615954e+01
4.102460317533015655e+01
4.110917845849036922e+01
4.119119720764660997e+01
4.127081523367738214e+01
4.134817413985254575e+01
4.142340301407315906e+01
4.149661987588306999e+01
4.156793291971570170e+01
4.163744158788357907e+01
4.170523750055993162e+01
4.177140526504551588e+01
4.183602318266106579e+01
4.189916386843469809e+01
4.196089479619402596e+01
4.202127877959506463e+01
4.208037439792464340e+01
4.213823637412271239e+01
4.219491591132479869e+01
4.225046099327659022e+01
4.230491665318324124e+01
4.235832521489778912e+01
4.241072650980069625e+01
4.246215807225767236e+01
4.251265531615063509e+01
4.256225169464401858e+01
4.261097884506548894e+01
4.265886672053899531e+01
4.270594370980139587e+01
4.275223674645648231e+01
4.279777140876785779e+01
4.284257201095994816e+01
4.288666168688287428e+01
4.293006246679731674e+01
4.297279534795012523e+01
4.301488035953573075e+01
4.305633662257319827e+01
4.309718240517108967e+01
4.313743517360191504e+01
4.317711163956366249e+01
4.321622780396644714e+01
4.325479899754827784e+01
4.329283991859286118e+01
4.333036466799552500e+01
4.336738678189929175e+01
4.340391926210152462e+01
4.343997460441266867e+01
4.347556482513147813e+01
4.351070148578588714e+01
4.354539571627511663e+01
4.357965823653623261e+01
4.361349937684761358e+01
4.364692909687160238e+01
4.367995700353006328e+01
4.371259236779818735e+01
4.374484414049498326e+01
4.377672096714204031e+01
4.380823120195647391e+01
4.383938292103825773e+01
4.387018393480779821e+01
4.390064179974452685e+01
4.393076382947369041e+01
4.396055710524485249e+01
4.399002848584190417e+01
4.401918461696179463e+01
4.404803194009600986e+01
4.407657670094650371e+01
4.410482495740546938e+01
4.413278258712587387e+01
4.416045529470822828e+01
4.418784861852680024e+01
4.421496793721711072e+01
4.424181847584478788e+01
4.426840531177479932e+01
4.429473338025840690e+01
4.432080747975420820e+01
4.434663227699856236e+01
4.437221231183954728e+01
4.439755200184774964e+01
4.442265564671625100e+01
4.444752743246148441e+01
4.447217143543576867e+01
4.449659162616175223e+01
4.452079187299813157e+01
4.454477594564581722e+01
4.456854751850275420e+01
4.459211017387530518e+01
4.461546740505362152e+01
4.463862261925794428e+01
4.466157914046227972e+01
4.468434021210180163e+01
4.470690899966945153e+01
4.472928859320756345e+01
4.475148200969928070e+01
4.477349219536491631e+01
4.479532202786761985e+01
4.481697431843275581e+01
4.483845181388506518e+01
4.485975719860741151e+01
4.488089309642479918e+01
4.490186207241711003e+01
4.492266663466370602e+01
4.494330923592316651e+01
4.496379227525090982e+01
4.498411809955750584e+01
4.500428900511042229e+01
4.502430723898143583e+01
4.504417500044239375e+01
4.506389444231123775e+01
4.508346767225064866e+01
4.510289675402123066e+01
4.512218370869113926e+01
4.514133051580406431e+01
4.516033911450712424e+01
4.517921140464061835e+01
4.519794924779083800e+01
4.521655446830773428e+01
4.523502885428870712e+01
4.525337415852993672e+01
4.527159209944646534e+01
4.528968436196242919e+01
4.530765259837237124e+01
4.532549842917499916e+01
4.534322344388032633e+01
4.536082920179119782e+01
4.537831723276025997e+01
4.539568903792325472e+01
4.541294609040954811e+01
4.543008983603073148e+01
4.544712169394809109e+01
4.546404305731977047e+01
4.548085529392836435e+01
4.549755974678959802e+01
4.551415773474283810e+01
4.553065055302407416e+01
4.554703947382195395e+01
4.556332574681759695e+01
4.557951059970851304e+01
4.559559523871752162e+01
4.561158084908689148e+01
4.562746859555835499e+01
4.564325962283946581e+01
4.565895505605683979e+01
4.567455600119646419e+01
4.569006354553188487e+01
4.570547875804039251e+01
4.572080268980770512e+01
4.573603637442154479e+01
4.575118082835445676e+01
4.576623705133621911e+01
4.578120602671619110e+01
4.579608872181592005e+01
4.581088608827232633e+01
4.582559906237173664e+01
4.584022856537515622e+01
4.585477550383491518e+01
4.586924076990305110e+01
4.588362524163169809e+01
4.589792978326567408e+01
4.591215524552754346e+01
4.592630246589538245e+01
4.594037226887346037e+01
4.595436546625608543e+01
4.596828285738475017e+01
4.598212522939886071e+01
4.599589335748025576e+01
4.600958800509151558e+01
4.602320992420852974e+01
4.603675985554727390e+01
4.605023852878504442e+01
4.606364666277630704e+01
4.607698496576334435e+01
4.609025413558178741e+01
4.610345485986125880e+01
4.611658781622115555e+01
4.612965367246187753e+01
4.614265308675145150e+01
4.615558670780782791e+01
4.616845517507680086e+01
4.618125911890594182e+01
4.619399916071436252e+01
4.620667591315858402e+01
4.621928998029466129e+01
4.623184195773647787e+01
4.624433243281059447e+01
4.625676198470738143e+01
4.626913118462894658e+01
4.628144059593358861e+01
4.629369077427706713e+01
4.630588226775078908e+01
4.631801561701678338e+01
4.633009135543984769e+01
4.634211000921669665e+01
4.635407209750232482e+01
4.636597813253358424e+01
4.637782861975009752e+01
4.638962405791258448e+01
4.640136493921858118e+01
4.641305174941572886e+01
4.642468496791263988e+01
4.643626506788736918e+01
4.644779251522909647e+01
4.645926777326336321e+01
4.647069129597637982e+01
4.648206353266399304e+01
4.649338492690073821e+01
4.650465591663536458e+01
4.651587693428443515e+01
4.652704840682401510e+01
4.653817075587942753e+01
4.654924439781323997e+01
4.656026974381141770e+01
4.657124719996777173e+01
4.658217716736664471e+01
4.659306004216402641e+01
4.660389621566697116e+01
4.661468607441145906e+01
4.662543000023873674e+01
4.663612837037008774e+01
4.664678155748021027e+01
4.665738992976909572e+01
4.666795385103252869e+01
4.667847368073119441e+01
4.668894977405848579e+01
4.669938248200696052e+01
4.670977215143354044e+01
4.672011912512344622e+01
4.673042374185293113e+01
4.674068633645080695e+01
4.675090723985881880e+01
4.676108677919082623e+01
4.677122527779097538e+01
4.678132305529064183e+01
4.679138042766446404e+01
4.680139770728519011e+01
4.681137520297760091e+01
4.682131322007140284e+01
4.683121206045314011e+01
4.684107202261720460e+01
4.685089340171580119e+01
4.686067648960815291e+01
4.687042157490867567e+01
4.688012894303437861e+01
4.688979887625133358e+01
4.689943165372041278e+01
4.690902755154205295e+01
4.691858684280038716e+01
4.692810979760648138e+01
4.693759668314085332e+01
4.694704776369519550e+01
4.695646330071342334e+01
4.696584355283198420e+01
4.697518877591939912e+01
4.698449922311525029e+01
4.699377514486831586e+01
4.700301678897422164e+01
4.701222440061231111e+01
4.702139822238194711e+01
4.703053849433818812e+01
4.703964545402679676e+01
4.704871933651875793e+01
4.705776037444411486e+01
4.706676879802530067e+01
4.707574483510982333e+01
4.708468871120251720e+01
4.709360064949715508e+01
4.710248087090758418e+01
4.711132959409832921e+01
4.712014703551469097e+01
4.712893340941233333e+01
4.713768892788642262e+01
4.714641380090021983e+01
4.715510823631331050e+01
4.716377243990921642e+01
4.717240661542273727e+01
4.718101096456672394e+01
4.718958568705843959e+01
4.719813098064556556e+01
4.720664704113168142e+01
4.721513406240141819e+01
4.722359223644519943e+01
4.723202175338353470e+01
4.724042280149099327e+01
4.724879556721978702e+01
4.725714023522291285e+01
4.726545698837702503e+01
4.727374600780488834e+01
4.728200747289752570e+01
4.729024156133596080e+01
4.729844844911266222e+01
4.730662831055267503e+01
4.731478131833436862e+01
4.732290764350990742e+01
4.733100745552540900e+01
4.733908092224076825e+01
4.734712820994916171e+01
4.735514948339637442e+01
4.736314490579962921e+01
4.737111463886631668e+01
4.737905884281236979e+01
4.738697767638032587e+01
4.739487129685720390e+01
4.740273986009202645e+01
4.741058352051311431e+01
4.741840243114518216e+01
4.742619674362606474e+01
4.743396660822330091e+01
4.744171217385041217e+01
4.744943358808296807e+01
4.745713099717440997e+01
4.746480454607161903e+01
4.747245437843030658e+01
4.748008063663014866e+01
4.748768346178971456e+01
4.749526299378113947e+01
4.750281937124464804e+01
4.751035273160282912e+01
4.751786321107470457e+01
4.752535094468963450e+01
4.753281606630097400e+01
4.754025870859956626e+01
4.754767900312703688e+01
4.755507708028889624e+01
4.756245306936747852e+01
4.756980709853463907e+01
4.757713929486438076e+01
4.758444978434518191e+01
4.759173869189223893e+01
4.759900614135948160e+01
4.760625225555148177e+01
4.761347715623515597e+01
4.762068096415129048e+01
4.762786379902594547e+01
4.763502577958172424e+01
4.764216702354878663e+01
4.764928764767581981e+01
4.765638776774082430e+01
4.766346749856170106e+01
4.767052695400682438e+01
4.767756624700528789e+01
4.768458548955717902e+01
4.769158479274364026e+01
4.769856426673678129e+01
4.770552402080951282e+01
4.771246416334518159e+01
4.771938480184714848e+01
4.772628604294817478e+01
4.773316799241975872e+01
4.774003075518124461e+01
4.774687443530890363e+01
4.775369913604487238e+01
4.776050495980593524e+01
4.776729200819225696e+01
4.777406038199593752e+01
4.778081018120948187e+01
4.778754150503418430e+01
4.779425445188838495e+01
4.780094911941557001e+01
4.780762560449247189e+01
4.781428400323697758e+01
4.782092441101595170e+01
4.782754692245300987e+01
4.783415163143613569e+01
4.784073863112521963e+01
4.784730801395951971e+01
4.785385987166498012e+01
4.786039429526152134e+01
4.786691137507020244e+01
4.787341120072029099e+01
4.787989386115624058e+01
4.788635944464459726e+01
4.789280803878082793e+01
4.789923973049604200e+01
