# d_a
# unit = Mpc
0.000000000000000000e+00
3.290183500393531091e+01
6.500369176164774387e+01
9.632804943517241725e+01
1.268965698725126714e+02
1.567301362887138794e+02
1.858488897085597955e+02
2.142722633192844910e+02
2.420190148707677054e+02
2.691072572506067218e+02
2.955544873522459284e+02
3.213776133458223399e+02
3.465929804535823564e+02
3.712163953245170660e+02
3.952631490962101566e+02
4.187480392257714357e+02
4.416853901660758197e+02
4.640890729582721406e+02
4.859725238067241548e+02
5.073487616980402208e+02
5.282304051217242886e+02
5.486296879461331173e+02
5.685584744998627684e+02
5.880282739053965315e+02
6.070502537087598967e+02
6.256352528461112570e+02
6.437937939855191871e+02
6.615360952797385607e+02
6.788720815635078907e+02
6.958113950267468226e+02
7.123634053930607024e+02
7.285372196311162725e+02
7.443416912247117807e+02
7.597854290257814682e+02
7.748768057130571378e+02
7.896239658777265049e+02
8.040348337561175640e+02
8.181171206282117510e+02
8.318783318996698881e+02
8.453257738839694184e+02
8.584665603002705438e+02
8.713076185016997215e+02
8.838556954478510761e+02
8.961173634345228720e+02
9.080990255929104933e+02
9.198069211697908258e+02
9.312471305995503599e+02
9.424255803782830299e+02
9.533480477496092362e+02
9.640201652113024693e+02
9.744474248513026851e+02
9.846351825212142330e+02
9.945886618549259310e+02
1.004312958139568877e+03
1.013813042045630823e+03
1.023093763222664847e+03
1.032159853766683455e+03
1.041015931564996436e+03
1.049666503523939809e+03
1.058115968684650397e+03
1.066368621231777297e+03
1.074428653399734458e+03
1.082300158280896085e+03
1.089987132539877848e+03
1.097493479037841325e+03
1.104823009370563796e+03
1.111979446323810635e+03
1.118966426249388178e+03
1.125787501365068692e+03
1.132446141981423125e+03
1.138945738658462460e+03
1.145289604294820947e+03
1.151480976152111907e+03
1.157523017816930633e+03
1.163418821102884749e+03
1.169171407894906224e+03
1.174783731937997800e+03
1.180258680572471349e+03
1.185599076417628794e+03
1.190807679005755517e+03
1.195887186368227276e+03
1.200840236575413883e+03
1.205669409232010594e+03
1.210377226929382914e+03
1.214966156656374551e+03
1.219438611170040531e+03
1.223796950327641980e+03
1.228043482381237482e+03
1.232180465236093823e+03
1.236210107674146911e+03
1.240134570543644259e+03
1.243955967916079544e+03
1.247676368211481758e+03
1.251297795293078934e+03
1.254822229532304391e+03
1.258251608845099781e+03
1.261587829700402153e+03
1.264832748101700645e+03
1.267988180542480677e+03
1.271055904936377146e+03
1.274037661522796952e+03
1.276935153748760740e+03
1.279750049127687134e+03
1.282483980075806812e+03
1.285138544726868759e+03
1.287715307725794446e+03
1.290215801001887712e+03
1.292641524522207192e+03
1.294993947025679518e+03
1.297274506738502396e+03
1.299484612071389165e+03
1.301625642299166884e+03
1.303698948223232037e+03
1.305705852817353161e+03
1.307647651857289929e+03
1.309525614534682290e+03
1.311340984055646004e+03
1.313094978224510442e+03
1.314788790013100197e+03
1.316423588115965003e+03
1.318000517491939945e+03
1.319520699892415450e+03
1.320985234376674725e+03
1.322395197814653784e+03
1.323751645377453315e+03
1.325055611015950035e+03
1.326308107927813580e+03
1.327510129013238839e+03
1.328662647319702273e+03
1.329766616476027593e+03
1.330822971116047711e+03
1.331832627292126517e+03
1.332796482878828328e+03
1.333715417966966243e+03
1.334590295248304983e+03
1.335421960391145603e+03
1.336211242407033978e+03
1.336958954008825003e+03
1.337665891960320096e+03
1.338332837417701285e+03
1.338960556262966975e+03
1.339549799429576069e+03
1.340101303220500313e+03
1.340615789618873805e+03
1.341093966591437038e+03
1.341536528384941448e+03
1.341944155815713884e+03
1.342317516552531060e+03
1.342657265392990439e+03
1.342964044533526703e+03
1.343238483833242981e+03
1.343481201071705527e+03
1.343692802200851020e+03
1.343873881591157669e+03
1.344025022272219530e+03
1.344146796167858838e+03
1.344239764325920305e+03
1.344304477142864016e+03
1.344341474583303352e+03
1.344351286394591853e+03
1.344334432316596576e+03
1.344291422286762554e+03
1.344222756640593616e+03
1.344128926307654410e+03
1.344010413003202757e+03
1.343867689415560108e+03
1.343701219389321977e+03
1.343511458104510439e+03
1.343298852251760309e+03
1.343063840203641575e+03
1.342806852182206285e+03
1.342528310422854020e+03
1.342228629334595553e+03
1.341908215656809716e+03
1.341567468612573293e+03
1.341206780058642607e+03
1.340826534632171160e+03
1.340427109894234491e+03
1.340008876470243422e+03
1.339572198187314825e+03
1.339117432208674700e+03
1.338644929165158374e+03
1.338155033283880584e+03
1.337648082514140469e+03
1.337124408650621945e+03
1.336584337453960188e+03
1.336028188768726750e+03
1.335456276638899908e+03
1.334868909420874843e+03
1.334266389894072518e+03
1.333649015369199105e+03
1.333017077794215766e+03
1.332370863858066969e+03
1.331710655092220804e+03
1.331036727970066750e+03
1.330349354004232737e+03
1.329648799841846539e+03
1.328935327357818323e+03
1.328209193746158007e+03
1.327470651609394736e+03
1.326719949046133479e+03
1.325957329736786733e+03
1.325183033027533611e+03
1.324397294012531574e+03
1.323600343614435360e+03
1.322792408663247897e+03
1.321973711973551417e+03
1.321144472420145121e+03
1.320304905012136942e+03
1.319455220965507124e+03
1.318595627774198420e+03
1.317726329279746096e+03
1.316847525739492767e+03
1.315959413893414649e+03
1.315062187029591087e+03
1.314156035048343483e+03
1.313241144525083200e+03
1.312317698771882533e+03
1.311385877897809905e+03
1.310445858868043615e+03
1.309497815561808466e+03
1.308541918829140741e+03
1.307578336546521768e+03
1.306607233671394170e+03
1.305628772295599447e+03
1.304643111697747827e+03
1.303650408394537862e+03
1.302650816191073545e+03
1.301644486230169605e+03
1.300631566340388872e+03
1.299612203862995329e+03
1.298586541560981459e+03
1.297554720401947407e+03
1.296516878923552213e+03
1.295473153277289384e+03
1.294423677271386168e+03
1.293368582412884507e+03
1.292307997948889351e+03
1.291242050907018893e+03
1.290170866135063761e+03
1.289094566339886114e+03
1.288013272125557251e+03
1.286927102030760580e+03
1.285836172565473817e+03
1.284740598246944955e+03
1.283640491634974296e+03
1.282535963366516398e+03
1.281427122189631518e+03
1.280314074996769477e+03
1.279196926857434619e+03
1.278075781050214346e+03
1.276950739094207620e+03
1.275821900779850694e+03
1.274689364199162583e+03
1.273553225775413239e+03
1.272413580292233519e+03
1.271270520922174228e+03
1.270124139254732654e+03
1.268974525323837724e+03
1.267821767634839716e+03
1.266665953190974278e+03
1.265507167519345785e+03
1.264345494696412970e+03
1.263181017373011628e+03
1.262013816798901871e+03
1.260843972846862243e+03
1.259671564036336122e+03
1.258496667556641796e+03
1.257319359289753265e+03
1.256139713832653797e+03
1.254957804519287265e+03
1.253773703442099077e+03
1.252587481473179878e+03
1.251399208285029545e+03
1.250208952370929865e+03
1.249016781064953193e+03
1.247822760561601172e+03
1.246626955935087835e+03
1.245429431158270518e+03
1.244230249121236284e+03
1.243029471649554353e+03
1.241827159522189731e+03
1.240623372489107396e+03
1.239418169288541321e+03
1.238211607663966561e+03
1.237003744380756416e+03
1.235794635242546974e+03
1.234584335107301968e+03
1.233372897903094781e+03
1.232160376643604877e+03
1.230946823443341600e+03
1.229732289532590812e+03
1.228516825272098686e+03
1.227300480167497426e+03
1.226083302883467468e+03
1.224865341257656382e+03
1.223646642314349037e+03
1.222427252277889238e+03
1.221207216585879451e+03
1.219986579902134054e+03
1.218765386129411354e+03
1.217543678421921641e+03
1.216321499197616276e+03
1.215098890150257148e+03
1.213875892261284434e+03
1.212652545811465643e+03
1.211428890392352059e+03
1.210204964917528741e+03
1.208980807633674885e+03
1.207756456131424557e+03
1.206531947356048477e+03
1.205307317617943227e+03
1.204082602602945826e+03
1.202857837382464140e+03
1.201633056423435846e+03
1.200408293598120054e+03
1.199183582193713391e+03
1.197958954921805571e+03
1.196734443927673055e+03
1.195510080799411753e+03
1.194285896576916230e+03
1.193061921760706127e+03
1.191838186320596378e+03
1.190614719704231447e+03
1.189391550845460870e+03
1.188168708172584729e+03
1.186946219616453163e+03
1.185724112618429899e+03
1.184502414138223230e+03
1.183281150661582387e+03
1.182060348207867946e+03
1.180840032337489902e+03
1.179620228159226144e+03
1.178400960337414062e+03
1.177182253099026639e+03
1.175964130240622126e+03
1.174746615135188677e+03
1.173529730738865965e+03
1.172313499597555847e+03
1.171097943853430252e+03
1.169883085251321518e+03
1.168668945145014050e+03
1.167455544503427973e+03
1.166242903916701380e+03
1.165031043602171849e+03
1.163819983410260647e+03
1.162609742830260075e+03
1.161400340996020986e+03
1.160191796691554828e+03
1.158984128356537667e+03
1.157777354091722827e+03
1.156571491664274618e+03
1.155366558513000882e+03
1.154162571753513930e+03
1.152959548183296192e+03
1.151757504286689255e+03
1.150556456239802628e+03
1.149356419915337938e+03
1.148157410887338983e+03
1.146959444435863134e+03
1.145762535551578821e+03
1.144566698940285505e+03
1.143371949027363371e+03
1.142178299962151868e+03
1.140985765622254121e+03
1.139794359617774262e+03
1.138604095295491788e+03
1.137414985742956787e+03
1.136227043792532413e+03
1.135040282025364377e+03
1.133854712775289954e+03
1.132670348132683785e+03
1.131487199948245234e+03
1.130305279836721411e+03
1.129124599180570158e+03
1.127945169133572108e+03
1.126767000624376124e+03
1.125590104359996531e+03
1.124414490829247370e+03
1.123240170306130722e+03
1.122067152853162952e+03
1.120895448324655945e+03
1.119725066369941260e+03
1.118556016436545633e+03
1.117388307773317138e+03
1.116221949433500413e+03
1.115056950277766873e+03
1.113893318977192848e+03
1.112731064016193613e+03
1.111570193695412627e+03
1.110410716134564609e+03
1.109252639275232013e+03
1.108095970883621249e+03
1.106940718553274792e+03
1.105786889707739419e+03
1.104634491603195102e+03
1.103483531331044333e+03
1.102334015820456216e+03
1.101185951840875987e+03
1.100039346004493382e+03
1.098894204768674172e+03
