# d_m
# unit = Mpc
0.000000000000000000e+00
3.323085335397466622e+01
6.630376559688069449e+01
9.921789091822759588e+01
1.319724326674131873e+02
1.645666431031495733e+02
1.969998230910733810e+02
2.292713217516344173e+02
2.613805360604291650e+02
2.933269104031613210e+02
3.251099360874705440e+02
3.567291508138628160e+02
3.881841381080122915e+02
4.194745267167042471e+02
4.505999899696796547e+02
4.815602451096370942e+02
5.123550525926478940e+02
5.429842153611783715e+02
5.734475780919344743e+02
6.037450264206678412e+02
6.338764861460691691e+02
6.638419224148210560e+02
6.936413388898325820e+02
7.232747769036377576e+02
7.527423145988623219e+02
7.820440660576390428e+02
8.111801804217541303e+02
8.401508410052680347e+02
8.689562644012901274e+02
8.975966995845034262e+02
9.260724270109789131e+02
9.543837577167623749e+02
9.825310324166196096e+02
1.010514620604289462e+03
1.038334919655496606e+03
1.065992353934930861e+03
1.093487373908319796e+03
1.120820455260650078e+03
1.147992098021544280e+03
1.175002825698717515e+03
1.201853184420378739e+03
1.228543742087396822e+03
1.255075087535948569e+03
1.281447829711367604e+03
1.307662596853791001e+03
1.333720035696196646e+03
1.359620810675343591e+03
1.385365603156076077e+03
1.410955110669421629e+03
1.436390046164840669e+03
1.461671137276954141e+03
1.486799125607033602e+03
1.511774766019487515e+03
1.536598825953540427e+03
1.561272084750271461e+03
1.585795332995130593e+03
1.610169371876026162e+03
1.634395012557044538e+03
1.658473075567824935e+03
1.682404390208593895e+03
1.706189793970843766e+03
1.729830131973572406e+03
1.753326256415051830e+03
1.776679026040000736e+03
1.799889305622059965e+03
1.822957965461430149e+03
1.845885880897525794e+03
1.868673931836478232e+03
1.891323002293315540e+03
1.913833979948605020e+03
1.936207755719386341e+03
1.958445223344143869e+03
1.980547278981632417e+03
2.002514820823289938e+03
2.024348748719019341e+03
2.046049963816085892e+03
2.067619368210876019e+03
2.089057864613274432e+03
2.110366356023379467e+03
2.131545745420302410e+03
2.152596935462809142e+03
2.173520828201499171e+03
2.194318324802259212e+03
2.214990325280770776e+03
2.235537728247728865e+03
2.255961430664574891e+03
2.276262327609414115e+03
2.296441312052914327e+03
2.316499274643856097e+03
2.336437103504137667e+03
2.356255684032923909e+03
2.375955898719711968e+03
2.395538626966044831e+03
2.415004744915642732e+03
2.434355125292670436e+03
2.453590637247944869e+03
2.472712146212787957e+03
2.491720513760350059e+03
2.510616597474111586e+03
2.529401250823390455e+03
2.548075323045593905e+03
2.566639659035008663e+03
2.585095099237928025e+03
2.603442479553888006e+03
2.621682631242812477e+03
2.639816380837878569e+03
2.657844550063888619e+03
2.675767955760969471e+03
2.693587409813413615e+03
2.711303719083469787e+03
2.728917685349917519e+03
2.746430105251242367e+03
2.763841770233252191e+03
2.781153466500962168e+03
2.798365974974600704e+03
2.815480071249567573e+03
2.832496525560195550e+03
2.849416102747187779e+03
2.866239562228558043e+03
2.882967657973963469e+03
2.899601138482268198e+03
2.916140746762237995e+03
2.932587220316217554e+03
2.948941291126677697e+03
2.965203685645495625e+03
2.981375124785887692e+03
2.997456323916858310e+03
3.013447992860052182e+03
3.029350835888921665e+03
3.045165551730103289e+03
3.060892833566909303e+03
3.076533369044812389e+03
3.092087840278882140e+03
3.107556923863031443e+03
3.122941290881033638e+03
3.138241606919192236e+03
3.153458532080600435e+03
3.168592721000915390e+03
3.183644822865561764e+03
3.198615481428306339e+03
3.213505335031121376e+03
3.228315016625278531e+03
3.243045153793610552e+03
3.257696368773863014e+03
3.272269278483106518e+03
3.286764494543106593e+03
3.301182623306656296e+03
3.315524265884751458e+03
3.329790018174616307e+03
3.343980470888481705e+03
3.358096209583107338e+03
3.372137814689980587e+03
3.386105861546144752e+03
3.400000920425629374e+03
3.413823556571437621e+03
3.427574330228039798e+03
3.441253796674356181e+03
3.454862506257160931e+03
3.468401004424922576e+03
3.481869831761992828e+03
3.495269524023151007e+03
3.508600612168450880e+03
3.521863622398355346e+03
3.535059076189130792e+03
3.548187490328455624e+03
3.561249376951234808e+03
3.574245243575596760e+03
3.587175593139042576e+03
3.600040924034717136e+03
3.612841730147795715e+03
3.625578500891956992e+03
3.638251721245934277e+03
3.650861871790099485e+03
3.663409428743090302e+03
3.675894863998451001e+03
3.688318645161267341e+03
3.700681235584791921e+03
3.712983094407029512e+03
3.725224676587276917e+03
3.737406432942608262e+03
3.749528810184288886e+03
3.761592250954095107e+03
3.773597193860543484e+03
3.785544073515017772e+03
3.797433320567766259e+03
3.809265361743786798e+03
3.821040619878559028e+03
3.832759513953642909e+03
3.844422459132119457e+03
3.856029866793869587e+03
3.867582144570677883e+03
3.879079696381168105e+03
3.890522922465555439e+03
3.901912219420206384e+03
3.913247980231996280e+03
3.924530594312486755e+03
3.935760447531865793e+03
3.946937922252720000e+03
3.958063397363550848e+03
3.969137248312090378e+03
3.980159847138400437e+03
3.991131562507728177e+03
4.002052759743151455e+03
4.012923800857970946e+03
4.023745044587883513e+03
4.034516846422905928e+03
4.045239558639067582e+03
4.055913530329845344e+03
4.066539107437381972e+03
4.077116632783416662e+03
4.087646446100015055e+03
4.098128884060010023e+03
4.108564280307217814e+03
4.118952965486387257e+03
4.129295267272916135e+03
4.139591510402281529e+03
4.149842016699262786e+03
4.160047105106867093e+03
4.170207091715035858e+03
4.180322289789059141e+03
4.190393009797787272e+03
4.200419559441541423e+03
4.210402243679800449e+03
4.220341364758603049e+03
4.230237222237742571e+03
4.240090113017680778e+03
4.249900331366193313e+03
4.259668168944810532e+03
4.269393914834956377e+03
4.279077853259879703e+03
4.288720272747885247e+03
4.298321452566849075e+03
4.307881671734465272e+03
4.317401206815428850e+03
4.326880331946146725e+03
4.336319318859144005e+03
4.345718436907292016e+03
4.355077953087757123e+03
4.364398132065723985e+03
4.373679236197865976e+03
4.382921525555612789e+03
4.392125257948150647e+03
4.401290688945201509e+03
4.410418071899575807e+03
4.419507657969490538e+03
4.428559696140661799e+03
4.437574433248146306e+03
4.446552113998021923e+03
4.455492980988758063e+03
4.464397274732446931e+03
4.473265233675750096e+03
4.482097094220668623e+03
4.490893090745074915e+03
4.499653455623044465e+03
4.508378419244962970e+03
4.517068210037429708e+03
4.525723054482939915e+03
4.534343177139395266e+03
4.542928800659338776e+03
4.551480145809074202e+03
4.559997431487507129e+03
4.568480874744837820e+03
4.576930690801014862e+03
4.585347093064032379e+03
4.593730293148002602e+03
4.602080500891047450e+03
4.610397924372990019e+03
4.618682769932875090e+03
4.626935242186292271e+03
4.635155544042492693e+03
4.643343876721362903e+03
4.651500439770187768e+03
4.659625431080229646e+03
4.667719046903160233e+03
4.675781481867277762e+03
4.683812928993574133e+03
4.691813579711621060e+03
4.699783623875281592e+03
4.707723249778262470e+03
4.715632644169485502e+03
4.723511992268307040e+03
4.731361477779542838e+03
4.739181282908390131e+03
4.746971588375113242e+03
4.754732573429630975e+03
4.762464415865912088e+03
4.770167292036230720e+03
4.777841376865259008e+03
4.785486843864007824e+03
4.793103865143622897e+03
4.800692611429031786e+03
4.808253252072429859e+03
4.815785955066627139e+03
4.823290887058265071e+03
4.830768213360861409e+03
4.838218097967743233e+03
4.845640703564821706e+03
4.853036191543220411e+03
4.860404722011800004e+03
4.867746453809515515e+03
4.875061544517645416e+03
4.882350150471905181e+03
4.889612426774417145e+03
4.896848527305536663e+03
4.904058604735589142e+03
4.911242810536436991e+03
4.918401294992950170e+03
4.925534207214342132e+03
4.932641695145393896e+03
4.939723905577526239e+03
4.946780984159798209e+03
4.953813075409745579e+03
4.960820322724136531e+03
4.967802868389576361e+03
4.974760853593024876e+03
4.981694418432198290e+03
4.988603701925848327e+03
4.995488842023929465e+03
5.002349975617673408e+03
5.009187238549534413e+03
5.016000765623048210e+03
5.022790690612572689e+03
5.029557146272917635e+03
5.036300264348899873e+03
5.043020175584754725e+03
5.049717009733484701e+03
5.056390895566089966e+03
5.063041960880695115e+03
5.069670332511595916e+03
5.076276136338188735e+03
5.082859497293832646e+03
5.089420539374582404e+03
5.095959385647856834e+03
5.102476158261002638e+03
5.108970978449775430e+03
5.115443966546706179e+03
5.121895241989422175e+03
5.128324923328844307e+03
5.134733128237294295e+03
5.141119973516559185e+03
5.147485575105814860e+03
5.153830048089512275e+03
5.160153506705151813e+03
5.166456064350986708e+03
5.172737833593642790e+03
5.178998926175660017e+03
5.185239453022960333e+03
5.191459524252214578e+03
5.197659249178165737e+03
5.203838736320853968e+03
5.209998093412752496e+03
5.216137427405878043e+03
5.222256844478763924e+03
5.228356450043418590e+03
5.234436348752165031e+03
5.240496644504436517e+03
5.246537440453500494e+03
5.252558839013094257e+03
5.258560941864012420e+03
5.264543849960611624e+03
5.270507663537262488e+03
5.276452482114715167e+03
5.282378404506418519e+03
5.288285528824762878e+03
5.294173952487260067e+03
5.300043772222650659e+03
5.305895084076992134e+03
5.311727983419607881e+03
5.317542564949051666e+03
5.323338922698958413e+03
5.329117150043863148e+03
5.334877339704940823e+03
5.340619583755717940e+03
5.346343973627692321e+03
5.352050600115902853e+03
5.357739553384467399e+03
5.363410922972029766e+03
5.369064797797183019e+03
5.374701266163802757e+03
5.380320415766365841e+03
5.385922333695182715e+03
5.391507106441596079e+03
5.397074819903116804e+03
5.402625559388515285e+03
5.408159409622854582e+03
5.413676454752476275e+03
5.419176778349946289e+03
5.424660463418928884e+03
5.430127592399025161e+03
5.435578247170568829e+03
5.441012509059367403e+03
5.446430458841389736e+03
5.451832176747416270e+03
5.457217742467644712e+03
5.462587235156232055e+03
5.467940733435815673e+03
5.473278315401979853e+03
5.478600058627667750e+03
5.483906040167563333e+03
5.489196336562422402e+03
5.494471023843370858e+03
