# h
# unit = 1.0/Mpc
3.002143863218681408e-04
3.016406730208748624e-04
3.030885727597901940e-04
3.045580564519370041e-04
3.060490910001598510e-04
3.075616394158389938e-04
3.090956609385147008e-04
3.106511111559111401e-04
3.122279421241561321e-04
3.138261024879984620e-04
3.154455376008354572e-04
3.170861896443660810e-04
3.187479977476976429e-04
3.204308981057381821e-04
3.221348240967182911e-04
3.238597063986914577e-04
3.256054731048730103e-04
3.273720498376846881e-04
3.291593598613802617e-04
3.309673241931378206e-04
3.327958617125106335e-04
3.346448892691378631e-04
3.365143217886244981e-04
3.384040723765084809e-04
3.403140524202384327e-04
3.422441716890980089e-04
3.441943384320132943e-04
3.461644594731942888e-04
3.481544403055634269e-04
3.501641851819324277e-04
3.521935972038960842e-04
3.542425784084162160e-04
3.563110298520769711e-04
3.583988516929957038e-04
3.605059432703817848e-04
3.626322031817386256e-04
3.647775293577107630e-04
3.669418191345808259e-04
3.691249693244257643e-04
3.713268762829484405e-04
3.735474359749986766e-04
3.757865440378073407e-04
3.780440958419565645e-04
3.803199865501128178e-04
3.826141111735539032e-04
3.849263646265193065e-04
3.872566417784229333e-04
3.896048375039584287e-04
3.919708467311414763e-04
3.943545644873241518e-04
3.967558859432251863e-04
3.991747064550166344e-04
4.016109216045123760e-04
4.040644272375005716e-04
4.065351195002658803e-04
4.090228948743476257e-04
4.115276502095782012e-04
4.140492827554498518e-04
4.165876901908536351e-04
4.191427706522392414e-04
4.217144227602415358e-04
4.243025456448177310e-04
4.269070389689449030e-04
4.295278029509193730e-04
4.321647383853075594e-04
4.348177466625876555e-04
4.374867297875308677e-04
4.401715903963640650e-04
4.428722317727560687e-04
4.455885578626691624e-04
4.483204732881221170e-04
4.510678833598967151e-04
4.538306940892374301e-04
4.566088121985751626e-04
4.594021451313185607e-04
4.622106010607469179e-04
4.650340888980439486e-04
4.678725182995050217e-04
4.707257996729548788e-04
4.735938441834085244e-04
4.764765637580074364e-04
4.793738710902651929e-04
4.822856796436505436e-04
4.852119036545397466e-04
4.881524581345680945e-04
4.911072588724075183e-04
4.940762224349954214e-04
4.970592661682487904e-04
5.000563081972783782e-04
5.030672674261392301e-04
5.060920635371307218e-04
5.091306169896772302e-04
5.121828490188085146e-04
5.152486816332606289e-04
5.183280376132183955e-04
5.214208405077230780e-04
5.245270146317565279e-04
5.276464850630302114e-04
5.307791776384873563e-04
5.339250189505428306e-04
5.370839363430722447e-04
5.402558579071684930e-04
5.434407124766802615e-04
5.466384296235461638e-04
5.498489396529399010e-04
5.530721735982384790e-04
5.563080632158274707e-04
5.595565409797531890e-04
5.628175400762365152e-04
5.660909943980568402e-04
5.693768385388201046e-04
5.726750077871155991e-04
5.759854381205772476e-04
5.793080661998545756e-04
5.826428293625053991e-04
5.859896656168142462e-04
5.893485136355488705e-04
5.927193127496604942e-04
5.961020029419352622e-04
5.994965248406038463e-04
6.029028197129147285e-04
6.063208294586798367e-04
6.097504966037969789e-04
6.131917642937535209e-04
6.166445762871178120e-04
6.201088769490248646e-04
6.235846112446583479e-04
6.270717247327340987e-04
6.305701635589914394e-04
6.340798744496916510e-04
6.376008047051356367e-04
6.411329021931925359e-04
6.446761153428543596e-04
6.482303931378120918e-04
6.517956851100599816e-04
6.553719413335274812e-04
6.589591124177462044e-04
6.625571495015490859e-04
6.661660042468082457e-04
6.697856288322104768e-04
6.734159759470743651e-04
6.770569987852108861e-04
6.807086510388260688e-04
6.843708868924734245e-04
6.880436610170501772e-04
6.917269285638438011e-04
6.954206451586285396e-04
6.991247668958136411e-04
7.028392503326422267e-04
7.065640524834436095e-04
7.102991308139390645e-04
7.140444432356046279e-04
7.177999481000845285e-04
7.215656041936643591e-04
7.253413707317978064e-04
7.291272073536925798e-04
7.329230741169514163e-04
7.367289314922695733e-04
7.405447403581931444e-04
7.443704619959322366e-04
7.482060580842332361e-04
7.520514906943089701e-04
7.559067222848264407e-04
7.597717156969532133e-04
7.636464341494619184e-04
7.675308412338910239e-04
7.714249009097656718e-04
7.753285774998743517e-04
7.792418356856041202e-04
7.831646405023318753e-04
7.870969573348747181e-04
7.910387519129926824e-04
7.949899903069551068e-04
7.989506389231548203e-04
8.029206644997829339e-04
8.069000341025591447e-04
8.108887151205154903e-04
8.148866752618343133e-04
8.188938825497414122e-04
8.229103053184536184e-04
8.269359122091770068e-04
8.309706721661620256e-04
8.350145544328067652e-04
8.390675285478144379e-04
8.431295643414028979e-04
8.472006319315630602e-04
8.512807017203689267e-04
8.553697443903380280e-04
8.594677309008400034e-04
8.635746324845546213e-04
8.676904206439797805e-04
8.718150671479830971e-04
8.759485440284061827e-04
8.800908235767115331e-04
8.842418783406780962e-04
8.884016811211410767e-04
8.925702049687770593e-04
8.967474231809352114e-04
9.009333092985119616e-04
9.051278371028669868e-04
9.093309806127851695e-04
9.135427140814809466e-04
9.177630119936415823e-04
9.219918490625161932e-04
9.262292002270409866e-04
9.304750406490097095e-04
9.347293457102796594e-04
9.389920910100197629e-04
9.432632523619963833e-04
9.475428057918970767e-04
9.518307275346943536e-04
9.561269940320424017e-04
9.604315819297152244e-04
9.647444680750778476e-04
9.690656295145947145e-04
9.733950434913734261e-04
9.777326874427423077e-04
9.820785389978625626e-04
9.864325759753752275e-04
9.907947763810800047e-04
9.951651184056488960e-04
9.995435804223686774e-04
1.003930140984919802e-03
1.008324778825183494e-03
1.012727472851082233e-03
1.017138202144447562e-03
1.021556945958921507e-03
1.025983683717886187e-03
1.030418395012421603e-03
1.034861059599296185e-03
1.039311657398979015e-03
1.043770168493686305e-03
1.048236573125454997e-03
1.052710851694238243e-03
1.057192984756032779e-03
1.061682953021032307e-03
1.066180737351803652e-03
1.070686318761491541e-03
1.075199678412048316e-03
1.079720797612487501e-03
1.084249657817161223e-03
1.088786240624064301e-03
1.093330527773159373e-03
1.097882501144728257e-03
1.102442142757743045e-03
1.107009434768262569e-03
1.111584359467850548e-03
1.116166899282015207e-03
1.120757036768671227e-03
1.125354754616622512e-03
1.129960035644065990e-03
1.134572862797118397e-03
1.139193219148359765e-03
1.143821087895399886e-03
1.148456452359461911e-03
1.153099295983990667e-03
1.157749602333272470e-03
1.162407355091082256e-03
1.167072538059342425e-03
1.171745135156803145e-03
1.176425130417742618e-03
1.181112507990680774e-03
1.185807252137113365e-03
1.190509347230263824e-03
1.195218777753849883e-03
1.199935528300869044e-03
1.204659583572398373e-03
1.209390928376414230e-03
1.214129547626623942e-03
1.218875426341315240e-03
1.223628549642222186e-03
1.228388902753402376e-03
1.233156471000136254e-03
1.237931239807833587e-03
1.242713194700960757e-03
1.247502321301976720e-03
1.252298605330290013e-03
1.257102032601222028e-03
1.261912589024992860e-03
1.266730260605709738e-03
1.271555033440381057e-03
1.276386893717932356e-03
1.281225827718244408e-03
1.286071821811197394e-03
1.290924862455730465e-03
1.295784936198916479e-03
1.300652029675040434e-03
1.305526129604701532e-03
1.310407222793916757e-03
1.315295296133242023e-03
1.320190336596903293e-03
1.325092331241937895e-03
1.330001267207349055e-03
1.334917131713269549e-03
1.339839912060137705e-03
1.344769595627883169e-03
1.349706169875121344e-03
1.354649622338364740e-03
1.359599940631236493e-03
1.364557112443695163e-03
1.369521125541277957e-03
1.374491967764343309e-03
1.379469627027326683e-03
1.384454091318009818e-03
1.389445348696789978e-03
1.394443387295971537e-03
1.399448195319052783e-03
1.404459761040033122e-03
1.409478072802720482e-03
1.414503119020053259e-03
1.419534888173427890e-03
1.424573368812035107e-03
1.429618549552206380e-03
1.434670419076763829e-03
1.439728966134385746e-03
1.444794179538972777e-03
1.449866048169025801e-03
1.454944560967029888e-03
1.460029706938848447e-03
1.465121475153120627e-03
1.470219854740671293e-03
1.475324834893920571e-03
1.480436404866311822e-03
1.485554553971734845e-03
1.490679271583965782e-03
1.495810547136105064e-03
1.500948370120031841e-03
1.506092730085855595e-03
1.511243616641381191e-03
1.516401019451577188e-03
1.521564928238049999e-03
1.526735332778527158e-03
1.531912222906345799e-03
1.537095588509945461e-03
1.542285419532366973e-03
1.547481705970761958e-03
1.552684437875901692e-03
1.557893605351697670e-03
1.563109198554718700e-03
1.568331207693730986e-03
1.573559623029220427e-03
1.578794434872942678e-03
1.584035633587461273e-03
1.589283209585704622e-03
1.594537153330516941e-03
1.599797455334223259e-03
1.605064106158192059e-03
1.610337096412410920e-03
1.615616416755057821e-03
1.620902057892088279e-03
1.626194010576815542e-03
1.631492265609505755e-03
1.636796813836971379e-03
1.642107646152171987e-03
1.647424753493816800e-03
1.652748126845979357e-03
1.658077757237704604e-03
1.663413635742631586e-03
1.668755753478613334e-03
1.674104101607345411e-03
1.679458671333995548e-03
1.684819453906837624e-03
1.690186440616894522e-03
1.695559622797576443e-03
1.700938991824331578e-03
1.706324539114295472e-03
1.711716256125947119e-03
1.717114134358766787e-03
1.722518165352899481e-03
1.727928340688819273e-03
1.733344651987003826e-03
1.738767090907600678e-03
1.744195649150112604e-03
1.749630318453072137e-03
1.755071090593728241e-03
1.760517957387734700e-03
1.765970910688840047e-03
1.771429942388581813e-03
1.776895044415985553e-03
1.782366208737264091e-03
1.787843427355522395e-03
1.793326692310466802e-03
1.798815995678111840e-03
1.804311329570497694e-03
1.809812686135403971e-03
1.815320057556071929e-03
1.820833436050925186e-03
1.826352813873296935e-03
1.831878183311155209e-03
1.837409536686840286e-03
1.842946866356792550e-03
1.848490164711293592e-03
1.854039424174205126e-03
1.859594637202710088e-03
1.865155796287060663e-03
1.870722893950323932e-03
1.876295922748131206e-03
1.881874875268435597e-03
1.887459744131263304e-03
1.893050521988472699e-03
1.898647201523517326e-03
