# mu
-inf
3.262931433849722396e+01
3.415069182900135303e+01
3.504713607837365430e+01
3.568758280741823796e+01
3.618765554692622288e+01
3.659885850711646071e+01
3.694866756190273804e+01
3.725348499900785271e+01
3.752389202900898368e+01
3.776711463934402246e+01
3.798830789395165652e+01
3.819127904021355846e+01
3.837892018099670111e+01
3.855348014528462386e+01
3.871674233593469694e+01
3.887014506294203642e+01
3.901486533253896027e+01
3.915187865089075103e+01
3.928200263750413512e+01
3.940592943911838830e+01
3.952425022736643712e+01
3.963747399264612170e+01
3.974604215723966405e+01
3.985034007639743692e+01
3.995070619035540460e+01
4.004743938056235208e+01
4.014080493708376451e+01
4.023103944045291058e+01
4.031835478668238437e+01
4.040294152983133813e+01
4.048497167646657147e+01
4.056460103648011994e+01
4.064197121221094733e+01
4.071721129068370004e+01
4.079043929061927543e+01
4.086176340568049170e+01
4.093128307746042083e+01
4.099908992546294684e+01
4.106526855636833773e+01
4.112989727092451631e+01
4.119304868363329319e+01
4.125479026784127257e+01
4.131518483676752140e+01
4.137429096930477357e+01
4.143216338804049315e+01
4.148885329579819370e+01
4.154440867605067211e+01
4.159887456176820564e+01
4.165229327660576786e+01
4.170470465178129871e+01
4.175614622153238997e+01
4.180665339964609473e+01
4.185625963922402093e+01
4.190499657756193841e+01
4.195289416778172864e+01
4.199998079864680278e+01
4.204628340381515272e+01
4.209182756163105665e+01
4.213663758642510970e+01
4.218073661217796655e+01
4.222414666930431082e+01
4.226688875522737021e+01
4.230898289933942635e+01
4.235044822287785848e+01
4.239130299418912529e+01
4.243156467980229252e+01
4.247124999168966042e+01
4.251037493105260978e+01
4.254895482893647340e+01
4.258700438394755849e+01
4.262453769731826014e+01
4.266156830554238866e+01
4.269810921078104116e+01
4.273417290922064637e+01
4.276977141754746015e+01
4.280491629768779660e+01
4.283961867994943873e+01
4.287388928468759275e+01
4.290773844260768044e+01
4.294117611380747235e+01
4.297421190565201954e+01
4.300685508956692615e+01
4.303911461682828588e+01
4.307099913342095476e+01
4.310251699403096382e+01
4.313367627523240344e+01
4.316448478792454324e+01
4.319495008906991274e+01
4.322507949278077177e+01
4.325488008079710767e+01
4.328435871239631183e+01
4.331352203377150545e+01
4.334237648691266998e+01
4.337092831802220871e+01
4.339918358549441990e+01
4.342714816748568296e+01
4.345482776910095168e+01
4.348222792921965407e+01
4.350935402698290488e+01
4.353621128796213213e+01
4.356280479002801798e+01
4.358913946893722624e+01
4.361522012365323064e+01
4.364105142141649196e+01
4.366663790257822342e+01
4.369198398521098170e+01
4.371709396950846838e+01
4.374197204198620881e+01
4.376662227949391593e+01
4.379104865304974226e+01
4.381525503150591305e+01
4.383924518505472179e+01
4.386302278858316583e+01
4.388659142488427278e+01
4.390995458773234361e+01
4.393311568482907603e+01
4.395607804062722579e+01
4.397884489903782423e+01
4.400141942602677148e+01
4.402380471210629054e+01
4.404600377472632999e+01
4.406801956057080361e+01
4.408985494776323577e+01
4.411151274798601918e+01
4.413299570851755504e+01
4.415430651419094943e+01
4.417544778927795335e+01
4.419642209930164256e+01
4.421723195278106999e+01
4.423787980291083954e+01
4.425836804917877743e+01
4.427869903892419501e+01
4.429887506883957826e+01
4.431889838641805568e+01
4.433877119134904632e+01
4.435849563686430486e+01
4.437807383103658765e+01
4.439750783803275169e+01
4.441679967932345363e+01
4.443595133485104043e+01
4.445496474415756438e+01
4.447384180747436488e+01
4.449258438677503591e+01
4.451119430679301558e+01
4.452967335600539656e+01
4.454802328758424323e+01
4.456624582031675175e+01
4.458434263949538234e+01
4.460231539777928589e+01
4.462016571602801918e+01
4.463789518410870016e+01
4.465550536167758366e+01
4.467299777893700963e+01
4.469037393736873298e+01
4.470763531044448769e+01
4.472478334431454527e+01
4.474181945847529107e+01
4.475874504641636520e+01
4.477556147624824234e+01
4.479227009131101056e+01
4.480887221076484650e+01
4.482536913016304680e+01
4.484176212200810596e+01
4.485805243629148009e+01
4.487424130101764774e+01
4.489032992271295797e+01
4.490631948691983411e+01
4.492221115867681647e+01
4.493800608298498389e+01
4.495370538526110948e+01
4.496931017177814738e+01
4.498482153009334183e+01
4.500024052946449160e+01
4.501556822125461821e+01
4.503080563932562796e+01
4.504595380042113106e+01
4.506101370453887967e+01
4.507598633529315180e+01
4.509087266026737950e+01
4.510567363135737651e+01
4.512039018510541410e+01
4.513502324302547208e+01
4.514957371191997026e+01
4.516404248418815826e+01
4.517843043812652581e+01
4.519273843822144698e+01
4.520696733543424273e+01
4.522111796747900314e+01
4.523519115909326160e+01
4.524918772230191166e+01
4.526310845667435956e+01
4.527695414957530318e+01
4.529072557640922980e+01
4.530442350085881742e+01
4.531804867511749535e+01
4.533160184011624949e+01
4.534508372574490664e+01
4.535849505106799739e+01
4.537183652453542493e+01
4.538510884418802505e+01
4.539831269785825896e+01
4.541144876336602465e+01
4.542451770870987815e+01
4.543752019225370020e+01
4.545045686290901443e+01
4.546332836031299962e+01
4.547613531500233819e+01
4.548887834858307855e+01
4.550155807389652551e+01
4.551417509518135773e+01
4.552673000823201477e+01
4.553922340055345330e+01
4.555165585151245011e+01
4.556402793248543759e+01
4.557634020700303523e+01
4.558859323089136240e+01
4.560078755241016069e+01
4.561292371238792498e+01
4.562500224435396490e+01
4.563702367466760990e+01
4.564898852264462192e+01
4.566089730068075170e+01
4.567275051437272282e+01
4.568454866263651581e+01
4.569629223782320082e+01
4.570798172583214125e+01
4.571961760622198057e+01
4.573120035231907110e+01
4.574273043015455897e+01
4.575420830320805266e+01
4.576563442560455996e+01
4.577700924678158145e+01
4.578833321045369331e+01
4.579960675470810827e+01
4.581083031209827539e+01
4.582200430973559691e+01
4.583312916937920534e+01
4.584420530752396417e+01
4.585523313548662827e+01
4.586621305949034877e+01
4.587714548074734466e+01
4.588803079554003261e+01
4.589886939530048693e+01
4.590966166668830795e+01
4.592040799166696274e+01
4.593110874757859818e+01
4.594176430721743998e+01
4.595237503890164277e+01
4.596294130654386123e+01
4.597346346972035747e+01
4.598394188373880098e+01
4.599437689970475418e+01
4.600476886458691439e+01
4.601511812128102719e+01
4.602542500867265574e+01
4.603568986169872090e+01
4.604591301140786186e+01
4.605609478501969534e+01
4.606623550598293093e+01
4.607633549403239215e+01
4.608639506524499296e+01
4.609641453209469120e+01
4.610639420350632633e+01
4.611633438490860470e+01
4.612623537828599751e+01
4.613609748222970808e+01
4.614592099198777930e+01
4.615570619951418507e+01
4.616545339351708321e+01
4.617516285950620158e+01
4.618483487983937152e+01
4.619446973376817311e+01
4.620406769748285569e+01
4.621362904415633466e+01
4.622315404398754879e+01
4.623264296424391517e+01
4.624209606930314465e+01
4.625151362069424010e+01
4.626089587713779849e+01
4.627024309458565199e+01
4.627955552625976310e+01
4.628883342269045897e+01
4.629807703175401912e+01
4.630728659870963071e+01
4.631646236623561919e+01
4.632560457446519564e+01
4.633471346102147237e+01
4.634378926105195262e+01
4.635283220726241638e+01
4.636184252995020927e+01
4.637082045703702704e+01
4.637976621410106759e+01
4.638868002440874960e+01
4.639756210894579169e+01
4.640641268644783679e+01
4.641523197343060758e+01
4.642402018421942955e+01
4.643277753097844140e+01
4.644150422373915177e+01
4.645020047042868327e+01
4.645886647689744109e+01
4.646750244694641196e+01
4.647610858235393039e+01
4.648468508290213208e+01
4.649323214640285329e+01
4.650174996872323163e+01
4.651023874381077405e+01
4.651869866371817608e+01
4.652712991862756553e+01
4.653553269687455440e+01
4.654390718497171520e+01
4.655225356763186539e+01
4.656057202779085458e+01
4.656886274663004599e+01
4.657712590359849969e+01
4.658536167643467252e+01
4.659357024118791912e+01
4.660175177223960219e+01
4.660990644232384739e+01
4.661803442254801411e+01
4.662613588241291041e+01
4.663421098983252477e+01
4.664225991115365844e+01
4.665028281117515263e+01
4.665827985316678905e+01
4.666625119888800555e+01
4.667419700860625653e+01
4.668211744111513184e+01
4.669001265375216292e+01
4.669788280241643008e+01
4.670572804158582869e+01
4.671354852433415772e+01
4.672134440234786013e+01
4.672911582594263535e+01
4.673686294407968234e+01
4.674458590438180039e+01
4.675228485314920590e+01
4.675995993537512163e+01
4.676761129476116707e+01
4.677523907373245038e+01
4.678284341345256081e+01
4.679042445383825566e+01
4.679798233357391268e+01
4.680551719012590439e+01
4.681302915975659573e+01
4.682051837753829204e+01
4.682798497736689569e+01
4.683542909197537085e+01
4.684285085294710882e+01
4.685025039072897357e+01
4.685762783464427628e+01
4.686498331290547981e+01
4.687231695262679665e+01
4.687962887983654525e+01
4.688691921948939978e+01
4.689418809547842670e+01
4.690143563064694376e+01
4.690866194680025814e+01
4.691586716471721275e+01
4.692305140416157627e+01
4.693021478389329104e+01
4.693735742167954328e+01
4.694447943430570547e+01
4.695158093758611528e+01
4.695866204637471242e+01
4.696572287457553330e+01
4.697276353515306369e+01
4.697978414014244208e+01
4.698678480065953522e+01
4.699376562691089987e+01
4.700072672820354569e+01
4.700766821295462705e+01
4.701459018870104245e+01
4.702149276210875684e+01
4.702837603898217367e+01
4.703524012427325829e+01
4.704208512209063997e+01
4.704891113570850791e+01
4.705571826757540066e+01
4.706250661932296708e+01
4.706927629177453554e+01
4.707602738495354799e+01
4.708275999809196577e+01
4.708947422963852603e+01
4.709617017726684907e+01
4.710284793788354563e+01
4.710950760763611100e+01
4.711614928192076945e+01
4.712277305539025463e+01
4.712937902196138396e+01
4.713596727482266147e+01
4.714253790644168873e+01
4.714909100857254032e+01
4.715562667226299709e+01
4.716214498786176534e+01
4.716864604502549696e+01
4.717512993272580957e+01
4.718159673925619302e+01
4.718804655223883060e+01
4.719447945863129235e+01
