# d_a
# unit = Mpc
0.000000000000000000e+00
3.701428288088886376e+01
7.312847454271164338e+01
1.083678684325895034e+02
1.427568384058982929e+02
1.763188822455631737e+02
2.090766626629744280e+02
2.410520459474877555e+02
2.722661384191783895e+02
3.027393208281833950e+02
3.324912808336004559e+02
3.615410436853233591e+02
3.899070012234158185e+02
4.176069393015104652e+02
4.446580637332388619e+02
4.710770248538087230e+02
4.968799407824840273e+02
5.220824194658119950e+02
5.466995795760336705e+02
5.707460703340512964e+02
5.942360903216807628e+02
6.171834053435866281e+02
6.396013653952994673e+02
6.615029207899967787e+02
6.829006374932737344e+02
7.038067117119428531e+02
7.242329837799013603e+02
7.441909513813615149e+02
7.636917821491463201e+02
7.827463256733669823e+02
8.013651249535569150e+02
8.195584273252756020e+02
8.373361948902360155e+02
8.547081144772220114e+02
8.716836071593631914e+02
8.882718373517727741e+02
9.044817215120796163e+02
9.203219364650128682e+02
9.358009273709244553e+02
9.509269153569366608e+02
9.657079048282651002e+02
9.801516904762603417e+02
9.942658639986813114e+02
1.008057820546848916e+03
1.021534764913427239e+03
1.034703717473807046e+03
1.047571519893307141e+03
1.060144840611684458e+03
1.072430180115825806e+03
1.084433876010827817e+03
1.096162107899130660e+03
1.107620902076797847e+03
1.118816136055557308e+03
1.129753542918693938e+03
1.140438715518487697e+03
1.150877110522423891e+03
1.161074052315036624e+03
1.171034736761857630e+03
1.180764234841605230e+03
1.190267496152400781e+03
1.199549352297529140e+03
1.208614520155906575e+03
1.217467605042231526e+03
1.226113103761444791e+03
1.234555407561965694e+03
1.242798804991883344e+03
1.250847484662104080e+03
1.258705537920244069e+03
1.266376961438853868e+03
1.273865659721405336e+03
1.281175447529289841e+03
1.288310052232908674e+03
1.295273116089817449e+03
1.302068198452702063e+03
1.308698777909870159e+03
1.315168254360789888e+03
1.321479951029104541e+03
1.327637116415427272e+03
1.333642926192118694e+03
1.339500485042157607e+03
1.345212828444108254e+03
1.350782924405096765e+03
1.356213675143644423e+03
1.361507918724094907e+03
1.366668430644327373e+03
1.371697925378344280e+03
1.376599057875284643e+03
1.381374425016325858e+03
1.386026567030882234e+03
1.390557968873461959e+03
1.394971061562464911e+03
1.399268223482173426e+03
1.403451781649130226e+03
1.407524012944040578e+03
1.411487145310305550e+03
1.415343358920249329e+03
1.419094787310041511e+03
1.422743518484306151e+03
1.426291595991349141e+03
1.429741019969919989e+03
1.433093748168358616e+03
1.436351696936990720e+03
1.439516742194560948e+03
1.442590720369493738e+03
1.445575429316725604e+03
1.448472629210839614e+03
1.451284043416192844e+03
1.454011359334718236e+03
1.456656229232044097e+03
1.459220271042568584e+03
1.461705069154086914e+03
1.464112175172557500e+03
1.466443108667584056e+03
1.468699357899147344e+03
1.470882380526125644e+03
1.472993604297106913e+03
1.475034427724001944e+03
1.477006220738917591e+03
1.478910325334772779e+03
1.480748056190099078e+03
1.482520701278445586e+03
1.484229522462844216e+03
1.485875756075701020e+03
1.487460613484546229e+03
1.488985281643994313e+03
1.490450923634309902e+03
1.491858679186926338e+03
1.493209665197261302e+03
1.494504976225184464e+03
1.495745684983452747e+03
1.496932842814426749e+03
1.498067480155395060e+03
1.499150606992786834e+03
1.500183213305579329e+03
1.501166269498168049e+03
1.502100726822990964e+03
1.502987517793150801e+03
1.503827556585318689e+03
1.504621739433149742e+03
1.505370945011466574e+03
1.506076034811440195e+03
1.506737853507006776e+03
1.507357229312738127e+03
1.507934974333378705e+03
1.508471884905277420e+03
1.508968741929897988e+03
1.509426311199625388e+03
1.509845343716052412e+03
1.510226576000938849e+03
1.510570730400028424e+03
1.510878515379895362e+03
1.511150625818005437e+03
1.511387743286149544e+03
1.511590536327420523e+03
1.511759660726892434e+03
1.511895759776155273e+03
1.511999464531861122e+03
1.512071394068423388e+03
1.512112155725018738e+03
1.512122345347026794e+03
1.512102547522045370e+03
1.512053335810613362e+03
1.511975272971772483e+03
1.511868911183585169e+03
1.511734792258744164e+03
1.511573447855378845e+03
1.511385399683184460e+03
1.511171159704981847e+03
1.510931230333815847e+03
1.510666104625708385e+03
1.510376266468158292e+03
1.510062190764501111e+03
1.509724343614215741e+03
1.509363182489285009e+03
1.508979156406703169e+03
1.508572706097206492e+03
1.508144264170342012e+03
1.507694255275939213e+03
1.507223096262077888e+03
1.506731196329636077e+03
1.506218957183500606e+03
1.505686773180499358e+03
1.505135031474170546e+03
1.504564112156396959e+03
1.503974388396015456e+03
1.503366226574452639e+03
1.502739986418458329e+03
1.502096021130014833e+03
1.501434677513464976e+03
1.500756296099954852e+03
1.500061211269220166e+03
1.499349751368804164e+03
1.498622238830746483e+03
1.497878990285816371e+03
1.497120316675335062e+03
1.496346523360650735e+03
1.495557910230309972e+03
1.494754771804990469e+03
1.493937397340236203e+03
1.493106070927049359e+03
1.492261071590384745e+03
1.491402673385596927e+03
1.490531145492888754e+03
1.489646752309797648e+03
1.488749753541769223e+03
1.487840404290864399e+03
1.486918955142640016e+03
1.485985652251233432e+03
1.485040737422710890e+03
1.484084448196700123e+03
1.483117017926353583e+03
1.482138675856684358e+03
1.481149647201298194e+03
1.480150153217570960e+03
1.479140411280287481e+03
1.478120634953802437e+03
1.477091034062734252e+03
1.476051814761221294e+03
1.475003179600799285e+03
1.473945327596899006e+03
1.472878454294012045e+03
1.471802751829548015e+03
1.470718408996418702e+03
1.469625611304361428e+03
1.468524541040048689e+03
1.467415377325994996e+03
1.466298296178291594e+03
1.465173470563201590e+03
1.464041070452626855e+03
1.462901262091708077e+03
1.461754211174889178e+03
1.460600078249905209e+03
1.459439021844314766e+03
1.458271197752678518e+03
1.457096759085785379e+03
1.455915856318919168e+03
1.454728637339189618e+03
1.453535247491926611e+03
1.452335829626185387e+03
1.451130524139356567e+03
1.449919469020918086e+03
1.448702799895333328e+03
1.447480650064128213e+03
1.446253150547145651e+03
1.445020430123017377e+03
1.443782615368844972e+03
1.442539830699132835e+03
1.441292198403957173e+03
1.440039838686422627e+03
1.438782869699394723e+03
1.437521407581526773e+03
1.436255566492615571e+03
1.434985458648269514e+03
1.433711194353929159e+03
1.432432882038239768e+03
1.431150628285794937e+03
1.429864537869256765e+03
1.428574713780878028e+03
1.427281257263428643e+03
1.425984267840537541e+03
1.424683843346470667e+03
1.423380079955348492e+03
1.422073072209822612e+03
1.420762913049208237e+03
1.419449693837100995e+03
1.418133504388476240e+03
1.416814432996289952e+03
1.415492566457576231e+03
1.414167990099075496e+03
1.412840787802379282e+03
1.411511042028613929e+03
1.410178833842673612e+03
1.408844242937003173e+03
1.407507347654944851e+03
1.406168225013662322e+03
1.404826950726638415e+03
1.403483599225768330e+03
1.402138243683042901e+03
1.400790956031847145e+03
1.399441806987860218e+03
1.398090866069586127e+03
1.396738201618506992e+03
1.395383880818872967e+03
1.394027969717134511e+03
1.392670533241024259e+03
1.391311635218301035e+03
1.389951338395142784e+03
1.388589704454228240e+03
1.387226794032476619e+03
1.385862666738485814e+03
1.384497381169648179e+03
1.383130994928960718e+03
1.381763564641548555e+03
1.380395145970880321e+03
1.379025793634702950e+03
1.377655561420692038e+03
1.376284502201827763e+03
1.374912667951494541e+03
1.373540109758320341e+03
1.372166877840749976e+03
1.370793021561361456e+03
1.369418589440937694e+03
1.368043629172282181e+03
1.366668187633801608e+03
1.365292310902844292e+03
1.363916044268808946e+03
1.362539432246026536e+03
1.361162518586412943e+03
1.359785346291907672e+03
1.358407957626690404e+03
1.357030394129195656e+03
1.355652696623906422e+03
1.354274905232955689e+03
1.352897059387521949e+03
1.351519197839030539e+03
1.350141358670158979e+03
1.348763579305659505e+03
1.347385896522990606e+03
1.346008346462768031e+03
1.344630964639041167e+03
1.343253785949383200e+03
1.341876844684824391e+03
1.340500174539601630e+03
1.339123808620753152e+03
1.337747779457547040e+03
1.336372119010742608e+03
1.334996858681707181e+03
1.333622029321370746e+03
1.332247661239034414e+03
1.330873784211021984e+03
1.329500427489195999e+03
1.328127619809327143e+03
1.326755389399317437e+03
1.325383763987294060e+03
1.324012770809563108e+03
1.322642436618430111e+03
1.321272787689893221e+03
1.319903849831204752e+03
1.318535648388307209e+03
1.317168208253147668e+03
1.315801553870869839e+03
1.314435709246886518e+03
1.313070697953834269e+03
1.311706543138413963e+03
1.310343267528118758e+03
1.308980893437850682e+03
1.307619442776427604e+03
1.306258937052982674e+03
1.304899397383263249e+03
1.303540844495816373e+03
1.302183298738086023e+03
1.300826780082400546e+03
1.299471308131864589e+03
1.298116902126157811e+03
1.296763580947237415e+03
1.295411363124943591e+03
1.294060266842523333e+03
1.292710309942053755e+03
1.291361509929785825e+03
1.290013883981396475e+03
1.288667448947157482e+03
1.287322221357021817e+03
1.285978217425627463e+03
1.284635453057216409e+03
1.283293943850481583e+03
1.281953705103331004e+03
1.280614751817577826e+03
1.279277098703550791e+03
1.277940760184636929e+03
1.276605750401745581e+03
1.275272083217710133e+03
1.273939772221605836e+03
1.272608830733009881e+03
1.271279271806190991e+03
1.269951108234231015e+03
1.268624352553078552e+03
1.267299017045543678e+03
1.265975113745226736e+03
1.264652654440385049e+03
1.263331650677734615e+03
1.262012113766201992e+03
1.260694054780602528e+03
1.259377484565277200e+03
1.258062413737655106e+03
1.256748852691772754e+03
1.255436811601732870e+03
1.254126300425110458e+03
1.252817328906301327e+03
1.251509906579824019e+03
1.250204042773567835e+03
1.248899746611986984e+03
1.247597027019250618e+03
1.246295892722338749e+03
1.244996352254092017e+03
1.243698413956215518e+03
1.242402085982231938e+03
1.241107376300393071e+03
1.239814292696542452e+03
1.238522842776937978e+03
1.237233033971024724e+03
1.235944873534172075e+03
