# d_l
# unit = Mpc
0.000000000000000000e+00
3.775826996679472813e+01
7.608286491423719156e+01
1.149674716201342051e+02
1.544057964198196089e+02
1.943915676757334268e+02
2.349185381681180900e+02
2.759804874052787795e+02
3.175712238521297195e+02
3.596845870759647710e+02
4.023144498086566045e+02
4.454547199246869695e+02
4.890993423346528743e+02
5.332423007940985826e+02
5.778776196277173085e+02
6.229993653691619784e+02
6.686016483169104276e+02
7.146786240067500557e+02
7.612244946016692211e+02
8.082335102000499774e+02
8.556999700632203485e+02
9.036182237635451884e+02
9.519826722543637061e+02
1.000787768863186102e+03
1.050028020209657598e+03
1.099697987049910580e+03
1.149792285048971280e+03
1.200305585482997913e+03
1.251232615873161421e+03
1.302568160553050120e+03
1.354307061171511350e+03
1.406444217132905578e+03
1.458974585976747221e+03
1.511893183698758321e+03
1.565195085015352788e+03
1.618875423573606213e+03
1.672929392108742150e+03
1.727352242551182826e+03
1.782139286085188360e+03
1.837285893161137437e+03
1.892787493463399414e+03
1.948639575835853520e+03
2.004837688166940779e+03
2.061377437236250898e+03
2.118254488524482440e+03
2.175464565988679169e+03
2.233003451804573615e+03
2.290866986077789079e+03
2.349051066525704755e+03
2.407551648131638558e+03
2.466364742773043872e+03
2.525486418825306828e+03
2.584912800742759828e+03
2.644640068618370606e+03
2.704664457723645683e+03
2.764982258030123830e+03
2.825589813713873355e+03
2.886483522644302866e+03
2.947659835858583392e+03
3.009115257022884180e+03
3.070846341881675016e+03
3.132849697696125077e+03
3.195121982672832928e+03
3.257659905383782188e+03
3.320460224178663339e+03
3.383519746590401610e+03
3.446835328734895029e+03
3.510403874705768430e+03
3.574222335965022012e+03
3.638287710730305662e+03
3.702597043359648524e+03
3.767147423734247695e+03
3.831935986640115971e+03
3.896959911149092022e+03
3.962216419999922437e+03
4.027702778979919458e+03
4.093416296307753782e+03
4.159354322017892628e+03
4.225514247347109631e+03
4.291893504123578168e+03
4.358489564158910980e+03
4.425299938643537644e+03
4.492322177545808700e+03
4.559553869015121563e+03
4.626992638789434750e+03
4.694636149607384141e+03
4.762482100625334169e+03
4.830528226839590388e+03
4.898772298513949863e+03
4.967212120612894068e+03
5.035845532240497960e+03
5.104670406085318064e+03
5.173684647871353263e+03
5.242886195815257452e+03
5.312273020089865895e+03
5.381843122294249042e+03
5.451594534930255577e+03
5.521525320885743895e+03
5.591633572924485634e+03
5.661917413182880409e+03
5.732374992673434463e+03
5.803004490795135098e+03
5.873804114850686346e+03
5.944772099570648606e+03
6.015906706644485894e+03
6.087206224258552538e+03
6.158668966640956569e+03
6.230293273613335259e+03
6.302077510149515547e+03
6.374020065941042958e+03
6.446119354969523556e+03
6.518373815085745264e+03
6.590781907595590383e+03
6.663342116852641084e+03
6.736052949857446038e+03
6.808912935863379062e+03
6.881920625989104337e+03
6.955074592837488126e+03
7.028373430120972444e+03
7.101815752293334299e+03
7.175400194187677698e+03
7.249125410660777561e+03
7.322990076243482690e+03
7.396992884797299666e+03
7.471132549176907560e+03
7.545407800898693495e+03
7.619817389815143542e+03
7.694360083794967977e+03
7.769034668409000005e+03
7.843839946621725176e+03
7.918774738488316871e+03
7.993837880857204254e+03
8.069028227077978045e+03
8.144344646714660485e+03
8.219786025264167620e+03
8.295351263879967519e+03
8.371039279100734348e+03
8.446849002584076516e+03
8.522779380845133346e+03
8.598829374999999345e+03
8.674997960513897851e+03
8.751284126954047679e+03
8.827686877747119070e+03
8.904205229941166181e+03
8.980838213972057929e+03
9.057584873434214387e+03
9.134444264855652364e+03
9.211415457477261953e+03
9.288497533036173991e+03
9.365689585553218421e+03
9.442990721124346237e+03
9.520400057716014999e+03
9.597916724964365130e+03
9.675539863978186986e+03
9.753268627145620485e+03
9.831102177944447249e+03
9.909039690756004347e+03
9.987080350682532298e+03
1.006522335336801552e+04
1.014346790482238976e+04
1.022181322124902727e+04
1.030025852887548172e+04
1.037880306378743626e+04
1.045744607176573845e+04
1.053618680812654384e+04
1.061502453756440082e+04
1.069395853399834050e+04
1.077298808042084420e+04
1.085211246874959579e+04
1.093133099968208808e+04
1.101064298255287576e+04
1.109004773519357150e+04
1.116954458379541211e+04
1.124913286277439147e+04
1.132881191463896721e+04
1.140858108986012303e+04
1.148843974674399578e+04
1.156838725130675266e+04
1.164842297715184395e+04
1.172854630534952048e+04
1.180875662431864475e+04
1.188905332971054122e+04
1.196943582429519665e+04
1.204990351784936684e+04
1.213045582704690059e+04
1.221109217535099197e+04
1.229181199290842414e+04
1.237261471644582161e+04
1.245349978916768305e+04
1.253446666065643512e+04
1.261551478677414343e+04
1.269664362956617333e+04
1.277785265716647700e+04
1.285914134370470128e+04
1.294050916921492717e+04
1.302195561954606274e+04
1.310348018627388410e+04
1.318508236661463889e+04
1.326676166334023401e+04
1.334851758469491506e+04
1.343034964431346270e+04
1.351225736114084793e+04
1.359424025935334248e+04
1.367629786828102260e+04
1.375842972233161527e+04
1.384063536091576498e+04
1.392291432837362299e+04
1.400526617390264801e+04
1.408769045148680561e+04
1.417018671982691012e+04
1.425275454227225782e+04
1.433539348675343535e+04
1.441810312571631766e+04
1.450088303605722103e+04
1.458373279905912204e+04
1.466665200032910252e+04
1.474964022973684223e+04
1.483269708135403744e+04
1.491582215339512550e+04
1.499901504815880253e+04
1.508227537197068523e+04
1.516560273512684580e+04
1.524899675183846921e+04
1.533245704017727257e+04
1.541598322202201598e+04
1.549957492300582453e+04
1.558323177246441264e+04
1.566695340338525784e+04
1.575073945235754218e+04
1.583458955100685853e+04
1.591850335969454682e+04
1.600248051731378837e+04
1.608652067437677397e+04
1.617062348475967701e+04
1.625478860565738432e+04
1.633901569753907279e+04
1.642330442410451360e+04
1.650765445224106224e+04
1.659206545198139065e+04
1.667653709646190327e+04
1.676106906188181165e+04
1.684566102746292745e+04
1.693031267541007037e+04
1.701502369087211628e+04
1.709979376190374023e+04
1.718462257942767974e+04
1.726950983719774013e+04
1.735445523176221104e+04
1.743945846242805419e+04
1.752451923122560038e+04
1.760963724287370133e+04
1.769481220474567453e+04
1.778004382683552103e+04
1.786533182172487795e+04
1.795067590455040408e+04
1.803607579297173288e+04
1.812153120713981116e+04
1.820704186966591078e+04
1.829260750559100779e+04
1.837822784235563086e+04
1.846390260977026264e+04
1.854963153998609778e+04
1.863541436746640102e+04
1.872125082895810920e+04
1.880714066346405525e+04
1.889308361221547239e+04
1.897907941864510576e+04
1.906512782836044789e+04
1.915122858911772346e+04
1.923738145079597598e+04
1.932358616537172929e+04
1.940984248689394371e+04
1.949615017145942693e+04
1.958250897718848137e+04
1.966891866420110819e+04
1.975537899459335313e+04
1.984188973241422354e+04
1.992845064364271821e+04
2.001506149616544644e+04
2.010172205975432371e+04
2.018843210604482738e+04
2.027519140851440898e+04
2.036199974246132115e+04
2.044885688498367381e+04
2.053576261495884319e+04
2.062271671302327013e+04
2.070971896155226932e+04
2.079676914464053334e+04
2.088386704808251307e+04
2.097101245935344195e+04
2.105820516759034945e+04
2.114544496357344542e+04
2.123273163970789028e+04
2.132006499000565236e+04
2.140744481006767455e+04
2.149487089706635015e+04
2.158234304972818063e+04
2.166986106831671350e+04
2.175742475461569848e+04
2.184503391191252376e+04
2.193268834498178330e+04
2.202038786006921873e+04
2.210813226487574138e+04
2.219592136854181081e+04
2.228375498163186421e+04
2.237163291611914610e+04
2.245955498537061067e+04
2.254752100413207518e+04
2.263553078851360988e+04
2.272358415597503699e+04
2.281168092531177535e+04
2.289982091664068139e+04
2.298800395138628301e+04
2.307622985226702440e+04
2.316449844328185645e+04
2.325280954969681989e+04
2.334116299803202128e+04
2.342955861604863094e+04
2.351799623273606267e+04
2.360647567829946274e+04
2.369499678414711889e+04
2.378355938287829485e+04
2.387216330827105048e+04
2.396080839527028002e+04
2.404949447997600146e+04
2.413822139963153677e+04
2.422698899261214683e+04
2.431579709841361546e+04
2.440464555764112811e+04
2.449353421199807053e+04
2.458246290427524218e+04
2.467143147834004776e+04
2.476043977912582341e+04
2.484948765262137749e+04
2.493857494586060784e+04
2.502770150691223898e+04
2.511686718486978498e+04
2.520607182984153405e+04
2.529531529294063876e+04
2.538459742627549349e+04
2.547391808294004659e+04
2.556327711700437794e+04
2.565267438350528755e+04
2.574210973843705506e+04
2.583158303874231933e+04
2.592109414230304174e+04
2.601064290793158943e+04
2.610022919536194968e+04
2.618985286524104959e+04
2.627951377912011230e+04
2.636921179944624237e+04
2.645894678955403288e+04
2.654871861365724180e+04
2.663852713684067567e+04
2.672837222505207683e+04
2.681825374509415633e+04
2.690817156461669947e+04
2.699812555210880237e+04
2.708811557689115944e+04
2.717814150910846001e+04
2.726820321972184684e+04
2.735830058050155640e+04
2.744843346401956296e+04
2.753860174364224076e+04
2.762880529352333542e+04
2.771904398859677895e+04
2.780931770456979211e+04
2.789962631791587046e+04
2.798996970586798852e+04
2.808034774641182958e+04
2.817076031827921906e+04
2.826120730094132523e+04
2.835168857460229628e+04
2.844220402019273388e+04
2.853275351936341394e+04
2.862333695447883292e+04
2.871395420861110688e+04
2.880460516553376510e+04
2.889528970971569652e+04
2.898600772631500877e+04
2.907675910117330204e+04
2.916754372080950270e+04
2.925836147241434810e+04
2.934921224384438392e+04
2.944009592361639079e+04
2.953101240090175634e+04
2.962196156552093089e+04
2.971294330793786139e+04
2.980395751925455988e+04
2.989500409120583936e+04
2.998608291615380949e+04
3.007719388708279803e+04
3.016833689759402114e+04
3.025951184190047570e+04
3.035071861482189706e+04
3.044195711177964040e+04
3.053322722879175126e+04
3.062452886246803610e+04
3.071586191000517647e+04
3.080722626918191600e+04
3.089862183835430187e+04
