# d_m
# unit = Mpc
0.000000000000000000e+00
3.738442570969775147e+01
7.459104403356587909e+01
1.116189044855671852e+02
1.484671119421342382e+02
1.851348263578413480e+02
2.216212624227528920e+02
2.579256891638119100e+02
2.940474294927126948e+02
3.299858597027199494e+02
3.657404089169605186e+02
4.013105584907089565e+02
4.366958413702257644e+02
4.718958414107067938e+02
5.069101926558923310e+02
5.417385785818800059e+02
5.763807313076814580e+02
6.108364307750000535e+02
6.451055038997196789e+02
6.791878236975210257e+02
7.130833083860169381e+02
7.467919204657398495e+02
7.803136657822653888e+02
8.136485925716959855e+02
8.467967904916594080e+02
8.797583896399285095e+02
9.125335595626756913e+02
9.451225082543290910e+02
9.775254811509073534e+02
1.009742760118643446e+03
1.041774662439624080e+03
1.073621539796111165e+03
1.105283777255111545e+03
1.136761792254705369e+03
1.168056033593546772e+03
1.199166980424893381e+03
1.230095141256428178e+03
1.260841052957067632e+03
1.291405279771875712e+03
1.321788412346141968e+03
1.351991066759571140e+03
1.382013883571527231e+03
1.411857526878127373e+03
1.441522683381993829e+03
1.471010061475335078e+03
1.500320390337020172e+03
1.529454419044228416e+03
1.558412915699176210e+03
1.587196666571422156e+03
1.615806475256133353e+03
1.644243161848695991e+03
1.672507562135964690e+03
1.700600526804447099e+03
1.728522920665601760e+03
1.756275621898471172e+03
1.783859521309757156e+03
1.811275521611457179e+03
1.838524536716116472e+03
1.865607491049736382e+03
1.892525318882317151e+03
1.919278963676046715e+03
1.945869377451009541e+03
1.972297520168415303e+03
1.998564359131154788e+03
2.024670868401623920e+03
2.050618028236607188e+03
2.076406824539093122e+03
2.102038248326807661e+03
2.127513295217274845e+03
2.152832964929174977e+03
2.177998260799793115e+03
2.203010189318273660e+03
2.227869759674485977e+03
2.252577983323174522e+03
2.277135873563173845e+03
2.301544445131382417e+03
2.325804713811223792e+03
2.349917696055306351e+03
2.373884408621971488e+03
2.397705868225462382e+03
2.421383091199395039e+03
2.444917093173225112e+03
2.468308888761433082e+03
2.491559491265093584e+03
2.514669912385562384e+03
2.537641161949937214e+03
2.560474247648029177e+03
2.583170174780529578e+03
2.605729946018058399e+03
2.628154561170843408e+03
2.650445016968683376e+03
2.672602306850951663e+03
2.694627420766330033e+03
2.716521344981998482e+03
2.738285061901992776e+03
2.759919549894486408e+03
2.781425783127681370e+03
2.802804731414083108e+03
2.824057360062871339e+03
2.845184629740140736e+03
2.866187496336717231e+03
2.887066910843351252e+03
2.907823819233013182e+03
2.928459162350072802e+03
2.948973875806120304e+03
2.969368889882221083e+03
2.989645129437357355e+03
3.009803513822866989e+03
3.029844956802651723e+03
3.049770366478968299e+03
3.069580645223582451e+03
3.089276689614096995e+03
3.108859390375278508e+03
3.128329632325183866e+03
3.147688294325909283e+03
3.166936249238780420e+03
3.186074363883844399e+03
3.205103499003450906e+03
3.224024509229804153e+03
3.242838243056316969e+03
3.261545542812580607e+03
3.280147244642885653e+03
3.298644178488055786e+03
3.317037168070537973e+03
3.335327030882547660e+03
3.353514578177197109e+03
3.371600614962453164e+03
3.389585939997783044e+03
3.407471345793420824e+03
3.425257618612106853e+03
3.442945538473181387e+03
3.460535879158962871e+03
3.478029408223265818e+03
3.495426887002000058e+03
3.512729070625713121e+03
3.529936708034028925e+03
3.547050541991836326e+03
3.564071309107205252e+03
3.580999739850896276e+03
3.597836558577405413e+03
3.614582483547456832e+03
3.631238226951886645e+03
3.647804494936826359e+03
3.664281987630109597e+03
3.680671399168876633e+03
3.696973417728250297e+03
3.713188725551078278e+03
3.729317998978649030e+03
3.745361908482328545e+03
3.761321118696071153e+03
3.777196288449738404e+03
3.792988070803193295e+03
3.808697113081097086e+03
3.824324056908374132e+03
3.839869538246307002e+03
3.855334187429195481e+03
3.870718629201564454e+03
3.886023482755848363e+03
3.901249361770548603e+03
3.916396874448799281e+03
3.931466623557318144e+03
3.946459206465701300e+03
3.961375215186043988e+03
3.976215236412828745e+03
3.990979851563084594e+03
4.005669636816754519e+03
4.020285163157270745e+03
4.034826996412301469e+03
4.049295697294625825e+03
4.063691821443155277e+03
4.078015919464027775e+03
4.092268536971797857e+03
4.106450214630666778e+03
4.120561488195748097e+03
4.134602888554367382e+03
4.148574941767317796e+03
4.162478169110143426e+03
4.176313087114351219e+03
4.190080207608576529e+03
4.203780037759685001e+03
4.217413080113801698e+03
4.230979832637202890e+03
4.244480788757161463e+03
4.257916437402603151e+03
4.271287263044683641e+03
4.284593745737190147e+03
4.297836361156791099e+03
4.311015580643143039e+03
4.324131871238779240e+03
4.337185695728870087e+03
4.350177512680738801e+03
4.363107776483220732e+03
4.375976937385779820e+03
4.388785441537441329e+03
4.401533731025485395e+03
4.414222243913919556e+03
4.426851414281717553e+03
4.439421672260821651e+03
4.451933444073903956e+03
4.464387152071877608e+03
4.476783214771154235e+03
4.489122046890646743e+03
4.501404059388523820e+03
4.513629659498687033e+03
4.525799250766978730e+03
4.537913233087136177e+03
4.549972002736478316e+03
4.561975952411286016e+03
4.573925471261949497e+03
4.585820944927802884e+03
4.597662755571695925e+03
4.609451281914288302e+03
4.621186899268050183e+03
4.632869979570997202e+03
4.644500891420102562e+03
4.656080000104477222e+03
4.667607667638240855e+03
4.679084252793071755e+03
4.690510111130542100e+03
4.701885595034107610e+03
4.713211053740838906e+03
4.724486833372849105e+03
4.735713276968468563e+03
4.746890724513087662e+03
4.758019512969757670e+03
4.769099976309484191e+03
4.780132445541230481e+03
4.791117248741668845e+03
4.802054711084616429e+03
4.812945152281719857e+03
4.823788896877134903e+03
4.834586259007186527e+03
4.845337552523124941e+03
4.856043088516419630e+03
4.866703175346522585e+03
4.877318118668379611e+03
4.887888221459676970e+03
4.898413784047792433e+03
4.908895104136506234e+03
4.919332476832419161e+03
4.929726194671121448e+03
4.940076547643086997e+03
4.950383823219318401e+03
4.960648306376710025e+03
4.970870279623180068e+03
4.981050023022515234e+03
4.991187814218999847e+03
5.001283928461732103e+03
5.011338638628751141e+03
5.021352215250887639e+03
5.031324926535343366e+03
5.041257038389080662e+03
5.051148814441909053e+03
5.061000516069369951e+03
5.070812402415368524e+03
5.080584730414572732e+03
5.090317754814554064e+03
5.100011728197734556e+03
5.109666901003074599e+03
5.119283521547529745e+03
5.128861836047294673e+03
5.138402088638807982e+03
5.147904521399557780e+03
5.157369374368625358e+03
5.166796885567047866e+03
5.176187291017938151e+03
5.185540824766421792e+03
5.194857718899304928e+03
5.204138203564598371e+03
5.213382506990779802e+03
5.222590855505872241e+03
5.231763473556318786e+03
5.240900583725651813e+03
5.250002406752943898e+03
5.259069161551097750e+03
5.268101065224894228e+03
5.277098333088889376e+03
5.286061178685071354e+03
5.294989813800382763e+03
5.303884448483990127e+03
5.312745291064427875e+03
5.321572548166511297e+03
5.330366424728094898e+03
5.339127124016625203e+03
5.347854847645532573e+03
5.356549795590459325e+03
5.365212166205251378e+03
5.373842156237863492e+03
5.382439960846008944e+03
5.391005773612710072e+03
5.399539786561627807e+03
5.408042190172236587e+03
5.416513173394870137e+03
5.424952923665559865e+03
5.433361626920729577e+03
5.441739467611733744e+03
5.450086628719237524e+03
5.458403291767433984e+03
5.466689636838114893e+03
5.474945842584592356e+03
5.483172086245445826e+03
5.491368543658159979e+03
5.499535389272573411e+03
5.507672796164220927e+03
5.515780936047491195e+03
5.523859979288677096e+03
5.531910094918868708e+03
5.539931450646700796e+03
5.547924212870982956e+03
5.555888546693163335e+03
5.563824615929701395e+03
5.571732583124254234e+03
5.579612609559777411e+03
5.587464855270465705e+03
5.595289479053587456e+03
5.603086638481160662e+03
5.610856489911543576e+03
5.618599188500870696e+03
5.626314888214369603e+03
5.634003741837581401e+03
5.641665900987409259e+03
5.649301516123110559e+03
5.656910736557119890e+03
5.664493710465786535e+03
5.672050584900000104e+03
5.679581505795656085e+03
5.687086617984072291e+03
5.694566065202252503e+03
5.702019990103067357e+03
5.709448534265284252e+03
5.716851838203543593e+03
5.724230041378200440e+03
5.731583282205051546e+03
5.738911698064983284e+03
5.746215425313504056e+03
5.753494599290170299e+03
5.760749354327933361e+03
5.767979823762364504e+03
5.775186139940785324e+03
5.782368434231319043e+03
5.789526837031828109e+03
5.796661477778769950e+03
5.803772484955947220e+03
5.810859986103173469e+03
5.817924107824846942e+03
5.824964975798436171e+03
5.831982714782867333e+03
5.838977448626833393e+03
5.845949300277019574e+03
5.852898391786216052e+03
5.859824844321386990e+03
5.866728778171625891e+03
5.873610312756027270e+03
5.880469566631495582e+03
5.887306657500457732e+03
5.894121702218494647e+03
5.900914816801907364e+03
5.907686116435185795e+03
5.914435715478419297e+03
5.921163727474609914e+03
5.927870265156923779e+03
5.934555440455869757e+03
5.941219364506398961e+03
5.947862147654911496e+03
5.954483899466235016e+03
5.961084728730489587e+03
5.967664743469912537e+03
5.974224050945582349e+03
5.980762757664100718e+03
5.987280969384186392e+03
5.993778791123238079e+03
6.000256327163763672e+03
6.006713681059807641e+03
6.013150955643283851e+03
6.019568253030255619e+03
6.025965674627123008e+03
6.032343321136787381e+03
6.038701292564731375e+03
6.045039688225040663e+03
6.051358606746348414e+03
6.057658146077770652e+03
6.063938403494698832e+03
6.070199475604636064e+03
6.076441458352874179e+03
6.082664447028179893e+03
6.088868536268403659e+03
6.095053820066035769e+03
6.101220391773687879e+03
6.107368344109540885e+03
6.113497769162747318e+03
6.119608758398736427e+03
6.125701402664521083e+03
6.131775792193906454e+03
6.137832016612673215e+03
6.143870164943704367e+03
6.149890325612048400e+03
6.155892586449949704e+03
6.161877034701817138e+03
6.167843757029151675e+03
6.173792839515414016e+03
6.179724367670860374e+03
