# h
# unit = 1.0/Mpc
2.668588143601487855e-04
2.681275323070076116e-04
2.694154719173650573e-04
2.707226072026557647e-04
2.720489086085832778e-04
2.733943431210940833e-04
2.747588743728890891e-04
2.761424627502842718e-04
2.775450655002404581e-04
2.789666368373845424e-04
2.804071280508565263e-04
2.818664876108175829e-04
2.833446612744655135e-04
2.848415921914103626e-04
2.863572210082686482e-04
2.878914859723437185e-04
2.894443230342677131e-04
2.910156659494857060e-04
2.926054463784738243e-04
2.942135939855866655e-04
2.958400365364395775e-04
2.974846999937395538e-04
2.991475086114808810e-04
3.008283850274354448e-04
3.025272503538692804e-04
3.042440242664275272e-04
3.059786250911322204e-04
3.077309698894504738e-04
3.095009745413884392e-04
3.112885538265807925e-04
3.130936215033445764e-04
3.149160903856757692e-04
3.167558724181710698e-04
3.186128787488618354e-04
3.204870197999523640e-04
3.223782053364605176e-04
3.242863445327594371e-04
3.262113460370286459e-04
3.281531180336196354e-04
3.301115683033520884e-04
3.320866042817535876e-04
3.340781331152633551e-04
3.360860617154203520e-04
3.381102968110618126e-04
3.401507449985559026e-04
3.422073127900998905e-04
3.442799066601138634e-04
3.463684330897613749e-04
3.484727986096323158e-04
3.505929098406234084e-04
3.527286735330518292e-04
3.548799966040414814e-04
3.570467861732191592e-04
3.592289495967605556e-04
3.614263944998262305e-04
3.636390288074281421e-04
3.658667607737671815e-04
3.681094990100830197e-04
3.703671525110578460e-04
3.726396306798153055e-04
3.749268433515550759e-04
3.772287008158647188e-04
3.795451138377507619e-04
3.818759936774270155e-04
3.842212521089031097e-04
3.865808014374109308e-04
3.889545545157096660e-04
3.913424247593066474e-04
3.937443261606350838e-04
3.961601733022213708e-04
3.985898813688849135e-04
4.010333661590004392e-04
4.034905440948644874e-04
4.059613322321949189e-04
4.084456482688020936e-04
4.109434105524618040e-04
4.134545380880244982e-04
4.159789505437910925e-04
4.185165682571862769e-04
4.210673122397603184e-04
4.236311041815472292e-04
4.262078664548087873e-04
4.287975221171908663e-04
4.313999949143197199e-04
4.340152092818634838e-04
4.366430903470855667e-04
4.392835639299101495e-04
4.419365565435302606e-04
4.446019953945729540e-04
4.472798083828513518e-04
4.499699241007190566e-04
4.526722718320504049e-04
4.553867815508656444e-04
4.581133839196208763e-04
4.608520102871779952e-04
4.636025926864787501e-04
4.663650638319311124e-04
4.691393571165352184e-04
4.719254066087519772e-04
4.747231470491428563e-04
4.775325138467831788e-04
4.803534430754734870e-04
4.831858714697536360e-04
4.860297364207384271e-04
4.888849759717845940e-04
4.917515288140011757e-04
4.946293342816150945e-04
4.975183323472025633e-04
5.004184636167956484e-04
5.033296693248768324e-04
5.062518913292674352e-04
5.091850721059205161e-04
5.121291547436279071e-04
5.150840829386480997e-04
5.180498009892635499e-04
5.210262537902747744e-04
5.240133868274365501e-04
5.270111461718482524e-04
5.300194784742970301e-04
5.330383309595687798e-04
5.360676514207225827e-04
5.391073882133443247e-04
5.421574902497780903e-04
5.452179069933423775e-04
5.482885884525344955e-04
5.513694851752320341e-04
5.544605482428889131e-04
5.575617292647355510e-04
5.606729803719833708e-04
5.637942542120405812e-04
5.669255039427385833e-04
5.700666832265755078e-04
5.732177462249773156e-04
5.763786475925824267e-04
5.795493424715486824e-04
5.827297864858870880e-04
5.859199357358251545e-04
5.891197467922011394e-04
5.923291766908917897e-04
5.955481829272723940e-04
5.987767234507174923e-04
6.020147566591360633e-04
6.052622413935492126e-04
6.085191369327066753e-04
6.117854029877480958e-04
6.150609996969046405e-04
6.183458876202480980e-04
6.216400277344844320e-04
6.249433814277939548e-04
6.282559104947171456e-04
6.315775771310903420e-04
6.349083439290310882e-04
6.382481738719682609e-04
6.415970303297266215e-04
6.449548770536579897e-04
6.483216781718258680e-04
6.516973981842385296e-04
6.550820019581330648e-04
6.584754547233134195e-04
6.618777220675370072e-04
6.652887699319548790e-04
6.687085646066009016e-04
6.721370727259363357e-04
6.755742612644424468e-04
6.790200975322686254e-04
6.824745491709268037e-04
6.859375841490425755e-04
6.894091707581544550e-04
6.928892776085657191e-04
6.963778736252454731e-04
6.998749280437834919e-04
7.033804104063907069e-04
7.068942905579559625e-04
7.104165386421479843e-04
7.139471250975672201e-04
7.174860206539505902e-04
7.210331963284210156e-04
7.245886234217885531e-04
7.281522735148972855e-04
7.317241184650214326e-04
7.353041304023097110e-04
7.388922817262746868e-04
7.424885451023301598e-04
7.460928934583736490e-04
7.497052999814168015e-04
7.533257381142583007e-04
7.569541815522026372e-04
7.605906042398258250e-04
7.642349803677800412e-04
7.678872843696468373e-04
7.715474909188301412e-04
7.752155749254926271e-04
7.788915115335350199e-04
7.825752761176161653e-04
7.862668442802141916e-04
7.899661918487289793e-04
7.936732948726234454e-04
7.973881296206073279e-04
8.011106725778566412e-04
8.048409004432746563e-04
8.085787901267893095e-04
8.123243187466901855e-04
8.160774636270005196e-04
8.198382022948893155e-04
8.236065124781154472e-04
8.273823721025124183e-04
8.311657592895045632e-04
8.349566523536606534e-04
8.387550298002811140e-04
8.425608703230195009e-04
8.463741528015374799e-04
8.501948562991927657e-04
8.540229600607599121e-04
8.578584435101833027e-04
8.617012862483627769e-04
8.655514680509690702e-04
8.694089688662905895e-04
8.732737688131117374e-04
8.771458481786213778e-04
8.810251874163475393e-04
8.849117671441271383e-04
8.888055681420985784e-04
8.927065713507277437e-04
8.966147578688573021e-04
9.005301089517899447e-04
9.044526060093896220e-04
9.083822306042192100e-04
9.123189644496987761e-04
9.162627894082907331e-04
9.202136874897120979e-04
9.241716408491709289e-04
9.281366317856274816e-04
9.321086427400811702e-04
9.360876562938812715e-04
9.400736551670579042e-04
9.440666222166847754e-04
9.480665404352552625e-04
9.520733929490884191e-04
9.560871630167541713e-04
9.601078340275223666e-04
9.641353894998303626e-04
9.681698130797772870e-04
9.722110885396334761e-04
9.762591997763762604e-04
9.803141308102423374e-04
9.843758657833022625e-04
9.884443889580543478e-04
9.925196847160372079e-04
9.966017375564639909e-04
1.000690532094872980e-03
1.004786053061798579e-03
1.008888285301460510e-03
1.012997213770471016e-03
1.017112823536558746e-03
1.021235099777312609e-03
1.025364027778941436e-03
1.029499592935050577e-03
1.033641780745437775e-03
1.037790576814900338e-03
1.041945966852064840e-03
1.046107936668229637e-03
1.050276472176222111e-03
1.054451559389274788e-03
1.058633184419914683e-03
1.062821333478867385e-03
1.067015992873977413e-03
1.071217149009143091e-03
1.075424788383265743e-03
1.079638897589212110e-03
1.083859463312790861e-03
1.088086472331746676e-03
1.092319911514760605e-03
1.096559767820472122e-03
1.100806028296507895e-03
1.105058680078527906e-03
1.109317710389280242e-03
1.113583106537673019e-03
1.117854855917854544e-03
1.122132946008311261e-03
1.126417364370967860e-03
1.130708098650312762e-03
1.135005136572522517e-03
1.139308465944606800e-03
1.143618074653559484e-03
1.147933950665522935e-03
1.152256082024964452e-03
1.156584456853858777e-03
1.160919063350889695e-03
1.165259889790652053e-03
1.169606924522873306e-03
1.173960155971638317e-03
1.178319572634628672e-03
1.182685163082370034e-03
1.187056915957488594e-03
1.191434819973980755e-03
1.195818863916486277e-03
1.200209036639575313e-03
1.204605327067046275e-03
1.209007724191226308e-03
1.213416217072284123e-03
1.217830794837555190e-03
1.222251446680870397e-03
1.226678161861894040e-03
1.231110929705473735e-03
1.235549739600993362e-03
1.239994581001739463e-03
1.244445443424271533e-03
1.248902316447803810e-03
1.253365189713589881e-03
1.257834052924322252e-03
1.262308895843531915e-03
1.266789708294999628e-03
1.271276480162176949e-03
1.275769201387604674e-03
1.280267861972352950e-03
1.284772451975454456e-03
1.289282961513354281e-03
1.293799380759360880e-03
1.298321699943108315e-03
1.302849909350021736e-03
1.307383999320788949e-03
1.311923960250841945e-03
1.316469782589843205e-03
1.321021456841175480e-03
1.325578973561443268e-03
1.330142323359974517e-03
1.334711496898335122e-03
1.339286484889840164e-03
1.343867278099081415e-03
1.348453867341451156e-03
1.353046243482679007e-03
1.357644397438368972e-03
1.362248320173547762e-03
1.366858002702211377e-03
1.371473436086883190e-03
1.376094611438173762e-03
1.380721519914348020e-03
1.385354152720897226e-03
1.389992501110111573e-03
1.394636556380668196e-03
1.399286309877210933e-03
1.403941752989946567e-03
1.408602877154238034e-03
1.413269673850206304e-03
1.417942134602336165e-03
1.422620250979085479e-03
1.427304014592499200e-03
1.431993417097831211e-03
1.436688450193163548e-03
1.441389105619039074e-03
1.446095375158089813e-03
1.450807250634674394e-03
1.455524723914519833e-03
1.460247786904365257e-03
1.464976431551608463e-03
1.469710649843963953e-03
1.474450433809113611e-03
1.479195775514371676e-03
1.483946667066346915e-03
1.488703100610611280e-03
1.493465068331373356e-03
1.498232562451150274e-03
1.503005575230452213e-03
1.507784098967459956e-03
1.512568125997714808e-03
1.517357648693808516e-03
1.522152659465073402e-03
1.526953150757283991e-03
1.531759115052352786e-03
1.536570544868035362e-03
1.541387432757639151e-03
1.546209771309728972e-03
1.551037553147844054e-03
1.555870770930212242e-03
1.560709417349470489e-03
1.565553485132386430e-03
1.570402967039584517e-03
1.575257855865274531e-03
1.580118144436981837e-03
1.584983825615282182e-03
1.589854892293539757e-03
1.594731337397646770e-03
1.599613153885765188e-03
1.604500334748072818e-03
1.609392873006511770e-03
1.614290761714541698e-03
1.619193993956886740e-03
1.624102562849300902e-03
1.629016461538316521e-03
1.633935683201015931e-03
1.638860221044786654e-03
1.643790068307093497e-03
1.648725218255244580e-03
1.653665664186162575e-03
1.658611399426161356e-03
1.663562417330716799e-03
1.668518711284248208e-03
1.673480274699899739e-03
1.678447101019320308e-03
1.683419183712451086e-03
1.688396516277311911e-03
