# mu
-inf
3.288506043646079036e+01
3.440643428837828566e+01
3.530287490202054812e+01
3.594331799897173596e+01
3.644338711078756887e+01
3.685458644843558318e+01
3.720439188656190055e+01
3.750920571360488509e+01
3.777960914084020771e+01
3.802282815638682933e+01
3.824401782484680723e+01
3.844698539424724970e+01
3.863462296808246776e+01
3.880917937594502121e+01
3.897243802128291179e+01
3.912583721466336328e+01
3.927055396287224198e+01
3.940756377260977672e+01
3.953768426389906665e+01
3.966160758397720798e+01
3.977992490495643096e+01
3.989314521769547639e+01
4.000170994491919885e+01
4.010600444230239248e+01
4.020636715048749465e+01
4.030309695131190750e+01
4.039645913521212606e+01
4.048669028307501350e+01
4.057400229124959878e+01
4.065858571411456523e+01
4.074061255853954577e+01
4.082023863470307390e+01
4.089760554521448910e+01
4.097284237735308210e+01
4.104606715007885498e+01
4.111738805727861745e+01
4.118690454075459684e+01
4.125470822020530903e+01
4.132088370249152831e+01
4.138550928852784949e+01
4.144865759296931174e+01
4.151039608930257430e+01
4.157078759087402631e+01
4.162989067669130350e+01
4.168776006944472101e+01
4.174444697204890531e+01
4.179999936805641880e+01
4.185446229050628375e+01
4.190787806311156771e+01
4.196028651713800173e+01
4.201172518686095714e+01
4.206222948609566004e+01
4.211183286796260461e+01
4.216056696976745854e+01
4.220846174463335387e+01
4.225554558131666738e+01
4.230184541346031324e+01
4.234738681938581806e+01
4.239219411339365706e+01
4.243629042942725960e+01
4.247969779785729827e+01
4.252243721605648830e+01
4.256452871336035315e+01
4.260599141094360220e+01
4.264684357708432572e+01
4.268710267823779958e+01
4.272678542629738274e+01
4.276590782238061195e+01
4.280448519744427927e+01
4.284253225000173160e+01
4.288006308118820442e+01
4.291709122739634807e+01
4.295362969068235515e+01
4.298969096712417581e+01
4.302528707329625490e+01
4.306042957100992652e+01
4.309512959045501646e+01
4.312939785186600972e+01
4.316324468582501339e+01
4.319668005230404617e+01
4.322971355854012643e+01
4.326235447582875082e+01
4.329461175531395156e+01
4.332649404284671846e+01
4.335800969297756069e+01
4.338916678214357603e+01
4.341997312110558482e+01
4.345043626668649495e+01
4.348056353285777220e+01
4.351036200121761510e+01
4.353983853090072387e+01
4.356899976795676110e+01
4.359785215423153915e+01
4.362640193578275927e+01
4.365465517085948477e+01
4.368261773747250487e+01
4.371029534058087052e+01
4.373769351891787949e+01
4.376481765147839553e+01
4.379167296368753171e+01
4.381826453326965520e+01
4.384459729583521437e+01
4.387067605020159533e+01
4.389650546346342708e+01
4.392209007582631841e+01
4.394743430521758398e+01
4.397254245168604569e+01
4.399741870160279689e+01
4.402206713167362295e+01
4.404649171277326758e+01
4.407069631361110851e+01
4.409468470423722408e+01
4.411846055939706446e+01
4.414202746174279923e+01
4.416538890490856772e+01
4.418854829645671600e+01
4.421150896070142267e+01
4.423427414141595193e+01
4.425684700442930364e+01
4.427923064011765319e+01
4.430142806579581816e+01
4.432344222801347655e+01
4.434527600476089049e+01
4.436693220758810696e+01
4.438841358364219047e+01
4.440972281762587670e+01
4.443086253368157656e+01
4.445183529720402049e+01
4.447264361658494636e+01
4.449328994489270883e+01
4.451377668148991518e+01
4.453410617359172363e+01
4.455428071776753995e+01
4.457430256138847113e+01
4.459417390402301606e+01
4.461389689878308928e+01
4.463347365362267283e+01
4.465290623259099334e+01
4.467219665704211451e+01
4.469134690680293431e+01
4.471035892130110767e+01
4.472923460065474188e+01
4.474797580672523623e+01
4.476658436413495679e+01
4.478506206125102551e+01
4.480341065113663035e+01
4.482163185247117099e+01
4.483972735044041968e+01
4.485769879759791934e+01
4.487554781469869170e+01
4.489327599150641390e+01
4.491088488757497998e+01
4.492837603300540650e+01
4.494575092917924053e+01
4.496301104946901717e+01
4.498015783992691041e+01
4.499719271995222414e+01
4.501411708293855440e+01
4.503093229690141186e+01
4.504763970508690107e+01
4.506424062656225971e+01
4.508073635678885438e+01
4.509712816817825853e+01
4.511341731063201621e+01
4.512960501206566732e+01
4.514569247891763837e+01
4.516168089664336094e+01
4.517757143019541388e+01
4.519336522448980986e+01
4.520906340485925057e+01
4.522466707749356374e+01
4.524017732986779095e+01
4.525559523115843774e+01
4.527092183264819880e+01
4.528615816811951333e+01
4.530130525423747656e+01
4.531636409092217832e+01
4.533133566171112960e+01
4.534622093411189780e+01
4.536102085994525623e+01
4.537573637567933105e+01
4.539036840275478824e+01
4.540491784790158647e+01
4.541938560344732423e+01
4.543377254761770700e+01
4.544807954482909906e+01
4.546230744597363582e+01
4.547645708869700343e+01
4.549052929766915554e+01
4.550452488484816627e+01
4.551844464973738980e+01
4.553228937963623224e+01
4.554605984988465650e+01
4.555975682410156935e+01
4.557338105441735365e+01
4.558693328170068781e+01
4.560041423577980169e+01
4.561382463565834655e+01
4.562716518972607105e+01
4.564043659596433145e+01
4.565363954214680575e+01
4.566677470603526956e+01
4.567984275557087415e+01
4.569284434906073500e+01
4.570578013536027129e+01
4.571865075405119683e+01
4.573145683561537567e+01
4.574419900160469155e+01
4.575687786480689567e+01
4.576949402940772416e+01
4.578204809114929930e+01
4.579454063748487158e+01
4.580697224773008713e+01
4.581934349321085875e+01
4.583165493740785479e+01
4.584390713609782608e+01
4.585610063749172127e+01
4.586823598236978938e+01
4.588031370421364841e+01
4.589233432933552592e+01
4.590429837700454385e+01
4.591620635957042396e+01
4.592805878258435115e+01
4.593985614491730729e+01
4.595159893887584701e+01
4.596328765031537955e+01
4.597492275875104895e+01
4.598650473746621969e+01
4.599803405245089749e+01
4.600951116714002609e+01
4.602093653561838948e+01
4.603231060728242596e+01
4.604363382580612551e+01
4.605490662923655520e+01
4.606612945008749449e+01
4.607730271543111655e+01
4.608842684698775827e+01
4.609950226121394223e+01
4.611052936938853009e+01
4.612150857769714207e+01
4.613244028731496371e+01
4.614332489448776187e+01
4.615416279061135185e+01
4.616495436230951555e+01
4.617569999151027815e+01
4.618640005552077810e+01
4.619705492710056660e+01
4.620766497453355726e+01
4.621823056169852606e+01
4.622875204813823302e+01
4.623922978912721504e+01
4.624966413573828561e+01
4.626005543490774130e+01
4.627040402949927511e+01
4.628071025836678132e+01
4.629097445641583874e+01
4.630119695466407848e+01
4.631137808030048575e+01
4.632151815674345130e+01
4.633161750369779952e+01
4.634167643721082186e+01
4.635169526972710230e+01
4.636167431014250440e+01
4.637161386385701434e+01
4.638151423282672425e+01
4.639137571561478524e+01
4.640119860744142954e+01
4.641098320023318990e+01
4.642072978267102457e+01
4.643043864023780998e+01
4.644011005526475344e+01
4.644974430697715206e+01
4.645934167153920669e+01
4.646890242209811106e+01
4.647842682882732390e+01
4.648791515896906645e+01
4.649736767687611660e+01
4.650678464405280721e+01
4.651616631919533518e+01
4.652551295823139554e+01
4.653482481435905527e+01
4.654410213808500885e+01
4.655334517726214472e+01
4.656255417712650058e+01
4.657172938033353660e+01
4.658087102699376914e+01
4.658997935470791418e+01
4.659905459860128474e+01
4.660809699135769080e+01
4.661710676325277802e+01
4.662608414218672692e+01
4.663502935371646885e+01
4.664394262108736200e+01
4.665282416526427767e+01
4.666167420496225304e+01
4.667049295667658981e+01
4.667928063471241984e+01
4.668803745121387294e+01
4.669676361619269755e+01
4.670545933755641244e+01
4.671412482113605336e+01
4.672276027071339399e+01
4.673136588804780445e+01
4.673994187290259106e+01
4.674848842307101648e+01
4.675700573440177266e+01
4.676549400082414820e+01
4.677395341437277665e+01
4.678238416521193699e+01
4.679078644165951317e+01
4.679916043021060545e+01
4.680750631556067276e+01
4.681582428062840506e+01
4.682411450657819785e+01
4.683237717284224999e+01
4.684061245714238453e+01
4.684882053551147862e+01
4.685700158231453116e+01
4.686515577026952428e+01
4.687328327046782306e+01
4.688138425239436202e+01
4.688945888394745509e+01
4.689750733145835682e+01
4.690552975971051808e+01
4.691352633195848654e+01
4.692149720994662232e+01
4.692944255392741582e+01
4.693736252267967757e+01
4.694525727352628763e+01
4.695312696235180283e+01
4.696097174361976556e+01
4.696879177038972841e+01
4.697658719433404428e+01
4.698435816575444335e+01
4.699210483359831159e+01
4.699982734547475616e+01
4.700752584767042208e+01
4.701520048516509576e+01
4.702285140164708821e+01
4.703047873952834834e+01
4.703808263995939853e+01
4.704566324284405709e+01
4.705322068685390491e+01
4.706075510944261708e+01
4.706826664686000328e+01
4.707575543416589881e+01
4.708322160524388522e+01
4.709066529281470537e+01
4.709808662844964289e+01
4.710548574258357490e+01
4.711286276452793231e+01
4.712021782248339719e+01
4.712755104355252911e+01
4.713486255375208600e+01
4.714215247802530939e+01
4.714942094025390418e+01
4.715666806326997573e+01
4.716389396886767571e+01
4.717109877781481941e+01
4.717828260986425448e+01
4.718544558376508746e+01
4.719258781727376828e+01
4.719970942716503259e+01
4.720681052924268783e+01
4.721389123835021451e+01
4.722095166838131775e+01
4.722799193229022308e+01
4.723501214210189403e+01
4.724201240892213605e+01
4.724899284294751567e+01
4.725595355347516602e+01
4.726289464891243597e+01
4.726981623678648248e+01
4.727671842375366396e+01
4.728360131560882706e+01
4.729046501729449403e+01
4.729730963290990076e+01
4.730413526571993543e+01
4.731094201816395639e+01
4.731772999186446782e+01
4.732449928763573155e+01
4.733125000549222960e+01
4.733798224465704152e+01
4.734469610357007241e+01
4.735139167989622422e+01
4.735806907053343195e+01
4.736472837162060046e+01
4.737136967854545588e+01
4.737799308595228354e+01
4.738459868774953065e+01
4.739118657711741633e+01
4.739775684651531407e+01
4.740430958768914849e+01
4.741084489167862870e+01
4.741736284882443186e+01
4.742386354877527310e+01
4.743034708049490433e+01
4.743681353226898523e+01
4.744326299171196837e+01
4.744969554577373572e+01
