# d_a
# unit = Mpc
0.000000000000000000e+00
1.479767236062210145e+02
2.923200769706815549e+02
4.331325114257890050e+02
5.705127662787298277e+02
7.045560437900498982e+02
8.353541740215546270e+02
9.629957702271229891e+02
1.087566375410377304e+03
1.209148600627328278e+03
1.327822255570244579e+03
1.443664471930243508e+03
1.556749820000591853e+03
1.667150418949963750e+03
1.774936041164600056e+03
1.880174211030507422e+03
1.982930298501098832e+03
2.083267607771804251e+03
2.181247461361291244e+03
2.276929279878498164e+03
2.370370657735888472e+03
2.461627435051851535e+03
2.550753765968995594e+03
2.637802183600060744e+03
2.722823661799272486e+03
2.805867673943979753e+03
2.886982248899422757e+03
2.966214024328304731e+03
3.043608297496448358e+03
3.119209073716135663e+03
3.193059112559738423e+03
3.265199971967886995e+03
3.335672050368561486e+03
3.404514626916302404e+03
3.471765899953800272e+03
3.537463023792007789e+03
3.601642143898802715e+03
3.664338430580847216e+03
3.725586111238090325e+03
3.785418501265578016e+03
3.843868033672709316e+03
3.900966287485919111e+03
3.956744014996810165e+03
4.011231167914093930e+03
4.064456922474282237e+03
4.116449703562833747e+03
4.167237207894468156e+03
4.216846426298544429e+03
4.265303665152750909e+03
4.312634567005883582e+03
4.358864130428211865e+03
4.404016729125680286e+03
4.448116130352288565e+03
4.491185512652905345e+03
4.533247482967192809e+03
4.574324093123452258e+03
4.614436855749741881e+03
4.653606759628108193e+03
4.691854284516339249e+03
4.729199415460435375e+03
4.765661656619687164e+03
4.801260044625107184e+03
4.836013161490944185e+03
4.869939147097902605e+03
4.903055711265815262e+03
4.935380145432512109e+03
4.966929333954931280e+03
4.997719765047536384e+03
5.027767541372539199e+03
5.057088390295545651e+03
5.085697673819699048e+03
5.113610398210733365e+03
5.140841223324702696e+03
5.167404471649668267e+03
5.193314137072050471e+03
5.218583893377846834e+03
5.243227102498517525e+03
5.267256822510778875e+03
5.290685815399210696e+03
5.313526554590183878e+03
5.335791232265193685e+03
5.357491766461325824e+03
5.378639807966316766e+03
5.399246747015286019e+03
5.419323719795881516e+03
5.438881614768459258e+03
5.457931078807362610e+03
5.476482523169432170e+03
5.494546129295377796e+03
5.512131854449550701e+03
5.529249437203359776e+03
5.545908402767423468e+03
5.562118068177287569e+03
5.577887547337455544e+03
5.593225755928089711e+03
5.608141416178848885e+03
5.622643061513926114e+03
5.636739041072328291e+03
5.650437524107192075e+03
5.663746504267928685e+03
5.676673803768697326e+03
5.689227077446670592e+03
5.701413816713415144e+03
5.713241353402596360e+03
5.724716863517056481e+03
5.735847370878281254e+03
5.746639750681106307e+03
5.757100732956449065e+03
5.767236905944730097e+03
5.777054719382601434e+03
5.786560487705442029e+03
5.795760393168064184e+03
5.804660488885973791e+03
5.813266701799414477e+03
5.821584835562401167e+03
5.829620573358868569e+03
5.837379480647936361e+03
5.844867007840322003e+03
5.852088492907799264e+03
5.859049163927533300e+03
5.865754141563123085e+03
5.872208441484097420e+03
5.878416976725488894e+03
5.884384559989234731e+03
5.890115905888842462e+03
5.895615633139014790e+03
5.900888266691569697e+03
5.905938239819225601e+03
5.910769896148580301e+03
5.915387491643659814e+03
5.919795196541358564e+03
5.923997097240055155e+03
5.927997198142641537e+03
5.931799423455143369e+03
5.935407618942159388e+03
5.938825553640193903e+03
5.942056921530032923e+03
5.945105343169198022e+03
5.947974367285528388e+03
5.950667472332933357e+03
5.953188068010244933e+03
5.955539496744144344e+03
5.957725035137121267e+03
5.959747895381299713e+03
5.961611226639071901e+03
5.963318116391341391e+03
5.964871591754228575e+03
5.966274620765035252e+03
5.967530113638247713e+03
5.968640923992340504e+03
5.969609850048094813e+03
5.970439635799220923e+03
5.971132972155881362e+03
5.971692498061874176e+03
5.972120801586116613e+03
5.972420420989041304e+03
5.972593845764575235e+03
5.972643517658274504e+03
5.972571831662239674e+03
5.972381136987348327e+03
5.972073738013396905e+03
5.971651895217695710e+03
5.971117826082626380e+03
5.970473705982696629e+03
5.969721669051595200e+03
5.968863809029731783e+03
5.967902180092723029e+03
5.966838797661352146e+03
5.965675639193335883e+03
5.964414644957482778e+03
5.963057718790552826e+03
5.961606728837303308e+03
5.960063508274096421e+03
5.958429856016487975e+03
5.956707537411154590e+03
5.954898284912555027e+03
5.953003798744693086e+03
5.951025747548347681e+03
5.948965769014034777e+03
5.946825470501206837e+03
5.944606429643838055e+03
5.942310194942831004e+03
5.939938286345531196e+03
5.937492195812635146e+03
5.934973387872791136e+03
5.932383300165225592e+03
5.929723343970622409e+03
5.926994904730555390e+03
5.924199342555732073e+03
5.921337992723356365e+03
5.918412166163770962e+03
5.915423149936726077e+03
5.912372207697455451e+03
5.909260580152825241e+03
5.906089485507755853e+03
5.902860119902194128e+03
5.899573657838789586e+03
5.896231252601531196e+03
5.892834036665549320e+03
5.889383122098278363e+03
5.885879600952154760e+03
5.882324545649106767e+03
5.878719009356932474e+03
5.875064026357875264e+03
5.871360612409404894e+03
5.867609765097581658e+03
5.863812464182978147e+03
5.859969671939471482e+03
5.856082333485996969e+03
5.852151377111443253e+03
5.848177714592808115e+03
5.844162241506829560e+03
5.840105837535196770e+03
5.836009366763484650e+03
5.831873677973958365e+03
5.827699604932397051e+03
5.823487966669033995e+03
5.819239567753819756e+03
5.814955198566020954e+03
5.810635635558380272e+03
5.806281641515917727e+03
5.801893965809485053e+03
5.797473344644193276e+03
5.793020501302840785e+03
5.788536146384453787e+03
5.784020978037985515e+03
5.779475682191384294e+03
5.774900932776051377e+03
5.770297391946796779e+03
5.765665710297444093e+03
5.761006527072106110e+03
5.756320467324999299e+03
5.751608154219439712e+03
5.746870191220175002e+03
5.742107174202725218e+03
5.737319688688161477e+03
5.732508310030512803e+03
5.727673603600490424e+03
5.722816124965613199e+03
5.717936420066806932e+03
5.713035025391537602e+03
5.708112468143568549e+03
5.703169266409409829e+03
5.698205929321537951e+03
5.693222957218427837e+03
5.688220841801488859e+03
5.683200066288984999e+03
5.678161105566929109e+03
5.673104426337135919e+03
5.668030487262368297e+03
5.662939739108707727e+03
5.657832624885220866e+03
5.652709579980909439e+03
5.647571032299078979e+03
5.642417402389116432e+03
5.637249103575763002e+03
5.632066542085941364e+03
5.626870117173155450e+03
5.621660221239558268e+03
5.616437239955662335e+03
5.611201552377851840e+03
5.605953531063625633e+03
5.600693542184693797e+03
5.595421945637951467e+03
5.590139095154367169e+03
5.584845338405813891e+03
5.579541017109923814e+03
5.574226467132990365e+03
5.568902018590923035e+03
5.563567995948351381e+03
5.558224718115880023e+03
5.552872498545531016e+03
5.547511645324427263e+03
5.542142461266751525e+03
5.536765244003989210e+03
5.531380286073531352e+03
5.525987875005625938e+03
5.520588293408752179e+03
5.515181819053414074e+03
5.509768724954406935e+03
5.504349279451580514e+03
5.498923746289144219e+03
5.493492384693484382e+03
5.488055449449617299e+03
5.482613190976227997e+03
5.477165855399341126e+03
5.471713684624683083e+03
5.466256916408719917e+03
5.460795784428411935e+03
5.455330518349726844e+03
5.449861343894904167e+03
5.444388482908530023e+03
5.438912153422399570e+03
5.433432569719255298e+03
5.427949942395358448e+03
5.422464478421950844e+03
5.416976381205627149e+03
5.411485850647630286e+03
5.405993083202097296e+03
5.400498271933261094e+03
5.395001606571657248e+03
5.389503273569320299e+03
5.384003456154011474e+03
5.378502334382504159e+03
5.373000085192911683e+03
5.367496882456102867e+03
5.361992897026227183e+03
5.356488296790327695e+03
5.350983246717125439e+03
5.345477908904907054e+03
5.339972442628626595e+03
5.334467004386133340e+03
5.328961747943647424e+03
5.323456824380409671e+03
5.317952382132570165e+03
5.312448567036322856e+03
5.306945522370288018e+03
5.301443388897159821e+03
5.295942304904654520e+03
5.290442406245711936e+03
5.284943826378068479e+03
5.279446696403098940e+03
5.273951145104012539e+03
5.268457298983394139e+03
5.262965282300110630e+03
5.257475217105578849e+03
5.251987223279406862e+03
5.246501418564462256e+03
5.241017918601304700e+03
5.235536836962055531e+03
5.230058285183701628e+03
5.224582372800814483e+03
5.219109207377723578e+03
5.213638894540166802e+03
5.208171538006368792e+03
5.202707239617640880e+03
5.197246099368430805e+03
5.191788215435892198e+03
5.186333684208940213e+03
5.180882600316830576e+03
5.175435056657272071e+03
5.169991144424046070e+03
5.164550953134181327e+03
5.159114570654674026e+03
5.153682083228766714e+03
5.148253575501782507e+03
5.142829130546527267e+03
5.137408829888308901e+03
5.131992753529474612e+03
5.126580979973622561e+03
5.121173586249340588e+03
5.115770647933606597e+03
5.110372239174776951e+03
5.104978432715215604e+03
5.099589299913526702e+03
5.094204910766450666e+03
5.088825333930389206e+03
5.083450636742561983e+03
5.078080885241856777e+03
5.072716144189307670e+03
5.067356477088244901e+03
5.062001946204130036e+03
5.056652612584058261e+03
5.051308536075946904e+03
5.045969775347408358e+03
5.040636387904330149e+03
5.035308430109144865e+03
5.029985957198801771e+03
5.024669023302454661e+03
5.019357681458880506e+03
5.014051983633568852e+03
5.008751980735609322e+03
5.003457722634232596e+03
4.998169258175142204e+03
4.992886635196564384e+03
4.987609900545024175e+03
4.982339100090909596e+03
4.977074278743750256e+03
4.971815480467264933e+03
4.966562748294189078e+03
4.961316124340823080e+03
4.956075649821395018e+03
4.950841365062172372e+03
4.945613309515347282e+03
4.940391521772712622e+03
4.935176039579113421e+03
4.929966899845700027e+03
4.924764138662950245e+03
4.919567791313500493e+03
4.914377892284783229e+03
4.909194475281436098e+03
4.904017573237553734e+03
4.898847218328712188e+03
4.893683441983837838e+03
4.888526274896851646e+03
4.883375747038174268e+03
4.878231887666022885e+03
4.873094725337532509e+03
4.867964287919715389e+03
4.862840602600251259e+03
4.857723695898090227e+03
