# d_l
# unit = Mpc
0.000000000000000000e+00
1.509510557507060469e+02
3.041298080802970958e+02
4.595102813716196124e+02
6.170666080070742510e+02
7.767730382785300662e+02
9.386039499306189100e+02
1.102533857333033211e+03
1.268537420278664285e+03
1.436589452405328984e+03
1.606664929239996127e+03
1.778738995865253173e+03
1.952786974208742777e+03
2.128784369957208128e+03
2.306706879097514502e+03
2.486530394087845707e+03
2.668231009663078112e+03
2.851785028278822210e+03
3.037168965199461582e+03
3.224359553235940894e+03
3.413333747139679417e+03
3.604068727659415799e+03
3.796541905268252776e+03
3.990730923568531580e+03
4.186613662382561415e+03
4.384168240537468591e+03
4.583373018352723193e+03
4.784206599839122646e+03
4.986647834618181150e+03
5.190675819571021748e+03
5.396269900225958736e+03
5.603409671894090934e+03
5.812074980562181736e+03
6.022245923552247405e+03
6.233902849957044054e+03
6.447026360860934801e+03
6.661597309355224752e+03
6.877596800357193388e+03
7.095006190241817421e+03
7.313807086295224508e+03
7.533981345998509823e+03
7.755511076150757617e+03
7.978378631839566879e+03
8.202566615267531233e+03
8.428057874442671164e+03
8.654835501740857580e+03
8.882882832347846488e+03
9.112183442588524485e+03
9.342721148150585577e+03
9.574480002209762461e+03
9.807444293463477152e+03
1.004159854407946295e+04
1.027692750756592795e+04
1.051341616656918632e+04
1.075104973060499469e+04
1.098981363372909436e+04
1.122969353215257252e+04
1.147067530180732501e+04
1.171274503586659011e+04
1.195588904222552446e+04
1.220009384094639972e+04
1.244534616167273816e+04
1.269163294101683641e+04
1.293894131992441544e+04
1.318725864102053856e+04
1.343657244594001349e+04
1.368687047264621106e+04
1.393814065274107088e+04
1.419037110876985753e+04
1.444355015152310625e+04
1.469766627733893256e+04
1.495270816540800479e+04
1.520866467508380083e+04
1.546552484320028998e+04
1.572327788139934091e+04
1.598191317346965661e+04
1.624142027269940809e+04
1.650178889924402029e+04
1.676300893751085823e+04
1.702507043356240683e+04
1.728796359253922856e+04
1.755167877610394862e+04
1.781620649990762831e+04
1.808153743107949413e+04
1.834766238574093222e+04
1.861457232654505424e+04
1.888225836024194723e+04
1.915071173527119026e+04
1.941992383938158309e+04
1.968988619727924379e+04
1.996059046830412626e+04
2.023202844413584171e+04
2.050419204652875123e+04
2.077707332507729006e+04
2.105066445501095950e+04
2.132495773502007432e+04
2.159994558511189825e+04
2.187562054449759671e+04
2.215197526950983593e+04
2.242900253155142491e+04
2.270669521507478930e+04
2.298504631559229165e+04
2.326404893771741627e+04
2.354369629323676418e+04
2.382398169921258159e+04
2.410489857611597108e+04
2.438644044599034532e+04
2.466860093064509419e+04
2.495137374987928342e+04
2.523475271973513736e+04
2.551873175078100030e+04
2.580330484642354713e+04
2.608846610124912331e+04
2.637420969939376300e+04
2.666052991294157619e+04
2.694742110035137739e+04
2.723487770491101401e+04
2.752289425321929230e+04
2.781146535369501726e+04
2.810058569511284077e+04
2.839025004516552144e+04
2.868045324905247617e+04
2.897119022809389207e+04
2.926245597837046444e+04
2.955424556938786191e+04
2.984655414276626107e+04
3.013937691095385526e+04
3.043270915596449049e+04
3.072654622813878450e+04
3.102088354492851795e+04
3.131571658970378485e+04
3.161104091058266204e+04
3.190685211928296121e+04
3.220314588999563057e+04
3.249991795827968599e+04
3.279716411997796968e+04
3.309488023015367799e+04
3.339306220204706915e+04
3.369170600605213986e+04
3.399080766871295054e+04
3.429036327173902100e+04
3.459036895103966526e+04
3.489082089577703300e+04
3.519171534743702796e+04
3.549304859891837259e+04
3.579481699363903317e+04
3.609701692465988890e+04
3.639964483382539765e+04
3.670269721092067630e+04
3.700617059284491552e+04
3.731006156280059076e+04
3.761436674949866574e+04
3.791908282637871162e+04
3.822420651084426208e+04
3.852973456351298955e+04
3.883566378748123680e+04
3.914199102760272217e+04
3.944871316978114919e+04
3.975582714027653128e+04
4.006332990502482426e+04
4.037121846897056821e+04
4.067948987541247334e+04
4.098814120536158589e+04
4.129716957691171410e+04
4.160657214462200500e+04
4.191634609891130094e+04
4.222648866546407953e+04
4.253699710464801319e+04
4.284786871094220987e+04
4.315910081237684062e+04
4.347069076998313540e+04
4.378263597725403815e+04
4.409493385961506283e+04
4.440758187390528474e+04
4.472057750786798715e+04
4.503391827965119592e+04
4.534760173731756367e+04
4.566162545836371282e+04
4.597598704924806952e+04
4.629068414492844749e+04
4.660571440840768628e+04
4.692107553028808616e+04
4.723676522833421768e+04
4.755278124704381480e+04
4.786912135722678067e+04
4.818578335559204424e+04
4.850276506434210751e+04
4.882006433077511610e+04
4.913767902689425682e+04
4.945560704902475118e+04
4.977384631743732461e+04
5.009239477597919176e+04
5.041125039171158278e+04
5.073041115455397812e+04
5.104987507693484076e+04
5.136964019344885310e+04
5.168970456052033842e+04
5.201006625607283786e+04
5.233072337920474092e+04
5.265167404987083137e+04
5.297291640856939193e+04
5.329444861603548634e+04
5.361626885293896339e+04
5.393837531958903128e+04
5.426076623564275360e+04
5.458343983982024656e+04
5.490639438962373242e+04
5.522962816106231912e+04
5.555313944838156021e+04
5.587692656379777327e+04
5.620098783723688393e+04
5.652532161607820308e+04
5.684992626490262046e+04
5.717480016524518578e+04
5.749994171535204805e+04
5.782534932994170958e+04
5.815102143997030362e+04
5.847695649240136117e+04
5.880315294997903402e+04
5.912960929100562498e+04
5.945632400912300363e+04
5.978329561309750716e+04
6.011052262660885754e+04
6.043800358804240386e+04
6.076573705028544646e+04
6.109372158052622399e+04
6.142195576005716430e+04
6.175043818408103834e+04
6.207916746152042469e+04
6.240814221483057190e+04
6.273736107981524401e+04
6.306682267205941753e+04
6.339652571906834055e+04
6.372646886342139624e+04
6.405665079253591830e+04
6.438707020630289480e+04
6.471772581692046515e+04
6.504861634873041476e+04
6.537974053805714357e+04
6.571109713304975594e+04
6.604268489352616598e+04
6.637450259082023695e+04
6.670654900763100886e+04
6.703882293787496747e+04
6.737132318653998664e+04
6.770404856954222487e+04
6.803699791358520451e+04
6.837017005602084100e+04
6.870356384471325146e+04
6.903717813790438231e+04
6.937101180408165965e+04
6.970506372184841894e+04
7.003933277979545528e+04
7.037381787637560046e+04
7.070851791977944958e+04
7.104343182781356154e+04
7.137855852778037661e+04
7.171389695636014221e+04
7.204944605949467223e+04
7.238520479227256146e+04
7.272117211881696130e+04
7.305734701217427209e+04
7.339372845420510566e+04
7.373031543547671754e+04
7.406710695515730185e+04
7.440410202091145038e+04
7.474129964879769250e+04
7.507869886316753400e+04
7.541629869656573283e+04
7.575409818963235011e+04
7.609209639100640197e+04
7.643029235723054444e+04
7.676868515265756287e+04
7.710727384935818554e+04
7.744605752703020698e+04
7.778503527290903730e+04
7.812420618167954672e+04
7.846356935538924881e+04
7.880312390336280805e+04
7.914286894211759500e+04
7.948280359528082772e+04
7.982292699350784824e+04
8.016323827440119931e+04
8.050373658243149112e+04
8.084442106885905378e+04
8.118529089165673940e+04
8.152634521543391747e+04
8.186758321136176528e+04
8.220900405709908227e+04
8.255060693671990884e+04
8.289239104064147978e+04
8.323435556555390940e+04
8.357649971434994950e+04
8.391882269605693000e+04
8.426132372576858324e+04
8.460400202457849809e+04
8.494685681951415609e+04
8.528988734347224818e+04
8.563309283515450079e+04
8.597647253900470969e+04
8.632002570514651597e+04
8.666375158932201157e+04
8.700764945283127599e+04
8.735171856247282994e+04
8.769595819048464182e+04
8.804036761448625475e+04
8.838494611742153938e+04
8.872969298750210146e+04
8.907460751815195545e+04
8.941968900795216905e+04
8.976493676058719575e+04
9.011035008479097451e+04
9.045592829429465928e+04
9.080167070777420304e+04
9.114757664879942604e+04
9.149364544578308414e+04
9.183987643193126132e+04
9.218626894519382040e+04
9.253282232821607613e+04
9.287953592829032277e+04
9.322640909730913700e+04
9.357344119171817147e+04
9.392063157247033087e+04
9.426797960497999156e+04
9.461548465907848731e+04
9.496314610896950762e+04
9.531096333318535471e+04
9.565893571454395715e+04
9.600706264010615996e+04
9.635534350113337860e+04
9.670377769304667891e+04
9.705236461538523145e+04
9.740110367176604632e+04
9.774999426984413003e+04
9.809903582127274422e+04
9.844822774166479940e+04
9.879756945055410324e+04
9.914706037135770021e+04
9.949669993133799289e+04
9.984648756156601303e+04
1.001964226968848088e+05
1.005465047758732981e+05
1.008967332408106158e+05
1.012471075376408990e+05
1.015976271159385942e+05
1.019482914288740576e+05
1.022990999331792991e+05
1.026500520891153283e+05
1.030011473604379862e+05
1.033523852143662371e+05
1.037037651215491351e+05
1.040552865560343344e+05
1.044069489952363510e+05
1.047587519199056842e+05
1.051106948140976456e+05
1.054627771651424846e+05
1.058149984636149748e+05
1.061673582033047423e+05
1.065198558811872936e+05
1.068724909973947506e+05
1.072252630551872426e+05
1.075781715609247622e+05
1.079312160240391822e+05
1.082843959570064617e+05
1.086377108753195935e+05
1.089911602974613925e+05
1.093447437448781566e+05
1.096984607419529493e+05
1.100523108159796684e+05
1.104062934971376526e+05
1.107604083184655465e+05
1.111146548158368241e+05
1.114690325279345125e+05
1.118235409962266567e+05
1.121781797649423388e+05
1.125329483810470992e+05
1.128878463942197704e+05
1.132428733568286552e+05
1.135980288239082729e+05
1.139533123531367019e+05
1.143087235048126022e+05
1.146642618418328057e+05
1.150199269296704151e+05
1.153757183363525837e+05
1.157316356324388471e+05
1.160876783909996884e+05
1.164438461875954818e+05
1.168001386002553190e+05
1.171565552094562154e+05
1.175130955981029838e+05
1.178697593515072949e+05
1.182265460573682649e+05
1.185834553057521262e+05
1.189404866890729754e+05
1.192976398020727793e+05
1.196549142418028787e+05
1.200123096076044312e+05
1.203698255010899011e+05
1.207274615261241270e+05
1.210852172888065252e+05
1.214430923974522593e+05
