# d_m
# unit = Mpc
0.000000000000000000e+00
1.494564908422832161e+02
2.981664785100952031e+02
4.461264867685626996e+02
5.933332769298790481e+02
7.397838459795524386e+02
8.854754244628479682e+02
1.030405474143021593e+03
1.174571685443207571e+03
1.317971974683787948e+03
1.460604481127269082e+03
1.602467563842570371e+03
1.743559798400663112e+03
1.883879973413458856e+03
2.023427086927644268e+03
2.162200342685083342e+03
2.300199146261274564e+03
2.437423101093010700e+03
2.573872004406323413e+03
2.709545843055412661e+03
2.844444789283066257e+03
2.978569196412740439e+03
3.111919594482174489e+03
3.244496685828074533e+03
3.376301340631097901e+03
3.507334592429974691e+03
3.637597633613272592e+03
3.767091810896947209e+03
3.895818620795454081e+03
4.023779705093815210e+03
4.150976846327660496e+03
4.277411963277932045e+03
4.403087106486501398e+03
4.528004453798682334e+03
4.652166305938092592e+03
4.775575082119210492e+03
4.898233315702371328e+03
5.020143649895760973e+03
5.141308833508564021e+03
5.261731716759153642e+03
5.381415247141792861e+03
5.500362465355146924e+03
5.618576501295469825e+03
5.736060570117154384e+03
5.852817968362965985e+03
5.968852070166109115e+03
6.084166323525922962e+03
6.198764246658860429e+03
6.312649424426071164e+03
6.425825504838766392e+03
6.538296195642317798e+03
6.650065260979777122e+03
6.761136518135478582e+03
6.871513834358945132e+03
6.981201123769476908e+03
7.090202344341350909e+03
7.198521494969597370e+03
7.306162612616129991e+03
7.413129769535816195e+03
7.519427070582091801e+03
7.625058650591499827e+03
7.730028671846422185e+03
7.834341321615330344e+03
7.938000809769580883e+03
8.041011366475937393e+03
8.143377239963644570e+03
8.245102694365186835e+03
8.346192007629384534e+03
8.446649469505866364e+03
8.546479379599471940e+03
8.645686045493488564e+03
8.744273780940353390e+03
8.842246904118488601e+03
8.939609735953925338e+03
9.036366598505368529e+03
9.132521813411232870e+03
9.228079700397391207e+03
9.323044575844078281e+03
9.417420751410594676e+03
9.511212532716428541e+03
9.604424218077348996e+03
9.697060097294999650e+03
9.789124450498697115e+03
9.880621547037973869e+03
9.971555644424421189e+03
1.006193098732164981e+04
1.015175180658169302e+04
1.024102231832683901e+04
1.032974672307531000e+04
1.041792920490965116e+04
1.050557393068638339e+04
1.059268504928577931e+04
1.067926669090039104e+04
1.076532296636128922e+04
1.085085796650049451e+04
1.093587576154875569e+04
1.102038040056729551e+04
1.110437591091248578e+04
1.118786629773224013e+04
1.127085554349317863e+04
1.135334760753739465e+04
1.143534642566780713e+04
1.151685590976109779e+04
1.159787994740727117e+04
1.167842240157479500e+04
1.175848711030047525e+04
1.183807788640307990e+04
1.191719851721985106e+04
1.199585276436503955e+04
1.207404436350963624e+04
1.215177702418142871e+04
1.222905442958461754e+04
1.230588023643826455e+04
1.238225807483275275e+04
1.245819154810353939e+04
1.253368423272156906e+04
1.260873967819954305e+04
1.268336140701349905e+04
1.275755291453900099e+04
1.283131766900129696e+04
1.290465911143887206e+04
1.297758065567985432e+04
1.305008568833058416e+04
1.312217756877599277e+04
1.319385962919100893e+04
1.326513517456278350e+04
1.333600748272294550e+04
1.340647980438964260e+04
1.347655536321876389e+04
1.354623735586398107e+04
1.361552895204512424e+04
1.368443329462452857e+04
1.375295349969092968e+04
1.382109265665048406e+04
1.388885382832465257e+04
1.395624005105445576e+04
1.402325433481087930e+04
1.408989966331100004e+04
1.415617899413955638e+04
1.422209525887571181e+04
1.428765136322458966e+04
1.435285018715338811e+04
1.441769458503183341e+04
1.448218738577655677e+04
1.454633139299933464e+04
1.461012938515878704e+04
1.467358411571540273e+04
1.473669831328963483e+04
1.479947468182285411e+04
1.486191590074092892e+04
1.492402462512023703e+04
1.498580348585604406e+04
1.504725508983282089e+04
1.510838202009654378e+04
1.516918683602873716e+04
1.522967207352205514e+04
1.528984024515731289e+04
1.534969384038176759e+04
1.540923532568857809e+04
1.546846714479723050e+04
1.552739171883483323e+04
1.558601144651818686e+04
1.564432870433648168e+04
1.570234584673449172e+04
1.576006520629621264e+04
1.581748909392879068e+04
1.587461979904664440e+04
1.593145958975581016e+04
1.598801071303813842e+04
1.604427539493562836e+04
1.610025584073449318e+04
1.615595423514909089e+04
1.621137274250554037e+04
1.626651350692501182e+04
1.632137865250656432e+04
1.637597028350952678e+04
1.643029048453535142e+04
1.648434132070892156e+04
1.653812483785901713e+04
1.659164306269836743e+04
1.664489800300274510e+04
1.669789164778935447e+04
1.675062596749440127e+04
1.680310291414975654e+04
1.685532442155872559e+04
1.690729240547089285e+04
1.695900876375598091e+04
1.701047537657669454e+04
1.706169410656050604e+04
1.711266679897050199e+04
1.716339528187493852e+04
1.721388136631587258e+04
1.726412684647657079e+04
1.731413349984777597e+04
1.736390308739280226e+04
1.741343735371147341e+04
1.746273802720281674e+04
1.751180682022654582e+04
1.756064542926333525e+04
1.760925553507385484e+04
1.765763880285646519e+04
1.770579688240381438e+04
1.775373140825793598e+04
1.780144399986436474e+04
1.784893626172458971e+04
1.789620978354762337e+04
1.794326614039991182e+04
1.799010689285417538e+04
1.803673358713687048e+04
1.808314775527435995e+04
1.812935091523770461e+04
1.817534457108623974e+04
1.822113021310981276e+04
1.826670931796970763e+04
1.831208334883823045e+04
1.835725375553705089e+04
1.840222197467414662e+04
1.844698942977960905e+04
1.849155753143994662e+04
1.853592767743123113e+04
1.858010125285093818e+04
1.862407963024844503e+04
1.866786416975430257e+04
1.871145621920817575e+04
1.875485711428563081e+04
1.879806817862345270e+04
1.884109072394391478e+04
1.888392605017768801e+04
1.892657544558549489e+04
1.896904018687859207e+04
1.901132153933795053e+04
1.905342074684574618e+04
1.909533907200853719e+04
1.913707773676318175e+04
1.917863796183710292e+04
1.922002095710534195e+04
1.926122792170252069e+04
1.930226004413365445e+04
1.934311850238377156e+04
1.938380446402647794e+04
1.942431908633122657e+04
1.946466351636956824e+04
1.950483889112018005e+04
1.954484633757287520e+04
1.958468697283139045e+04
1.962436190421513675e+04
1.966387222935988757e+04
1.970321903631724490e+04
1.974240340365323209e+04
1.978142640054566800e+04
1.982028908688047522e+04
1.985899251334712608e+04
1.989753772153280079e+04
1.993592574401574893e+04
1.997415760445747219e+04
2.001223431769396120e+04
2.005015688982595020e+04
2.008792631830816390e+04
2.012554359203761851e+04
2.016300969144082774e+04
2.020032558856026662e+04
2.023749224713968943e+04
2.027451062270859256e+04
2.031138166266576445e+04
2.034810630636189671e+04
2.038468548518122043e+04
2.042112012262232020e+04
2.045741113437807508e+04
2.049355942841459910e+04
2.052956590504941778e+04
2.056543145702875699e+04
2.060115696960391870e+04
2.063674332060687084e+04
2.067219138052498238e+04
2.070750201257492154e+04
2.074267607277574280e+04
2.077771441002115535e+04
2.081261786615099481e+04
2.084738727602190556e+04
2.088202346757720079e+04
2.091652726191600595e+04
2.095089947336163823e+04
2.098514090952910919e+04
2.101925237139203455e+04
2.105323465334871435e+04
2.108708854328746384e+04
2.112081482265127488e+04
2.115441426650174617e+04
2.118788764358223852e+04
2.122123571638043722e+04
2.125445924119012489e+04
2.128755896817235407e+04
2.132053564141580500e+04
2.135338999899667397e+04
2.138612277303771043e+04
2.141873468976670847e+04
2.145122646957428151e+04
2.148359882707109500e+04
2.151585247114434605e+04
2.154798810501371190e+04
2.158000642628662899e+04
2.161190812701297182e+04
2.164369389373912418e+04
2.167536440756149386e+04
2.170692034417936520e+04
2.173836237394722048e+04
2.176969116192648653e+04
2.180090736793663382e+04
2.183201164660587165e+04
2.186300464742106851e+04
2.189388701477736686e+04
2.192465938802700475e+04
2.195532240152782833e+04
2.198587668469109121e+04
2.201632286202884279e+04
2.204666155320074176e+04
2.207689337306040034e+04
2.210701893170115727e+04
2.213703883450145440e+04
2.216695368216952920e+04
2.219676407078788907e+04
2.222647059185704711e+04
2.225607383233893779e+04
2.228557437469975775e+04
2.231497279695247198e+04
2.234426967269870875e+04
2.237346557117027260e+04
2.240256105727024988e+04
2.243155669161358674e+04
2.246045303056721968e+04
2.248925062628992237e+04
2.251795002677151206e+04
2.254655177587176877e+04
2.257505641335892142e+04
2.260346447494763925e+04
2.263177649233673583e+04
2.265999299324635649e+04
2.268811450145484923e+04
2.271614153683515906e+04
2.274407461539088763e+04
2.277191424929200002e+04
2.279966094691004400e+04
2.282731521285308190e+04
2.285487754800020411e+04
2.288234844953572247e+04
2.290972841098293429e+04
2.293701792223751181e+04
2.296421746960074233e+04
2.299132753581204815e+04
2.301834860008156465e+04
2.304528113812203082e+04
2.307212562218056337e+04
2.309888252106999062e+04
2.312555230019992814e+04
2.315213542160741054e+04
2.317863234398735585e+04
2.320504352272257893e+04
2.323136940991351003e+04
2.325761045440770613e+04
2.328376710182892202e+04
2.330983979460592309e+04
2.333582897200103616e+04
2.336173507013835115e+04
2.338755852203163522e+04
2.341329975761197784e+04
2.343895920375513742e+04
2.346453728430861520e+04
2.349003442011840525e+04
2.351545102905548629e+04
2.354078752604214606e+04
2.356604432307777461e+04
2.359122182926471942e+04
2.361632045083358025e+04
2.364134059116842400e+04
2.366628265083171573e+04
2.369114702758886415e+04
2.371593411643272702e+04
2.374064430960768732e+04
2.376527799663352926e+04
2.378983556432916521e+04
2.381431739683595515e+04
2.383872387564091332e+04
2.386305537959967114e+04
2.388731228495912728e+04
2.391149496537992673e+04
2.393560379195869973e+04
2.395963913325010071e+04
2.398360135528856699e+04
2.400749082160988110e+04
2.403130789327259117e+04
2.405505292887903852e+04
2.407872628459638872e+04
2.410232831417726265e+04
2.412585936898032014e+04
2.414931979799044348e+04
2.417270994783896458e+04
2.419603016282347380e+04
2.421928078492754139e+04
2.424246215384018433e+04
2.426557460697525312e+04
2.428861847949045114e+04
