# h
# unit = 1.0/Mpc
6.674296546069292458e-05
6.707635180340257796e-05
6.741471950334697294e-05
6.775805960725703452e-05
6.810636225911693823e-05
6.845961672995279530e-05
6.881781144765199349e-05
6.918093402676243962e-05
6.954897129822345668e-05
6.992190933898133538e-05
7.029973350144572478e-05
7.068242844274395483e-05
7.106997815373381215e-05
7.146236598773684915e-05
7.185957468895665112e-05
7.226158642054889827e-05
7.266838279231234996e-05
7.307994488797195213e-05
7.349625329202750493e-05
7.391728811614394314e-05
7.434302902506062397e-05
7.477345526200017412e-05
7.520854567355828870e-05
7.564827873405924883e-05
7.609263256936253477e-05
7.654158498010908273e-05
7.699511346439609938e-05
7.745319523987254649e-05
7.791580726524809921e-05
7.838292626121041475e-05
7.885452873074667239e-05
7.933059097886748792e-05
7.981108913173171136e-05
8.029599915517289424e-05
8.078529687262859182e-05
8.127895798247534640e-05
8.177695807477286169e-05
8.227927264742245059e-05
8.278587712174460800e-05
8.329674685748318988e-05
8.381185716724213434e-05
8.433118333036391352e-05
8.485470060625707528e-05
8.538238424718309319e-05
8.591420951051107662e-05
8.645015167045118278e-05
8.699018602927709859e-05
8.753428792804798699e-05
8.808243275684170205e-05
8.863459596450992510e-05
8.919075306796774450e-05
8.975087966102834479e-05
9.031495142279573438e-05
9.088294412562684173e-05
9.145483364267516365e-05
9.203059595502835282e-05
9.261020715845139962e-05
9.319364346974764633e-05
9.378088123274951906e-05
9.437189692395106652e-05
9.496666715779389280e-05
9.556516869161800400e-05
9.616737843028984713e-05
9.677327343051762452e-05
9.738283090486675854e-05
9.799602822548453263e-05
9.861284292754687842e-05
9.923325271243586061e-05
9.985723545066026012e-05
1.004847691845272786e-04
1.011158321305776023e-04
1.017504026817915911e-04
1.023884594095773252e-04
1.030299810655492396e-04
1.036749465831063424e-04
1.043233350788189774e-04
1.049751258536326542e-04
1.056302983938969565e-04
1.062888323722276177e-04
1.069507076482100469e-04
1.076159042689510382e-04
1.082844024694866339e-04
1.089561826730528368e-04
1.096312254912262037e-04
1.103095117239407590e-04
1.109910223593878821e-04
1.116757385738047258e-04
1.123636417311582657e-04
1.130547133827288717e-04
1.137489352666011132e-04
1.144462893070650886e-04
1.151467576139348156e-04
1.158503224817877304e-04
1.165569663891304758e-04
1.172666719974951914e-04
1.179794221504710367e-04
1.186951998726746188e-04
1.194139883686637984e-04
1.201357710217982878e-04
1.208605313930512980e-04
1.215882532197746320e-04
1.223189204144221724e-04
1.230525170632334976e-04
1.237890274248814747e-04
1.245284359290867442e-04
1.252707271752015353e-04
1.260158859307658333e-04
1.267638971300381510e-04
1.275147458725036926e-04
1.282684174213615674e-04
1.290248972019946273e-04
1.297841708004215250e-04
1.305462239617362753e-04
1.313110425885341027e-04
1.320786127393275570e-04
1.328489206269533598e-04
1.336219526169719863e-04
1.343976952260619081e-04
1.351761351204091460e-04
1.359572591140941129e-04
1.367410541674768029e-04
1.375275073855814661e-04
1.383166060164825017e-04
1.391083374496915998e-04
1.399026892145479987e-04
1.406996489786126463e-04
1.414992045460671042e-04
1.423013438561179550e-04
1.431060549814076866e-04
1.439133261264321638e-04
1.447231456259672074e-04
1.455355019435020298e-04
1.463503836696831344e-04
1.471677795207669147e-04
1.479876783370831777e-04
1.488100690815086138e-04
1.496349408379518415e-04
1.504622828098500797e-04
1.512920843186773125e-04
1.521243348024649766e-04
1.529590238143351986e-04
1.537961410210472865e-04
1.546356762015564179e-04
1.554776192455867225e-04
1.563219601522176168e-04
1.571686890284836665e-04
1.580177960879888940e-04
1.588692716495348567e-04
1.597231061357633609e-04
1.605792900718130815e-04
1.614378140839909531e-04
1.622986688984581988e-04
1.631618453399308864e-04
1.640273343303948780e-04
1.648951268878359852e-04
1.657652141249842191e-04
1.666375872480739507e-04
1.675122375556169197e-04
1.683891564371917495e-04
1.692683353722474219e-04
1.701497659289214154e-04
1.710334397628720735e-04
1.719193486161264774e-04
1.728074843159423319e-04
1.736978387736841086e-04
1.745904039837135543e-04
1.754851720222951896e-04
1.763821350465151689e-04
1.772812852932145885e-04
1.781826150779372412e-04
1.790861167938904899e-04
1.799917829109201541e-04
1.808996059745001154e-04
1.818095786047342545e-04
1.827216934953717253e-04
1.836359434128373251e-04
1.845523211952733043e-04
1.854708197515948093e-04
1.863914320605589050e-04
1.873141511698456327e-04
1.882389701951521315e-04
1.891658823192998251e-04
1.900948807913531013e-04
1.910259589257505130e-04
1.919591101014496144e-04
1.928943277610814999e-04
1.938316054101188685e-04
1.947709366160556353e-04
1.957123150075974934e-04
1.966557342738647809e-04
1.976011881636062723e-04
1.985486704844238108e-04
1.994981751020092199e-04
2.004496959393905662e-04
2.014032269761903751e-04
2.023587622478943910e-04
2.033162958451298504e-04
2.042758219129554658e-04
2.052373346501610576e-04
2.062008283085765381e-04
2.071662971923926859e-04
2.081337356574895368e-04
2.091031381107762946e-04
2.100744990095402404e-04
2.110478128608038819e-04
2.120230742206937315e-04
2.130002776938160218e-04
2.139794179326427498e-04
2.149604896369063935e-04
2.159434875530027607e-04
2.169284064734040558e-04
2.179152412360781002e-04
2.189039867239184753e-04
2.198946378641811173e-04
2.208871896279298826e-04
2.218816370294905173e-04
2.228779751259111032e-04
2.238761990164323716e-04
2.248763038419637349e-04
2.258782847845681552e-04
2.268821370669546564e-04
2.278878559519763390e-04
2.288954367421385579e-04
2.299048747791110055e-04
2.309161654432504991e-04
2.319293041531263178e-04
2.329442863650567060e-04
2.339611075726491442e-04
2.349797633063480746e-04
2.360002491329902966e-04
2.370225606553641570e-04
2.380466935117783636e-04
2.390726433756339413e-04
2.401004059550050260e-04
2.411299769922227746e-04
2.421613522634684910e-04
2.431945275783695712e-04
2.442294987796033898e-04
2.452662617425058222e-04
2.463048123746855119e-04
2.473451466156438854e-04
2.483872604363999092e-04
2.494311498391215158e-04
2.504768108567603899e-04
2.515242395526942360e-04
2.525734320203715938e-04
2.536243843829640260e-04
2.546770927930211794e-04
2.557315534321326768e-04
2.567877625105928268e-04
2.578457162670719487e-04
2.589054109682905149e-04
2.599668429086996369e-04
2.610300084101645321e-04
2.620949038216528705e-04
2.631615255189285411e-04
2.642298699042475336e-04
2.652999334060609214e-04
2.663717124787186568e-04
2.674452036021806320e-04
2.685204032817293108e-04
2.695973080476881615e-04
2.706759144551424746e-04
2.717562190836654394e-04
2.728382185370464429e-04
2.739219094430251147e-04
2.750072884530264028e-04
2.760943522419024242e-04
2.771830975076746426e-04
2.782735209712823869e-04
2.793656193763325093e-04
2.804593894888541931e-04
2.815548280970556574e-04
2.826519320110859037e-04
2.837506980627977639e-04
2.848511231055151217e-04
2.859532040138039835e-04
2.870569376832446873e-04
2.881623210302098584e-04
2.892693509916418227e-04
2.903780245248373379e-04
2.914883386072306994e-04
2.926002902361837842e-04
2.937138764287753907e-04
2.948290942215964867e-04
2.959459406705455126e-04
2.970644128506285081e-04
2.981845078557601616e-04
2.993062227985693042e-04
3.004295548102046205e-04
3.015545010401457808e-04
3.026810586560137596e-04
3.038092248433874433e-04
3.049389968056185024e-04
3.060703717636524437e-04
3.072033469558491754e-04
3.083379196378073657e-04
3.094740870821916759e-04
3.106118465785594500e-04
3.117511954331932600e-04
3.128921309689322041e-04
3.140346505250093847e-04
3.151787514568855919e-04
3.163244311360927444e-04
3.174716869500712594e-04
3.186205163020163671e-04
3.197709166107220394e-04
3.209228853104284973e-04
3.220764198506718859e-04
3.232315176961344919e-04
3.243881763264996779e-04
3.255463932363037794e-04
3.267061659347964605e-04
3.278674919457954845e-04
3.290303688075503757e-04
3.301947940726017981e-04
3.313607653076466267e-04
3.325282800934036692e-04
3.336973360244792244e-04
3.348679307092381169e-04
3.360400617696714782e-04
3.372137268412707086e-04
3.383889235729002458e-04
3.395656496266721770e-04
3.407439026778243205e-04
3.419236804145960300e-04
3.431049805381110470e-04
3.442878007622544433e-04
3.454721388135595394e-04
3.466579924310882622e-04
3.478453593663180629e-04
3.490342373830292687e-04
3.502246242571908615e-04
3.514165177768534677e-04
3.526099157420359504e-04
3.538048159646209464e-04
3.550012162682462296e-04
3.561991144881998680e-04
3.573985084713164661e-04
3.585993960758728644e-04
3.598017751714889891e-04
3.610056436390244737e-04
3.622109993704811346e-04
3.634178402689050135e-04
3.646261642482871192e-04
3.658359692334714323e-04
3.670472531600554845e-04
3.682600139743008030e-04
3.694742496330380432e-04
3.706899581035755361e-04
3.719071373636109257e-04
3.731257854011382530e-04
3.743459002143632798e-04
3.755674798116137711e-04
3.767905222112528669e-04
3.780150254415970087e-04
3.792409875408261129e-04
3.804684065569057796e-04
3.816972805475010982e-04
3.829276075798954950e-04
3.841593857309126168e-04
3.853926130868327382e-04
3.866272877433175729e-04
3.878634078053299337e-04
3.891009713870566462e-04
3.903399766118352023e-04
3.915804216120738002e-04
3.928223045291809800e-04
3.940656235134901630e-04
3.953103767241850043e-04
3.965565623292317387e-04
3.978041785053029614e-04
3.990532234377105157e-04
4.003036953203348031e-04
4.015555923555540392e-04
4.028089127541797433e-04
4.040636547353858863e-04
4.053198165266425914e-04
4.065773963636532505e-04
4.078363924902837800e-04
4.090968031585032606e-04
4.103586266283173133e-04
4.116218611677037518e-04
4.128865050525540900e-04
4.141525565666072969e-04
4.154200140013907081e-04
4.166888756561602856e-04
4.179591398378380059e-04
4.192308048609543966e-04
4.205038690475910198e-04
4.217783307273181305e-04
4.230541882371430143e-04
4.243314399214482419e-04
4.256100841319370798e-04
4.268901192275803102e-04
4.281715435745560576e-04
4.294543555461995360e-04
4.307385535229484594e-04
4.320241358922862840e-04
4.333111010486942862e-04
4.345994473935962683e-04
