# mu
-inf
3.589418077411265529e+01
3.741529493943108520e+01
3.831147616504163267e+01
3.895166022801554107e+01
3.945147071419805940e+01
3.986241188761731280e+01
4.021195967472266375e+01
4.051651641447315910e+01
4.078666336736034737e+01
4.102962656939503461e+01
4.125056113173076255e+01
4.145327434759222740e+01
4.164065836430663126e+01
4.181496205392664933e+01
4.197796886098210223e+01
4.213111713574055273e+01
4.227558392330617210e+01
4.241234476731695935e+01
4.254221732335698647e+01
4.266589377285338713e+01
4.278396532074523151e+01
4.289694098936458744e+01
4.300526223156742844e+01
4.310931443183055478e+01
4.320943605828382772e+01
4.330592601895344274e+01
4.339904962918347309e+01
4.348904349350561915e+01
4.357611953067066679e+01
4.366046831623673086e+01
4.374226187705221491e+01
4.382165604209615850e+01
4.389879243162347677e+01
4.397380014942793025e+01
4.404679722987749102e+01
4.411789188118532934e+01
4.418718355842392498e+01
4.425476389353173090e+01
4.432071750460515602e+01
4.438512270281650274e+01
4.444805211212698026e+01
4.450957321440448311e+01
4.456974883047824676e+01
4.462863754596697419e+01
4.468629408932676483e+01
4.474276966841918579e+01
4.479811227095114390e+01
4.485236693334948654e+01
4.490557598197439404e+01
4.495777925002360575e+01
4.500901427301469937e+01
4.505931646534021695e+01
4.510871928005770570e+01
4.515725435379388131e+01
4.520495163840074326e+01
4.525183952079474636e+01
4.529794493223318597e+01
4.534329344812871909e+01
4.538790937937185532e+01
4.543181585601655570e+01
4.547503490408566762e+01
4.551758751616641518e+01
4.555949371639128742e+01
4.560077262033408374e+01
4.564144249029328648e+01
4.568152078638456715e+01
4.572102421381977422e+01
4.575996876671070623e+01
4.579836976870140575e+01
4.583624191070201448e+01
4.587359928597037140e+01
4.591045542276312830e+01
4.594682331475710413e+01
4.598271544942220146e+01
4.601814383451032597e+01
4.605312002280959405e+01
4.608765513529919389e+01
4.612175988282841388e+01
4.615544458643196180e+01
4.618871919638426959e+01
4.622159331008603544e+01
4.625407618886887207e+01
4.628617677379598661e+01
4.631790370053094108e+01
4.634926531334009780e+01
4.638026967828915303e+01
4.641092459568949380e+01
4.644123761184521015e+01
4.647121603014806368e+01
4.650086692156369139e+01
4.653019713454911965e+01
4.655921330443856476e+01
4.658792186233177546e+01
4.661632904351648676e+01
4.664444089545436611e+01
4.667226328535757318e+01
4.669980190738115766e+01
4.672706228945470031e+01
4.675404979977495401e+01
4.678076965297965017e+01
4.680722691602134944e+01
4.683342651375886589e+01
4.685937323428250068e+01
4.688507173398853212e+01
4.691052654241687492e+01
4.693574206686554362e+01
4.696072259679395700e+01
4.698547230802709151e+01
4.700999526677101414e+01
4.703429543345013997e+01
4.705837666637572170e+01
4.708224272525448839e+01
4.710589727454588171e+01
4.712934388667562757e+01
4.715258604511326723e+01
4.717562714732029860e+01
4.719847050757580575e+01
4.722111935968541729e+01
4.724357685957961905e+01
4.726584608780670749e+01
4.728793005192564181e+01
4.730983168880360523e+01
4.733155386682281573e+01
4.735309938800097029e+01
4.737447099002928752e+01
4.739567134823221295e+01
4.741670307745211232e+01
4.743756873386276141e+01
4.745827081671454550e+01
4.747881177001474384e+01
4.749919398414557747e+01
4.751941979742301214e+01
4.753949149759876036e+01
4.755941132330800514e+01
4.757918146546537486e+01
4.759880406861114466e+01
4.761828123220996645e+01
4.763761501190410996e+01
4.765680742072316178e+01
4.767586043025188758e+01
4.769477597175814765e+01
4.771355593728243605e+01
4.773220218069062781e+01
4.775071651869140510e+01
4.776910073181984728e+01
4.778735656538845689e+01
4.780548573040704952e+01
4.782348990447256654e+01
4.784137073263011786e+01
4.785912982820636330e+01
4.787676877361620598e+01
4.789428912114397718e+01
4.791169239369992994e+01
4.792898008555310696e+01
4.794615366304135762e+01
4.796321456525947013e+01
4.798016420472615096e+01
4.799700396803065416e+01
4.801373521645982123e+01
4.803035928660625586e+01
4.804687749095823790e+01
4.806329111847215074e+01
4.807960143512795526e+01
4.809580968446837801e+01
4.811191708812227574e+01
4.812792484631292211e+01
4.814383413835155068e+01
4.815964612311674387e+01
4.817536193952020085e+01
4.819098270695928932e+01
4.820650952575681458e+01
4.822194347758851052e+01
4.823728562589859337e+01
4.825253701630383318e+01
4.826769867698646976e+01
4.828277161907642778e+01
4.829775683702305145e+01
4.831265530895679916e+01
4.832746799704125351e+01
4.834219584781561707e+01
4.835683979252817721e+01
4.837140074746083940e+01
4.838587961424521211e+01
4.840027728017034292e+01
4.841459461848244672e+01
4.842883248867687485e+01
4.844299173678255954e+01
4.845707319563913984e+01
4.847107768516701753e+01
4.848500601263059195e+01
4.849885897289478009e+01
4.851263734867515609e+01
4.852634191078181658e+01
4.853997341835712831e+01
4.855353261910767060e+01
4.856702024953042240e+01
4.858043703513338585e+01
4.859378369065089487e+01
4.860706092025361613e+01
4.862026941775354771e+01
4.863340986680404399e+01
4.864648294109510829e+01
4.865948930454396759e+01
4.867242961148117786e+01
4.868530450683233823e+01
4.869811462629555621e+01
4.871086059651469213e+01
4.872354303524867447e+01
4.873616255153685017e+01
4.874871974586048395e+01
4.876121521030066930e+01
4.877364952869250203e+01
4.878602327677583617e+01
4.879833702234260073e+01
4.881059132538084100e+01
4.882278673821542725e+01
4.883492380564574376e+01
4.884700306508023715e+01
4.885902504666803736e+01
4.887099027342763691e+01
4.888289926137278485e+01
4.889475251963560254e+01
4.890655055058702771e+01
4.891829384995472196e+01
4.892998290693827812e+01
4.894161820432212551e+01
4.895320021858590565e+01
4.896472942001257422e+01
4.897620627279414407e+01
4.898763123513525386e+01
4.899900475820498258e+01
4.901032729079817329e+01
4.902159927264271033e+01
4.903282113898640659e+01
4.904399331957584707e+01
4.905511623874764382e+01
4.906619031551782939e+01
4.907721596366947381e+01
4.908819359183841868e+01
4.909912360359737704e+01
4.911000639753829233e+01
4.912084236735298504e+01
4.913163190191230001e+01
4.914237538534359118e+01
4.915307319710667855e+01
4.916372571206831310e+01
4.917433330057519925e+01
4.918489632852551097e+01
4.919541515743910054e+01
4.920589014452626486e+01
4.921632164275520438e+01
4.922671000091817461e+01
4.923705556369638714e+01
4.924735867172359605e+01
4.925761966164857597e+01
4.926783886619627850e+01
4.927801661422795121e+01
4.928815323080003452e+01
4.929824903722198570e+01
4.930830435111300858e+01
4.931831948645771746e+01
4.932829475366077787e+01
4.933823045960052411e+01
4.934812690768157495e+01
4.935798439788648295e+01
4.936780322682644595e+01
4.937758368779109475e+01
4.938732607079734294e+01
4.939703066263734854e+01
4.940669774692568694e+01
4.941632760414553616e+01
4.942592051169416578e+01
4.943547674392750224e+01
4.944499657220397637e+01
4.945448026492752547e+01
4.946392808758992743e+01
4.947334030281223960e+01
4.948271717038566919e+01
4.949205894731159816e+01
4.950136588784098279e+01
4.951063824351304987e+01
4.951987626319326807e+01
4.952908019311077226e+01
4.953825027689499905e+01
4.954738675561183925e+01
4.955648986779905130e+01
4.956555984950112759e+01
4.957459693430355685e+01
4.958360135336652519e+01
4.959257333545797053e+01
4.960151310698620364e+01
4.961042089203184702e+01
4.961929691237934037e+01
4.962814138754785631e+01
4.963695453482174003e+01
4.964573656928045864e+01
4.965448770382794663e+01
4.966320814922163152e+01
4.967189811410082001e+01
4.968055780501477159e+01
4.968918742645018938e+01
4.969778718085830604e+01
4.970635726868157178e+01
4.971489788837983070e+01
4.972340923645616328e+01
4.973189150748222431e+01
4.974034489412325399e+01
4.974876958716262010e+01
4.975716577552602615e+01
4.976553364630530041e+01
4.977387338478182244e+01
4.978218517444956603e+01
4.979046919703780816e+01
4.979872563253343287e+01
4.980695465920293685e+01
4.981515645361408673e+01
4.982333119065717142e+01
4.983147904356601998e+01
4.983960018393864289e+01
4.984769478175755353e+01
4.985576300540977712e+01
4.986380502170661089e+01
4.987182099590296502e+01
4.987981109171653316e+01
4.988777547134658619e+01
4.989571429549253878e+01
4.990362772337218189e+01
4.991151591273967369e+01
4.991937901990327475e+01
4.992721719974276340e+01
4.993503060572665220e+01
4.994281938992912728e+01
4.995058370304667505e+01
4.995832369441458809e+01
4.996603951202312999e+01
4.997373130253345863e+01
4.998139921129339314e+01
4.998904338235287526e+01
4.999666395847923894e+01
5.000426108117225965e+01
5.001183489067898336e+01
5.001938552600829979e+01
5.002691312494538067e+01
5.003441782406586213e+01
5.004189975874981400e+01
5.004935906319553851e+01
5.005679587043317724e+01
5.006421031233807639e+01
5.007160251964401709e+01
5.007897262195621835e+01
5.008632074776420495e+01
5.009364702445441253e+01
5.010095157832273571e+01
5.010823453458673526e+01
5.011549601739787363e+01
5.012273614985340231e+01
5.012995505400819241e+01
5.013715285088636620e+01
5.014432966049274398e+01
5.015148560182419857e+01
5.015862079288078235e+01
5.016573535067674783e+01
5.017282939125139052e+01
5.017990302967978522e+01
5.018695638008330207e+01
5.019398955564007281e+01
5.020100266859525107e+01
5.020799583027111623e+01
5.021496915107712766e+01
5.022192274051980121e+01
5.022885670721235840e+01
5.023577115888444666e+01
5.024266620239153269e+01
5.024954194372428873e+01
5.025639848801783671e+01
5.026323593956081481e+01
5.027005440180440843e+01
5.027685397737117512e+01
5.028363476806383403e+01
5.029039687487389187e+01
5.029714039799012681e+01
5.030386543680710076e+01
5.031057208993334484e+01
5.031726045519967272e+01
5.032393062966716002e+01
5.033058270963522318e+01
5.033721679064946386e+01
5.034383296750945647e+01
5.035043133427640072e+01
5.035701198428078129e+01
5.036357501012979299e+01
5.037012050371475880e+01
5.037664855621844140e+01
5.038315925812221963e+01
5.038965269921325074e+01
5.039612896859144087e+01
5.040258815467643672e+01
5.040903034521445392e+01
5.041545562728506269e+01
5.042186408730783853e+01
