# bb
1.723307491374725942e-06
3.447137714829295874e-06
5.746381248172838241e-06
8.621735105407424271e-06
1.207404056913219392e-05
1.610430263099260628e-05
2.071366725431289524e-05
2.590342228359077126e-05
3.167498653056100011e-05
3.802988794632256031e-05
4.496976180234923959e-05
5.249633250059559941e-05
6.061141175450757146e-05
6.931687676114961505e-05
7.861464109737426043e-05
8.850666927173733711e-05
9.899494034470990300e-05
1.100814406527206302e-04
1.217681347043253481e-04
1.340570015599951148e-04
1.469499547965824604e-04
1.604488497832790017e-04
1.745555055094882846e-04
1.892716391012072563e-04
2.045988803729414940e-04
2.205388009315356612e-04
2.370928123127669096e-04
2.542622387409210205e-04
2.720482589211314917e-04
2.904519496951252222e-04
3.094742132816463709e-04
3.291158936917781830e-04
3.493775438982993364e-04
3.702597168739885092e-04
3.917627327609807253e-04
4.138868243899196386e-04
4.366320790722966194e-04
4.599984386004507542e-04
4.839856992475688457e-04
5.085935117676854134e-04
5.338214687071740627e-04
5.596689879894256592e-04
5.861355457454919815e-04
6.132203852757811546e-04
6.409226334653794765e-04
6.692415336146950722e-04
6.981760961934924126e-04
7.277254480868577957e-04
7.578885415568947792e-04
7.886645616963505745e-04
8.200524025596678257e-04
8.520511910319328308e-04
8.846599957905709743e-04
9.178778273053467274e-04
9.517041617073118687e-04
9.861380094662308693e-04
1.021178904920816422e-03
1.056826207786798477e-03
1.093079568818211555e-03
1.129938638769090176e-03
1.167403184808790684e-03
1.205473323352634907e-03
1.244149054400622845e-03
1.283430727198719978e-03
1.323318690992891788e-03
1.363813527859747410e-03
1.404916169121861458e-03
1.446627313271164894e-03
1.488948240876197815e-03
1.531879999674856663e-03
1.575424335896968842e-03
1.619582530111074448e-03
1.664356677792966366e-03
1.709748641587793827e-03
1.755760284140706062e-03
1.802394166588783264e-03
1.849652384407818317e-03
1.897537731565535069e-03
1.946052769199013710e-03
1.995200058445334435e-03
2.044982742518186569e-03
2.095404081046581268e-03
2.146466402336955070e-03
2.198173664510250092e-03
2.250528661534190178e-03
2.303534885868430138e-03
2.357196062803268433e-03
2.411514986306428909e-03
2.466495614498853683e-03
2.522141439840197563e-03
2.578456187620759010e-03
2.635443350300192833e-03
2.693106420338153839e-03
2.751449355855584145e-03
2.810475649312138557e-03
2.870189258828759193e-03
2.930593676865100861e-03
2.991692861542105675e-03
3.053490538150072098e-03
3.115990431979298592e-03
3.179196501150727272e-03
3.243112238124012947e-03
3.307742066681385040e-03
3.373089712113142014e-03
3.439159132540225983e-03
3.505953820422291756e-03
3.573478898033499718e-03
3.641737625002861023e-03
3.710734657943248749e-03
3.780474187806248665e-03
3.850960172712802887e-03
3.922197967767715454e-03
3.994191531091928482e-03
4.066945519298315048e-03
4.140464588999748230e-03
4.214754328131675720e-03
4.289819393306970596e-03
4.365664906799793243e-03
4.442295990884304047e-03
4.519718699157238007e-03
4.597938619554042816e-03
4.676961340010166168e-03
4.756791982799768448e-03
4.837437998503446579e-03
4.918904975056648254e-03
5.001199897378683090e-03
5.084328353404998779e-03
5.168297328054904938e-03
5.253114271908998489e-03
5.338785238564014435e-03
5.425318144261837006e-03
5.512719042599201202e-03
5.600995849817991257e-03
5.690156482160091400e-03
5.780206993222236633e-03
5.871155299246311188e-03
5.963009316474199295e-03
6.055776495486497879e-03
6.149463355541229248e-03
6.244077812880277634e-03
6.339627318084239960e-03
6.436118856072425842e-03
6.533559877425432205e-03
6.631957367062568665e-03
6.731317378580570221e-03
6.831647828221321106e-03
6.932954303920269012e-03
7.035243324935436249e-03
7.138521876186132431e-03
7.242793682962656021e-03
7.348065730184316635e-03
7.454342674463987350e-03
7.561628706753253937e-03
7.669929880648851395e-03
7.779249455779790878e-03
7.889590226113796234e-03
8.000956848263740540e-03
8.113350719213485718e-03
8.226776495575904846e-03
8.341233246028423309e-03
8.456725627183914185e-03
8.573251776397228241e-03
8.690814487636089325e-03
8.809412829577922821e-03
8.929047733545303345e-03
9.049716405570507050e-03
9.171417914330959320e-03
9.294152259826660156e-03
9.417915716767311096e-03
9.542705491185188293e-03
9.668520651757717133e-03
9.795354679226875305e-03
9.923204779624938965e-03
1.005206629633903503e-02
1.018193457275629044e-02
1.031280402094125748e-02
1.044466998428106308e-02
1.057752594351768494e-02
1.071136444807052612e-02
1.084617897868156433e-02
1.098196394741535187e-02
1.111871004104614258e-02
1.125641167163848877e-02
1.139505859464406967e-02
1.153464429080486298e-02
1.167515944689512253e-02
1.181659474968910217e-02
1.195894274860620499e-02
1.210219319909811020e-02
1.224633585661649704e-02
1.239136327058076859e-02
1.253726426512002945e-02
1.268402859568595886e-02
1.283164601773023605e-02
1.298010814934968948e-02
1.312940195202827454e-02
1.327951904386281967e-02
1.343044545501470566e-02
1.358217280358076096e-02
1.373468898236751556e-02
1.388798467814922333e-02
1.404204405844211578e-02
1.419685967266559601e-02
1.435241755098104477e-02
1.450870558619499207e-02
1.466571073979139328e-02
1.482342276722192764e-02
1.498182583600282669e-02
1.514091063290834427e-02
1.530066225677728653e-02
1.546106487512588501e-02
1.562210824340581894e-02
1.578377559781074524e-02
1.594605483114719391e-02
1.610893011093139648e-02
1.627238653600215912e-02
1.643640920519828796e-02
1.660097949206829071e-02
1.676608622074127197e-02
1.693170890212059021e-02
1.709783263504505157e-02
1.726444251835346222e-02
1.743151806294918060e-02
1.759904064238071442e-02
1.776699349284172058e-02
1.793535985052585602e-02
1.810411736369132996e-02
1.827324926853179932e-02
1.844273507595062256e-02
1.861255243420600891e-02
1.878268457949161530e-02
1.895311102271080017e-02
1.912380568683147430e-02
1.929475367069244385e-02
1.946592889726161957e-02
1.963731274008750916e-02
1.980888098478317261e-02
1.998061127960681915e-02
2.015248313546180725e-02
2.032447420060634613e-02
2.049656026065349579e-02
2.066871710121631622e-02
2.084092423319816589e-02
2.101315930485725403e-02
2.118539810180664062e-02
2.135761827230453491e-02
2.152979560196399689e-02
2.170190960168838501e-02
2.187393605709075928e-02
2.204585447907447815e-02
2.221764251589775085e-02
2.238927409052848816e-02
2.256073057651519775e-02
2.273199148476123810e-02
2.290303446352481842e-02
2.307383716106414795e-02
2.324438095092773438e-02
2.341464348137378693e-02
2.358460798859596252e-02
2.375425212085247040e-02
2.392355911433696747e-02
2.409251034259796143e-02
2.426108345389366150e-02
2.442926540970802307e-02
2.459703758358955383e-02
2.476438321173191071e-02
2.493128553032875061e-02
2.509772963821887970e-02
2.526370063424110413e-02
2.542918175458908081e-02
2.559415996074676514e-02
2.575862035155296326e-02
2.592255175113677979e-02
2.608594112098217010e-02
2.624877169728279114e-02
2.641103789210319519e-02
2.657272107899188995e-02
2.673381753265857697e-02
2.689430862665176392e-02
2.705419063568115234e-02
2.721345238387584686e-02
2.737208083271980286e-02
2.753007225692272186e-02
2.768741361796855927e-02
2.784409560263156891e-02
2.800011262297630310e-02
2.815545722842216492e-02
2.831012010574340820e-02
2.846409380435943604e-02
2.861737459897994995e-02
2.876995317637920380e-02
2.892182022333145142e-02
2.907297760248184204e-02
2.922341413795948029e-02
2.937312237918376923e-02
2.952210046350955963e-02
2.967034652829170227e-02
2.981784939765930176e-02
2.996460534632205963e-02
3.011061251163482666e-02
3.025586530566215515e-02
3.040036559104919434e-02
3.054410219192504883e-02
3.068707883358001709e-02
3.082928806543350220e-02
3.097072802484035492e-02
3.111140243709087372e-02
3.125130012631416321e-02
3.139043226838111877e-02
3.152878955006599426e-02
3.166637197136878967e-02
3.180318325757980347e-02
3.193921968340873718e-02
3.207448869943618774e-02
3.220899030566215515e-02
3.234272450208663940e-02
3.247569873929023743e-02
3.260790929198265076e-02
3.273936733603477478e-02
3.287007287144660950e-02
3.300003334879875183e-02
3.312925621867179871e-02
3.325774520635604858e-02
3.338550776243209839e-02
3.351255133748054504e-02
3.363889083266258240e-02
3.376453369855880737e-02
3.388948366045951843e-02
3.401375189423561096e-02
3.413735702633857727e-02
3.426031023263931274e-02
3.438261896371841431e-02
3.450430184602737427e-02
3.462537005543708801e-02
3.474583849310874939e-02
3.486572206020355225e-02
3.498503938317298889e-02
3.510380536317825317e-02
3.522203490138053894e-02
3.533975034952163696e-02
3.545696660876274109e-02
3.557370230555534363e-02
3.568997979164123535e-02
3.580581769347190857e-02
3.592123091220855713e-02
3.603624925017356873e-02
3.615088388323783875e-02
3.626516088843345642e-02
3.637910261750221252e-02
3.649272397160530090e-02
3.660605475306510925e-02
3.671911358833312988e-02
3.683192282915115356e-02
3.694450482726097107e-02
3.705687820911407471e-02
3.716906905174255371e-02
3.728110343217849731e-02
3.739299625158309937e-02
3.750477358698844910e-02
3.761645779013633728e-02
3.772807121276855469e-02
3.783963248133659363e-02
3.795116767287254333e-02
3.806269913911819458e-02
3.817424923181533813e-02
3.828583285212516785e-02
3.839747980237007141e-02
3.850920498371124268e-02
3.862103447318077087e-02
3.873299062252044678e-02
3.884508833289146423e-02
3.895734995603561401e-02
3.906979784369468689e-02
3.918244689702987671e-02
3.929532691836357117e-02
3.940845280885696411e-02
3.952183946967124939e-02
3.963551297783851624e-02
3.974949195981025696e-02
3.986379504203796387e-02
3.997843712568283081e-02
4.009344056248664856e-02
4.020882770419120789e-02
4.032461345195770264e-02
4.044081643223762512e-02
4.055745527148246765e-02
4.067454859614372253e-02
4.079211875796318054e-02
4.091017693281173706e-02
4.102874547243118286e-02
4.114784672856330872e-02
4.126748815178871155e-02
4.138769581913948059e-02
4.150848463177680969e-02
4.162987694144248962e-02
4.175188392400741577e-02
4.187452793121337891e-02
4.199782758951187134e-02
4.212179407477378845e-02
4.224644973874092102e-02
4.237180948257446289e-02
4.249789565801620483e-02
4.262472316622734070e-02
4.275230318307876587e-02
4.288065806031227112e-02
4.300980642437934875e-02
4.313975572586059570e-02
4.327052831649780273e-02
4.340214282274246216e-02
4.353460669517517090e-02
4.366794228553771973e-02
4.380215704441070557e-02
4.393726959824562073e-02
4.407329112291336060e-02
4.421024024486541748e-02
4.434812441468238831e-02
4.448695853352546692e-02
4.462675377726554871e-02
4.476752132177352905e-02
4.490926861763000488e-02
4.505201429128646851e-02
4.519575834274291992e-02
4.534051567316055298e-02
4.548629000782966614e-02
4.563309252262115479e-02
4.578092694282531738e-02
4.592979699373245239e-02
4.607971012592315674e-02
4.623067378997802734e-02
4.638268426060676575e-02
4.653575271368026733e-02
4.668986797332763672e-02
4.684504494071006775e-02
4.700127989053726196e-02
4.715856164693832397e-02
4.731690511107444763e-02
4.747629165649414062e-02
4.763673245906829834e-02
4.779821261763572693e-02
4.796073213219642639e-02
4.812428355216979980e-02
4.828886687755584717e-02
4.845446720719337463e-02
4.862107709050178528e-02
4.878869652748107910e-02
4.895730689167976379e-02
4.912690073251724243e-02
4.929747059941291809e-02
4.946900531649589539e-02
4.964148625731468201e-02
4.981490969657897949e-02
4.998926073312759399e-02
5.016452074050903320e-02
5.034068226814270020e-02
5.051772668957710266e-02
5.069564655423164368e-02
5.087441951036453247e-02
5.105403065681457520e-02
5.123446509242057800e-02
5.141570419073104858e-02
5.159773677587509155e-02
5.178054422140121460e-02
5.196411162614822388e-02
5.214841663837432861e-02
5.233343690633773804e-02
5.251916870474815369e-02
5.270558595657348633e-02
5.289266631007194519e-02
5.308039486408233643e-02
5.326874926686286926e-02
5.345771834254264832e-02
5.364727973937988281e-02
5.383741110563278198e-02
5.402808636426925659e-02
5.421929806470870972e-02
5.441101640462875366e-02
5.460323020815849304e-02
5.479591339826583862e-02
5.498903617262840271e-02
5.518259108066558838e-02
5.537655204534530640e-02
5.557088926434516907e-02
5.576558783650398254e-02
5.596062541007995605e-02
5.615597963333129883e-02
5.635162070393562317e-02
5.654753372073173523e-02
5.674368515610694885e-02
5.694005638360977173e-02
5.713663250207901001e-02
5.733336880803108215e-02
5.753025040030479431e-02
5.772725120186805725e-02
5.792434886097908020e-02
5.812150612473487854e-02
5.831870436668395996e-02
5.851591378450393677e-02
5.871311202645301819e-02
5.891026183962821960e-02
5.910734087228775024e-02
5.930432304739952087e-02
5.950117483735084534e-02
5.969786271452903748e-02
5.989436432719230652e-02
6.009064987301826477e-02
6.028668954968452454e-02
6.048244237899780273e-02
6.067789718508720398e-02
6.087300553917884827e-02
6.106774508953094482e-02
6.126208975911140442e-02
6.145599484443664551e-02
6.164944916963577271e-02
6.184240430593490601e-02
6.203482672572135925e-02
6.222670525312423706e-02
6.241799890995025635e-02
6.260866671800613403e-02
6.279869377613067627e-02
6.298805028200149536e-02
6.317669153213500977e-02
6.336460262537002563e-02
6.355174630880355835e-02
6.373809278011322021e-02
6.392361968755722046e-02
6.410828977823257446e-02
6.429208815097808838e-02
6.447497755289077759e-02
6.465693563222885132e-02
6.483793258666992188e-02
6.501794606447219849e-02
6.519694626331329346e-02
6.537490338087081909e-02
6.555180996656417847e-02
6.572762876749038696e-02
6.590235233306884766e-02
6.607593595981597900e-02
6.624837219715118408e-02
6.641964614391326904e-02
6.658971309661865234e-02
6.675857305526733398e-02
6.692621111869812012e-02
6.709259748458862305e-02
6.725770980119705200e-02
6.742154806852340698e-02
6.758408248424530029e-02
6.774529069662094116e-02
6.790517270565032959e-02
6.806371361017227173e-02
6.822088360786437988e-02
6.837669014930725098e-02
6.853109598159790039e-02
6.868410110473632812e-02
6.883569806814193726e-02
6.898587942123413086e-02
6.913461536169052124e-02
6.928189843893051147e-02
6.942773610353469849e-02
6.957210600376129150e-02
6.971499323844909668e-02
6.985640525817871094e-02
6.999631971120834351e-02
7.013473659753799438e-02
7.027164101600646973e-02
7.040703296661376953e-02
7.054090499877929688e-02
7.067324966192245483e-02
7.080405950546264648e-02
7.093332707881927490e-02
7.106105238199234009e-02
7.118722796440124512e-02
7.131186127662658691e-02
7.143492996692657471e-02
7.155643403530120850e-02
7.167638093233108521e-02
7.179476320743560791e-02
7.191157341003417969e-02
7.202682644128799438e-02
7.214049994945526123e-02
7.225260883569717407e-02
7.236314564943313599e-02
7.247211784124374390e-02
7.257951796054840088e-02
7.268535345792770386e-02
7.278963178396224976e-02
7.289234548807144165e-02
7.299350202083587646e-02
7.309310883283615112e-02
7.319116592407226562e-02
7.328768819570541382e-02
7.338266819715499878e-02
7.347612828016281128e-02
7.356806099414825439e-02
7.365849614143371582e-02
7.374741882085800171e-02
7.383485883474349976e-02
7.392082363367080688e-02
7.400531321763992310e-02
7.408834248781204224e-02
7.416993379592895508e-02
7.425010204315185547e-02
7.432885468006134033e-02
7.440621405839920044e-02
7.448218762874603271e-02
7.455679774284362793e-02
7.463007420301437378e-02
7.470200955867767334e-02
7.477264851331710815e-02
7.484199106693267822e-02
7.491007447242736816e-02
7.497691363096237183e-02
7.504252344369888306e-02
7.510694116353988647e-02
7.517017424106597900e-02
7.523225992918014526e-02
7.529321312904357910e-02
7.535307109355926514e-02
7.541184872388839722e-02
7.546956837177276611e-02
7.552626729011535645e-02
7.558196038007736206e-02
7.563668489456176758e-02
7.569046318531036377e-02
7.574332505464553833e-02
7.579529285430908203e-02
7.584640383720397949e-02
7.589668035507202148e-02
7.594614475965499878e-02
7.599484175443649292e-02
7.604278624057769775e-02
7.609000056982040405e-02
7.613652944564819336e-02
7.618240267038345337e-02
7.622763514518737793e-02
7.627226412296295166e-02
7.631631940603256226e-02
7.635982334613800049e-02
7.640281319618225098e-02
7.644530385732650757e-02
7.648734003305435181e-02
7.652892917394638062e-02
7.657013088464736938e-02
7.661093771457672119e-02
7.665140926837921143e-02
7.669154554605484009e-02
7.673139870166778564e-02
7.677097618579864502e-02
7.681032270193099976e-02
7.684945315122604370e-02
7.688839733600616455e-02
7.692719250917434692e-02
7.696584612131118774e-02
7.700440287590026855e-02
7.704288512468338013e-02
7.708132266998291016e-02
7.711972296237945557e-02
7.715813815593719482e-02
7.719657570123672485e-02
7.723508030176162720e-02
7.727365940809249878e-02
7.731235027313232422e-02
7.735117524862289429e-02
7.739016413688659668e-02
7.742933928966522217e-02
7.746873050928115845e-02
7.750836014747619629e-02
7.754825800657272339e-02
7.758844643831253052e-02
7.762894779443740845e-02
7.766979187726974487e-02
7.771100848913192749e-02
7.775261998176574707e-02
7.779464870691299438e-02
7.783712446689605713e-02
7.788006216287612915e-02
7.792349904775619507e-02
7.796745747327804565e-02
7.801195979118347168e-02
7.805702835321426392e-02
7.810268551111221313e-02
7.814895361661911011e-02
7.819586992263793945e-02
7.824344187974929810e-02
7.829169929027557373e-02
7.834067195653915405e-02
7.839035987854003906e-02
7.844080775976181030e-02
7.849202305078506470e-02
7.854403555393218994e-02
7.859686017036437988e-02
7.865051180124282837e-02
7.870502024888992310e-02
7.876039296388626099e-02
7.881665974855422974e-02
7.887382060289382935e-02
7.893190532922744751e-02
7.899093627929687500e-02
7.905090600252151489e-02
7.911185920238494873e-02
7.917378097772598267e-02
7.923669368028640747e-02
7.930061966180801392e-02
7.936555892229080200e-02
7.943152636289596558e-02
7.949852943420410156e-02
7.956657558679580688e-02
7.963567227125167847e-02
7.970584928989410400e-02
7.977707684040069580e-02
7.984939217567443848e-02
7.992277294397354126e-02
7.999724149703979492e-02
8.007280528545379639e-02
8.014944940805435181e-02
8.022718131542205811e-02
8.030601590871810913e-02
8.038593828678131104e-02
8.046694844961166382e-02
8.054905384778976440e-02
8.063225448131561279e-02
8.071652799844741821e-02
8.080189675092697144e-02
8.088833093643188477e-02
8.097585290670394897e-02
8.106444031000137329e-02
8.115409314632415771e-02
8.124479651451110840e-02
8.133655786514282227e-02
8.142935484647750854e-02
8.152319490909576416e-02
8.161805570125579834e-02
8.171393722295761108e-02
8.181081712245941162e-02
8.190871030092239380e-02
8.200758695602416992e-02
8.210743218660354614e-02
8.220824599266052246e-02
8.231002092361450195e-02
8.241273462772369385e-02
8.251637965440750122e-02
8.262093365192413330e-02
8.272639662027359009e-02
8.283275365829467773e-02
8.293997496366500854e-02
8.304806053638458252e-02
8.315700292587280273e-02
8.326677232980728149e-02
8.337735384702682495e-02
8.348873257637023926e-02
8.360090106725692749e-02
8.371383696794509888e-02
8.382751792669296265e-02
8.394193649291992188e-02
8.405707031488418579e-02
8.417289704084396362e-02
8.428940176963806152e-02
8.440656214952468872e-02
8.452437072992324829e-02
8.464278280735015869e-02
8.476180583238601685e-02
8.488140255212783813e-02
8.500155806541442871e-02
8.512224256992340088e-02
8.524344116449356079e-02
8.536513149738311768e-02
8.548727631568908691e-02
8.560987561941146851e-02
8.573289215564727783e-02
8.585628867149353027e-02
8.598006516695022583e-02
8.610418438911437988e-02
8.622860908508300781e-02
8.635333180427551270e-02
8.647831529378890991e-02
8.660353720188140869e-02
8.672896027565002441e-02
8.685456216335296631e-02
8.698032051324844360e-02
8.710619062185287476e-02
8.723216503858566284e-02
8.735819905996322632e-02
8.748426288366317749e-02
8.761032670736312866e-02
8.773636072874069214e-02
8.786233514547348022e-02
8.798822760581970215e-02
8.811399340629577637e-02
8.823961019515991211e-02
8.836504071950912476e-02
8.849025517702102661e-02
8.861522376537322998e-02
8.873991668224334717e-02
8.886429667472839355e-02
8.898833394050598145e-02
8.911199122667312622e-02
8.923525363206863403e-02
8.935807645320892334e-02
8.948043733835220337e-02
8.960229903459548950e-02
8.972361683845520020e-02
8.984439074993133545e-02
8.996456116437911987e-02
9.008412063121795654e-02
9.020302444696426392e-02
9.032125025987625122e-02
9.043876081705093384e-02
9.055554121732711792e-02
9.067154675722122192e-02
9.078676253557205200e-02
9.090115129947662354e-02
9.101469069719314575e-02
9.112735837697982788e-02
9.123910963535308838e-02
9.134993702173233032e-02
9.145980328321456909e-02
9.156869351863861084e-02
9.167657047510147095e-02
9.178341925144195557e-02
9.188921749591827393e-02
9.199392795562744141e-02
9.209754317998886108e-02
9.220002591609954834e-02
9.230136871337890625e-02
9.240153431892395020e-02
9.250051528215408325e-02
9.259828180074691772e-02
9.269481897354125977e-02
9.279009699821472168e-02
9.288411587476730347e-02
9.297683089971542358e-02
9.306823462247848511e-02
9.315831214189529419e-02
9.324704110622406006e-02
9.333439916372299194e-02
9.342037886381149292e-02
9.350495785474777222e-02
9.358812123537063599e-02
9.366985410451889038e-02
9.375012665987014771e-02
9.382894635200500488e-02
9.390626847743988037e-02
9.398211538791656494e-02
9.405643492937088013e-02
9.412924200296401978e-02
9.420050680637359619e-02
9.427022188901901245e-02
9.433837234973907471e-02
9.440494328737258911e-02
9.446993470191955566e-02
9.453331679105758667e-02
9.459508955478668213e-02
9.465524554252624512e-02
9.471376240253448486e-02
9.477064758539199829e-02
9.482587873935699463e-02
9.487944841384887695e-02
9.493134915828704834e-02
9.498158097267150879e-02
9.503012895584106445e-02
9.507698565721511841e-02
9.512215107679367065e-02
9.516561776399612427e-02
9.520737826824188232e-02
9.524743258953094482e-02
9.528578072786331177e-02
9.532241523265838623e-02
9.535733610391616821e-02
9.539052844047546387e-02
9.542202204465866089e-02
9.545178711414337158e-02
9.547984600067138672e-02
9.550619125366210938e-02
9.553083032369613647e-02
9.555374830961227417e-02
9.557497501373291016e-02
9.559450298547744751e-02
9.561233222484588623e-02
9.562847763299942017e-02
9.564294666051864624e-02
9.565574675798416138e-02
9.566687792539596558e-02
9.567636251449584961e-02
9.568420052528381348e-02
9.569040685892105103e-02
9.569498896598815918e-02
9.569796919822692871e-02
9.569934755563735962e-02
9.569913893938064575e-02
9.569736570119857788e-02
9.569404274225234985e-02
9.568917006254196167e-02
9.568277746438980103e-02
9.567488729953765869e-02
9.566549211740493774e-02
9.565463662147521973e-02
9.564232826232910156e-02
9.562857449054718018e-02
9.561340510845184326e-02
9.559683501720428467e-02
9.557889401912689209e-02
9.555958956480026245e-02
9.553895145654678345e-02
9.551699459552764893e-02
9.549374133348464966e-02
9.546921402215957642e-02
9.544343501329421997e-02
9.541641920804977417e-02
9.538820385932922363e-02
9.535879641771316528e-02
9.532822668552398682e-02
9.529651701450347900e-02
9.526368975639343262e-02
9.522977471351623535e-02
9.519477933645248413e-02
9.515874832868576050e-02
9.512168914079666138e-02
9.508363157510757446e-02
9.504459798336029053e-02
9.500461816787719727e-02
9.496370702981948853e-02
9.492189437150955200e-02
9.487920999526977539e-02
9.483567625284194946e-02
9.479130804538726807e-02
9.474614262580871582e-02
9.470020234584808350e-02
9.465350210666656494e-02
9.460608661174774170e-02
9.455796331167221069e-02
9.450916945934295654e-02
9.445972740650177002e-02
9.440966695547103882e-02
9.435901045799255371e-02
9.430777281522750854e-02
9.425599873065948486e-02
9.420370310544967651e-02
9.415092319250106812e-02
9.409767389297485352e-02
9.404398500919342041e-02
9.398989379405975342e-02
9.393541514873504639e-02
9.388058632612228394e-02
9.382542222738265991e-02
9.376995265483856201e-02
9.371421486139297485e-02
9.365823119878768921e-02
9.360203146934509277e-02
9.354563057422637939e-02
9.348908066749572754e-02
9.343238174915313721e-02
9.337558597326278687e-02
9.331870079040527344e-02
9.326177090406417847e-02
9.320480376482009888e-02
9.314785152673721313e-02
9.309092909097671509e-02
9.303405880928039551e-02
9.297727793455123901e-02
9.292060881853103638e-02
9.286407381296157837e-02
9.280771017074584961e-02
9.275154024362564087e-02
9.269558638334274292e-02
9.263987839221954346e-02
9.258444607257843018e-02
9.252930432558059692e-02
9.247449040412902832e-02
9.242002665996551514e-02
9.236592799425125122e-02
9.231223165988922119e-02
9.225895255804061890e-02
9.220612794160842896e-02
9.215375781059265137e-02
9.210188686847686768e-02
9.205052256584167480e-02
9.199969470500946045e-02
9.194941818714141846e-02
9.189973026514053345e-02
9.185063093900680542e-02
9.180215001106262207e-02
9.175430983304977417e-02
9.170711785554885864e-02
9.166060388088226318e-02
9.161477535963058472e-02
9.156966209411621094e-02
9.152527153491973877e-02
9.148161858320236206e-02
9.143872559070587158e-02
9.139660745859146118e-02
9.135527163743972778e-02
9.131473302841186523e-02
9.127500653266906738e-02
9.123611450195312500e-02
9.119806438684463501e-02
9.116085618734359741e-02
9.112451225519180298e-02
9.108904004096984863e-02
9.105446189641952515e-02
9.102077037096023560e-02
9.098798036575317383e-02
9.095609933137893677e-02
9.092514216899871826e-02
9.089511632919311523e-02
9.086602926254272461e-02
9.083787351846694946e-02
9.081067889928817749e-02
9.078443050384521484e-02
9.075915068387985229e-02
9.073483943939208984e-02
9.071149677038192749e-02
9.068913757801055908e-02
9.066775441169738770e-02
9.064735472202301025e-02
9.062794595956802368e-02
9.060952812433242798e-02
9.059210866689682007e-02
9.057568013668060303e-02
9.056024998426437378e-02
9.054582566022872925e-02
9.053239971399307251e-02
9.051997214555740356e-02
9.050855040550231934e-02
9.049812704324722290e-02
9.048870950937271118e-02
9.048029035329818726e-02
9.047286212444305420e-02
9.046644717454910278e-02
9.046101570129394531e-02
9.045658260583877563e-02
9.045313298702239990e-02
9.045067429542541504e-02
9.044919162988662720e-02
9.044869244098663330e-02
9.044915437698364258e-02
9.045059233903884888e-02
9.045299142599105835e-02
9.045633673667907715e-02
9.046062827110290527e-02
9.046586602926254272e-02
9.047202765941619873e-02
9.047911316156387329e-02
9.048711508512496948e-02
9.049602597951889038e-02
9.050582349300384521e-02
9.051650762557983398e-02
9.052805602550506592e-02
9.054046869277954102e-02
9.055373072624206543e-02
9.056781977415084839e-02
9.058274328708648682e-02
9.059846401214599609e-02
9.061498194932937622e-02
9.063227474689483643e-02
9.065033495426177979e-02
9.066914021968841553e-02
9.068867564201354980e-02
9.070892632007598877e-02
9.072986245155334473e-02
9.075149148702621460e-02
9.077378362417221069e-02
9.079670906066894531e-02
9.082026034593582153e-02
9.084441512823104858e-02
9.086915850639343262e-02
9.089446812868118286e-02
9.092032164335250854e-02
9.094670414924621582e-02
9.097357839345932007e-02
9.100094437599182129e-02
9.102876484394073486e-02
9.105703234672546387e-02
9.108571708202362061e-02
9.111479669809341431e-02
9.114425629377365112e-02
9.117406606674194336e-02
9.120420366525650024e-02
9.123464673757553101e-02
9.126538783311843872e-02
9.129638224840164185e-02
9.132761508226394653e-02
9.135907143354415894e-02
9.139072149991989136e-02
9.142253547906875610e-02
9.145451337099075317e-02
9.148661792278289795e-02
9.151881933212280273e-02
9.155111014842987061e-02
9.158345311880111694e-02
9.161584079265594482e-02
9.164823591709136963e-02
9.168063104152679443e-02
9.171298891305923462e-02
9.174530953168869019e-02
9.177754819393157959e-02
9.180968999862670898e-02
9.184172004461288452e-02
9.187360852956771851e-02
9.190533310174942017e-02
9.193687885999679565e-02
9.196822345256805420e-02
9.199933707714080811e-02
9.203021228313446045e-02
9.206081181764602661e-02
9.209113568067550659e-02
9.212113916873931885e-02
9.215081483125686646e-02
9.218014031648635864e-02
9.220910072326660156e-02
9.223766624927520752e-02
9.226582199335098267e-02
9.229354560375213623e-02
9.232081472873687744e-02
9.234761446714401245e-02
9.237392991781234741e-02
9.239972382783889771e-02
9.242499619722366333e-02
9.244970977306365967e-02
9.247385710477828979e-02
9.249741584062576294e-02
9.252037107944488525e-02
9.254270046949386597e-02
9.256438165903091431e-02
9.258540719747543335e-02
9.260574728250503540e-02
9.262538701295852661e-02
9.264431893825531006e-02
9.266250580549240112e-02
9.267994016408920288e-02
9.269660711288452148e-02
9.271249920129776001e-02
9.272757917642593384e-02
9.274183958768844604e-02
9.275526553392410278e-02
9.276784956455230713e-02
9.277955442667007446e-02
9.279038757085800171e-02
9.280031919479370117e-02
9.280934929847717285e-02
9.281744807958602905e-02
9.282461553812026978e-02
9.283082187175750732e-02
9.283606708049774170e-02
9.284033626317977905e-02
9.284361451864242554e-02
9.284589439630508423e-02
9.284716844558715820e-02
9.284740686416625977e-02
9.284661710262298584e-02
9.284479171037673950e-02
9.284190088510513306e-02
9.283795952796936035e-02
9.283294528722763062e-02
9.282685071229934692e-02
9.281967580318450928e-02
9.281140565872192383e-02
9.280204027891159058e-02
9.279156476259231567e-02
9.277998656034469604e-02
9.276729077100753784e-02
9.275346994400024414e-02
9.273853152990341187e-02
9.272246807813644409e-02
9.270527213811874390e-02
9.268694370985031128e-02
9.266747534275054932e-02
9.264688193798065186e-02
9.262514859437942505e-02
9.260227531194686890e-02
9.257826954126358032e-02
9.255311638116836548e-02
9.252683818340301514e-02
9.249942004680633545e-02
9.247086942195892334e-02
9.244118630886077881e-02
9.241037815809249878e-02
9.237843751907348633e-02
9.234537929296493530e-02
9.231120347976684570e-02
9.227591007947921753e-02
9.223951399326324463e-02
9.220200031995773315e-02
9.216339141130447388e-02
9.212369471788406372e-02
9.208290278911590576e-02
9.204103052616119385e-02
9.199807792901992798e-02
9.195405989885330200e-02
9.190898388624191284e-02
9.186284989118576050e-02
9.181566536426544189e-02
9.176745265722274780e-02
9.171819686889648438e-02
9.166792780160903931e-02
9.161665290594100952e-02
9.156436473131179810e-02
9.151108562946319580e-02
9.145682305097579956e-02
9.140159189701080322e-02
9.134538471698760986e-02
9.128823876380920410e-02
9.123014658689498901e-02
9.117113053798675537e-02
9.111118316650390625e-02
9.105033427476882935e-02
9.098859131336212158e-02
9.092596918344497681e-02
9.086246788501739502e-02
9.079812467098236084e-02
9.073292464017868042e-02
9.066689759492874146e-02
9.060005098581314087e-02
9.053239971399307251e-02
9.046395868062973022e-02
9.039474278688430786e-02
9.032477438449859619e-02
9.025406092405319214e-02
9.018260985612869263e-02
9.011045098304748535e-02
9.003758430480957031e-02
8.996403217315673828e-02
8.988982439041137695e-02
8.981496095657348633e-02
8.973945677280426025e-02
8.966334164142608643e-02
8.958663046360015869e-02
8.950933068990707397e-02
8.943145722150802612e-02
8.935304731130599976e-02
8.927410095930099487e-02
8.919464796781539917e-02
8.911469578742980957e-02
8.903426676988601685e-02
8.895338326692581177e-02
8.887205272912979126e-02
8.879030495882034302e-02
8.870816230773925781e-02
8.862563222646713257e-02
8.854274451732635498e-02
8.845949918031692505e-02
8.837594091892242432e-02
8.829206973314285278e-02
8.820791542530059814e-02
8.812348544597625732e-02
8.803881704807281494e-02
8.795391023159027100e-02
8.786880224943161011e-02
8.778349310159683228e-02
8.769802004098892212e-02
8.761239796876907349e-02
8.752664178609848022e-02
8.744076639413833618e-02
8.735479414463043213e-02
8.726875483989715576e-02
8.718264847993850708e-02
8.709651231765747070e-02
8.701035380363464355e-02
8.692418783903121948e-02
8.683804422616958618e-02
8.675193786621093750e-02
8.666588366031646729e-02
8.657990396022796631e-02
8.649399876594543457e-02
8.640821278095245361e-02
8.632254600524902344e-02
8.623702079057693481e-02
8.615165203809738159e-02
8.606645464897155762e-02
8.598145097494125366e-02
8.589664846658706665e-02
8.581207692623138428e-02
8.572773635387420654e-02
8.564364910125732422e-02
8.555983752012252808e-02
8.547630906105041504e-02
8.539307862520217896e-02
8.531016111373901367e-02
8.522757142782211304e-02
8.514533191919326782e-02
8.506343513727188110e-02
8.498191833496093750e-02
8.490078896284103394e-02
8.482004702091217041e-02
8.473971486091613770e-02
8.465980738401412964e-02
8.458033949136734009e-02
8.450131118297576904e-02
8.442274481058120728e-02
8.434464782476425171e-02
8.426703512668609619e-02
8.418990671634674072e-02
8.411328494548797607e-02
8.403718471527099609e-02
8.396160602569580078e-02
8.388655632734298706e-02
8.381205797195434570e-02
8.373811095952987671e-02
8.366472274065017700e-02
8.359190821647644043e-02
8.351967483758926392e-02
8.344803750514984131e-02
8.337699621915817261e-02
8.330655843019485474e-02
8.323673158884048462e-02
8.316752314567565918e-02
8.309894800186157227e-02
8.303100615739822388e-02
8.296369761228561401e-02
8.289705216884613037e-02
8.283104747533798218e-02
8.276570588350296021e-02
8.270102739334106445e-02
8.263701200485229492e-02
8.257368206977844238e-02
8.251103013753890991e-02
8.244905620813369751e-02
8.238776773214340210e-02
8.232716470956802368e-02
8.226725459098815918e-02
8.220805227756500244e-02
8.214954286813735962e-02
8.209172636270523071e-02
8.203461766242980957e-02
8.197821676731109619e-02
8.192250877618789673e-02
8.186751604080200195e-02
8.181322365999221802e-02
8.175963908433914185e-02
8.170676231384277344e-02
8.165458589792251587e-02
8.160311728715896606e-02
8.155234903097152710e-02
8.150228857994079590e-02
8.145292103290557861e-02
8.140424638986587524e-02
8.135627955198287964e-02
8.130899071693420410e-02
8.126239478588104248e-02
8.121647685766220093e-02
8.117125183343887329e-02
8.112668991088867188e-02
8.108280599117279053e-02
8.103958517313003540e-02
8.099702745676040649e-02
8.095511794090270996e-02
8.091385662555694580e-02
8.087324351072311401e-02
8.083326369524002075e-02
8.079390972852706909e-02
8.075517416000366211e-02
8.071705698966979980e-02
8.067955076694488525e-02
8.064263314008712769e-02
8.060631155967712402e-02
8.057056367397308350e-02
8.053538203239440918e-02
8.050076663494110107e-02
8.046671003103256226e-02
8.043318986892700195e-02
8.040021359920501709e-02
8.036774396896362305e-02
8.033580332994461060e-02
8.030435442924499512e-02
8.027339726686477661e-02
8.024291694164276123e-02
8.021291345357894897e-02
8.018336445093154907e-02
8.015426248311996460e-02
8.012560009956359863e-02
8.009735494852066040e-02
8.006951957941055298e-02
8.004209399223327637e-02
8.001504838466644287e-02
7.998837530612945557e-02
7.996206730604171753e-02
7.993610948324203491e-02
7.991048693656921387e-02
7.988519966602325439e-02
7.986021786928176880e-02
7.983553409576416016e-02
7.981114089488983154e-02
7.978701591491699219e-02
7.976315915584564209e-02
7.973955571651458740e-02
7.971617579460144043e-02
7.969302684068679810e-02
7.967007905244827271e-02
7.964733242988586426e-02
7.962476462125778198e-02
7.960237562656402588e-02
7.958013564348220825e-02
7.955803722143173218e-02
7.953607290983200073e-02
7.951422780752182007e-02
7.949247956275939941e-02
7.947082817554473877e-02
7.944925129413604736e-02
7.942773401737213135e-02
7.940626889467239380e-02
7.938484102487564087e-02
7.936344295740127563e-02
7.934205234050750732e-02
7.932065427303314209e-02
7.929924875497817993e-02
7.927780598402023315e-02
7.925632596015930176e-02
7.923478633165359497e-02
7.921317964792251587e-02
7.919149100780487061e-02
7.916970551013946533e-02
7.914781570434570312e-02
7.912580668926239014e-02
7.910365611314773560e-02
7.908136397600173950e-02
7.905890047550201416e-02
7.903627306222915649e-02
7.901345938444137573e-02
7.899044454097747803e-02
7.896721363067626953e-02
7.894375920295715332e-02
7.892007380723953247e-02
7.889612764120101929e-02
7.887192815542221069e-02
7.884744554758071899e-02
7.882267981767654419e-02
7.879761606454849243e-02
7.877223938703536987e-02
7.874652743339538574e-02
7.872049510478973389e-02
7.869411259889602661e-02
7.866736501455307007e-02
7.864025235176086426e-02
7.861275225877761841e-02
7.858485728502273560e-02
7.855656743049621582e-02
7.852786034345626831e-02
7.849872857332229614e-02
7.846915721893310547e-02
7.843913882970809937e-02
7.840866595506668091e-02
7.837773114442825317e-02
7.834631204605102539e-02
7.831442356109619141e-02
7.828202843666076660e-02
7.824914157390594482e-02
7.821574062108993530e-02
7.818181812763214111e-02
7.814736664295196533e-02
7.811239361763000488e-02
7.807686179876327515e-02
7.804080098867416382e-02
7.800417393445968628e-02
7.796698063611984253e-02
7.792922109365463257e-02
7.789088785648345947e-02
7.785198837518692017e-02
7.781248539686203003e-02
7.777240872383117676e-02
7.773172110319137573e-02
7.769044488668441772e-02
7.764856517314910889e-02
7.760607451200485229e-02
7.756298035383224487e-02
7.751926034688949585e-02
7.747492939233779907e-02
7.742998749017715454e-02
7.738441228866577148e-02
7.733821868896484375e-02
7.729139178991317749e-02
7.724394649267196655e-02
7.719586789608001709e-02
7.714716345071792603e-02
7.709783315658569336e-02
7.704786211252212524e-02
7.699725776910781860e-02
7.694602757692337036e-02
7.689416408538818359e-02
7.684166729450225830e-02
7.678853720426559448e-02
7.673478126525878906e-02
7.668039202690124512e-02
7.662536948919296265e-02
7.656972855329513550e-02
7.651346176862716675e-02
7.645656168460845947e-02
7.639904320240020752e-02
7.634090632200241089e-02
7.628215104341506958e-02
7.622277736663818359e-02
7.616278529167175293e-02
7.610218971967697144e-02
7.604097574949264526e-02
7.597915828227996826e-02
7.591674476861953735e-02
7.585372775793075562e-02
7.579011470079421997e-02
7.572590559720993042e-02
7.566110789775848389e-02
7.559572160243988037e-02
7.552976161241531372e-02
7.546321302652359009e-02
7.539609819650650024e-02
7.532841712236404419e-02
7.526016980409622192e-02
7.519136369228363037e-02
7.512200623750686646e-02
7.505208998918533325e-02
7.498163729906082153e-02
7.491064816713333130e-02
7.483913004398345947e-02
7.476707547903060913e-02
7.469450682401657104e-02
7.462142407894134521e-02
7.454783469438552856e-02
7.447375357151031494e-02
7.439916580915451050e-02
7.432410120964050293e-02
7.424855977296829224e-02
7.417254149913787842e-02
7.409606873989105225e-02
7.401914149522781372e-02
7.394175976514816284e-02
7.386395335197448730e-02
7.378570735454559326e-02
7.370705157518386841e-02
7.362797856330871582e-02
7.354851067066192627e-02
7.346864789724349976e-02
7.338841259479522705e-02
7.330779731273651123e-02
7.322682440280914307e-02
7.314550131559371948e-02
7.306384295225143433e-02
7.298185676336288452e-02
7.289954274892807007e-02
7.281693071126937866e-02
7.273401319980621338e-02
7.265081256628036499e-02
7.256734371185302734e-02
7.248360663652420044e-02
7.239962369203567505e-02
7.231540232896804810e-02
7.223094999790191650e-02
7.214628159999847412e-02
7.206140458583831787e-02
7.197633385658264160e-02
7.189108431339263916e-02
7.180566340684890747e-02
7.172007858753204346e-02
7.163435220718383789e-02
7.154849171638488770e-02
7.146250456571578979e-02
7.137639820575714111e-02
7.129019498825073242e-02
7.120389491319656372e-02
7.111752033233642578e-02
7.103107124567031860e-02
7.094456255435943604e-02
7.085800915956497192e-02
7.077141851186752319e-02
7.068479806184768677e-02
7.059816271066665649e-02
7.051151990890502930e-02
7.042488455772399902e-02
7.033826410770416260e-02
7.025165855884552002e-02
7.016508281230926514e-02
7.007856667041778564e-02
6.999208778142929077e-02
6.990566849708557129e-02
6.981932371854782104e-02
6.973305344581604004e-02
6.964687258005142212e-02
6.956079602241516113e-02
6.947480887174606323e-02
6.938894838094711304e-02
6.930319964885711670e-02
6.921759247779846191e-02
6.913211941719055176e-02
6.904679536819458008e-02
6.896162033081054688e-02
6.887660920619964600e-02
6.879176944494247437e-02
6.870710849761962891e-02
6.862264126539230347e-02
6.853836774826049805e-02
6.845428794622421265e-02
6.837042421102523804e-02
6.828677654266357422e-02
6.820335984230041504e-02
6.812017410993576050e-02
6.803722679615020752e-02
6.795452535152435303e-02
6.787208467721939087e-02
6.778991222381591797e-02
6.770800054073333740e-02
6.762637943029403687e-02
6.754503399133682251e-02
6.746398657560348511e-02
6.738323718309402466e-02
6.730280071496963501e-02
6.722267717123031616e-02
6.714287400245666504e-02
6.706339865922927856e-02
6.698426604270935059e-02
6.690547615289688110e-02
6.682702898979187012e-02
6.674893945455551147e-02
6.667121499776840210e-02
6.659385561943054199e-02
6.651687622070312500e-02
6.644027680158615112e-02
6.636406481266021729e-02
6.628824025392532349e-02
6.621281802654266357e-02
6.613779813051223755e-02
6.606318801641464233e-02
6.598898768424987793e-02
6.591520458459854126e-02
6.584183871746063232e-02
6.576890498399734497e-02
6.569639593362808228e-02
6.562431901693344116e-02
6.555268168449401855e-02
6.548147648572921753e-02
6.541071832180023193e-02
6.534039974212646484e-02
6.527052819728851318e-02
6.520109623670578003e-02
6.513212621212005615e-02
6.506359577178955078e-02
6.499551981687545776e-02
6.492789089679718018e-02
6.486070901155471802e-02
6.479398161172866821e-02
6.472770869731903076e-02
6.466188281774520874e-02
6.459650397300720215e-02
6.453157216310501099e-02
6.446709483861923218e-02
6.440304964780807495e-02
6.433945149183273315e-02
6.427630037069320679e-02
6.421358138322830200e-02
6.415129452943801880e-02
6.408943980932235718e-02
6.402802467346191406e-02
6.396702677011489868e-02
6.390646100044250488e-02
6.384630501270294189e-02
6.378657370805740356e-02
6.372725963592529297e-02
6.366834789514541626e-02
6.360983848571777344e-02
6.355174630880355835e-02
6.349403411149978638e-02
6.343673169612884521e-02
6.337980926036834717e-02
6.332328170537948608e-02
6.326713413000106812e-02
6.321135908365249634e-02
6.315596401691436768e-02
6.310094147920608521e-02
6.304627656936645508e-02
6.299197673797607422e-02
6.293803453445434570e-02
6.288444995880126953e-02
6.283121556043624878e-02
6.277832388877868652e-02
6.272576749324798584e-02
6.267355382442474365e-02
6.262167543172836304e-02
6.257012486457824707e-02
6.251890212297439575e-02
6.246799975633621216e-02
6.241741403937339783e-02
6.236714124679565430e-02
6.231717020273208618e-02
6.226750463247299194e-02
6.221814453601837158e-02
6.216907501220703125e-02
6.212029978632926941e-02
6.207180768251419067e-02
6.202359125018119812e-02
6.197566166520118713e-02
6.192799285054206848e-02
6.188059598207473755e-02
6.183345988392829895e-02
6.178657710552215576e-02
6.173994764685630798e-02
6.169356033205986023e-02
6.164741516113281250e-02
6.160149723291397095e-02
6.155580654740333557e-02
6.151033565402030945e-02
6.146508455276489258e-02
6.142003834247589111e-02
6.137518212199211121e-02
6.133053079247474670e-02
6.128606200218200684e-02
6.124176830053329468e-02
6.119764223694801331e-02
6.115369126200675964e-02
6.110988557338714600e-02
6.106622889637947083e-02
6.102271750569343567e-02
6.097932904958724976e-02
6.093606725335121155e-02
6.089292094111442566e-02
6.084987893700599670e-02
6.080693006515502930e-02
6.076407432556152344e-02
6.072129681706428528e-02
6.067859381437301636e-02
6.063595041632652283e-02
6.059335544705390930e-02
6.055081263184547424e-02
6.050829961895942688e-02
6.046581268310546875e-02
6.042335182428359985e-02
6.038089469075202942e-02
6.033844128251075745e-02
6.029598042368888855e-02
6.025350466370582581e-02
6.021100282669067383e-02
6.016847491264343262e-02
6.012589856982231140e-02
6.008328497409820557e-02
6.004060804843902588e-02
5.999787524342536926e-02
5.995507538318634033e-02
5.991219729185104370e-02
5.986923724412918091e-02
5.982619151473045349e-02
5.978304892778396606e-02
5.973980575799942017e-02
5.969645082950592041e-02
5.965298786759376526e-02
5.960941314697265625e-02
5.956570431590080261e-02
5.952187627553939819e-02
5.947791039943695068e-02
5.943381041288375854e-02
5.938956886529922485e-02
5.934518203139305115e-02
5.930064246058464050e-02
5.925595015287399292e-02
5.921110510826110840e-02
5.916609987616539001e-02
5.912092328071594238e-02
5.907558649778366089e-02
5.903007835149765015e-02
5.898439139127731323e-02
5.893853306770324707e-02
5.889248847961425781e-02
5.884626880288124084e-02
5.879985913634300232e-02
5.875326320528984070e-02
5.870647728443145752e-02
5.865950137376785278e-02
5.861232429742813110e-02
5.856494605541229248e-02
5.851737409830093384e-02
5.846958607435226440e-02
5.842159688472747803e-02
5.837340280413627625e-02
5.832499265670776367e-02
5.827636271715164185e-02
5.822751671075820923e-02
5.817844718694686890e-02
5.812915414571762085e-02
5.807963013648986816e-02
5.802987515926361084e-02
5.797988921403884888e-02
5.792966112494468689e-02
5.787919834256172180e-02
5.782848596572875977e-02
5.777753144502639771e-02
5.772631987929344177e-02
5.767485871911048889e-02
5.762314423918724060e-02
5.757116526365280151e-02
5.751892551779747009e-02
5.746641755104064941e-02
5.741364136338233948e-02
5.736059695482254028e-02
5.730727687478065491e-02
5.725368112325668335e-02
5.719980970025062561e-02
5.714564397931098938e-02
5.709120631217956543e-02
5.703648179769515991e-02
5.698146671056747437e-02
5.692616477608680725e-02
5.687057971954345703e-02
5.681469663977622986e-02
5.675851926207542419e-02
5.670205876231193542e-02
5.664530396461486816e-02
5.658825114369392395e-02
5.653091147541999817e-02
5.647327750921249390e-02
5.641535669565200806e-02
5.635714530944824219e-02
5.629864707589149475e-02
5.623985826969146729e-02
5.618078634142875671e-02
5.612143501639366150e-02
5.606180056929588318e-02
5.600189045071601868e-02
5.594171211123466492e-02
5.588125437498092651e-02
5.582053959369659424e-02
5.575955286622047424e-02
5.569830536842346191e-02
5.563681200146675110e-02
5.557506158947944641e-02
5.551306158304214478e-02
5.545083060860633850e-02
5.538835376501083374e-02
5.532564967870712280e-02
5.526271834969520569e-02
5.519956350326538086e-02
5.513619258999824524e-02
5.507260560989379883e-02
5.500882118940353394e-02
5.494483187794685364e-02
5.488064885139465332e-02
5.481626838445663452e-02
5.475170537829399109e-02
5.468696355819702148e-02
5.462205037474632263e-02
5.455696582794189453e-02
5.449170991778373718e-02
5.442630127072334290e-02
5.436073243618011475e-02
5.429501086473464966e-02
5.422914773225784302e-02
5.416313931345939636e-02
5.409698933362960815e-02
5.403071641921997070e-02
5.396430566906929016e-02
5.389776825904846191e-02
5.383110791444778442e-02
5.376433208584785461e-02
5.369744077324867249e-02
5.363043770194053650e-02
5.356332659721374512e-02
5.349610373377799988e-02
5.342878401279449463e-02
5.336136370897293091e-02
5.329384654760360718e-02
5.322623252868652344e-02
5.315852910280227661e-02
5.309073626995086670e-02
5.302285775542259216e-02
5.295489728450775146e-02
5.288685485720634460e-02
5.281873792409896851e-02
5.275055021047592163e-02
5.268228426575660706e-02
5.261395499110221863e-02
5.254555493593215942e-02
5.247709900140762329e-02
5.240857601165771484e-02
5.234000459313392639e-02
5.227137729525566101e-02
5.220270901918411255e-02
5.213398858904838562e-02
5.206523090600967407e-02
5.199643969535827637e-02
5.192761495709419250e-02
5.185876414179801941e-02
5.178989097476005554e-02
5.172099918127059937e-02
5.165209993720054626e-02
5.158319324254989624e-02
5.151428282260894775e-02
5.144538357853889465e-02
5.137649178504943848e-02
5.130761489272117615e-02
5.123876407742500305e-02
5.116993933916091919e-02
5.110115557909011841e-02
5.103240907192230225e-02
5.096371471881866455e-02
5.089507251977920532e-02
5.082649737596511841e-02
5.075798928737640381e-02
5.068955570459365845e-02
5.062120407819747925e-02
5.055294558405876160e-02
5.048478022217750549e-02
5.041671916842460632e-02
5.034876987338066101e-02
5.028093233704566956e-02
5.021321773529052734e-02
5.014563724398612976e-02
5.007818341255187988e-02
5.001087114214897156e-02
4.994370788335800171e-02
4.987669363617897034e-02
4.980983957648277283e-02
4.974314570426940918e-02
4.967661574482917786e-02
4.961025714874267578e-02
4.954407364130020142e-02
4.947807267308235168e-02
4.941225051879882812e-02
4.934661462903022766e-02
4.928116872906684875e-02
4.921591281890869141e-02
4.915085062384605408e-02
4.908598959445953369e-02
4.902131855487823486e-02
4.895685613155364990e-02
4.889259114861488342e-02
4.882852733135223389e-02
4.876466467976570129e-02
4.870101064443588257e-02
4.863756150007247925e-02
4.857431352138519287e-02
4.851127043366432190e-02
4.844843223690986633e-02
4.838579893112182617e-02
4.832337051630020142e-02
4.826114326715469360e-02
4.819912090897560120e-02
4.813729971647262573e-02
4.807568341493606567e-02
4.801426082849502563e-02
4.795304313302040100e-02
4.789202660322189331e-02
4.783120378851890564e-02
4.777058213949203491e-02
4.771015793085098267e-02
4.764993116259574890e-02
4.758989810943603516e-02
4.753006249666213989e-02
4.747042804956436157e-02
4.741098731756210327e-02
4.735174030065536499e-02
4.729269072413444519e-02
4.723383858799934387e-02
4.717518389225006104e-02
4.711673408746719360e-02
4.705847799777984619e-02
4.700042307376861572e-02
4.694256931543350220e-02
4.688492044806480408e-02
4.682747647166252136e-02
4.677024111151695251e-02
4.671321064233779907e-02
4.665638878941535950e-02
4.659978300333023071e-02
4.654338955879211426e-02
4.648721218109130859e-02
4.643125459551811218e-02
4.637551680207252502e-02
4.632000252604484558e-02
4.626471176743507385e-02
4.620964825153350830e-02
4.615481570363044739e-02
4.610021039843559265e-02
4.604583978652954102e-02
4.599170386791229248e-02
4.593780264258384705e-02
4.588413983583450317e-02
4.583071917295455933e-02
4.577753320336341858e-02
4.572458937764167786e-02
4.567188397049903870e-02
4.561942443251609802e-02
4.556720331311225891e-02
4.551522061228752136e-02
4.546348005533218384e-02
4.541197791695594788e-02
4.536071419715881348e-02
4.530968517065048218e-02
4.525889083743095398e-02
4.520832747220993042e-02
4.515799507498741150e-02
4.510788992047309875e-02
4.505800455808639526e-02
4.500833898782730103e-02
4.495888948440551758e-02
4.490965604782104492e-02
4.486062750220298767e-02
4.481180012226104736e-02
4.476317390799522400e-02
4.471473768353462219e-02
4.466649144887924194e-02
4.461842775344848633e-02
4.457053914666175842e-02
4.452282190322875977e-02
4.447527229785919189e-02
4.442788287997245789e-02
4.438064247369766235e-02
4.433355480432510376e-02
4.428660497069358826e-02
4.423979297280311584e-02
4.419311136007308960e-02
4.414654895663261414e-02
4.410011321306228638e-02
4.405378550291061401e-02
4.400756955146789551e-02
4.396145418286323547e-02
4.391543939709663391e-02
4.386951774358749390e-02
4.382368177175521851e-02
4.377793520689010620e-02
4.373226687312126160e-02
4.368667677044868469e-02
4.364115744829177856e-02
4.359571263194084167e-02
4.355033487081527710e-02
4.350502043962478638e-02
4.345976561307907104e-02
4.341457784175872803e-02
4.336944967508316040e-02
4.332437366247177124e-02
4.327936097979545593e-02
4.323440045118331909e-02
4.318949207663536072e-02
4.314464330673217773e-02
4.309984296560287476e-02
4.305510222911834717e-02
4.301041364669799805e-02
4.296577721834182739e-02
4.292119666934013367e-02
4.287667199969291687e-02
4.283219575881958008e-02
4.278778284788131714e-02
4.274341836571693420e-02
4.269911348819732666e-02
4.265486449003219604e-02
4.261067137122154236e-02
4.256653040647506714e-02
4.252244904637336731e-02
4.247841984033584595e-02
4.243444651365280151e-02
4.239052906632423401e-02
4.234666377305984497e-02
4.230285063385963440e-02
4.225908592343330383e-02
4.221537709236145020e-02
4.217170923948287964e-02
4.212808609008789062e-02
4.208450764417648315e-02
4.204096645116806030e-02
4.199746251106262207e-02
4.195398837327957153e-02
4.191054403781890869e-02
4.186712205410003662e-02
4.182372614741325378e-02
4.178034141659736633e-02
4.173696786165237427e-02
4.169360175728797913e-02
4.165023565292358398e-02
4.160686209797859192e-02
4.156348109245300293e-02
4.152008146047592163e-02
4.147666320204734802e-02
4.143321514129638672e-02
4.138972982764244080e-02
4.134620726108551025e-02
4.130263626575469971e-02
4.125901311635971069e-02
4.121533408761024475e-02
4.117158800363540649e-02
4.112777486443519592e-02
4.108388349413871765e-02
4.103991389274597168e-02
4.099586233496665955e-02
4.095171764492988586e-02
4.090747982263565063e-02
4.086314141750335693e-02
4.081869870424270630e-02
4.077415168285369873e-02
4.072949662804603577e-02
4.068472981452941895e-02
4.063985124230384827e-02
4.059485346078872681e-02
4.054973646998405457e-02
4.050450026988983154e-02
4.045915231108665466e-02
4.041367769241333008e-02
4.036808758974075317e-02
4.032237827777862549e-02
4.027654603123664856e-02
4.023060575127601624e-02
4.018454626202583313e-02
4.013837501406669617e-02
4.009209200739860535e-02
4.004570096731185913e-02
3.999920934438705444e-02
3.995260968804359436e-02
3.990591689944267273e-02
3.985913097858428955e-02
3.981224820017814636e-02
3.976528346538543701e-02
3.971823304891586304e-02
3.967110440135002136e-02
3.962389752268791199e-02
3.957662358880043030e-02
3.952927887439727783e-02
3.948187083005905151e-02
3.943440318107604980e-02
3.938687965273857117e-02
3.933930024504661560e-02
3.929167240858078003e-02
3.924399614334106445e-02
3.919627517461776733e-02
3.914850950241088867e-02
3.910069912672042847e-02
3.905285149812698364e-02
3.900496661663055420e-02
3.895704448223114014e-02
3.890908509492874146e-02
3.886108845472335815e-02
3.881305083632469177e-02
3.876497969031333923e-02
3.871686756610870361e-02
3.866871446371078491e-02
3.862052410840988159e-02
3.857228532433509827e-02
3.852400183677673340e-02
3.847566992044448853e-02
3.842728585004806519e-02
3.837884962558746338e-02
3.833035379648208618e-02
3.828179836273193359e-02
3.823318332433700562e-02
3.818449378013610840e-02
3.813573718070983887e-02
3.808690980076789856e-02
3.803800046443939209e-02
3.798900917172431946e-02
3.793993592262268066e-02
3.789077326655387878e-02
3.784152120351791382e-02
3.779217228293418884e-02
3.774273023009300232e-02
3.769319131970405579e-02
3.764354810118675232e-02
3.759380429983139038e-02
3.754395991563796997e-02
3.749401122331619263e-02
3.744395822286605835e-02
3.739379718899726868e-02
3.734353557229042053e-02
3.729317709803581238e-02
3.724271059036254883e-02
3.719214722514152527e-02
3.714148700237274170e-02
3.709073364734649658e-02
3.703988716006278992e-02
3.698895499110221863e-02
3.693794086575508118e-02
3.688685223460197449e-02
3.683568537235260010e-02
3.678445518016815186e-02
3.673316538333892822e-02
3.668181598186492920e-02
3.663042187690734863e-02
3.657898306846618652e-02
3.652751073241233826e-02
3.647600486874580383e-02
3.642448410391807556e-02
3.637294471263885498e-02
3.632140159606933594e-02
3.626985475420951843e-02
3.621831908822059631e-02
3.616679832339286804e-02
3.611529618501663208e-02
3.606382757425308228e-02
3.601238876581192017e-02
3.596099838614463806e-02
3.590964898467063904e-02
3.585835546255111694e-02
3.580711781978607178e-02
3.575594350695610046e-02
3.570483624935150146e-02
3.565380722284317017e-02
3.560284525156021118e-02
3.555196523666381836e-02
3.550116717815399170e-02
3.545045107603073120e-02
3.539981693029403687e-02
3.534927219152450562e-02
3.529881313443183899e-02
3.524843975901603699e-02
3.519815579056739807e-02
3.514795005321502686e-02
3.509783372282981873e-02
3.504779934883117676e-02
3.499784320592880249e-02
3.494796529412269592e-02
3.489816188812255859e-02
3.484842926263809204e-02
3.479876741766929626e-02
3.474916517734527588e-02
3.469962999224662781e-02
3.465015068650245667e-02
3.460072353482246399e-02
3.455134853720664978e-02
3.450201824307441711e-02
3.445272892713546753e-02
3.440348058938980103e-02
3.435426205396652222e-02
3.430508077144622803e-02
3.425592184066772461e-02
3.420679643750190735e-02
3.415768593549728394e-02
3.410860151052474976e-02
3.405953943729400635e-02
3.401049226522445679e-02
3.396146371960639954e-02
3.391245380043983459e-02
3.386345878243446350e-02
3.381448611617088318e-02
3.376553207635879517e-02
3.371659666299819946e-02
3.366768732666969299e-02
3.361880406737327576e-02
3.356995061039924622e-02
3.352113068103790283e-02
3.347235172986984253e-02
3.342361375689506531e-02
3.337492421269416809e-02
3.332628682255744934e-02
3.327770903706550598e-02
3.322919830679893494e-02
3.318075835704803467e-02
3.313239663839340210e-02
3.308412060141563416e-02
3.303594142198562622e-02
3.298786282539367676e-02
3.293988481163978577e-02
3.289202973246574402e-02
3.284429013729095459e-02
3.279668465256690979e-02
3.274921327829360962e-02
3.270188346505165100e-02
3.265470266342163086e-02
3.260767832398414612e-02
3.256081417202949524e-02
3.251411393284797668e-02
3.246758505702018738e-02
3.242123126983642578e-02
3.237506002187728882e-02
3.232906758785247803e-02
3.228326141834259033e-02
3.223764523863792419e-02
3.219221159815788269e-02
3.214697167277336121e-02
3.210192173719406128e-02
3.205705806612968445e-02
3.201238811016082764e-02
3.196789696812629700e-02
3.192359954118728638e-02
3.187947720289230347e-02
3.183553740382194519e-02
3.179176896810531616e-02
3.174817189574241638e-02
3.170473501086235046e-02
3.166146203875541687e-02
3.161834180355072021e-02
3.157537057995796204e-02
3.153254091739654541e-02
3.148984163999557495e-02
3.144727647304534912e-02
3.140482679009437561e-02
3.136249259114265442e-02
3.132027015089988708e-02
3.127814456820487976e-02
3.123611025512218475e-02
3.119415976107120514e-02
3.115229308605194092e-02
3.111050091683864594e-02
3.106877580285072327e-02
3.102711029350757599e-02
3.098550438880920410e-02
3.094395250082015991e-02
3.090244717895984650e-02
3.086098656058311462e-02
3.081956505775451660e-02
3.077818639576435089e-02
3.073684126138687134e-02
3.069553524255752563e-02
3.065426275134086609e-02
3.061302565038204193e-02
3.057182580232620239e-02
3.053065948188304901e-02
3.048953600227832794e-02
3.044844791293144226e-02
3.040741011500358582e-02
3.036641702055931091e-02
3.032547608017921448e-02
3.028459288179874420e-02
3.024376742541790009e-02
3.020301088690757751e-02
3.016232885420322418e-02
3.012172318994998932e-02
3.008119948208332062e-02
3.004076704382896423e-02
3.000042960047721863e-02
2.996020019054412842e-02
2.992007508873939514e-02
2.988006919622421265e-02
2.984018437564373016e-02
2.980042994022369385e-02
2.976080216467380524e-02
2.972132153809070587e-02
2.968197874724864960e-02
2.964278683066368103e-02
2.960374765098094940e-02
2.956486493349075317e-02
2.952614240348339081e-02
2.948758006095886230e-02
2.944917976856231689e-02
2.941094525158405304e-02
2.937287278473377228e-02
2.933496609330177307e-02
2.929722517728805542e-02
2.925964072346687317e-02
2.922222018241882324e-02
2.918495051562786102e-02
2.914783731102943420e-02
2.911086939275264740e-02
2.907404489815235138e-02
2.903735823929309845e-02
2.900079637765884399e-02
2.896436117589473724e-02
2.892804332077503204e-02
2.889182791113853455e-02
2.885571680963039398e-02
2.881969511508941650e-02
2.878375351428985596e-02
2.874788828194141388e-02
2.871208265423774719e-02
2.867633290588855743e-02
2.864063158631324768e-02
2.860496379435062408e-02
2.856932207942008972e-02
2.853369899094104767e-02
2.849808521568775177e-02
2.846247144043445587e-02
2.842685580253601074e-02
2.839121967554092407e-02
2.835556492209434509e-02
2.831988222897052765e-02
2.828416787087917328e-02
2.824841253459453583e-02
2.821261435747146606e-02
2.817676775157451630e-02
2.814087271690368652e-02
2.810492552816867828e-02
2.806892246007919312e-02
2.803286723792552948e-02
2.799675427377223969e-02
2.796058915555477142e-02
2.792437188327312469e-02
2.788810618221759796e-02
2.785179018974304199e-02
2.781543135643005371e-02
2.777903340756893158e-02
2.774260193109512329e-02
2.770614251494407654e-02
2.766965702176094055e-02
2.763315476477146149e-02
2.759664505720138550e-02
2.756013162434101105e-02
2.752362005412578583e-02
2.748712338507175446e-02
2.745064720511436462e-02
2.741419337689876556e-02
2.737777680158615112e-02
2.734140120446681976e-02
2.730507589876651764e-02
2.726880833506584167e-02
2.723260037600994110e-02
2.719646319746971130e-02
2.716040052473545074e-02
2.712441794574260712e-02
2.708852104842662811e-02
2.705271542072296143e-02
2.701700106263160706e-02
2.698138169944286346e-02
2.694585919380187988e-02
2.691043727099895477e-02
2.687511220574378967e-02
2.683988958597183228e-02
2.680476754903793335e-02
2.676973491907119751e-02
2.673480100929737091e-02
2.669995650649070740e-02
2.666519768536090851e-02
2.663052268326282501e-02
2.659591846168041229e-02
2.656138874590396881e-02
2.652691677212715149e-02
2.649250254034996033e-02
2.645813487470149994e-02
2.642380632460117340e-02
2.638950571417808533e-02
2.635522745549678802e-02
2.632096037268638611e-02
2.628669515252113342e-02
2.625242248177528381e-02
2.621813304722309113e-02
2.618381567299365997e-02
2.614946477115154266e-02
2.611506730318069458e-02
2.608061581850051880e-02
2.604610286653041840e-02
2.601152099668979645e-02
2.597685903310775757e-02
2.594211138784885406e-02
2.590727619826793671e-02
2.587234228849411011e-02
2.583730593323707581e-02
2.580216526985168457e-02
2.576691471040248871e-02
2.573155611753463745e-02
2.569608204066753387e-02
2.566049434244632721e-02
2.562479674816131592e-02
2.558898180723190308e-02
2.555306255817413330e-02
2.551703155040740967e-02
2.548089995980262756e-02
2.544466778635978699e-02
2.540834248065948486e-02
2.537192963063716888e-02
2.533543854951858521e-02
2.529887109994888306e-02
2.526224032044410706e-02
2.522555179893970490e-02
2.518881484866142273e-02
2.515204064548015594e-02
2.511523663997650146e-02
2.507841587066650391e-02
2.504158392548561096e-02
2.500475384294986725e-02
2.496793493628501892e-02
2.493113651871681213e-02
2.489436790347099304e-02
2.485764026641845703e-02
2.482096292078495026e-02
2.478434331715106964e-02
2.474778890609741211e-02
2.471130713820457458e-02
2.467490732669830322e-02
2.463859319686889648e-02
2.460237033665180206e-02
2.456624805927276611e-02
2.453022263944149017e-02
2.449430152773857117e-02
2.445848658680915833e-02
2.442277967929840088e-02
2.438717894256114960e-02
2.435168623924255371e-02
2.431629784405231476e-02
2.428101189434528351e-02
2.424582652747631073e-02
2.421073615550994873e-02
2.417573705315589905e-02
2.414082176983356476e-02
2.410598471760749817e-02
2.407121844589710236e-02
2.403651736676692963e-02
2.400187030434608459e-02
2.396726980805397034e-02
2.393270842730998993e-02
2.389817498624324799e-02
2.386366203427314758e-02
2.382915653288364410e-02
2.379464916884899139e-02
2.376013435423374176e-02
2.372559905052185059e-02
2.369103580713272095e-02
2.365643531084060669e-02
2.362178638577461243e-02
2.358708530664443970e-02
2.355232089757919312e-02
2.351748943328857422e-02
2.348257973790168762e-02
2.344759367406368256e-02
2.341252006590366364e-02
2.337735891342163086e-02
2.334210462868213654e-02
2.330675534904003143e-02
2.327131479978561401e-02
2.323577739298343658e-02
2.320014499127864838e-02
2.316442318260669708e-02
2.312861010432243347e-02
2.309271134436130524e-02
2.305673249065876007e-02
0.000000000000000000e+00
0.000000000000000000e+00
0.000000000000000000e+00
0.000000000000000000e+00
0.000000000000000000e+00
0.000000000000000000e+00
0.000000000000000000e+00
0.000000000000000000e+00
0.000000000000000000e+00
0.000000000000000000e+00
0.000000000000000000e+00
0.000000000000000000e+00
0.000000000000000000e+00
0.000000000000000000e+00
0.000000000000000000e+00
0.000000000000000000e+00
0.000000000000000000e+00
0.000000000000000000e+00
0.000000000000000000e+00
0.000000000000000000e+00
0.000000000000000000e+00
0.000000000000000000e+00
0.000000000000000000e+00
0.000000000000000000e+00
0.000000000000000000e+00
0.000000000000000000e+00
0.000000000000000000e+00
0.000000000000000000e+00
0.000000000000000000e+00
0.000000000000000000e+00
0.000000000000000000e+00
0.000000000000000000e+00
0.000000000000000000e+00
0.000000000000000000e+00
0.000000000000000000e+00
0.000000000000000000e+00
0.000000000000000000e+00
0.000000000000000000e+00
0.000000000000000000e+00
0.000000000000000000e+00
0.000000000000000000e+00
0.000000000000000000e+00
0.000000000000000000e+00
0.000000000000000000e+00
0.000000000000000000e+00
0.000000000000000000e+00
0.000000000000000000e+00
0.000000000000000000e+00
0.000000000000000000e+00
0.000000000000000000e+00
0.000000000000000000e+00
0.000000000000000000e+00
0.000000000000000000e+00
0.000000000000000000e+00
0.000000000000000000e+00
0.000000000000000000e+00
0.000000000000000000e+00
0.000000000000000000e+00
0.000000000000000000e+00
0.000000000000000000e+00
0.000000000000000000e+00
0.000000000000000000e+00
0.000000000000000000e+00
0.000000000000000000e+00
0.000000000000000000e+00
0.000000000000000000e+00
0.000000000000000000e+00
0.000000000000000000e+00
0.000000000000000000e+00
0.000000000000000000e+00
0.000000000000000000e+00
0.000000000000000000e+00
0.000000000000000000e+00
0.000000000000000000e+00
0.000000000000000000e+00
0.000000000000000000e+00
0.000000000000000000e+00
0.000000000000000000e+00
0.000000000000000000e+00
0.000000000000000000e+00
0.000000000000000000e+00
0.000000000000000000e+00
0.000000000000000000e+00
0.000000000000000000e+00
0.000000000000000000e+00
0.000000000000000000e+00
0.000000000000000000e+00
0.000000000000000000e+00
0.000000000000000000e+00
0.000000000000000000e+00
0.000000000000000000e+00
0.000000000000000000e+00
0.000000000000000000e+00
0.000000000000000000e+00
0.000000000000000000e+00
0.000000000000000000e+00
0.000000000000000000e+00
0.000000000000000000e+00
0.000000000000000000e+00
0.000000000000000000e+00
