# k_h
1.044979580910876393e-05
1.153867560788057745e-05
1.274101850867737085e-05
1.406864703312749043e-05
1.553461515868548304e-05
1.715333928586915135e-05
1.894073648145422339e-05
2.091438182105775923e-05
2.309368392161559314e-05
2.550007229729089886e-05
2.815720654325559735e-05
3.109121826128102839e-05
3.433095844229683280e-05
3.790828122873790562e-05
4.185836951364763081e-05
4.622005508281290531e-05
5.103623698232695460e-05
5.635427078232169151e-05
6.222644879017025232e-05
6.871051300549879670e-05
7.587022264488041401e-05
8.377598715014755726e-05
9.250553557649254799e-05
1.021447096718475223e-04
1.127883078879676759e-04
1.245409657713025808e-04
1.375182764604687691e-04
1.518478384241461754e-04
1.676705433055758476e-04
1.851420092862099409e-04
2.044340071734040976e-04
2.257362502859905362e-04
2.492582134436815977e-04
2.752311993390321732e-04
3.039106086362153292e-04
3.355784283485263586e-04
3.705460694618523121e-04
4.091573646292090416e-04
4.517920315265655518e-04
4.988692817278206348e-04
5.508519825525581837e-04
6.082513718865811825e-04
6.716318312101066113e-04
7.416165899485349655e-04
8.188938954845070839e-04
9.042235324159264565e-04
9.984446223825216293e-04
1.102483714930713177e-03
1.217363635078072548e-03
1.344214309938251972e-03
1.484282896853983402e-03
1.638946821913123131e-03
1.809726934880018234e-03
1.998302526772022247e-03
2.206527860835194588e-03
2.436450449749827385e-03
2.690331311896443367e-03
2.970666857436299324e-03
3.280213568359613419e-03
3.622015472501516342e-03
3.999433480203151703e-03
4.416178911924362183e-03
4.876349586993455887e-03
5.384470801800489426e-03
5.945538170635700226e-03
6.565070245414972305e-03
7.249157410115003586e-03
8.004527539014816284e-03
8.838608860969543457e-03
9.759601205587387085e-03
1.077656261622905731e-02
1.189949270337820053e-02
1.313943229615688324e-02
1.450857613235712051e-02
1.602038554847240448e-02
1.768972724676132202e-02
1.953301765024662018e-02
2.156837843358516693e-02
2.381582744419574738e-02
2.629746310412883759e-02
2.903768792748451233e-02
3.206344693899154663e-02
3.540449216961860657e-02
3.909368067979812622e-02
4.300304874777793884e-02
4.691241681575775146e-02
5.082178488373756409e-02
5.473115295171737671e-02
5.864052474498748779e-02
6.254988908767700195e-02
6.645926088094711304e-02
7.036862522363662720e-02
7.427799701690673828e-02
7.818736135959625244e-02
8.209673315286636353e-02
8.793587982654571533e-02
9.377502650022506714e-02
9.961417317390441895e-02
1.054533198475837708e-01
1.112924665212631226e-01
1.171316206455230713e-01
1.229707673192024231e-01
1.288099139928817749e-01
1.346490532159805298e-01
1.404882073402404785e-01
1.463273614645004272e-01
1.521665006875991821e-01
1.580056548118591309e-01
1.638447940349578857e-01
1.696839481592178345e-01
1.755230873823165894e-01
1.813622415065765381e-01
1.872013807296752930e-01
1.930405348539352417e-01
1.988796740770339966e-01
2.047188282012939453e-01
2.105579823255538940e-01
2.163971215486526489e-01
2.222362756729125977e-01
2.280754148960113525e-01
2.339145690202713013e-01
2.397537082433700562e-01
2.455928623676300049e-01
2.514320015907287598e-01
2.572711408138275146e-01
2.631103098392486572e-01
2.689494490623474121e-01
2.747885882854461670e-01
2.806277573108673096e-01
2.864668965339660645e-01
2.923060357570648193e-01
2.981451749801635742e-01
3.039843440055847168e-01
3.098234832286834717e-01
3.156626224517822266e-01
3.215017616748809814e-01
3.273409307003021240e-01
3.331800699234008789e-01
3.390192091464996338e-01
3.448583781719207764e-01
3.506975173950195312e-01
3.565366566181182861e-01
3.623757958412170410e-01
3.682149648666381836e-01
3.740541040897369385e-01
3.798932433128356934e-01
3.857323825359344482e-01
3.915715515613555908e-01
3.974106907844543457e-01
4.032498300075531006e-01
4.090889990329742432e-01
4.149281382560729980e-01
4.207672774791717529e-01
4.266064167022705078e-01
4.324455857276916504e-01
4.382847249507904053e-01
4.441238641738891602e-01
4.499630033969879150e-01
4.558021724224090576e-01
4.616413116455078125e-01
4.674804508686065674e-01
4.733196198940277100e-01
4.791587591171264648e-01
4.849978983402252197e-01
4.908370375633239746e-01
4.966762065887451172e-01
5.025153160095214844e-01
5.083544850349426270e-01
5.141936540603637695e-01
5.200327634811401367e-01
5.258719325065612793e-01
5.317111015319824219e-01
5.375502109527587891e-01
5.433893799781799316e-01
5.572825670242309570e-01
7.777504324913024902e-01
1.085438132286071777e+00
1.514850974082946777e+00
2.114144802093505859e+00
2.950526952743530273e+00
4.117792129516601562e+00
5.746841430664062500e+00
8.020363807678222656e+00
1.119331932067871094e+01
1.562153530120849609e+01
2.180160903930664062e+01
3.042659568786621094e+01
4.246373367309570312e+01
5.926291656494140625e+01
8.270806121826171875e+01
