# bb
1.699823314993409440e-06
3.400165269340504892e-06
5.668084213539259508e-06
8.504271136189345270e-06
1.190956027130596340e-05
1.588495069881901145e-05
2.043157473963219672e-05
2.555071660026442260e-05
3.124377690255641937e-05
3.751227995962835848e-05
4.435784649103879929e-05
5.178219362278468907e-05
5.978712579235434532e-05
6.837449473096057773e-05
7.754621765343472362e-05
8.730425179237499833e-05
9.765056165633723140e-05
1.085871408577077091e-04
1.201159466290846467e-04
1.322389434790238738e-04
1.449580740882083774e-04
1.582751719979569316e-04
1.721920853015035391e-04
1.867105311248451471e-04
2.018321683863177896e-04
2.175585541408509016e-04
2.338911581318825483e-04
2.508313336875289679e-04
2.683802740648388863e-04
2.865390852093696594e-04
3.053087275475263596e-04
3.246900450903922319e-04
3.446837072260677814e-04
3.652902960311621428e-04
3.865101607516407967e-04
4.083436506334692240e-04
4.307908529881387949e-04
4.538517969194799662e-04
4.775263660121709108e-04
5.018143565393984318e-04
5.267153610475361347e-04
5.522290011867880821e-04
5.783546366728842258e-04
6.050917436368763447e-04
6.324395071715116501e-04
6.603973452001810074e-04
6.889643264003098011e-04
7.181396358646452427e-04
7.479224004782736301e-04
7.783118053339421749e-04
8.093069773167371750e-04
8.409071015194058418e-04
8.731113630346953869e-04
9.059189469553530216e-04
9.393292712047696114e-04
9.733416954986751080e-04
1.007955637760460377e-03
1.043170574121177197e-03
1.078986562788486481e-03
1.115403021685779095e-03
1.152420067228376865e-03
1.190037815831601620e-03
1.228256383910775185e-03
1.267076004296541214e-03
1.306497491896152496e-03
1.346521428786218166e-03
1.387148513458669186e-03
1.428380026482045650e-03
1.470216899178922176e-03
1.512660644948482513e-03
1.555712777189910412e-03
1.599374925717711449e-03
1.643648953177034855e-03
1.688536955043673515e-03
1.734041026793420315e-03
1.780163380317389965e-03
1.826906693167984486e-03
1.874273293651640415e-03
1.922266208566725254e-03
1.970888115465641022e-03
2.020141808316111565e-03
2.070030197501182556e-03
2.120557008311152458e-03
2.171725267544388771e-03
2.223538001999258995e-03
2.275998704135417938e-03
2.329111099243164062e-03
2.382878214120864868e-03
2.437303774058818817e-03
2.492391737177968025e-03
2.548145130276679993e-03
2.604568144306540489e-03
2.661664038896560669e-03
2.719436772167682648e-03
2.777889836579561234e-03
2.837027423083782196e-03
2.896852791309356689e-03
2.957370132207870483e-03
3.018582705408334732e-03
3.080494934692978859e-03
3.143110312521457672e-03
3.206432797014713287e-03
3.270466113463044167e-03
3.335214452818036079e-03
3.400681773200631142e-03
3.466872032731771469e-03
3.533788956701755524e-03
3.601437434554100037e-03
3.669820725917816162e-03
3.738944185897707939e-03
3.808811539784073830e-03
3.879426978528499603e-03
3.950796090066432953e-03
4.022921901196241379e-03
4.095810931175947189e-03
4.169467370957136154e-03
4.243895877152681351e-03
4.319102037698030472e-03
4.395091440528631210e-03
4.471869207918643951e-03
4.549440927803516388e-03
4.627812188118696213e-03
4.706989508122205734e-03
4.786978010088205338e-03
4.867785144597291946e-03
4.949416033923625946e-03
5.031878128647804260e-03
5.115177482366561890e-03
5.199321079999208450e-03
5.284315906465053558e-03
5.370168946683406830e-03
5.456887651234865189e-03
5.544478073716163635e-03
5.632949061691761017e-03
5.722306668758392334e-03
5.812558811157941818e-03
5.903712939471006393e-03
5.995776504278182983e-03
6.088756490498781204e-03
6.182660814374685287e-03
6.277495995163917542e-03
6.373270414769649506e-03
6.469989661127328873e-03
6.567662581801414490e-03
6.666294764727354050e-03
6.765893194824457169e-03
6.866464391350746155e-03
6.968014873564243317e-03
7.070549298077821732e-03
7.174075581133365631e-03
7.278598845005035400e-03
7.384122349321842194e-03
7.490652613341808319e-03
7.598193828016519547e-03
7.706750649958848953e-03
7.816325873136520386e-03
7.926923222839832306e-03
8.038545958697795868e-03
8.151195943355560303e-03
8.264875039458274841e-03
8.379587903618812561e-03
8.495331741869449615e-03
8.612109348177909851e-03
8.729920722544193268e-03
8.848765864968299866e-03
8.968642912805080414e-03
9.089552797377109528e-03
9.211491793394088745e-03
9.334459900856018066e-03
9.458453394472599030e-03
9.583469480276107788e-03
9.709505364298820496e-03
9.836556389927864075e-03
9.964618831872940063e-03
1.009368710219860077e-02
1.022375840693712234e-02
1.035482529550790787e-02
1.048688217997550964e-02
1.061992347240447998e-02
1.075394265353679657e-02
1.088893227279186249e-02
1.102488487958908081e-02
1.116179488599300385e-02
1.129965297877788544e-02
1.143845263868570328e-02
1.157818362116813660e-02
1.171883847564458847e-02
1.186040788888931274e-02
1.200288534164428711e-02
1.214625779539346695e-02
1.229051873087882996e-02
1.243565790355205536e-02
1.258166506886482239e-02
1.272853091359138489e-02
1.287624519318342209e-02
1.302479766309261322e-02
1.317417714744806290e-02
1.332437526434659958e-02
1.347537804394960403e-02
1.362717803567647934e-02
1.377976220101118088e-02
1.393311843276023865e-02
1.408723648637533188e-02
1.424210518598556519e-02
1.439771149307489395e-02
1.455404516309499741e-02
1.471109222620725632e-02
1.486883871257305145e-02
1.502727624028921127e-02
1.518638711422681808e-02
1.534616202116012573e-02
1.550658605992794037e-02
1.566764339804649353e-02
1.582932099699974060e-02
1.599160581827163696e-02
1.615448296070098877e-02
1.631793566048145294e-02
1.648194901645183563e-02
1.664650812745094299e-02
1.681159622967243195e-02
1.697719655930995941e-02
1.714329235255718231e-02
1.730986684560775757e-02
1.747689954936504364e-02
1.764437742531299591e-02
1.781227998435497284e-02
1.798058673739433289e-02
1.814927905797958374e-02
1.831834018230438232e-02
1.848774589598178864e-02
1.865747943520545959e-02
1.882752031087875366e-02
1.899784617125988007e-02
1.916843466460704803e-02
1.933926716446876526e-02
1.951032131910324097e-02
1.968157663941383362e-02
1.985300704836845398e-02
2.002459205687046051e-02
2.019631117582321167e-02
2.036814019083976746e-02
2.054005488753318787e-02
2.071203477680683136e-02
2.088405750691890717e-02
2.105609886348247528e-02
2.122813649475574493e-02
2.140014618635177612e-02
2.157210744917392731e-02
2.174399606883525848e-02
2.191578969359397888e-02
2.208746783435344696e-02
2.225900441408157349e-02
2.243038266897201538e-02
2.260157652199268341e-02
2.277256734669208527e-02
2.294333279132843018e-02
2.311385236680507660e-02
2.328410558402538300e-02
2.345407381653785706e-02
2.362373284995555878e-02
2.379306778311729431e-02
2.396205998957157135e-02
2.413068898022174835e-02
2.429893612861633301e-02
2.446678653359413147e-02
2.463421970605850220e-02
2.480122074484825134e-02
2.496777474880218506e-02
2.513386495411396027e-02
2.529947459697723389e-02
2.546459250152111053e-02
2.562920004129409790e-02
2.579328790307044983e-02
2.595683746039867401e-02
2.611983940005302429e-02
2.628228068351745605e-02
2.644414827227592468e-02
2.660543099045753479e-02
2.676611579954624176e-02
2.692619524896144867e-02
2.708565630018711090e-02
2.724448963999748230e-02
2.740268595516681671e-02
2.756023406982421875e-02
2.771712653338909149e-02
2.787335216999053955e-02
2.802890539169311523e-02
2.818377502262592316e-02
2.833795361220836639e-02
2.849143929779529572e-02
2.864421717822551727e-02
2.879628166556358337e-02
2.894762717187404633e-02
2.909824997186660767e-02
2.924813702702522278e-02
2.939729019999504089e-02
2.954569458961486816e-02
2.969335578382015228e-02
2.984025701880455017e-02
2.998640015721321106e-02
3.013178147375583649e-02
3.027639165520668030e-02
3.042022697627544403e-02
3.056328929960727692e-02
3.070557117462158203e-02
3.084707260131835938e-02
3.098778240382671356e-02
3.112770803272724152e-02
3.126684576272964478e-02
3.140518814325332642e-02
3.154274076223373413e-02
3.167949989438056946e-02
3.181546181440353394e-02
3.195063397288322449e-02
3.208501636981964111e-02
3.221860900521278381e-02
3.235141187906265259e-02
3.248342871665954590e-02
3.261466324329376221e-02
3.274512290954589844e-02
3.287480399012565613e-02
3.300372138619422913e-02
3.313187137246131897e-02
3.325926512479782104e-02
3.338591381907463074e-02
3.351181745529174805e-02
3.363698720932006836e-02
3.376143425703048706e-02
3.388516604900360107e-02
3.400819376111030579e-02
3.413053229451179504e-02
3.425218909978866577e-02
3.437317535281181335e-02
3.449350968003273010e-02
3.461320325732231140e-02
3.473227098584175110e-02
3.485072404146194458e-02
3.496858477592468262e-02
3.508586809039115906e-02
3.520258143544197083e-02
3.531875833868980408e-02
3.543440252542495728e-02
3.554954379796981812e-02
3.566418960690498352e-02
3.577836975455284119e-02
3.589209169149398804e-02
3.600538894534111023e-02
3.611827641725540161e-02
3.623076900839805603e-02
3.634289279580116272e-02
3.645467013120651245e-02
3.656611964106559753e-02
3.667726367712020874e-02
3.678812459111213684e-02
3.689872100949287415e-02
3.700908273458480835e-02
3.711922094225883484e-02
3.722916543483734131e-02
3.733893111348152161e-02
3.744854778051376343e-02
3.755803406238555908e-02
3.766740858554840088e-02
3.777669742703437805e-02
3.788591921329498291e-02
3.799510002136230469e-02
3.810425475239753723e-02
3.821340948343276978e-02
3.832258284091949463e-02
3.843179717659950256e-02
3.854107111692428589e-02
3.865043073892593384e-02
3.875989094376564026e-02
3.886947408318519592e-02
3.897920250892639160e-02
3.908909112215042114e-02
3.919916599988937378e-02
3.930944204330444336e-02
3.941994532942771912e-02
3.953068330883979797e-02
3.964168950915336609e-02
3.975297510623931885e-02
3.986456245183944702e-02
3.997646644711494446e-02
4.008870571851730347e-02
4.020131006836891174e-02
4.031429067254066467e-02
4.042765870690345764e-02
4.054144769906997681e-02
4.065566882491111755e-02
4.077034071087837219e-02
4.088547825813293457e-02
4.100111126899719238e-02
4.111724346876144409e-02
4.123390838503837585e-02
4.135111719369888306e-02
4.146888852119445801e-02
4.158723726868629456e-02
4.170618951320648193e-02
4.182575643062591553e-02
4.194596037268638611e-02
4.206681996583938599e-02
4.218834638595581055e-02
4.231056943535804749e-02
4.243350028991699219e-02
4.255715012550354004e-02
4.268154501914978027e-02
4.280669987201690674e-02
4.293262958526611328e-02
4.305935651063919067e-02
4.318688809871673584e-02
4.331524670124053955e-02
4.344445094466209412e-02
4.357450455427169800e-02
4.370543360710144043e-02
4.383724555373191833e-02
4.396996274590492249e-02
4.410359263420104980e-02
4.423814639449119568e-02
4.437363892793655396e-02
4.451008141040802002e-02
4.464748874306678772e-02
4.478586837649345398e-02
4.492523148655891418e-02
4.506558924913406372e-02
4.520694166421890259e-02
4.534930735826492310e-02
4.549268633127212524e-02
4.563708975911140442e-02
4.578251764178276062e-02
4.592898115515708923e-02
4.607648029923439026e-02
4.622502252459526062e-02
4.637460410594940186e-02
4.652523249387741089e-02
4.667690768837928772e-02
4.682962223887443542e-02
4.698338732123374939e-02
4.713819175958633423e-02
4.729404300451278687e-02
4.745092615485191345e-02
4.760884866118431091e-02
4.776779562234878540e-02
4.792776703834533691e-02
4.808875918388366699e-02
4.825076088309288025e-02
4.841376841068267822e-02
4.857777059078216553e-02
4.874275997281074524e-02
4.890872538089752197e-02
4.907566308975219727e-02
4.924355074763298035e-02
4.941239207983016968e-02
4.958216845989227295e-02
4.975286498665809631e-02
4.992447420954704285e-02
5.009698122739791870e-02
5.027036741375923157e-02
5.044462904334068298e-02
5.061974376440048218e-02
5.079570412635803223e-02
5.097249150276184082e-02
5.115008726716041565e-02
5.132848024368286133e-02
5.150765553116798401e-02
5.168759450316429138e-02
5.186827853322029114e-02
5.204970017075538635e-02
5.223182961344718933e-02
5.241465941071510315e-02
5.259817093610763550e-02
5.278234556317329407e-02
5.296716094017028809e-02
5.315260589122772217e-02
5.333865433931350708e-02
5.352529510855674744e-02
5.371250212192535400e-02
5.390026420354843140e-02
5.408856272697448730e-02
5.427736043930053711e-02
5.446666106581687927e-02
5.465642735362052917e-02
5.484664440155029297e-02
5.503729730844497681e-02
5.522834882140159607e-02
5.541979148983955383e-02
5.561160296201705933e-02
5.580374971032142639e-02
5.599622055888175964e-02
5.618897825479507446e-02
5.638202279806137085e-02
5.657530575990676880e-02
5.676881968975067139e-02
5.696252733469009399e-02
5.715641379356384277e-02
5.735044553875923157e-02
5.754460021853446960e-02
5.773885175585746765e-02
5.793317779898643494e-02
5.812754482030868530e-02
5.832192674279212952e-02
5.851629748940467834e-02
5.871062353253364563e-02
5.890488252043724060e-02
5.909904465079307556e-02
5.929307639598846436e-02
5.948695540428161621e-02
5.968064442276954651e-02
5.987411737442016602e-02
6.006734818220138550e-02
6.026029586791992188e-02
6.045294180512428284e-02
6.064524874091148376e-02
6.083718314766883850e-02
6.102872267365455627e-02
6.121983006596565247e-02
6.141048297286033630e-02
6.160063669085502625e-02
6.179027259349822998e-02
6.197935715317726135e-02
6.216786056756973267e-02
6.235574930906295776e-02
6.254299730062484741e-02
6.272957473993301392e-02
6.291545182466506958e-02
6.310059130191802979e-02
6.328497827053070068e-02
6.346857547760009766e-02
6.365136802196502686e-02
6.383330374956130981e-02
6.401438266038894653e-02
6.419456005096435547e-02
6.437380611896514893e-02
6.455212086439132690e-02
6.472945958375930786e-02
6.490579992532730103e-02
6.508111953735351562e-02
6.525539606809616089e-02
6.542860716581344604e-02
6.560073047876358032e-02
6.577174365520477295e-02
6.594162434339523315e-02
6.611035764217376709e-02
6.627792119979858398e-02
6.644428521394729614e-02
6.660944968461990356e-02
6.677337735891342163e-02
6.693606823682785034e-02
6.709750741720199585e-02
6.725765764713287354e-02
6.741651892662048340e-02
6.757406890392303467e-02
6.773030012845993042e-02
6.788519024848937988e-02
6.803873181343078613e-02
6.819090247154235840e-02
6.834170222282409668e-02
6.849110871553421021e-02
6.863912194967269897e-02
6.878571212291717529e-02
6.893087923526763916e-02
6.907462328672409058e-02
6.921691447496414185e-02
6.935774534940719604e-02
6.949711591005325317e-02
6.963501870632171631e-02
6.977143138647079468e-02
6.990636140108108521e-02
7.003978639841079712e-02
7.017171382904052734e-02
7.030212134122848511e-02
7.043100893497467041e-02
7.055837661027908325e-02
7.068420946598052979e-02
7.080850750207901001e-02
7.093126326799392700e-02
7.105246931314468384e-02
7.117213308811187744e-02
7.129023224115371704e-02
7.140678167343139648e-02
7.152176648378372192e-02
7.163518667221069336e-02
7.174704223871231079e-02
7.185734063386917114e-02
7.196606695652008057e-02
7.207322865724563599e-02
7.217883318662643433e-02
7.228286564350128174e-02
7.238534092903137207e-02
7.248625904321670532e-02
7.258561998605728149e-02
7.268343120813369751e-02
7.277970016002655029e-02
7.287441939115524292e-02
7.296761125326156616e-02
7.305927574634552002e-02
7.314942777156829834e-02
7.323805987834930420e-02
7.332519441843032837e-02
7.341083884239196777e-02
7.349500060081481934e-02
7.357769459486007690e-02
7.365893572568893433e-02
7.373873889446258545e-02
7.381710410118103027e-02
7.389406114816665649e-02
7.396961748600006104e-02
7.404380291700363159e-02
7.411661744117736816e-02
7.418808341026306152e-02
7.425823062658309937e-02
7.432705909013748169e-02
7.439461350440979004e-02
7.446088641881942749e-02
7.452591508626937866e-02
7.458972185850143433e-02
7.465232908725738525e-02
7.471375167369842529e-02
7.477401942014694214e-02
7.483315467834472656e-02
7.489117980003356934e-02
7.494811713695526123e-02
7.500401139259338379e-02
7.505885511636734009e-02
7.511270046234130859e-02
7.516556233167648315e-02
7.521747052669525146e-02
7.526843994855880737e-02
7.531852275133132935e-02
7.536771893501281738e-02
7.541607320308685303e-02
7.546360045671463013e-02
7.551033794879913330e-02
7.555630803108215332e-02
7.560153305530548096e-02
7.564605772495269775e-02
7.568988949060440063e-02
7.573306560516357422e-02
7.577561587095260620e-02
7.581756263971328735e-02
7.585892826318740845e-02
7.589975744485855103e-02
7.594005763530731201e-02
7.597987353801727295e-02
7.601922005414962769e-02
7.605811953544616699e-02
7.609661668539047241e-02
7.613473385572433472e-02
7.617248594760894775e-02
7.620990276336669922e-02
7.624702155590057373e-02
7.628386467695236206e-02
7.632046192884445190e-02
7.635682076215744019e-02
7.639299333095550537e-02
7.642899453639984131e-02
7.646484673023223877e-02
7.650057971477508545e-02
7.653622329235076904e-02
7.657180726528167725e-02
7.660734653472900391e-02
7.664287835359573364e-02
7.667841762304306030e-02
7.671400159597396851e-02
7.674965262413024902e-02
7.678539305925369263e-02
7.682125270366668701e-02
7.685726135969161987e-02
7.689344137907028198e-02
7.692982256412506104e-02
7.696641981601715088e-02
7.700327783823013306e-02
7.704040408134460449e-02
7.707783579826354980e-02
7.711559534072875977e-02
7.715371996164321899e-02
7.719221711158752441e-02
7.723111659288406372e-02
7.727045565843582153e-02
7.731024920940399170e-02
7.735051959753036499e-02
7.739129662513732910e-02
7.743261754512786865e-02
7.747448235750198364e-02
7.751693576574325562e-02
7.755998522043228149e-02
7.760367542505264282e-02
7.764800637960433960e-02
7.769301533699035645e-02
7.773871719837188721e-02
7.778514176607131958e-02
7.783229649066925049e-02
7.788021862506866455e-02
7.792891561985015869e-02
7.797841727733612061e-02
7.802873849868774414e-02
7.807989418506622314e-02
7.813190668821334839e-02
7.818479835987091064e-02
7.823856920003890991e-02
7.829324901103973389e-02
7.834884524345397949e-02
7.840538024902343750e-02
7.846286892890930176e-02
7.852131873369216919e-02
7.858073711395263672e-02
7.864114642143249512e-02
7.870254665613174438e-02
7.876495271921157837e-02
7.882837951183319092e-02
7.889282703399658203e-02
7.895830273628234863e-02
7.902482151985168457e-02
7.909238338470458984e-02
7.916098833084106445e-02
7.923065871000289917e-02
7.930137962102890015e-02
7.937316596508026123e-02
7.944601029157638550e-02
7.951992005109786987e-02
7.959490269422531128e-02
7.967094331979751587e-02
7.974805682897567749e-02
7.982623577117919922e-02
7.990546524524688721e-02
7.998576760292053223e-02
8.006712794303894043e-02
8.014953881502151489e-02
8.023300766944885254e-02
8.031751215457916260e-02
8.040306717157363892e-02
8.048965781927108765e-02
8.057726919651031494e-02
8.066590875387191772e-02
8.075556904077529907e-02
8.084622770547866821e-02
8.093789964914321899e-02
8.103056252002716064e-02
8.112420141696929932e-02
8.121882379055023193e-02
8.131440728902816772e-02
8.141094446182250977e-02
8.150843530893325806e-02
8.160684257745742798e-02
8.170618861913681030e-02
8.180643618106842041e-02
8.190760016441345215e-02
8.200963586568832397e-02
8.211255073547363281e-02
8.221632987260818481e-02
8.232095837593078613e-02
8.242641389369964600e-02
8.253268897533416748e-02
8.263977617025375366e-02
8.274765312671661377e-02
8.285629749298095703e-02
8.296570181846618652e-02
8.307585120201110840e-02
8.318672329187393188e-02
8.329830318689346313e-02
8.341056853532791138e-02
8.352351188659667969e-02
8.363710343837738037e-02
8.375132828950881958e-02
8.386616408824920654e-02
8.398158848285675049e-02
8.409758657217025757e-02
8.421414345502853394e-02
8.433122187852859497e-02
8.444879949092864990e-02
8.456686139106750488e-02
8.468538522720336914e-02
8.480434119701385498e-02
8.492370694875717163e-02
8.504346758127212524e-02
8.516357839107513428e-02
8.528402447700500488e-02
8.540477603673934937e-02
8.552581071853637695e-02
8.564709872007369995e-02
8.576861023902893066e-02
8.589032292366027832e-02
8.601220697164535522e-02
8.613421767950057983e-02
8.625634759664535522e-02
8.637856692075729370e-02
8.650083839893341064e-02
8.662312477827072144e-02
8.674540370702743530e-02
8.686764538288116455e-02
8.698982745409011841e-02
8.711190521717071533e-02
8.723385632038116455e-02
8.735564351081848145e-02
8.747724443674087524e-02
8.759862184524536133e-02
8.771974593400955200e-02
8.784058690071105957e-02
8.796111494302749634e-02
8.808130025863647461e-02
8.820110559463500977e-02
8.832051604986190796e-02
8.843947947025299072e-02
8.855798840522766113e-02
8.867599815130233765e-02
8.879347890615463257e-02
8.891040831804275513e-02
8.902675658464431763e-02
8.914249390363693237e-02
8.925759047269821167e-02
8.937202394008636475e-02
8.948575705289840698e-02
8.959876745939254761e-02
8.971102535724639893e-02
8.982250094413757324e-02
8.993318676948547363e-02
9.004303812980651855e-02
9.015202522277832031e-02
9.026014804840087891e-02
9.036735445261001587e-02
9.047363698482513428e-02
9.057896584272384644e-02
9.068331122398376465e-02
9.078665822744369507e-02
9.088898450136184692e-02
9.099026024341583252e-02
9.109046310186386108e-02
9.118958562612533569e-02
9.128758311271667480e-02
9.138445556163787842e-02
9.148016571998596191e-02
9.157471358776092529e-02
9.166804701089859009e-02
9.176018089056015015e-02
9.185107052326202393e-02
9.194070845842361450e-02
9.202907979488372803e-02
9.211614727973937988e-02
9.220191091299057007e-02
9.228634089231491089e-02
9.236942976713180542e-02
9.245114773511886597e-02
9.253148734569549561e-02
9.261043369770050049e-02
9.268796443939208984e-02
9.276406466960906982e-02
9.283872693777084351e-02
9.291191399097442627e-02
9.298364073038101196e-02
9.305386990308761597e-02
9.312259405851364136e-02
9.318979829549789429e-02
9.325548261404037476e-02
9.331961721181869507e-02
9.338219463825225830e-02
9.344320744276046753e-02
9.350264072418212891e-02
9.356047958135604858e-02
9.361671656370162964e-02
9.367134422063827515e-02
9.372436255216598511e-02
9.377574175596237183e-02
9.382548928260803223e-02
9.387359768152236938e-02
9.392005205154418945e-02
9.396484494209289551e-02
9.400797635316848755e-02
9.404944628477096558e-02
9.408923983573913574e-02
9.412736445665359497e-02
9.416380524635314941e-02
9.419856965541839600e-02
9.423165023326873779e-02
9.426305443048477173e-02
9.429277479648590088e-02
9.432081133127212524e-02
9.434717148542404175e-02
9.437186270952224731e-02
9.439486265182495117e-02
9.441620111465454102e-02
9.443587809801101685e-02
9.445389360189437866e-02
9.447025507688522339e-02
9.448496252298355103e-02
9.449803829193115234e-02
9.450947493314743042e-02
9.451929479837417603e-02
9.452749788761138916e-02
9.453409165143966675e-02
9.453909844160079956e-02
9.454252570867538452e-02
9.454437345266342163e-02
9.454467892646789551e-02
9.454343467950820923e-02
9.454065561294555664e-02
9.453636407852172852e-02
9.453057497739791870e-02
9.452329576015472412e-02
9.451455622911453247e-02
9.450434893369674683e-02
9.449271112680435181e-02
9.447965770959854126e-02
9.446519613265991211e-02
9.444934874773025513e-02
9.443214535713195801e-02
9.441358596086502075e-02
9.439369291067123413e-02
9.437250345945358276e-02
9.435001760721206665e-02
9.432625770568847656e-02
9.430125355720520020e-02
9.427501261234283447e-02
9.424756467342376709e-02
9.421893209218978882e-02
9.418912976980209351e-02
9.415818005800247192e-02
9.412610530853271484e-02
9.409292787313461304e-02
9.405866265296936035e-02
9.402334690093994141e-02
9.398698806762695312e-02
9.394961595535278320e-02
9.391125291585922241e-02
9.387191385030746460e-02
9.383162856101989746e-02
9.379041939973831177e-02
9.374831616878509521e-02
9.370533376932144165e-02
9.366149455308914185e-02
9.361682832241058350e-02
9.357134997844696045e-02
9.352509677410125732e-02
9.347808361053466797e-02
9.343034029006958008e-02
9.338188916444778442e-02
9.333274513483047485e-02
9.328295290470123291e-02
9.323251992464065552e-02
9.318148344755172729e-02
9.312987327575683594e-02
9.307769685983657837e-02
9.302499145269393921e-02
9.297178685665130615e-02
9.291810542345046997e-02
9.286396205425262451e-02
9.280940145254135132e-02
9.275444597005844116e-02
9.269911795854568481e-02
9.264344722032546997e-02
9.258745610713958740e-02
9.253118932247161865e-02
9.247464686632156372e-02
9.241786599159240723e-02
9.236089140176773071e-02
9.230372309684753418e-02
9.224641323089599609e-02
9.218897670507431030e-02
9.213144332170486450e-02
9.207383543252944946e-02
9.201618283987045288e-02
9.195852279663085938e-02
9.190087020397186279e-02
9.184326231479644775e-02
9.178571403026580811e-02
9.172825515270233154e-02
9.167092293500900269e-02
9.161372482776641846e-02
9.155670553445816040e-02
9.149987995624542236e-02
9.144327789545059204e-02
9.138692170381546021e-02
9.133084118366241455e-02
9.127505123615264893e-02
9.121958911418914795e-02
9.116446971893310547e-02
9.110971540212631226e-02
9.105536341667175293e-02
9.100141376256942749e-02
9.094790369272232056e-02
9.089485555887222290e-02
9.084228426218032837e-02
9.079021215438842773e-02
9.073866158723831177e-02
9.068764746189117432e-02
9.063719958066940308e-02
9.058733284473419189e-02
9.053806215524673462e-02
9.048940986394882202e-02
9.044138342142105103e-02
9.039401262998580933e-02
9.034730494022369385e-02
9.030128270387649536e-02
9.025596082210540771e-02
9.021135419607162476e-02
9.016747027635574341e-02
9.012433141469955444e-02
9.008195251226425171e-02
9.004034101963043213e-02
8.999951183795928955e-02
8.995947986841201782e-02
8.992025256156921387e-02
8.988184481859207153e-02
8.984426409006118774e-02
8.980752527713775635e-02
8.977163583040237427e-02
8.973660320043563843e-02
8.970244228839874268e-02
8.966916799545288086e-02
8.963677287101745605e-02
8.960527181625366211e-02
8.957467973232269287e-02
8.954499661922454834e-02
8.951622992753982544e-02
8.948839455842971802e-02
8.946148306131362915e-02
8.943551033735275269e-02
8.941048383712768555e-02
8.938641101121902466e-02
8.936327695846557617e-02
8.934111148118972778e-02
8.931990712881088257e-02
8.929966390132904053e-02
8.928039669990539551e-02
8.926209062337875366e-02
8.924476802349090576e-02
8.922842144966125488e-02
8.921305090188980103e-02
8.919865638017654419e-02
8.918524533510208130e-02
8.917281776666641235e-02
8.916137367486953735e-02
8.915090560913085938e-02
8.914142102003097534e-02
8.913291245698928833e-02
8.912537246942520142e-02
8.911881595849990845e-02
8.911322802305221558e-02
8.910861611366271973e-02
8.910495787858963013e-02
8.910225331783294678e-02
8.910051733255386353e-02
8.909972757101058960e-02
8.909987658262252808e-02
8.910095691680908203e-02
8.910297602415084839e-02
8.910591155290603638e-02
8.910976350307464600e-02
8.911451697349548340e-02
8.912017196416854858e-02
8.912670612335205078e-02
8.913411945104598999e-02
8.914238959550857544e-02
8.915151655673980713e-02
8.916148543357849121e-02
8.917228132486343384e-02
8.918388932943344116e-02
8.919630199670791626e-02
8.920949697494506836e-02
8.922347426414489746e-02
8.923820406198501587e-02
8.925367891788482666e-02
8.926987648010253906e-02
8.928678929805755615e-02
8.930439502000808716e-02
8.932267129421234131e-02
8.934161067008972168e-02
8.936119824647903442e-02
8.938140422105789185e-02
8.940221369266510010e-02
8.942361176013946533e-02
8.944557607173919678e-02
8.946809172630310059e-02
8.949113637208938599e-02
8.951468020677566528e-02
8.953873068094253540e-02
8.956323564052581787e-02
8.958818763494491577e-02
8.961357921361923218e-02
8.963936567306518555e-02
8.966555446386337280e-02
8.969210088253021240e-02
8.971899002790451050e-02
8.974620699882507324e-02
8.977372199296951294e-02
8.980152755975723267e-02
8.982958644628524780e-02
8.985789120197296143e-02
8.988640457391738892e-02
8.991512656211853027e-02
8.994401991367340088e-02
8.997306972742080688e-02
9.000224620103836060e-02
9.003154188394546509e-02
9.006092697381973267e-02
9.009037911891937256e-02
9.011988341808319092e-02
9.014941006898880005e-02
9.017895162105560303e-02
9.020847827196121216e-02
9.023796766996383667e-02
9.026739001274108887e-02
9.029674530029296875e-02
9.032600373029708862e-02
9.035515040159225464e-02
9.038414806127548218e-02
9.041298925876617432e-02
9.044164419174194336e-02
9.047010540962219238e-02
9.049834311008453369e-02
9.052633494138717651e-02
9.055406600236892700e-02
9.058152139186859131e-02
9.060866385698318481e-02
9.063549339771270752e-02
9.066197276115417480e-02
9.068808704614639282e-02
9.071382135152816772e-02
9.073915332555770874e-02
9.076406061649322510e-02
9.078852832317352295e-02
9.081252664327621460e-02
9.083604812622070312e-02
9.085907042026519775e-02
9.088156372308731079e-02
9.090352803468704224e-02
9.092492610216140747e-02
9.094575047492980957e-02
9.096597880125045776e-02
9.098559617996215820e-02
9.100457280874252319e-02
9.102290123701095581e-02
9.104055911302566528e-02
9.105752408504486084e-02
9.107379615306854248e-02
9.108934551477432251e-02
9.110414981842041016e-02
9.111820161342620850e-02
9.113147854804992676e-02
9.114397317171096802e-02
9.115566313266754150e-02
9.116653352975845337e-02
9.117656946182250977e-02
9.118575602769851685e-02
9.119408577680587769e-02
9.120152145624160767e-02
9.120807796716690063e-02
9.121373295783996582e-02
9.121846407651901245e-02
9.122227132320404053e-02
9.122512489557266235e-02
9.122703224420547485e-02
9.122797846794128418e-02
9.122794866561889648e-02
9.122692793607711792e-02
9.122491627931594849e-02
9.122189879417419434e-02
9.121786803007125854e-02
9.121281653642654419e-02
9.120672941207885742e-02
9.119960665702819824e-02
9.119144082069396973e-02
9.118221700191497803e-02
9.117194265127182007e-02
9.116061031818389893e-02
9.114819765090942383e-02
9.113471955060958862e-02
9.112016111612319946e-02
9.110452979803085327e-02
9.108780324459075928e-02
9.106999635696411133e-02
9.105109423398971558e-02
9.103110432624816895e-02
9.101001918315887451e-02
9.098783880472183228e-02
9.096456319093704224e-02
9.094019234180450439e-02
9.091472625732421875e-02
9.088816493749618530e-02
9.086050838232040405e-02
9.083175659179687500e-02
9.080191701650619507e-02
9.077098965644836426e-02
9.073897451162338257e-02
9.070586413145065308e-02
9.067168086767196655e-02
9.063641726970672607e-02
9.060008078813552856e-02
9.056266397237777710e-02
9.052419662475585938e-02
9.048465639352798462e-02
9.044406563043594360e-02
9.040240943431854248e-02
9.035971760749816895e-02
9.031598269939422607e-02
9.027121961116790771e-02
9.022542089223861694e-02
9.017860889434814453e-02
9.013077616691589355e-02
9.008193761110305786e-02
9.003210812807083130e-02
8.998128026723861694e-02
8.992946892976760864e-02
8.987669646739959717e-02
8.982294797897338867e-02
8.976823836565017700e-02
8.971258997917175293e-02
8.965601027011871338e-02
8.959849923849105835e-02
8.954007178544998169e-02
8.948073536157608032e-02
8.942051231861114502e-02
8.935940265655517578e-02
8.929742127656936646e-02
8.923457562923431396e-02
8.917088806629180908e-02
8.910635858774185181e-02
8.904101699590682983e-02
8.897485584020614624e-02
8.890790492296218872e-02
8.884017169475555420e-02
8.877166360616683960e-02
8.870240300893783569e-02
8.863239735364913940e-02
8.856167644262313843e-02
8.849023282527923584e-02
8.841810375452041626e-02
8.834528923034667969e-02
8.827180415391921997e-02
8.819767832756042480e-02
8.812291175127029419e-02
8.804753422737121582e-02
8.797156065702438354e-02
8.789499104022979736e-02
8.781787008047103882e-02
8.774019032716751099e-02
8.766197413206100464e-02
8.758325129747390747e-02
8.750402927398681641e-02
8.742433041334152222e-02
8.734416216611862183e-02
8.726356178522109985e-02
8.718252927064895630e-02
8.710108697414398193e-02
8.701925724744796753e-02
8.693705499172210693e-02
8.685450255870819092e-02
8.677162230014801025e-02
8.668842166662216187e-02
8.660492300987243652e-02
8.652114868164062500e-02
8.643711358308792114e-02
8.635284006595611572e-02
8.626833558082580566e-02
8.618362993001937866e-02
8.609873801469802856e-02
8.601368218660354614e-02
8.592847734689712524e-02
8.584313839673995972e-02
8.575768768787384033e-02
8.567214012145996094e-02
8.558651804924011230e-02
8.550083637237548828e-02
8.541511744260787964e-02
8.532936871051788330e-02
8.524361252784729004e-02
8.515787869691848755e-02
8.507215976715087891e-02
8.498649299144744873e-02
8.490089327096939087e-02
8.481536805629730225e-02
8.472993969917297363e-02
8.464462310075759888e-02
8.455943316221237183e-02
8.447439223527908325e-02
8.438950777053833008e-02
8.430480211973190308e-02
8.422029018402099609e-02
8.413597941398620605e-02
8.405189216136932373e-02
8.396804332733154297e-02
8.388444781303405762e-02
8.380112051963806152e-02
8.371806889772415161e-02
8.363530784845352173e-02
8.355286717414855957e-02
8.347074687480926514e-02
8.338895440101623535e-02
8.330751210451126099e-02
8.322644233703613281e-02
8.314573764801025391e-02
8.306542783975601196e-02
8.298551291227340698e-02
8.290600776672363281e-02
8.282692730426788330e-02
8.274828642606735229e-02
8.267009258270263672e-02
8.259235322475433350e-02
8.251509070396423340e-02
8.243830502033233643e-02
8.236201107501983643e-02
8.228622376918792725e-02
8.221094310283660889e-02
8.213618397712707520e-02
8.206195384263992310e-02
8.198826760053634644e-02
8.191513270139694214e-02
8.184254914522171021e-02
8.177053928375244141e-02
8.169910311698913574e-02
8.162824809551239014e-02
8.155798166990280151e-02
8.148831874132156372e-02
8.141925185918807983e-02
8.135081082582473755e-02
8.128298074007034302e-02
8.121578395366668701e-02
8.114921301603317261e-02
8.108327537775039673e-02
8.101798593997955322e-02
8.095334470272064209e-02
8.088935166597366333e-02
8.082602173089981079e-02
8.076334744691848755e-02
8.070134371519088745e-02
8.064000308513641357e-02
8.057933300733566284e-02
8.051934838294982910e-02
8.046003431081771851e-02
8.040139079093933105e-02
8.034344017505645752e-02
8.028617501258850098e-02
8.022958785295486450e-02
8.017368614673614502e-02
8.011846989393234253e-02
8.006393909454345703e-02
8.001010119915008545e-02
7.995693385601043701e-02
7.990445941686630249e-02
7.985267043113708496e-02
7.980155944824218750e-02
7.975112646818161011e-02
7.970137149095535278e-02
7.965229451656341553e-02
7.960388064384460449e-02
7.955614477396011353e-02
7.950907200574874878e-02
7.946265488862991333e-02
7.941689342260360718e-02
7.937179505825042725e-02
7.932733744382858276e-02
7.928352057933807373e-02
7.924034446477890015e-02
7.919779419898986816e-02
7.915587723255157471e-02
7.911457121372222900e-02
7.907387614250183105e-02
7.903379201889038086e-02
7.899430394172668457e-02
7.895540446043014526e-02
7.891709357500076294e-02
7.887934893369674683e-02
7.884217798709869385e-02
7.880556583404541016e-02
7.876949757337570190e-02
7.873397320508956909e-02
7.869898527860641479e-02
7.866451144218444824e-02
7.863055914640426636e-02
7.859709858894348145e-02
7.856414467096328735e-02
7.853166759014129639e-02
7.849966734647750854e-02
7.846812158823013306e-02
7.843703776597976685e-02
7.840639352798461914e-02
7.837618142366409302e-02
7.834639400243759155e-02
7.831700146198272705e-02
7.828802615404129028e-02
7.825942337512969971e-02
7.823120057582855225e-02
7.820334285497665405e-02
7.817583531141281128e-02
7.814867794513702393e-02
7.812184095382690430e-02
7.809532433748245239e-02
7.806911319494247437e-02
7.804320007562637329e-02
7.801756262779235840e-02
7.799220830202102661e-02
7.796709984540939331e-02
7.794223725795745850e-02
7.791761308908462524e-02
7.789319753646850586e-02
7.786900550127029419e-02
7.784500718116760254e-02
7.782118767499923706e-02
7.779754698276519775e-02
7.777405530214309692e-02
7.775071263313293457e-02
7.772751152515411377e-02
7.770442962646484375e-02
7.768145203590393066e-02
7.765857130289077759e-02
7.763577252626419067e-02
7.761304825544357300e-02
7.759037613868713379e-02
7.756775617599487305e-02
7.754516601562500000e-02
7.752259075641632080e-02
7.750002294778823853e-02
7.747744768857955933e-02
7.745485752820968628e-02
7.743223011493682861e-02
7.740955799818038940e-02
7.738683372735977173e-02
7.736403495073318481e-02
7.734114676713943481e-02
7.731816172599792480e-02
7.729507982730865479e-02
7.727186381816864014e-02
7.724851369857788086e-02
7.722501456737518311e-02
7.720135152339935303e-02
7.717752456665039062e-02
7.715350389480590820e-02
7.712928205728530884e-02
7.710485160350799561e-02
7.708019018173217773e-02
7.705530524253845215e-02
7.703016698360443115e-02
7.700476050376892090e-02
7.697908580303192139e-02
7.695312798023223877e-02
7.692687213420867920e-02
7.690030336380004883e-02
7.687342166900634766e-02
7.684620469808578491e-02
7.681864500045776367e-02
7.679073512554168701e-02
7.676246017217636108e-02
7.673380523920059204e-02
7.670477032661437988e-02
7.667533308267593384e-02
7.664549350738525391e-02
7.661523669958114624e-02
7.658456265926361084e-02
7.655344158411026001e-02
7.652188837528228760e-02
7.648987323045730591e-02
7.645740360021591187e-02
7.642445713281631470e-02
7.639104127883911133e-02
7.635713368654251099e-02
7.632274180650711060e-02
7.628783583641052246e-02
7.625243067741394043e-02
7.621651142835617065e-02
7.618007808923721313e-02
7.614310830831527710e-02
7.610560953617095947e-02
7.606757432222366333e-02
7.602899521589279175e-02
7.598986476659774780e-02
7.595018297433853149e-02
7.590994983911514282e-02
7.586914300918579102e-02
7.582776993513107300e-02
7.578583061695098877e-02
7.574332505464553833e-02
7.570023834705352783e-02
7.565657049417495728e-02
7.561232149600982666e-02
7.556749135255813599e-02
7.552206516265869141e-02
7.547605037689208984e-02
7.542944699525833130e-02
7.538224756717681885e-02
7.533445954322814941e-02
7.528606802225112915e-02
7.523708045482635498e-02
7.518750429153442383e-02
7.513731718063354492e-02
7.508653402328491211e-02
7.503515481948852539e-02
7.498316466808319092e-02
7.493058592081069946e-02
7.487740367650985718e-02
7.482361793518066406e-02
7.476923614740371704e-02
7.471425086259841919e-02
7.465866953134536743e-02
7.460249215364456177e-02
7.454571127891540527e-02
7.448834925889968872e-02
7.443038374185562134e-02
7.437182217836380005e-02
7.431267201900482178e-02
7.425293326377868652e-02
7.419260591268539429e-02
7.413169741630554199e-02
7.407020777463912964e-02
7.400812953710556030e-02
7.394547760486602783e-02
7.388224452733993530e-02
7.381844520568847656e-02
7.375407963991165161e-02
7.368914783000946045e-02
7.362365722656250000e-02
7.355760037899017334e-02
7.349099963903427124e-02
7.342384755611419678e-02
7.335614413022994995e-02
7.328790426254272461e-02
7.321913540363311768e-02
7.314983010292053223e-02
7.308000326156616211e-02
7.300965487957000732e-02
7.293879240751266479e-02
7.286743074655532837e-02
7.279556989669799805e-02
7.272320240736007690e-02
7.265035808086395264e-02
7.257703691720962524e-02
7.250323891639709473e-02
7.242897152900695801e-02
7.235425710678100586e-02
7.227909564971923828e-02
7.220348715782165527e-02
7.212744653224945068e-02
7.205098122358322144e-02
7.197411358356475830e-02
7.189682871103286743e-02
7.181915640830993652e-02
7.174108922481536865e-02
7.166264951229095459e-02
7.158384472131729126e-02
7.150468230247497559e-02
7.142517715692520142e-02
7.134532928466796875e-02
7.126515358686447144e-02
7.118467241525650024e-02
7.110387086868286133e-02
7.102278620004653931e-02
7.094141840934753418e-02
7.085976749658584595e-02
7.077785581350326538e-02
7.069569826126098633e-02
7.061328738927841187e-02
7.053066045045852661e-02
7.044780254364013672e-02
7.036474347114562988e-02
7.028148323297500610e-02
7.019802927970886230e-02
7.011440396308898926e-02
7.003060728311538696e-02
6.994665414094924927e-02
6.986255943775177002e-02
6.977832317352294922e-02
6.969396024942398071e-02
6.960948556661605835e-02
6.952489912509918213e-02
6.944023072719573975e-02
6.935546547174453735e-02
6.927062571048736572e-02
6.918571889400482178e-02
6.910075247287750244e-02
6.901574134826660156e-02
6.893069297075271606e-02
6.884562224149703979e-02
6.876052170991897583e-02
6.867540627717971802e-02
6.859029084444046021e-02
6.850519031286239624e-02
6.842009723186492920e-02
6.833503395318984985e-02
6.825000047683715820e-02
6.816500425338745117e-02
6.808006018400192261e-02
6.799517571926116943e-02
6.791035830974578857e-02
6.782562285661697388e-02
6.774096190929412842e-02
6.765639781951904297e-02
6.757192313671112061e-02
6.748756766319274902e-02
6.740332394838333130e-02
6.731920689344406128e-02
6.723521649837493896e-02
6.715137511491775513e-02
6.706768274307250977e-02
6.698414683341979980e-02
6.690078228712081909e-02
6.681758165359497070e-02
6.673456728458404541e-02
6.665174663066864014e-02
6.656911969184875488e-02
6.648670881986618042e-02
6.640450656414031982e-02
6.632253527641296387e-02
6.624078750610351562e-02
6.615927815437316895e-02
6.607802212238311768e-02
6.599702686071395874e-02
6.591628491878509521e-02
6.583581864833831787e-02
6.575563549995422363e-02
6.567573547363281250e-02
6.559612601995468140e-02
6.551682949066162109e-02
6.543783843517303467e-02
6.535916775465011597e-02
6.528080999851226807e-02
6.520279496908187866e-02
6.512511521577835083e-02
6.504777818918228149e-02
6.497079133987426758e-02
6.489416211843490601e-02
6.481789052486419678e-02
6.474199146032333374e-02
6.466647237539291382e-02
6.459132581949234009e-02
6.451656669378280640e-02
6.444219499826431274e-02
6.436821073293685913e-02
6.429462879896163940e-02
6.422145664691925049e-02
6.414867937564849854e-02
6.407631188631057739e-02
6.400435417890548706e-02
6.393281370401382446e-02
6.386168301105499268e-02
6.379097700119018555e-02
6.372068822383880615e-02
6.365082412958145142e-02
6.358138471841812134e-02
6.351236253976821899e-02
6.344377249479293823e-02
6.337559968233108521e-02
6.330785155296325684e-02
6.324054300785064697e-02
6.317364424467086792e-02
6.310717761516571045e-02
6.304113566875457764e-02
6.297551840543746948e-02
6.291031092405319214e-02
6.284553557634353638e-02
6.278117746114730835e-02
6.271723657846450806e-02
6.265371292829513550e-02
6.259059906005859375e-02
6.252790242433547974e-02
6.246560439467430115e-02
6.240372359752655029e-02
6.234224513173103333e-02
6.228117272257804871e-02
6.222049519419670105e-02
6.216021999716758728e-02
6.210033223032951355e-02
6.204084679484367371e-02
6.198174133896827698e-02
6.192303448915481567e-02
6.186470389366149902e-02
6.180675700306892395e-02
6.174919381737709045e-02
6.169200316071510315e-02
6.163518503308296204e-02
6.157874315977096558e-02
6.152266636490821838e-02
6.146695464849472046e-02
6.141160801053047180e-02
6.135661900043487549e-02
6.130199134349822998e-02
6.124771386384963989e-02
6.119379028677940369e-02
6.114021316170692444e-02
6.108698621392250061e-02
6.103410199284553528e-02
6.098155677318572998e-02
6.092934682965278625e-02
6.087746843695640564e-02
6.082592159509658813e-02
6.077470630407333374e-02
6.072380766272544861e-02
6.067323312163352966e-02
6.062297150492668152e-02
6.057302653789520264e-02
6.052338704466819763e-02
6.047404557466506958e-02
6.042501330375671387e-02
6.037627160549163818e-02
6.032782047986984253e-02
6.027965247631072998e-02
6.023176386952400208e-02
6.018415093421936035e-02
6.013681367039680481e-02
6.008973717689514160e-02
6.004291400313377380e-02
5.999634042382240295e-02
5.995002016425132751e-02
5.990393459796905518e-02
5.985808372497558594e-02
5.981245636940002441e-02
5.976704135537147522e-02
5.972184985876083374e-02
5.967685207724571228e-02
5.963205173611640930e-02
5.958743765950202942e-02
5.954301357269287109e-02
5.949874967336654663e-02
5.945465713739395142e-02
5.941072478890419006e-02
5.936693400144577026e-02
5.932328104972839355e-02
5.927976220846176147e-02
5.923636257648468018e-02
5.919308215379714966e-02
5.914990231394767761e-02
5.910682305693626404e-02
5.906383320689201355e-02
5.902091786265373230e-02
5.897808074951171875e-02
5.893530324101448059e-02
5.889258161187171936e-02
5.884990468621253967e-02
5.880727618932723999e-02
5.876466631889343262e-02
5.872209370136260986e-02
5.867952480912208557e-02
5.863696709275245667e-02
5.859440937638282776e-02
5.855184793472290039e-02
5.850927904248237610e-02
5.846668407320976257e-02
5.842405930161476135e-02
5.838140845298767090e-02
5.833871290087699890e-02
5.829598009586334229e-02
5.825319141149520874e-02
5.821034684777259827e-02
5.816744267940521240e-02
5.812447145581245422e-02
5.808142945170402527e-02
5.803830921649932861e-02
5.799511075019836426e-02
5.795182287693023682e-02
5.790844932198524475e-02
5.786497890949249268e-02
5.782141163945198059e-02
5.777774006128311157e-02
5.773396044969558716e-02
5.769007652997970581e-02
5.764607340097427368e-02
5.760195478796958923e-02
5.755772069096565247e-02
5.751335620880126953e-02
5.746886879205703735e-02
5.742425471544265747e-02
5.737949907779693604e-02
5.733460932970046997e-02
5.728957056999206543e-02
5.724439769983291626e-02
5.719907209277153015e-02
5.715359374880790710e-02
5.710795894265174866e-02
5.706216767430305481e-02
5.701621994376182556e-02
5.697010084986686707e-02
5.692381039261817932e-02
5.687734484672546387e-02
5.683070421218872070e-02
5.678388848900794983e-02
5.673687532544136047e-02
5.668967962265014648e-02
5.664229020476341248e-02
5.659470334649085999e-02
5.654691159725189209e-02
5.649891495704650879e-02
5.645070597529411316e-02
5.640229210257530212e-02
5.635364726185798645e-02
5.630478262901306152e-02
5.625569447875022888e-02
5.620637163519859314e-02
5.615681409835815430e-02
5.610702186822891235e-02
5.605698004364967346e-02
5.600669607520103455e-02
5.595615506172180176e-02
5.590536817908287048e-02
5.585432052612304688e-02
5.580301582813262939e-02
5.575143918395042419e-02
5.569960549473762512e-02
5.564749240875244141e-02
5.559511855244636536e-02
5.554246529936790466e-02
5.548953637480735779e-02
5.543633550405502319e-02
5.538285151124000549e-02
5.532909184694290161e-02
5.527504906058311462e-02
5.522072687745094299e-02
5.516612157225608826e-02
5.511124059557914734e-02
5.505607277154922485e-02
5.500062927603721619e-02
5.494490638375282288e-02
5.488890409469604492e-02
5.483262613415718079e-02
5.477607995271682739e-02
5.471925437450408936e-02
5.466216430068016052e-02
5.460480228066444397e-02
5.454717576503753662e-02
5.448928847908973694e-02
5.443114042282104492e-02
5.437273532152175903e-02
5.431408435106277466e-02
5.425518006086349487e-02
5.419603362679481506e-02
5.413665249943733215e-02
5.407702550292015076e-02
5.401717126369476318e-02
5.395708605647087097e-02
5.389678478240966797e-02
5.383625626564025879e-02
5.377551540732383728e-02
5.371456220746040344e-02
5.365340411663055420e-02
5.359204858541488647e-02
5.353048816323280334e-02
5.346874147653579712e-02
5.340679734945297241e-02
5.334467068314552307e-02
5.328236520290374756e-02
5.321988090872764587e-02
5.315722525119781494e-02
5.309439450502395630e-02
5.303139984607696533e-02
5.296824127435684204e-02
5.290492251515388489e-02
5.284144729375839233e-02
5.277781933546066284e-02
5.271403864026069641e-02
5.265010893344879150e-02
5.258603394031524658e-02
5.252181738615036011e-02
5.245745554566383362e-02
5.239295959472656250e-02
5.232832580804824829e-02
5.226356163620948792e-02
5.219866335391998291e-02
5.213363468647003174e-02
5.206847935914993286e-02
5.200320109724998474e-02
5.193779617547988892e-02
5.187227204442024231e-02
5.180662497878074646e-02
5.174086615443229675e-02
5.167499184608459473e-02
5.160900577902793884e-02
5.154291167855262756e-02
5.147670581936836243e-02
5.141040310263633728e-02
5.134399235248565674e-02
5.127748474478721619e-02
5.121088400483131409e-02
5.114419385790824890e-02
5.107741057872772217e-02
5.101054906845092773e-02
5.094360187649726868e-02
5.087658017873764038e-02
5.080948397517204285e-02
5.074232816696166992e-02
5.067510530352592468e-02
5.060782656073570251e-02
5.054049566388130188e-02
5.047311633825302124e-02
5.040569603443145752e-02
5.033824220299720764e-02
5.027076229453086853e-02
5.020325630903244019e-02
5.013573542237281799e-02
5.006820335984230042e-02
5.000066757202148438e-02
4.993313550949096680e-02
4.986561462283134460e-02
4.979810863733291626e-02
4.973062872886657715e-02
4.966317862272262573e-02
4.959576576948165894e-02
4.952840134501457214e-02
4.946108534932136536e-02
4.939382895827293396e-02
4.932663962244987488e-02
4.925952106714248657e-02
4.919248074293136597e-02
4.912552610039710999e-02
4.905866459012031555e-02
4.899189993739128113e-02
4.892523586750030518e-02
4.885868355631828308e-02
4.879224672913551331e-02
4.872593283653259277e-02
4.865974187850952148e-02
4.859368130564689636e-02
4.852775484323501587e-02
4.846196994185447693e-02
4.839632660150527954e-02
4.833082854747772217e-02
4.826548323035240173e-02
4.820029065012931824e-02
4.813525080680847168e-02
4.807037487626075745e-02
4.800565540790557861e-02
4.794109985232353210e-02
4.787670820951461792e-02
4.781248420476913452e-02
4.774842411279678345e-02
4.768453538417816162e-02
4.762081801891326904e-02
4.755727201700210571e-02
4.749388992786407471e-02
4.743068292737007141e-02
4.736764729022979736e-02
4.730477929115295410e-02
4.724208638072013855e-02
4.717956483364105225e-02
4.711720719933509827e-02
4.705502465367317200e-02
4.699301719665527344e-02
4.693117365241050720e-02
4.686950519680976868e-02
4.680800437927246094e-02
4.674667492508888245e-02
4.668551310896873474e-02
4.662452265620231628e-02
4.656370356678962708e-02
4.650305956602096558e-02
4.644258320331573486e-02
4.638227820396423340e-02
4.632214829325675964e-02
4.626219347119331360e-02
4.620241373777389526e-02
4.614281281828880310e-02
4.608339071273803711e-02
4.602414742112159729e-02
4.596508294343948364e-02
4.590620845556259155e-02
4.584752023220062256e-02
4.578902199864387512e-02
4.573071375489234924e-02
4.567259922623634338e-02
4.561468586325645447e-02
4.555696994066238403e-02
4.549945890903472900e-02
4.544215276837348938e-02
4.538505524396896362e-02
4.532817378640174866e-02
4.527150467038154602e-02
4.521505534648895264e-02
4.515883326530456543e-02
4.510282725095748901e-02
4.504705592989921570e-02
4.499151185154914856e-02
4.493619874119758606e-02
4.488112777471542358e-02
4.482628777623176575e-02
4.477168992161750793e-02
4.471733421087265015e-02
4.466322064399719238e-02
4.460935294628143311e-02
4.455573111772537231e-02
4.450235515832901001e-02
4.444922506809234619e-02
4.439634457230567932e-02
4.434370622038841248e-02
4.429131746292114258e-02
4.423917084932327271e-02
4.418727010488510132e-02
4.413561150431632996e-02
4.408418759703636169e-02
4.403300955891609192e-02
4.398206248879432678e-02
4.393135011196136475e-02
4.388086125254631042e-02
4.383059963583946228e-02
4.378056153655052185e-02
4.373073950409889221e-02
4.368112981319427490e-02
4.363173246383666992e-02
4.358253628015518188e-02
4.353353753685951233e-02
4.348473250865936279e-02
4.343611747026443481e-02
4.338768497109413147e-02
4.333942756056785583e-02
4.329134151339530945e-02
4.324342310428619385e-02
4.319566860795021057e-02
4.314806684851646423e-02
4.310061037540435791e-02
4.305330663919448853e-02
4.300614073872566223e-02
4.295910522341728210e-02
4.291220381855964661e-02
4.286542534828186035e-02
4.281876608729362488e-02
4.277222603559494019e-02
4.272579401731491089e-02
4.267947375774383545e-02
4.263325780630111694e-02
4.258714616298675537e-02
4.254112765192985535e-02
4.249520972371101379e-02
4.244938120245933533e-02
4.240364581346511841e-02
4.235800355672836304e-02
4.231245070695877075e-02
4.226697981357574463e-02
4.222160205245018005e-02
4.217630252242088318e-02
4.213109239935874939e-02
4.208596795797348022e-02
4.204092547297477722e-02
4.199597239494323730e-02
4.195110127329826355e-02
4.190631955862045288e-02
4.186162352561950684e-02
4.181700944900512695e-02
4.177248850464820862e-02
4.172805324196815491e-02
4.168370366096496582e-02
4.163945093750953674e-02
4.159528389573097229e-02
4.155120626091957092e-02
4.150722175836563110e-02
4.146333038806915283e-02
4.141952469944953918e-02
4.137581586837768555e-02
4.133219644427299500e-02
4.128866642713546753e-02
4.124522209167480469e-02
4.120187088847160339e-02
4.115860164165496826e-02
4.111541807651519775e-02
4.107232019305229187e-02
4.102930054068565369e-02
4.098635539412498474e-02
4.094348847866058350e-02
4.090068861842155457e-02
4.085795581340789795e-02
4.081529006361961365e-02
4.077268019318580627e-02
4.073012247681617737e-02
4.068761691451072693e-02
4.064514860510826111e-02
4.060272499918937683e-02
4.056033119559288025e-02
4.051796346902847290e-02
4.047561436891555786e-02
4.043328016996383667e-02
4.039095342159271240e-02
4.034862667322158813e-02
4.030629992485046387e-02
4.026395082473754883e-02
4.022159054875373840e-02
4.017920419573783875e-02
4.013678804039955139e-02
4.009432718157768250e-02
4.005182906985282898e-02
4.000927880406379700e-02
3.996667265892028809e-02
3.992400690913200378e-02
3.988127410411834717e-02
3.983846679329872131e-02
3.979558870196342468e-02
3.975262865424156189e-02
3.970958292484283447e-02
3.966645151376724243e-02
3.962323069572448730e-02
3.957991674542427063e-02
3.953650593757629395e-02
3.949300199747085571e-02
3.944939747452735901e-02
3.940569236874580383e-02
3.936188668012619019e-02
3.931798413395881653e-02
3.927398473024368286e-02
3.922988101840019226e-02
3.918568789958953857e-02
3.914139047265052795e-02
3.909700363874435425e-02
3.905252739787101746e-02
3.900795429944992065e-02
3.896329924464225769e-02
3.891856223344802856e-02
3.887374326586723328e-02
3.882884979248046875e-02
3.878387808799743652e-02
3.873883932828903198e-02
3.869373351335525513e-02
3.864856436848640442e-02
3.860333561897277832e-02
3.855805471539497375e-02
3.851271793246269226e-02
3.846733644604682922e-02
3.842190653085708618e-02
3.837643191218376160e-02
3.833092376589775085e-02
3.828537464141845703e-02
3.823979198932647705e-02
3.819417208433151245e-02
3.814852610230445862e-02
3.810284286737442017e-02
3.805713728070259094e-02
3.801139816641807556e-02
3.796563297510147095e-02
3.791983425617218018e-02
3.787401318550109863e-02
3.782815486192703247e-02
3.778226673603057861e-02
3.773634135723114014e-02
3.769038245081901550e-02
3.764438256621360779e-02
3.759834542870521545e-02
3.755225986242294312e-02
3.750612586736679077e-02
3.745994344353675842e-02
3.741370514035224915e-02
3.736740350723266602e-02
3.732104226946830750e-02
3.727460652589797974e-02
3.722810372710227966e-02
3.718152269721031189e-02
3.713486343622207642e-02
3.708811476826667786e-02
3.704127669334411621e-02
3.699434921145439148e-02
3.694732114672660828e-02
3.690019249916076660e-02
3.685295954346656799e-02
3.680561482906341553e-02
3.675816580653190613e-02
3.671059757471084595e-02
3.666291758418083191e-02
3.661512210965156555e-02
3.656720742583274841e-02
3.651917725801467896e-02
3.647102415561676025e-02
3.642275556921958923e-02
3.637436777353286743e-02
3.632586449384689331e-02
3.627724200487136841e-02
3.622851148247718811e-02
3.617967292666435242e-02
3.613072633743286133e-02
3.608167544007301331e-02
3.603252768516540527e-02
3.598328679800033569e-02
3.593395650386810303e-02
3.588454052805900574e-02
3.583505377173423767e-02
3.578549250960350037e-02
3.573586419224739075e-02
3.568618372082710266e-02
3.563644737005233765e-02
3.558667004108428955e-02
3.553685545921325684e-02
3.548701480031013489e-02
3.543714806437492371e-02
3.538726642727851868e-02
3.533737733960151672e-02
3.528748825192451477e-02
3.523760661482810974e-02
3.518773615360260010e-02
3.513788804411888123e-02
3.508805856108665466e-02
3.503826633095741272e-02
3.498851135373115540e-02
3.493879735469818115e-02
3.488912805914878845e-02
3.483951464295387268e-02
3.478994965553283691e-02
3.474044427275657654e-02
3.469100221991539001e-02
3.464161977171897888e-02
3.459230437874794006e-02
3.454305231571197510e-02
3.449386730790138245e-02
3.444474935531616211e-02
3.439569473266601562e-02
3.434670343995094299e-02
3.429777920246124268e-02
3.424891456961631775e-02
3.420010581612586975e-02
3.415135666728019714e-02
3.410266339778900146e-02
3.405401855707168579e-02
3.400542214512825012e-02
3.395686671137809753e-02
3.390834853053092957e-02
3.385987132787704468e-02
3.381142020225524902e-02
3.376299887895584106e-02
3.371459618210792542e-02
3.366621211171150208e-02
3.361784666776657104e-02
3.356948494911193848e-02
3.352113440632820129e-02
3.347278758883476257e-02
3.342444077134132385e-02
3.337609395384788513e-02
3.332773596048355103e-02
3.327937796711921692e-02
3.323101252317428589e-02
3.318263217806816101e-02
3.313424810767173767e-02
3.308585286140441895e-02
3.303745016455650330e-02
3.298904001712799072e-02
3.294062241911888123e-02
3.289220109581947327e-02
3.284377977252006531e-02
3.279536589980125427e-02
3.274695575237274170e-02
3.269855305552482605e-02
3.265017271041870117e-02
3.260181099176406860e-02
3.255347907543182373e-02
3.250518068671226501e-02
3.245691955089569092e-02
3.240871429443359375e-02
3.236055746674537659e-02
3.231246396899223328e-02
3.226444497704505920e-02
3.221650049090385437e-02
3.216864168643951416e-02
3.212087973952293396e-02
3.207321465015411377e-02
3.202566504478454590e-02
3.197823092341423035e-02
3.193091973662376404e-02
3.188373893499374390e-02
3.183669596910476685e-02
3.178980574011802673e-02
3.174306079745292664e-02
3.169647231698036194e-02
3.165004774928092957e-02
3.160378709435462952e-02
3.155769780278205872e-02
3.151178359985351562e-02
3.146604821085929871e-02
3.142048791050910950e-02
3.137511014938354492e-02
3.132991120219230652e-02
3.128489851951599121e-02
3.124005906283855438e-02
3.119540400803089142e-02
3.115092776715755463e-02
3.110662475228309631e-02
3.106249682605266571e-02
3.101853467524051666e-02
3.097474202513694763e-02
3.093110583722591400e-02
3.088762424886226654e-02
3.084429353475570679e-02
3.080110438168048859e-02
3.075805306434631348e-02
3.071513213217258453e-02
3.067233785986900330e-02
3.062965720891952515e-02
3.058708645403385162e-02
3.054462000727653503e-02
3.050225041806697845e-02
3.045996837317943573e-02
3.041777014732360840e-02
3.037564456462860107e-02
3.033359162509441376e-02
3.029160201549530029e-02
3.024966828525066376e-02
3.020778857171535492e-02
3.016595914959907532e-02
3.012417070567607880e-02
3.008242323994636536e-02
3.004071488976478577e-02
2.999904192984104156e-02
2.995739877223968506e-02
2.991578914225101471e-02
2.987421117722988129e-02
2.983266487717628479e-02
2.979115210473537445e-02
2.974967099726200104e-02
2.970822528004646301e-02
2.966682054102420807e-02
2.962545864284038544e-02
2.958413772284984589e-02
2.954287268221378326e-02
2.950166352093219757e-02
2.946051396429538727e-02
2.941942960023880005e-02
2.937841974198818207e-02
2.933748997747898102e-02
2.929664589464664459e-02
2.925589494407176971e-02
2.921524643898010254e-02
2.917470410466194153e-02
2.913427911698818207e-02
2.909397147595882416e-02
2.905379608273506165e-02
2.901375666260719299e-02
2.897385694086551666e-02
2.893410809338092804e-02
2.889451012015342712e-02
2.885507233440876007e-02
2.881579846143722534e-02
2.877669408917427063e-02
2.873776108026504517e-02
2.869900315999984741e-02
2.866042219102382660e-02
2.862202003598213196e-02
2.858379669487476349e-02
2.854575589299201965e-02
2.850789204239845276e-02
2.847020886838436127e-02
2.843270078301429749e-02
2.839536406099796295e-02
2.835819870233535767e-02
2.832119725644588470e-02
2.828435972332954407e-02
2.824767306447029114e-02
2.821113727986812592e-02
2.817474305629730225e-02
2.813848108053207397e-02
2.810234576463699341e-02
2.806632593274116516e-02
2.803041972219944000e-02
2.799460664391517639e-02
2.795889042317867279e-02
2.792325429618358612e-02
2.788768708705902100e-02
2.785218507051467896e-02
2.781673148274421692e-02
2.778132259845733643e-02
2.774594724178314209e-02
2.771059796214103699e-02
2.767526172101497650e-02
2.763993851840496063e-02
2.760460972785949707e-02
2.756927348673343658e-02
2.753392420709133148e-02
2.749855257570743561e-02
2.746316045522689819e-02
2.742773108184337616e-02
2.739227004349231720e-02
2.735676802694797516e-02
2.732122689485549927e-02
2.728564292192459106e-02
2.725001238286495209e-02
2.721434272825717926e-02
2.717862464487552643e-02
2.714286930859088898e-02
2.710707299411296844e-02
2.707123942673206329e-02
2.703537419438362122e-02
2.699947729706764221e-02
2.696356177330017090e-02
2.692762389779090881e-02
2.689167670905590057e-02
2.685572393238544464e-02
2.681977301836013794e-02
2.678382955491542816e-02
2.674790285527706146e-02
2.671200409531593323e-02
2.667613141238689423e-02
2.664030343294143677e-02
2.660452388226985931e-02
2.656880021095275879e-02
2.653313986957073212e-02
2.649755030870437622e-02
2.646203711628913879e-02
2.642661333084106445e-02
2.639127708971500397e-02
2.635603770613670349e-02
2.632090263068675995e-02
2.628587186336517334e-02
2.625095285475254059e-02
2.621614374220371246e-02
2.618145197629928589e-02
2.614687941968441010e-02
2.611242234706878662e-02
2.607808075845241547e-02
2.604385837912559509e-02
2.600975148379802704e-02
2.597575448453426361e-02
2.594186551868915558e-02
2.590807899832725525e-02
2.587439306080341339e-02
2.584080025553703308e-02
2.580729313194751740e-02
2.577386610209941864e-02
2.574050985276699066e-02
2.570721693336963654e-02
2.567397616803646088e-02
2.564078010618686676e-02
2.560761943459510803e-02
2.557448484003543854e-02
2.554136328399181366e-02
2.550824731588363647e-02
2.547512575984001160e-02
2.544198743999004364e-02
2.540882490575313568e-02
2.537562698125839233e-02
2.534238062798976898e-02
2.530908212065696716e-02
2.527571842074394226e-02
2.524228394031524658e-02
2.520877122879028320e-02
2.517517283558845520e-02
2.514147944748401642e-02
2.510769106447696686e-02
2.507379651069641113e-02
2.503979764878749847e-02
2.500568889081478119e-02
2.497146651148796082e-02
2.493713237345218658e-02
2.490268647670745850e-02
2.486812695860862732e-02
2.483345568180084229e-02
2.479867823421955109e-02
2.476379647850990295e-02
2.472881227731704712e-02
2.469373308122158051e-02
2.465856447815895081e-02
2.462331578135490417e-02
2.458798885345458984e-02
2.455259859561920166e-02
2.451714687049388885e-02
2.448164485394954681e-02
2.444610372185707092e-02
2.441053278744220734e-02
2.437493950128555298e-02
2.433933690190315247e-02
2.430373430252075195e-02
2.426814287900924683e-02
2.423257194459438324e-02
2.419703267514705658e-02
2.416153252124786377e-02
2.412608265876770020e-02
2.409069053828716278e-02
2.405536547303199768e-02
2.402011491358280182e-02
2.398494631052017212e-02
2.394986711442470551e-02
2.391488105058670044e-02
2.387999370694160461e-02
2.384520880877971649e-02
2.381053008139133453e-02
2.377595938742160797e-02
2.374150045216083527e-02
2.370714955031871796e-02
2.367290854454040527e-02
2.363877370953559875e-02
2.360474504530429840e-02
2.357081882655620575e-02
2.353698760271072388e-02
2.350324764847755432e-02
2.346959523856639862e-02
2.343602105975151062e-02
2.340251952409744263e-02
2.336907759308815002e-02
2.333569526672363281e-02
2.330235578119754791e-02
2.326905354857444763e-02
2.323577553033828735e-02
2.320251427590847015e-02
2.316926047205924988e-02
2.313600108027458191e-02
2.310272492468357086e-02
2.306942455470561981e-02
2.303608879446983337e-02
2.300271019339561462e-02
2.296927571296691895e-02
2.293578162789344788e-02
2.290221489965915680e-02
2.286856807768344879e-02
2.283483743667602539e-02
2.280101552605628967e-02
2.276709675788879395e-02
2.273307926952838898e-02
2.269895561039447784e-02
2.266472578048706055e-02
2.263038791716098785e-02
2.259594015777111053e-02
2.256138809025287628e-02
2.252672612667083740e-02
2.249196171760559082e-02
2.245709858834743500e-02
2.242214046418666840e-02
0.000000000000000000e+00
0.000000000000000000e+00
0.000000000000000000e+00
0.000000000000000000e+00
0.000000000000000000e+00
0.000000000000000000e+00
0.000000000000000000e+00
0.000000000000000000e+00
0.000000000000000000e+00
0.000000000000000000e+00
0.000000000000000000e+00
0.000000000000000000e+00
0.000000000000000000e+00
0.000000000000000000e+00
0.000000000000000000e+00
0.000000000000000000e+00
0.000000000000000000e+00
0.000000000000000000e+00
0.000000000000000000e+00
0.000000000000000000e+00
0.000000000000000000e+00
0.000000000000000000e+00
0.000000000000000000e+00
0.000000000000000000e+00
0.000000000000000000e+00
0.000000000000000000e+00
0.000000000000000000e+00
0.000000000000000000e+00
0.000000000000000000e+00
0.000000000000000000e+00
0.000000000000000000e+00
0.000000000000000000e+00
0.000000000000000000e+00
0.000000000000000000e+00
0.000000000000000000e+00
0.000000000000000000e+00
0.000000000000000000e+00
0.000000000000000000e+00
0.000000000000000000e+00
0.000000000000000000e+00
0.000000000000000000e+00
0.000000000000000000e+00
0.000000000000000000e+00
0.000000000000000000e+00
0.000000000000000000e+00
0.000000000000000000e+00
0.000000000000000000e+00
0.000000000000000000e+00
0.000000000000000000e+00
0.000000000000000000e+00
0.000000000000000000e+00
0.000000000000000000e+00
0.000000000000000000e+00
0.000000000000000000e+00
0.000000000000000000e+00
0.000000000000000000e+00
0.000000000000000000e+00
0.000000000000000000e+00
0.000000000000000000e+00
0.000000000000000000e+00
0.000000000000000000e+00
0.000000000000000000e+00
0.000000000000000000e+00
0.000000000000000000e+00
0.000000000000000000e+00
0.000000000000000000e+00
0.000000000000000000e+00
0.000000000000000000e+00
0.000000000000000000e+00
0.000000000000000000e+00
0.000000000000000000e+00
0.000000000000000000e+00
0.000000000000000000e+00
0.000000000000000000e+00
0.000000000000000000e+00
0.000000000000000000e+00
0.000000000000000000e+00
0.000000000000000000e+00
0.000000000000000000e+00
0.000000000000000000e+00
0.000000000000000000e+00
0.000000000000000000e+00
0.000000000000000000e+00
0.000000000000000000e+00
0.000000000000000000e+00
0.000000000000000000e+00
0.000000000000000000e+00
0.000000000000000000e+00
0.000000000000000000e+00
0.000000000000000000e+00
0.000000000000000000e+00
0.000000000000000000e+00
0.000000000000000000e+00
0.000000000000000000e+00
0.000000000000000000e+00
0.000000000000000000e+00
0.000000000000000000e+00
0.000000000000000000e+00
0.000000000000000000e+00
0.000000000000000000e+00
