# ee
4.437902569770812988e-02
7.052347809076309204e-02
7.694561779499053955e-02
6.587548553943634033e-02
4.670583084225654602e-02
2.852311544120311737e-02
1.614544726908206940e-02
9.935985319316387177e-03
7.752486504614353180e-03
7.133439648896455765e-03
6.636008620262145996e-03
5.771464668214321136e-03
4.981002304702997208e-03
4.521416034549474716e-03
4.499695729464292526e-03
4.828415811061859131e-03
5.213856231421232224e-03
5.580236203968524933e-03
5.980304442346096039e-03
6.495682988315820694e-03
7.271961774677038193e-03
8.322275243699550629e-03
9.595179930329322815e-03
1.108465157449245453e-02
1.275840308517217636e-02
1.459788437932729721e-02
1.661374233663082123e-02
1.880521513521671295e-02
2.117589861154556274e-02
2.371883019804954529e-02
2.641711197793483734e-02
2.927295304834842682e-02
3.231169283390045166e-02
3.558374941349029541e-02
3.913596272468566895e-02
4.294307902455329895e-02
4.697764664888381958e-02
5.124734342098236084e-02
5.577419325709342957e-02
6.058014556765556335e-02
6.566672027111053467e-02
7.103015482425689697e-02
7.665183395147323608e-02
8.252352476119995117e-02
8.864207565784454346e-02
9.501127898693084717e-02
1.016436889767646790e-01
1.085296124219894409e-01
1.156518608331680298e-01
1.229882910847663879e-01
1.306231319904327393e-01
1.387024670839309692e-01
1.472163200378417969e-01
1.561398804187774658e-01
1.653270572423934937e-01
1.746668964624404907e-01
1.841650009155273438e-01
1.938566416501998901e-01
2.037920057773590088e-01
2.140628099441528320e-01
2.246592938899993896e-01
2.355463355779647827e-01
2.467409074306488037e-01
2.582227289676666260e-01
2.699279189109802246e-01
2.818554043769836426e-01
2.940422296524047852e-01
3.064437210559844971e-01
3.190968334674835205e-01
3.319874405860900879e-01
3.450895845890045166e-01
3.583707213401794434e-01
3.718205988407135010e-01
3.854512870311737061e-01
3.992647230625152588e-01
4.132527112960815430e-01
4.274415671825408936e-01
4.417758285999298096e-01
4.562595784664154053e-01
4.708423018455505371e-01
4.855455756187438965e-01
5.003439188003540039e-01
5.152339935302734375e-01
5.301904678344726562e-01
5.452254414558410645e-01
5.603088736534118652e-01
5.754558444023132324e-01
5.906516909599304199e-01
6.058593988418579102e-01
6.210718750953674316e-01
6.362745165824890137e-01
6.514601707458496094e-01
6.665921211242675781e-01
6.816707253456115723e-01
6.966813802719116211e-01
7.116096019744873047e-01
7.264482975006103516e-01
7.411606907844543457e-01
7.557471394538879395e-01
7.702673673629760742e-01
7.845732569694519043e-01
7.987393736839294434e-01
8.127661347389221191e-01
8.265796303749084473e-01
8.402544260025024414e-01
8.536423444747924805e-01
8.668180704116821289e-01
8.797075748443603516e-01
8.923114538192749023e-01
9.047041535377502441e-01
9.168112874031066895e-01
9.286328554153442383e-01
9.400944113731384277e-01
9.513444304466247559e-01
9.621598124504089355e-01
9.726148247718811035e-01
9.828579425811767578e-01
9.927405714988708496e-01
1.002113819122314453e+00
1.011274814605712891e+00
1.019926428794860840e+00
1.028142690658569336e+00
1.035997748374938965e+00
1.043417453765869141e+00
1.050475835800170898e+00
1.057024359703063965e+00
1.063211321830749512e+00
1.068888068199157715e+00
1.074054718017578125e+00
1.078859686851501465e+00
1.083154439926147461e+00
1.087013006210327148e+00
1.090435743331909180e+00
1.093348145484924316e+00
1.095750093460083008e+00
1.097716331481933594e+00
1.099172115325927734e+00
1.100266218185424805e+00
1.100775837898254395e+00
1.100775122642517090e+00
1.100338459014892578e+00
1.099465966224670410e+00
1.098083138465881348e+00
1.096338748931884766e+00
1.094009876251220703e+00
1.091319322586059570e+00
1.088118672370910645e+00
1.084482073783874512e+00
1.080484032630920410e+00
1.076049923896789551e+00
1.071105599403381348e+00
1.065799474716186523e+00
1.060131311416625977e+00
1.054100871086120605e+00
1.047708153724670410e+00
1.040952920913696289e+00
1.033909201622009277e+00
1.026428461074829102e+00
1.018659114837646484e+00
1.010674953460693359e+00
1.002327680587768555e+00
9.936910271644592285e-01
9.848393201828002930e-01
9.756979346275329590e-01
9.664155244827270508e-01
9.567686915397644043e-01
9.471288919448852539e-01
9.371987581253051758e-01
9.272008538246154785e-01
9.171351790428161621e-01
9.069269895553588867e-01
8.965763449668884277e-01
8.863798379898071289e-01
8.760402798652648926e-01
8.657804727554321289e-01
8.555258512496948242e-01
8.454996347427368164e-01
8.354046344757080078e-01
8.254637718200683594e-01
8.156771659851074219e-01
8.061190247535705566e-01
7.967151999473571777e-01
7.875400185585021973e-01
7.787421345710754395e-01
7.701802849769592285e-01
7.619957923889160156e-01
7.541736960411071777e-01
7.467511296272277832e-01
7.397801280021667480e-01
7.332829833030700684e-01
7.272818684577941895e-01
7.218213677406311035e-01
7.169311046600341797e-01
7.126482725143432617e-01
7.090098261833190918e-01
7.060603499412536621e-01
7.038220167160034180e-01
7.023317813873291016e-01
7.016194462776184082e-01
7.017444372177124023e-01
7.027156352996826172e-01
7.045941352844238281e-01
7.074038386344909668e-01
7.111909389495849609e-01
7.159941792488098145e-01
7.218374013900756836e-01
7.287743687629699707e-01
7.368288040161132812e-01
7.460543513298034668e-01
7.564823031425476074e-01
7.681438922882080078e-01
7.810853123664855957e-01
7.953004837036132812e-01
8.109843730926513672e-01
8.279524445533752441e-01
8.463624119758605957e-01
8.662157058715820312e-01
8.875138163566589355e-01
9.104068279266357422e-01
9.348219037055969238e-01
9.609090685844421387e-01
9.885954856872558594e-01
1.017882585525512695e+00
1.048920154571533203e+00
1.081709980964660645e+00
1.116253376007080078e+00
1.152551531791687012e+00
1.190680384635925293e+00
1.230641007423400879e+00
1.272509455680847168e+00
1.316212415695190430e+00
1.361974358558654785e+00
1.409647941589355469e+00
1.459308862686157227e+00
1.510958433151245117e+00
1.564672350883483887e+00
1.620526075363159180e+00
1.678372502326965332e+00
1.738287091255187988e+00
1.800419926643371582e+00
1.864623188972473145e+00
1.931047677993774414e+00
1.999619364738464355e+00
2.070414543151855469e+00
2.143434286117553711e+00
2.218605518341064453e+00
2.296301364898681641e+00
2.376002311706542969e+00
2.458155870437622070e+00
2.542466402053833008e+00
2.629158496856689453e+00
2.718011617660522461e+00
2.809325695037841797e+00
2.902805089950561523e+00
2.998823642730712891e+00
3.096938371658325195e+00
3.197522401809692383e+00
3.300429821014404297e+00
3.405662536621093750e+00
3.513149023056030273e+00
3.623113632202148438e+00
3.735336303710937500e+00
3.849893569946289062e+00
3.966713428497314453e+00
4.086020946502685547e+00
4.207446098327636719e+00
4.331364631652832031e+00
4.457479953765869141e+00
4.585868835449218750e+00
4.716460227966308594e+00
4.849552631378173828e+00
4.984554767608642578e+00
5.122062206268310547e+00
5.261558532714843750e+00
5.403268337249755859e+00
5.547194480895996094e+00
5.693264007568359375e+00
5.841405868530273438e+00
5.991622447967529297e+00
6.143990039825439453e+00
6.298213958740234375e+00
6.454519748687744141e+00
6.612835407257080078e+00
6.773163318634033203e+00
6.935358524322509766e+00
7.099421501159667969e+00
7.265355587005615234e+00
7.433089733123779297e+00
7.602477073669433594e+00
7.774263858795166016e+00
7.947337150573730469e+00
8.121328353881835938e+00
8.297727584838867188e+00
8.475049018859863281e+00
8.654784202575683594e+00
8.834704399108886719e+00
9.017042160034179688e+00
9.201057434082031250e+00
9.385266304016113281e+00
9.571157455444335938e+00
9.757986068725585938e+00
9.946494102478027344e+00
1.013667964935302734e+01
1.032705402374267578e+01
1.051835823059082031e+01
1.071059131622314453e+01
1.090523719787597656e+01
1.109932327270507812e+01
1.129358863830566406e+01
1.149026107788085938e+01
1.168636798858642578e+01
1.188339233398437500e+01
1.208133316040039062e+01
1.227870368957519531e+01
1.247698783874511719e+01
1.267469692230224609e+01
1.287405967712402344e+01
1.307284545898437500e+01
1.327179431915283203e+01
1.347165012359619141e+01
1.367018222808837891e+01
1.386887359619140625e+01
1.406846618652343750e+01
1.426524448394775391e+01
1.446366596221923828e+01
1.466149902343750000e+01
1.485799884796142578e+01
1.505465221405029297e+01
1.524997043609619141e+01
1.544469547271728516e+01
1.563956928253173828e+01
1.583310699462890625e+01
1.602604675292968750e+01
1.621690368652343750e+01
1.640716361999511719e+01
1.659682273864746094e+01
1.678439521789550781e+01
1.697211074829101562e+01
1.715774154663085938e+01
1.734127998352050781e+01
1.752495956420898438e+01
1.770580291748046875e+01
1.788530158996582031e+01
1.806270599365234375e+01
1.823950576782226562e+01
1.841346740722656250e+01
1.858533477783203125e+01
1.875585174560546875e+01
1.892352867126464844e+01
1.908985328674316406e+01
1.925407409667968750e+01
1.941544151306152344e+01
1.957469558715820312e+01
1.973182296752929688e+01
1.988682174682617188e+01
2.003894233703613281e+01
2.018743324279785156e+01
2.033377265930175781e+01
2.047795677185058594e+01
2.061923408508300781e+01
2.075759887695312500e+01
2.089378929138183594e+01
2.102556610107421875e+01
2.115515327453613281e+01
2.128180122375488281e+01
2.140401840209960938e+01
2.152402687072753906e+01
2.164107513427734375e+01
2.175441551208496094e+01
2.186404228210449219e+01
2.197068977355957031e+01
2.207360839843750000e+01
2.217354011535644531e+01
2.226972579956054688e+01
2.236291122436523438e+01
2.245159912109375000e+01
2.253652572631835938e+01
2.261843109130859375e+01
2.269730567932128906e+01
2.276942825317382812e+01
2.283999252319335938e+01
2.290602302551269531e+01
2.296751213073730469e+01
2.302667999267578125e+01
2.308129501342773438e+01
2.313134574890136719e+01
2.317757415771484375e+01
2.321774101257324219e+01
2.325704383850097656e+01
2.329101562500000000e+01
2.332262039184570312e+01
2.334888267517089844e+01
2.337128257751464844e+01
2.338906669616699219e+01
2.340297317504882812e+01
2.341299629211425781e+01
2.341838455200195312e+01
2.341987800598144531e+01
2.341746711730957031e+01
2.341040039062500000e+01
2.339867591857910156e+01
2.338377189636230469e+01
2.336419486999511719e+01
2.333993911743164062e+01
2.331248664855957031e+01
2.328034400939941406e+01
2.324424743652343750e+01
2.320493507385253906e+01
2.316017150878906250e+01
2.311217689514160156e+01
2.306020355224609375e+01
2.300424575805664062e+01
2.294429588317871094e+01
2.288109397888183594e+01
2.281314277648925781e+01
2.274192428588867188e+01
2.266520118713378906e+01
2.258594131469726562e+01
2.250339508056640625e+01
2.241681098937988281e+01
2.232618141174316406e+01
2.223150253295898438e+01
2.213350868225097656e+01
2.203145027160644531e+01
2.192680549621582031e+01
2.181808471679687500e+01
2.170602035522460938e+01
2.159060478210449219e+01
2.147257804870605469e+01
2.135044288635253906e+01
2.122493743896484375e+01
2.109753990173339844e+01
2.096601104736328125e+01
2.083257865905761719e+01
2.069574165344238281e+01
2.055550003051757812e+01
2.041258430480957031e+01
2.026773071289062500e+01
2.011944580078125000e+01
1.996846580505371094e+01
1.981478500366210938e+01
1.965913200378417969e+01
1.950150299072265625e+01
1.933966064453125000e+01
1.917731285095214844e+01
1.901296615600585938e+01
1.884512138366699219e+01
1.867600440979003906e+01
1.850560569763183594e+01
1.833242988586425781e+01
1.815797042846679688e+01
1.798222541809082031e+01
1.780445861816406250e+01
1.762541580200195312e+01
1.744435691833496094e+01
1.726277160644531250e+01
1.707992362976074219e+01
1.689655303955078125e+01
1.671118164062500000e+01
1.652529716491699219e+01
1.633815956115722656e+01
1.615125846862792969e+01
1.596385478973388672e+01
1.577594852447509766e+01
1.558680152893066406e+01
1.539790344238281250e+01
1.520925521850585938e+01
1.501937484741210938e+01
1.483049392700195312e+01
1.464261436462402344e+01
1.445425224304199219e+01
1.426615428924560547e+01
1.407906627655029297e+01
1.389150333404541016e+01
1.370569705963134766e+01
1.352016258239746094e+01
1.333490562438964844e+01
1.315141105651855469e+01
1.296893882751464844e+01
1.278749179840087891e+01
1.260781383514404297e+01
1.242916584014892578e+01
1.225229072570800781e+01
1.207644748687744141e+01
1.190312385559082031e+01
1.173158073425292969e+01
1.156107425689697266e+01
1.139309406280517578e+01
1.122764110565185547e+01
1.106397342681884766e+01
1.090283584594726562e+01
1.074274349212646484e+01
1.058667182922363281e+01
1.043239212036132812e+01
1.028139114379882812e+01
1.013292789459228516e+01
9.986261367797851562e+00
9.843621253967285156e+00
9.702779769897460938e+00
9.565969467163085938e+00
9.432457923889160156e+00
9.301517486572265625e+00
9.173901557922363281e+00
9.050368309020996094e+00
8.930334091186523438e+00
8.813516616821289062e+00
8.700969696044921875e+00
8.591738700866699219e+00
8.486506462097167969e+00
8.384988784790039062e+00
8.287643432617187500e+00
8.194262504577636719e+00
8.105154991149902344e+00
8.020259857177734375e+00
7.939664363861083984e+00
7.863530158996582031e+00
7.791721820831298828e+00
7.724475860595703125e+00
7.661730289459228516e+00
7.603572845458984375e+00
7.550240039825439453e+00
7.501595973968505859e+00
7.457653522491455078e+00
7.418574810028076172e+00
7.384373664855957031e+00
7.355062007904052734e+00
7.330654621124267578e+00
7.311460971832275391e+00
7.297272205352783203e+00
7.288025856018066406e+00
7.284035682678222656e+00
7.285163402557373047e+00
7.291498661041259766e+00
7.303128719329833984e+00
7.319919109344482422e+00
7.341956615447998047e+00
7.369404792785644531e+00
7.401978969573974609e+00
7.440140247344970703e+00
7.483455181121826172e+00
7.532162189483642578e+00
7.586347103118896484e+00
7.645878314971923828e+00
7.710767745971679688e+00
7.780807971954345703e+00
7.856235504150390625e+00
7.937063694000244141e+00
8.023308753967285156e+00
8.114983558654785156e+00
8.212102890014648438e+00
8.314678192138671875e+00
8.421234130859375000e+00
8.534753799438476562e+00
8.653018951416015625e+00
8.776783943176269531e+00
8.905317306518554688e+00
9.040115356445312500e+00
9.178960800170898438e+00
9.322609901428222656e+00
9.471815109252929688e+00
9.626588821411132812e+00
9.785456657409667969e+00
9.950658798217773438e+00
1.011923694610595703e+01
1.029343032836914062e+01
1.047176551818847656e+01
1.065574264526367188e+01
1.084462738037109375e+01
1.103769207000732422e+01
1.123569011688232422e+01
1.143789386749267578e+01
1.164431381225585938e+01
1.185570526123046875e+01
1.207059669494628906e+01
1.229048728942871094e+01
1.251464557647705078e+01
1.274234294891357422e+01
1.297507762908935547e+01
1.321137905120849609e+01
1.345125961303710938e+01
1.369547462463378906e+01
1.394329738616943359e+01
1.419474029541015625e+01
1.444981765747070312e+01
1.470780181884765625e+01
1.497019004821777344e+01
1.523551368713378906e+01
1.550452709197998047e+01
1.577576351165771484e+01
1.605146026611328125e+01
1.632866668701171875e+01
1.661036491394042969e+01
1.689434623718261719e+01
1.717987632751464844e+01
1.746994590759277344e+01
1.776011085510253906e+01
1.805410385131835938e+01
1.835045433044433594e+01
1.864917564392089844e+01
1.895028305053710938e+01
1.925228500366210938e+01
1.955740928649902344e+01
1.986341857910156250e+01
2.017105293273925781e+01
2.048030281066894531e+01
2.079116821289062500e+01
2.110364151000976562e+01
2.141623306274414062e+01
2.172968101501464844e+01
2.204472351074218750e+01
2.236135673522949219e+01
2.267586135864257812e+01
2.299268913269042969e+01
2.330886459350585938e+01
2.362661552429199219e+01
2.394444656372070312e+01
2.426235961914062500e+01
2.458109092712402344e+01
2.489766502380371094e+01
2.521504783630371094e+01
2.553175544738769531e+01
2.584703445434570312e+01
2.616163063049316406e+01
2.647553634643554688e+01
2.678875160217285156e+01
2.710052680969238281e+01
2.741086196899414062e+01
2.771975135803222656e+01
2.802719306945800781e+01
2.833318328857421875e+01
2.863697624206542969e+01
2.894005775451660156e+01
2.923945236206054688e+01
2.953812599182128906e+01
2.983533096313476562e+01
3.012809944152832031e+01
3.042014312744140625e+01
3.070848083496093750e+01
3.099534606933593750e+01
3.127924537658691406e+01
3.155943107604980469e+01
3.183813667297363281e+01
3.211164093017578125e+01
3.238291549682617188e+01
3.265121078491210938e+01
3.291578674316406250e+01
3.317737960815429688e+01
3.343449783325195312e+01
3.368788909912109375e+01
3.393902969360351562e+01
3.418568420410156250e+01
3.442708206176757812e+01
3.466543960571289062e+01
3.489999771118164062e+01
3.512999725341796875e+01
3.535541534423828125e+01
3.557698822021484375e+01
3.579394912719726562e+01
3.600553512573242188e+01
3.621248245239257812e+01
3.641550827026367188e+01
3.661385726928710938e+01
3.680602264404296875e+01
3.699347686767578125e+01
3.717619705200195312e+01
3.735342788696289062e+01
3.752589797973632812e+01
3.769284057617187500e+01
3.785423660278320312e+01
3.801156616210937500e+01
3.816182708740234375e+01
3.830797958374023438e+01
3.844777679443359375e+01
3.858194351196289062e+01
3.871046447753906250e+01
3.883331680297851562e+01
3.894974517822265625e+01
3.906121063232421875e+01
3.916696166992187500e+01
3.926622772216796875e+01
3.935899734497070312e+01
3.944747924804687500e+01
3.952793884277343750e+01
3.960332489013671875e+01
3.967214584350585938e+01
3.973585891723632812e+01
3.979221343994140625e+01
3.984268951416015625e+01
3.988800048828125000e+01
3.992515945434570312e+01
3.995785522460937500e+01
3.998384857177734375e+01
4.000312042236328125e+01
4.001787567138671875e+01
4.002512359619140625e+01
4.002632904052734375e+01
4.002072906494140625e+01
4.000979232788085938e+01
3.999201202392578125e+01
3.996811294555664062e+01
3.993881988525390625e+01
3.990262603759765625e+01
3.986100769042968750e+01
3.981245422363281250e+01
3.975844192504882812e+01
3.969820785522460938e+01
3.963247680664062500e+01
3.956048965454101562e+01
3.948223114013671875e+01
3.939841842651367188e+01
3.930904388427734375e+01
3.921333694458007812e+01
3.911277770996093750e+01
3.900584793090820312e+01
3.889328002929687500e+01
3.877579879760742188e+01
3.865263748168945312e+01
3.852229690551757812e+01
3.838772583007812500e+01
3.824890518188476562e+01
3.810358810424804688e+01
3.795398712158203125e+01
3.779858779907226562e+01
3.763886260986328125e+01
3.747553634643554688e+01
3.730560684204101562e+01
3.712980651855468750e+01
3.695034027099609375e+01
3.676644134521484375e+01
3.657660675048828125e+01
3.638452911376953125e+01
3.618647384643554688e+01
3.598464202880859375e+01
3.577753067016601562e+01
3.556660842895507812e+01
3.535258865356445312e+01
3.513470840454101562e+01
3.491220474243164062e+01
3.468579101562500000e+01
3.445471191406250000e+01
3.422265243530273438e+01
3.398736190795898438e+01
3.374733352661132812e+01
3.350402832031250000e+01
3.325816345214843750e+01
3.300823211669921875e+01
3.275643539428710938e+01
3.249978637695312500e+01
3.224196624755859375e+01
3.198073196411132812e+01
3.171830940246582031e+01
3.145172500610351562e+01
3.118396186828613281e+01
3.091353416442871094e+01
3.064118003845214844e+01
3.036765480041503906e+01
3.009147071838378906e+01
2.981337165832519531e+01
2.953410339355468750e+01
2.925366783142089844e+01
2.897207069396972656e+01
2.869004631042480469e+01
2.840612030029296875e+01
2.812103080749511719e+01
2.783627128601074219e+01
2.755109596252441406e+01
2.726475906372070312e+01
2.697726821899414062e+01
2.669085121154785156e+01
2.640402221679687500e+01
2.611752319335937500e+01
2.583135604858398438e+01
2.554552268981933594e+01
2.526002311706542969e+01
2.497559738159179688e+01
2.469150924682617188e+01
2.440849304199218750e+01
2.412655639648437500e+01
2.384420967102050781e+01
2.356516838073730469e+01
2.328646087646484375e+01
2.300957298278808594e+01
2.273450469970703125e+01
2.246051025390625000e+01
2.218833541870117188e+01
2.191872215270996094e+01
2.165018081665039062e+01
2.138271713256835938e+01
2.112004089355468750e+01
2.085843467712402344e+01
2.060013389587402344e+01
2.034513092041015625e+01
2.009268760681152344e+01
1.984205436706542969e+01
1.959546661376953125e+01
1.935068893432617188e+01
1.910995101928710938e+01
1.887251281738281250e+01
1.863762474060058594e+01
1.840678024291992188e+01
1.817925262451171875e+01
1.795432472229003906e+01
1.773424530029296875e+01
1.751755523681640625e+01
1.730427551269531250e+01
1.709591293334960938e+01
1.689175033569335938e+01
1.669181060791015625e+01
1.649611473083496094e+01
1.630468750000000000e+01
1.611903953552246094e+01
1.593622112274169922e+01
1.575922775268554688e+01
1.558659458160400391e+01
1.541909122467041016e+01
1.525599575042724609e+01
1.509881973266601562e+01
1.494610023498535156e+01
1.479860401153564453e+01
1.465561103820800781e+01
1.451937580108642578e+01
1.438769149780273438e+01
1.426207160949707031e+01
1.414105129241943359e+01
1.402688694000244141e+01
1.391737079620361328e+01
1.381401443481445312e+01
1.371684455871582031e+01
1.362514209747314453e+01
1.353893089294433594e+01
1.345823764801025391e+01
1.338383007049560547e+01
1.331499099731445312e+01
1.325323295593261719e+01
1.319635200500488281e+01
1.314585876464843750e+01
1.310178184509277344e+01
1.306340408325195312e+01
1.303223705291748047e+01
1.300607967376708984e+01
1.298569965362548828e+01
1.297187042236328125e+01
1.296461772918701172e+01
1.296248149871826172e+01
1.296846485137939453e+01
1.297887802124023438e+01
1.299597930908203125e+01
1.301905345916748047e+01
1.304887294769287109e+01
1.308472156524658203e+01
1.312736034393310547e+01
1.317532348632812500e+01
1.323011493682861328e+01
1.329100990295410156e+01
1.335654067993164062e+01
1.342895507812500000e+01
1.350901699066162109e+01
1.359228610992431641e+01
1.368249797821044922e+01
1.377892971038818359e+01
1.388085842132568359e+01
1.398904705047607422e+01
1.410203075408935547e+01
1.422131729125976562e+01
1.434618186950683594e+01
1.447739028930664062e+01
1.461347961425781250e+01
1.475521278381347656e+01
1.490186977386474609e+01
1.505421638488769531e+01
1.521227264404296875e+01
1.537532234191894531e+01
1.554412841796875000e+01
1.571648406982421875e+01
1.589538955688476562e+01
1.607863426208496094e+01
1.626624679565429688e+01
1.645973205566406250e+01
1.665763282775878906e+01
1.685922813415527344e+01
1.706603050231933594e+01
1.727806472778320312e+01
1.749312400817871094e+01
1.771346855163574219e+01
1.793837738037109375e+01
1.816638946533203125e+01
1.839976119995117188e+01
1.863554763793945312e+01
1.887674522399902344e+01
1.912115478515625000e+01
1.936880111694335938e+01
1.962119865417480469e+01
1.987614440917968750e+01
2.013440895080566406e+01
2.039676284790039062e+01
2.066249275207519531e+01
2.093088340759277344e+01
2.120270538330078125e+01
2.147724151611328125e+01
2.175452232360839844e+01
2.203454589843750000e+01
2.231731224060058594e+01
2.260207939147949219e+01
2.289033317565917969e+01
2.317984199523925781e+01
2.347135162353515625e+01
2.376485824584960938e+01
2.406036567687988281e+01
2.435861778259277344e+01
2.465663909912109375e+01
2.495740509033203125e+01
2.525868797302246094e+01
2.556122779846191406e+01
2.586503410339355469e+01
2.616935539245605469e+01
2.647568511962890625e+01
2.678179359436035156e+01
2.708842849731445312e+01
2.739558601379394531e+01
2.770327568054199219e+01
2.801074981689453125e+01
2.831801795959472656e+01
2.862581634521484375e+01
2.893266487121582031e+01
2.924005889892578125e+01
2.954650497436523438e+01
2.985275459289550781e+01
3.015806770324707031e+01
3.046170043945312500e+01
3.076588821411132812e+01
3.106766319274902344e+01
3.136850738525390625e+01
3.166917800903320312e+01
3.196743965148925781e+01
3.226404190063476562e+01
3.255973434448242188e+01
3.285377120971679688e+01
3.314467620849609375e+01
3.343467330932617188e+01
3.372229003906250000e+01
3.400752258300781250e+01
3.429037475585937500e+01
3.457085800170898438e+01
3.484822082519531250e+01
3.512395858764648438e+01
3.539658737182617188e+01
3.566759872436523438e+01
3.593402099609375000e+01
3.619808959960937500e+01
3.645980072021484375e+01
3.671839904785156250e+01
3.697238540649414062e+01
3.722397232055664062e+01
3.747165298461914062e+01
3.771616363525390625e+01
3.795599365234375000e+01
3.819187164306640625e+01
3.842527008056640625e+01
3.865393829345703125e+01
3.887860488891601562e+01
3.909925460815429688e+01
3.931586837768554688e+01
3.952769088745117188e+01
3.973543930053710938e+01
3.993909835815429688e+01
4.013866043090820312e+01
4.033186721801757812e+01
4.052093505859375000e+01
4.070584106445312500e+01
4.088582992553710938e+01
4.106013870239257812e+01
4.122949218750000000e+01
4.139461135864257812e+01
4.155473709106445312e+01
4.170836257934570312e+01
4.185770034790039062e+01
4.200198745727539062e+01
4.214120483398437500e+01
4.227458190917968750e+01
4.240136718750000000e+01
4.252450561523437500e+01
4.264175033569335938e+01
4.275159454345703125e+01
4.285773086547851562e+01
4.295791244506835938e+01
4.305211639404296875e+01
4.314180374145507812e+01
4.322473526000976562e+01
4.330533599853515625e+01
4.337690353393554688e+01
4.344312667846679688e+01
4.350324249267578125e+01
4.355871963500976562e+01
4.360803985595703125e+01
4.364970016479492188e+01
4.368813705444335938e+01
4.371961212158203125e+01
4.374558258056640625e+01
4.376602935791015625e+01
4.378019332885742188e+01
4.378802871704101562e+01
4.379101181030273438e+01
4.378761672973632812e+01
4.377856445312500000e+01
4.376308059692382812e+01
4.374188232421875000e+01
4.371493911743164062e+01
4.368222045898437500e+01
4.364444351196289062e+01
4.360157394409179688e+01
4.355210494995117188e+01
4.349822616577148438e+01
4.343768310546875000e+01
4.337267684936523438e+01
4.330094146728515625e+01
4.322467803955078125e+01
4.314162826538085938e+01
4.305473327636718750e+01
4.296024322509765625e+01
4.286110305786132812e+01
4.275727844238281250e+01
4.264725112915039062e+01
4.253173446655273438e+01
4.241217803955078125e+01
4.228632354736328125e+01
4.215710449218750000e+01
4.202226257324218750e+01
4.188176345825195312e+01
4.173706054687500000e+01
4.158737564086914062e+01
4.143118667602539062e+01
4.127143096923828125e+01
4.110807418823242188e+01
4.093885803222656250e+01
4.076447677612304688e+01
4.058639144897460938e+01
4.040456008911132812e+01
4.021746444702148438e+01
4.002581024169921875e+01
3.983103942871093750e+01
3.963089370727539062e+01
3.942681884765625000e+01
3.921803283691406250e+01
3.900746917724609375e+01
3.879137802124023438e+01
3.857120132446289062e+01
3.834764480590820312e+01
3.812066650390625000e+01
3.788949203491210938e+01
3.765481948852539062e+01
3.741664886474609375e+01
3.717497253417968750e+01
3.693053817749023438e+01
3.668333435058593750e+01
3.643262100219726562e+01
3.617913818359375000e+01
3.592362213134765625e+01
3.566458129882812500e+01
3.540276336669921875e+01
3.513964080810546875e+01
3.487372970581054688e+01
3.460576629638671875e+01
3.433574295043945312e+01
3.406291198730468750e+01
3.378875732421875000e+01
3.351327514648437500e+01
3.323571014404296875e+01
3.295755004882812500e+01
3.267655563354492188e+01
3.239569091796875000e+01
3.211272430419921875e+01
3.182912826538085938e+01
3.154490661621093750e+01
3.125856399536132812e+01
3.097231864929199219e+01
3.068542289733886719e+01
3.039860916137695312e+01
3.011039161682128906e+01
2.982149887084960938e+01
2.953415870666503906e+01
2.924612808227539062e+01
2.895740699768066406e+01
2.866946792602539062e+01
2.838156318664550781e+01
2.809443092346191406e+01
2.780805587768554688e+01
2.752020835876464844e+01
2.723459434509277344e+01
2.694972038269042969e+01
2.666483497619628906e+01
2.638067245483398438e+01
2.609871292114257812e+01
2.581671905517578125e+01
2.553765678405761719e+01
2.525780296325683594e+01
2.498012161254882812e+01
2.470460319519042969e+01
2.443050384521484375e+01
2.415855216979980469e+01
2.388726043701171875e+01
2.361813163757324219e+01
2.335117912292480469e+01
2.308716201782226562e+01
2.282461166381835938e+01
2.256354713439941406e+01
2.230546760559082031e+01
2.204890632629394531e+01
2.179313850402832031e+01
2.154263687133789062e+01
2.129444885253906250e+01
2.104859161376953125e+01
2.080656814575195312e+01
2.056616401672363281e+01
2.032963180541992188e+01
2.009624290466308594e+01
1.986601638793945312e+01
1.963971328735351562e+01
1.941586685180664062e+01
1.919598007202148438e+01
1.897932624816894531e+01
1.876593017578125000e+01
1.855729293823242188e+01
1.835120391845703125e+01
1.814917182922363281e+01
1.795121192932128906e+01
1.775660133361816406e+01
1.756684875488281250e+01
1.738122940063476562e+01
1.719902038574218750e+01
1.702098464965820312e+01
1.684714317321777344e+01
1.667825889587402344e+01
1.651286697387695312e+01
1.635173034667968750e+01
1.619561576843261719e+01
1.604305648803710938e+01
1.589630317687988281e+01
1.575240802764892578e+01
1.561436271667480469e+01
1.547921752929687500e+01
1.534996986389160156e+01
1.522441101074218750e+01
1.510330581665039062e+01
1.498816776275634766e+01
1.487678718566894531e+01
1.477067756652832031e+01
1.466837310791015625e+01
1.457138729095458984e+01
1.447900009155273438e+01
1.439123535156250000e+01
1.430811786651611328e+01
1.423041439056396484e+01
1.415740585327148438e+01
1.408911418914794922e+01
1.402482223510742188e+01
1.396529674530029297e+01
1.391130828857421875e+01
1.386139202117919922e+01
1.381706333160400391e+01
1.377685832977294922e+01
1.374154853820800781e+01
1.371115779876708984e+01
1.368571567535400391e+01
1.366450595855712891e+01
1.364829730987548828e+01
1.363637447357177734e+01
1.362950801849365234e+01
1.362698364257812500e+01
1.362882995605468750e+01
1.363582038879394531e+01
1.364723682403564453e+01
1.366311168670654297e+01
1.368272972106933594e+01
1.370686531066894531e+01
1.373554897308349609e+01
1.376955318450927734e+01
1.380668067932128906e+01
1.384993362426757812e+01
1.389711570739746094e+01
1.394751262664794922e+01
1.400264739990234375e+01
1.406180477142333984e+01
1.412427616119384766e+01
1.419232177734375000e+01
1.426374912261962891e+01
1.433933353424072266e+01
1.441836261749267578e+01
1.450161647796630859e+01
1.458838558197021484e+01
1.467944812774658203e+01
1.477409458160400391e+01
1.487236118316650391e+01
1.497428131103515625e+01
1.507989311218261719e+01
1.518997287750244141e+01
1.530233001708984375e+01
1.541848564147949219e+01
1.553773307800292969e+01
1.566085338592529297e+01
1.578639221191406250e+01
1.591659164428710938e+01
1.604923057556152344e+01
1.618506240844726562e+01
1.632261085510253906e+01
1.646411132812500000e+01
1.660808944702148438e+01
1.675529861450195312e+01
1.690425872802734375e+01
1.705572891235351562e+01
1.721045875549316406e+01
1.736697387695312500e+01
1.752528572082519531e+01
1.768689155578613281e+01
1.784957122802734375e+01
1.801482391357421875e+01
1.818191909790039062e+01
1.835161018371582031e+01
1.852168083190917969e+01
1.869362640380859375e+01
1.886672019958496094e+01
1.904245758056640625e+01
1.921936798095703125e+01
1.939597702026367188e+01
1.957526779174804688e+01
1.975502777099609375e+01
1.993601036071777344e+01
2.011822891235351562e+01
2.030095481872558594e+01
2.048420143127441406e+01
2.066872596740722656e+01
2.085305595397949219e+01
2.103943252563476562e+01
2.122489929199218750e+01
2.141169929504394531e+01
2.159761810302734375e+01
2.178415298461914062e+01
2.197132301330566406e+01
2.215765380859375000e+01
2.234464454650878906e+01
2.253082466125488281e+01
2.271843910217285156e+01
2.290378570556640625e+01
2.309059524536132812e+01
2.327665328979492188e+01
2.346122932434082031e+01
2.364582824707031250e+01
2.382971572875976562e+01
2.401439666748046875e+01
2.419691276550292969e+01
2.437801742553710938e+01
2.455993080139160156e+01
2.473966789245605469e+01
2.491795921325683594e+01
2.509627723693847656e+01
2.527237892150878906e+01
2.544773864746093750e+01
2.562085914611816406e+01
2.579320907592773438e+01
2.596328926086425781e+01
2.613257598876953125e+01
2.630031013488769531e+01
2.646573638916015625e+01
2.662958335876464844e+01
2.679109382629394531e+01
2.695099639892578125e+01
2.710779380798339844e+01
2.726444053649902344e+01
2.741646957397460938e+01
2.756683158874511719e+01
2.771551513671875000e+01
2.786176681518554688e+01
2.800482368469238281e+01
2.814467048645019531e+01
2.828277969360351562e+01
2.841839218139648438e+01
2.855149459838867188e+01
2.868132591247558594e+01
2.880787277221679688e+01
2.893260383605957031e+01
2.905401420593261719e+01
2.917209053039550781e+01
2.928756141662597656e+01
2.939966392517089844e+01
2.950912475585937500e+01
2.961443901062011719e+01
2.971708106994628906e+01
2.981628227233886719e+01
2.991277313232421875e+01
3.000504684448242188e+01
3.009457397460937500e+01
3.017910575866699219e+01
3.026233673095703125e+01
3.034127998352050781e+01
3.041665267944335938e+01
3.048918724060058594e+01
3.055811119079589844e+01
3.062341308593750000e+01
3.068506813049316406e+01
3.074231338500976562e+01
3.079735755920410156e+01
3.084794807434082031e+01
3.089480972290039062e+01
3.093866348266601562e+01
3.097800064086914062e+01
3.101502609252929688e+01
3.104748916625976562e+01
3.107611083984375000e+01
3.110012626647949219e+01
3.112173652648925781e+01
3.113943672180175781e+01
3.115394210815429688e+01
3.116374206542968750e+01
3.117030143737792969e+01
3.117359352111816406e+01
3.117210578918457031e+01
3.116878509521484375e+01
3.115989494323730469e+01
3.114763259887695312e+01
3.113197326660156250e+01
3.111363220214843750e+01
3.108961296081542969e+01
3.106285858154296875e+01
3.103260040283203125e+01
3.099880599975585938e+01
3.096145248413085938e+01
3.092124938964843750e+01
3.087742996215820312e+01
3.082921791076660156e+01
3.077732467651367188e+01
3.072247123718261719e+01
3.066387557983398438e+01
3.060151481628417969e+01
3.053684234619140625e+01
3.046759223937988281e+01
3.039596939086914062e+01
3.031970977783203125e+01
3.024101448059082031e+01
3.015836143493652344e+01
3.007320404052734375e+01
2.998550987243652344e+01
2.989375877380371094e+01
2.979866600036621094e+01
2.970019340515136719e+01
2.959979248046875000e+01
2.949520111083984375e+01
2.938787269592285156e+01
2.927776718139648438e+01
2.916337013244628906e+01
2.904761314392089844e+01
2.892823982238769531e+01
2.880597686767578125e+01
2.868229866027832031e+01
2.855496215820312500e+01
2.842470359802246094e+01
2.829299354553222656e+01
2.815759086608886719e+01
2.801996994018554688e+01
2.788011932373046875e+01
2.773951339721679688e+01
2.759441947937011719e+01
2.744779777526855469e+01
2.729889106750488281e+01
2.714843559265136719e+01
2.699566459655761719e+01
2.684057044982910156e+01
2.668313598632812500e+01
2.652557563781738281e+01
2.636490440368652344e+01
2.620333671569824219e+01
2.604011154174804688e+01
2.587521743774414062e+01
2.570937919616699219e+01
2.554183959960937500e+01
2.537258338928222656e+01
2.520233535766601562e+01
2.503182601928710938e+01
2.485806465148925781e+01
2.468549537658691406e+01
2.450964164733886719e+01
2.433420372009277344e+01
2.415767669677734375e+01
2.398004722595214844e+01
2.380203819274902344e+01
2.362289047241210938e+01
2.344333267211914062e+01
2.326334381103515625e+01
2.308216857910156250e+01
2.290052604675292969e+01
2.271915054321289062e+01
2.253727340698242188e+01
2.235488319396972656e+01
2.217270088195800781e+01
2.198996925354003906e+01
2.180666923522949219e+01
2.162427139282226562e+01
2.144126892089843750e+01
2.125764465332031250e+01
2.107561111450195312e+01
2.089292144775390625e+01
2.070956230163574219e+01
2.052776527404785156e+01
2.034605216979980469e+01
2.016517639160156250e+01
1.998365592956542969e+01
1.980372810363769531e+01
1.962391853332519531e+01
1.944423294067382812e+01
1.926616477966308594e+01
1.908823394775390625e+01
1.891119575500488281e+01
1.873579597473144531e+01
1.856130790710449219e+01
1.838773155212402344e+01
1.821507835388183594e+01
1.804409980773925781e+01
1.787331962585449219e+01
1.770422935485839844e+01
1.753684043884277344e+01
1.737116050720214844e+01
1.720645523071289062e+01
1.704347610473632812e+01
1.688223266601562500e+01
1.672273635864257812e+01
1.656499290466308594e+01
1.640901374816894531e+01
1.625480651855468750e+01
1.610164070129394531e+01
1.595175266265869141e+01
1.580292797088623047e+01
1.565591335296630859e+01
1.551146793365478516e+01
1.536885547637939453e+01
1.522883319854736328e+01
1.508992195129394531e+01
1.495362377166748047e+01
1.481994438171386719e+01
1.468741321563720703e+01
1.455827045440673828e+01
1.443104076385498047e+01
1.430573749542236328e+01
1.418311595916748047e+01
1.406393146514892578e+01
1.394596767425537109e+01
1.383146572113037109e+01
1.371821117401123047e+01
1.360844516754150391e+01
1.350144100189208984e+01
1.339572334289550781e+01
1.329353713989257812e+01
1.319415473937988281e+01
1.309684944152832031e+01
1.300238609313964844e+01
1.291078090667724609e+01
1.282131099700927734e+01
1.273548221588134766e+01
1.265108680725097656e+01
1.257037067413330078e+01
1.249187088012695312e+01
1.241709327697753906e+01
1.234308624267578125e+01
1.227284526824951172e+01
1.220564460754394531e+01
1.214076614379882812e+01
1.207897472381591797e+01
1.202029228210449219e+01
1.196399688720703125e+01
1.191085529327392578e+01
1.186014842987060547e+01
1.181189823150634766e+01
1.176761531829833984e+01
1.172583770751953125e+01
1.168658828735351562e+01
1.164989280700683594e+01
1.161577510833740234e+01
1.158500480651855469e+01
1.155686187744140625e+01
1.153137302398681641e+01
1.150930786132812500e+01
1.148994827270507812e+01
1.147257804870605469e+01
1.145870971679687500e+01
1.144762897491455078e+01
1.143861770629882812e+01
1.143244647979736328e+01
1.142988777160644531e+01
1.142873954772949219e+01
1.143126010894775391e+01
1.143673419952392578e+01
1.144370555877685547e+01
1.145368862152099609e+01
1.146671295166015625e+01
1.148132228851318359e+01
1.149903297424316406e+01
1.151987552642822266e+01
1.154313755035400391e+01
1.156810665130615234e+01
1.159629917144775391e+01
1.162626171112060547e+01
1.165951061248779297e+01
1.169458961486816406e+01
1.173225784301757812e+01
1.177252674102783203e+01
1.181466770172119141e+01
1.185943508148193359e+01
1.190610122680664062e+01
1.195542240142822266e+01
1.200666904449462891e+01
1.205911159515380859e+01
1.211499691009521484e+01
1.217210674285888672e+01
1.223120117187500000e+01
1.229229450225830078e+01
1.235614681243896484e+01
1.242128562927246094e+01
1.248772621154785156e+01
1.255622959136962891e+01
1.262681102752685547e+01
1.269800186157226562e+01
1.277130413055419922e+01
1.284673309326171875e+01
1.292282199859619141e+01
1.300032901763916016e+01
1.308001708984375000e+01
1.316115760803222656e+01
1.324302673339843750e+01
1.332564353942871094e+01
1.341051006317138672e+01
1.349615859985351562e+01
1.358260822296142578e+01
1.367062091827392578e+01
1.376021289825439453e+01
1.384991836547851562e+01
1.394124126434326172e+01
1.403345966339111328e+01
1.412584686279296875e+01
1.421991062164306641e+01
1.431492424011230469e+01
1.440942096710205078e+01
1.450491046905517578e+01
1.460214996337890625e+01
1.469967555999755859e+01
1.479676532745361328e+01
1.489566421508789062e+01
1.499416732788085938e+01
1.509303188323974609e+01
1.519302654266357422e+01
1.529342460632324219e+01
1.539350318908691406e+01
1.549402809143066406e+01
1.559501075744628906e+01
1.569571208953857422e+01
1.579761505126953125e+01
1.589997005462646484e+01
1.600129127502441406e+01
1.610231590270996094e+01
1.620378494262695312e+01
1.630569458007812500e+01
1.640581321716308594e+01
1.650710868835449219e+01
1.660734748840332031e+01
1.670801353454589844e+01
1.680761909484863281e+01
1.690764236450195312e+01
1.700585556030273438e+01
1.710448074340820312e+01
1.720054244995117188e+01
1.729849815368652344e+01
1.739462471008300781e+01
1.749115180969238281e+01
1.758807373046875000e+01
1.768167114257812500e+01
1.777565574645996094e+01
1.786779403686523438e+01
1.796030998229980469e+01
1.804948616027832031e+01
1.813903236389160156e+01
1.822746086120605469e+01
1.831402015686035156e+01
1.840093421936035156e+01
1.848597335815429688e+01
1.856987380981445312e+01
1.865114593505859375e+01
1.873275375366210938e+01
1.881320571899414062e+01
1.889101600646972656e+01
1.896840286254882812e+01
1.904387664794921875e+01
1.911817359924316406e+01
1.919054603576660156e+01
1.926173019409179688e+01
1.933172035217285156e+01
1.939976692199707031e+01
1.946660423278808594e+01
1.953222846984863281e+01
1.959514617919921875e+01
1.965683364868164062e+01
1.971654510498046875e+01
1.977501106262207031e+01
1.983222579956054688e+01
1.988743782043457031e+01
1.993988990783691406e+01
1.999105453491210938e+01
2.004017257690429688e+01
2.008797264099121094e+01
2.013369560241699219e+01
2.017807197570800781e+01
2.022108078002929688e+01
2.026048278808593750e+01
2.029848480224609375e+01
2.033507537841796875e+01
2.036874961853027344e+01
2.040097808837890625e+01
2.043173980712890625e+01
2.046027946472167969e+01
2.048657226562500000e+01
2.051135253906250000e+01
2.053384971618652344e+01
2.055405426025390625e+01
2.057268333435058594e+01
2.058823394775390625e+01
2.060291671752929688e+01
2.061522674560546875e+01
2.062588500976562500e+01
2.063338851928710938e+01
2.063994026184082031e+01
2.064329719543457031e+01
2.064566612243652344e+01
2.064553642272949219e+01
2.064363288879394531e+01
2.063919067382812500e+01
2.063218498229980469e+01
2.062408447265625000e+01
2.061337852478027344e+01
2.060153007507324219e+01
2.058554267883300781e+01
2.056911087036132812e+01
2.055072402954101562e+01
2.052961730957031250e+01
2.050650978088378906e+01
2.048137283325195312e+01
2.045418739318847656e+01
2.042641448974609375e+01
2.039431190490722656e+01
2.036082649230957031e+01
2.032593345642089844e+01
2.028886604309082031e+01
2.024959564208984375e+01
2.020884323120117188e+01
2.016509246826171875e+01
2.012055206298828125e+01
2.007223129272460938e+01
2.002309417724609375e+01
1.997312164306640625e+01
1.992082023620605469e+01
1.986617279052734375e+01
1.980991172790527344e+01
1.975127792358398438e+01
1.969100189208984375e+01
1.962981224060058594e+01
1.956620788574218750e+01
1.950165939331054688e+01
1.943540954589843750e+01
1.936670303344726562e+01
1.929700660705566406e+01
1.922556304931640625e+01
1.915310287475585938e+01
1.907886314392089844e+01
1.900357055664062500e+01
1.892646980285644531e+01
1.884754180908203125e+01
1.876751136779785156e+01
1.868562126159667969e+01
1.860408401489257812e+01
1.851990699768066406e+01
1.843381881713867188e+01
1.834803199768066406e+01
1.825955200195312500e+01
1.817133712768554688e+01
1.808113861083984375e+01
1.798893737792968750e+01
1.789694786071777344e+01
1.780440330505371094e+01
1.770980072021484375e+01
1.761461067199707031e+01
1.751881027221679688e+01
1.742089462280273438e+01
1.732307434082031250e+01
1.722458839416503906e+01
1.712467002868652344e+01
1.702479171752929688e+01
1.692269897460937500e+01
1.682060241699218750e+01
1.671848487854003906e+01
1.661409378051757812e+01
1.651038169860839844e+01
1.640509986877441406e+01
1.629971504211425781e+01
1.619346237182617188e+01
1.608557891845703125e+01
1.597901725769042969e+01
1.587080478668212891e+01
1.576316738128662109e+01
1.565387535095214844e+01
1.554515838623046875e+01
1.543404197692871094e+01
1.532349681854248047e+01
1.521352672576904297e+01
1.510338211059570312e+01
1.499380779266357422e+01
1.488405799865722656e+01
1.477264785766601562e+01
1.466180419921875000e+01
1.455152702331542969e+01
1.444032859802246094e+01
1.432969379425048828e+01
1.421888065338134766e+01
1.410863113403320312e+01
1.399819755554199219e+01
1.388832759857177734e+01
1.377901840209960938e+01
1.366878223419189453e+01
1.355910682678222656e+01
1.345073223114013672e+01
1.334142971038818359e+01
1.323342990875244141e+01
1.312524414062500000e+01
1.301910400390625000e+01
1.291277790069580078e+01
1.280626678466796875e+01
1.270031356811523438e+01
1.259491825103759766e+01
1.249082469940185547e+01
1.238654708862304688e+01
1.228357124328613281e+01
1.218041324615478516e+01
1.207930088043212891e+01
1.197800731658935547e+01
1.187801837921142578e+01
1.177859306335449219e+01
1.167973232269287109e+01
1.158218002319335938e+01
1.148519420623779297e+01
1.138951969146728516e+01
1.129367256164550781e+01
1.119988250732421875e+01
1.110740947723388672e+01
1.101625537872314453e+01
1.092493438720703125e+01
1.083493614196777344e+01
1.074552154541015625e+01
1.065669822692871094e+01
1.056847858428955078e+01
1.048235702514648438e+01
1.039812278747558594e+01
1.031400108337402344e+01
1.023111915588378906e+01
1.014933967590332031e+01
1.006881999969482422e+01
9.989648818969726562e+00
9.911686897277832031e+00
9.834873199462890625e+00
9.759513854980468750e+00
9.685550689697265625e+00
9.612695693969726562e+00
9.541110992431640625e+00
9.470808029174804688e+00
9.401949882507324219e+00
9.334399223327636719e+00
9.268095016479492188e+00
9.203274726867675781e+00
9.139727592468261719e+00
9.077542304992675781e+00
9.016807556152343750e+00
8.957461357116699219e+00
8.899446487426757812e+00
8.842998504638671875e+00
8.787836074829101562e+00
8.734194755554199219e+00
8.681944847106933594e+00
8.631099700927734375e+00
8.581748962402343750e+00
8.533835411071777344e+00
8.487299919128417969e+00
8.442309379577636719e+00
8.398728370666503906e+00
8.356726646423339844e+00
8.316095352172851562e+00
8.276927947998046875e+00
8.239240646362304688e+00
8.202979087829589844e+00
8.168232917785644531e+00
8.134948730468750000e+00
8.103068351745605469e+00
8.072835922241210938e+00
8.043972969055175781e+00
8.016497611999511719e+00
7.990504741668701172e+00
7.966087341308593750e+00
7.943117618560791016e+00
7.921540737152099609e+00
7.901368141174316406e+00
7.882686614990234375e+00
7.865359783172607422e+00
7.849547386169433594e+00
7.835188388824462891e+00
7.822220802307128906e+00
7.810433864593505859e+00
7.799915790557861328e+00
7.790901660919189453e+00
7.783182621002197266e+00
7.776846885681152344e+00
7.771757125854492188e+00
7.767930030822753906e+00
7.765378475189208984e+00
7.764042854309082031e+00
7.763936519622802734e+00
7.765074729919433594e+00
7.767546653747558594e+00
7.770995616912841797e+00
7.775732994079589844e+00
7.781551837921142578e+00
7.788616180419921875e+00
7.796495437622070312e+00
7.805427551269531250e+00
7.816246032714843750e+00
7.827777862548828125e+00
7.840261936187744141e+00
7.852971553802490234e+00
7.868151187896728516e+00
7.883588790893554688e+00
7.900044441223144531e+00
7.917532920837402344e+00
7.935329914093017578e+00
7.954937934875488281e+00
7.976372241973876953e+00
7.996679306030273438e+00
8.018847465515136719e+00
8.042151451110839844e+00
8.065123558044433594e+00
8.090008735656738281e+00
8.115340232849121094e+00
8.141133308410644531e+00
8.168150901794433594e+00
8.195667266845703125e+00
8.224443435668945312e+00
8.253755569458007812e+00
8.283619880676269531e+00
8.314055442810058594e+00
8.345081329345703125e+00
8.377457618713378906e+00
8.411186218261718750e+00
8.444043159484863281e+00
8.477516174316406250e+00
8.510866165161132812e+00
8.545580863952636719e+00
8.581664085388183594e+00
8.616889953613281250e+00
8.653490066528320312e+00
8.689238548278808594e+00
8.726369857788085938e+00
8.763398170471191406e+00
8.801072120666503906e+00
8.840138435363769531e+00
8.878369331359863281e+00
8.916514396667480469e+00
8.955318450927734375e+00
8.994043350219726562e+00
9.032691955566406250e+00
9.072011947631835938e+00
9.112006187438964844e+00
9.151193618774414062e+00
9.191062927246093750e+00
9.230134010314941406e+00
9.269894599914550781e+00
9.309606552124023438e+00
9.349273681640625000e+00
9.388155937194824219e+00
9.427001953125000000e+00
9.465814590454101562e+00
9.504596710205078125e+00
9.544096946716308594e+00
9.582088470458984375e+00
9.621546745300292969e+00
9.659504890441894531e+00
9.698193550109863281e+00
9.736131668090820312e+00
9.773321151733398438e+00
9.810508728027343750e+00
9.847698211669921875e+00
9.884891510009765625e+00
9.921348571777343750e+00
9.957816123962402344e+00
9.993553161621093750e+00
1.002930450439453125e+01
1.006507492065429688e+01
1.009937763214111328e+01
1.013370227813720703e+01
1.016805171966552734e+01
1.020094108581542969e+01
1.023385715484619141e+01
1.026605033874511719e+01
1.029751491546630859e+01
1.032973098754882812e+01
1.036046123504638672e+01
1.039044189453125000e+01
1.042115306854248047e+01
1.045035552978515625e+01
1.047878742218017578e+01
1.050792503356933594e+01
1.053553390502929688e+01
1.056234741210937500e+01
1.058835792541503906e+01
1.061355590820312500e+01
1.063867759704589844e+01
1.066297149658203125e+01
1.068568515777587891e+01
1.070903968811035156e+01
1.073079586029052734e+01
1.075168800354003906e+01
1.077245140075683594e+01
1.079158878326416016e+01
1.081057739257812500e+01
1.082866477966308594e+01
1.084509849548339844e+01
1.086209678649902344e+01
1.087816429138183594e+01
1.089329147338867188e+01
1.090746593475341797e+01
1.092068004608154297e+01
1.093217849731445312e+01
1.094418048858642578e+01
1.095444583892822266e+01
1.096445083618164062e+01
1.097269535064697266e+01
1.098140144348144531e+01
1.098683929443359375e+01
1.099345779418945312e+01
1.099827194213867188e+01
1.100275611877441406e+01
1.100615692138671875e+01
1.100846004486083984e+01
1.101039791107177734e+01
1.100972843170166016e+01
1.101015472412109375e+01
1.100869178771972656e+01
1.100681209564208984e+01
1.100376129150390625e+01
1.099878120422363281e+01
1.099408912658691406e+01
1.098892784118652344e+01
1.098106002807617188e+01
1.097344875335693359e+01
1.096459865570068359e+01
1.095524311065673828e+01
1.094463062286376953e+01
1.093275165557861328e+01
1.092033863067626953e+01
1.090663909912109375e+01
1.089312934875488281e+01
1.087831115722656250e+01
1.086291885375976562e+01
1.084619712829589844e+01
1.082887935638427734e+01
1.081021022796630859e+01
1.079017925262451172e+01
1.077025985717773438e+01
1.074895381927490234e+01
1.072699260711669922e+01
1.070585155487060547e+01
1.068254375457763672e+01
1.065780067443847656e+01
1.063383865356445312e+01
1.060767269134521484e+01
1.058151817321777344e+01
1.055387496948242188e+01
1.052621746063232422e+01
1.049778747558593750e+01
1.046857166290283203e+01
1.043855667114257812e+01
1.040772628784179688e+01
1.037606811523437500e+01
1.034356689453125000e+01
1.031095123291015625e+01
1.027672004699707031e+01
1.024234485626220703e+01
1.020781135559082031e+01
1.017236042022705078e+01
1.013672161102294922e+01
1.010013389587402344e+01
1.006184101104736328e+01
1.002405738830566406e+01
9.986022949218750000e+00
9.946235656738281250e+00
9.906167984008789062e+00
9.865059852600097656e+00
9.823638916015625000e+00
9.782632827758789062e+00
9.739795684814453125e+00
9.697341918945312500e+00
9.654514312744140625e+00
9.610564231872558594e+00
9.566230773925781250e+00
9.521509170532226562e+00
9.475653648376464844e+00
9.430889129638671875e+00
9.384238243103027344e+00
9.337185859680175781e+00
9.290469169616699219e+00
9.243340492248535156e+00
9.195055007934570312e+00
9.147091865539550781e+00
9.097962379455566406e+00
9.049892425537109375e+00
9.000647544860839844e+00
8.951710700988769531e+00
8.902333259582519531e+00
8.852658271789550781e+00
8.802685737609863281e+00
8.752407073974609375e+00
8.702414512634277344e+00
8.652108192443847656e+00
8.601632118225097656e+00
8.550983428955078125e+00
8.500229835510253906e+00
8.449367523193359375e+00
8.398540496826171875e+00
8.347594261169433594e+00
8.296600341796875000e+00
8.245553016662597656e+00
8.194519996643066406e+00
8.143424034118652344e+00
8.092481613159179688e+00
8.041541099548339844e+00
7.990595340728759766e+00
7.939715385437011719e+00
7.888967514038085938e+00
7.838200092315673828e+00
7.787630558013916016e+00
7.737104892730712891e+00
7.686617374420166016e+00
7.636386394500732422e+00
7.586257934570312500e+00
7.536224842071533203e+00
7.486359119415283203e+00
7.436653137207031250e+00
7.387103080749511719e+00
7.337776660919189453e+00
7.288670539855957031e+00
7.239703655242919922e+00
7.190947055816650391e+00
7.142477035522460938e+00
7.094221115112304688e+00
7.046183109283447266e+00
6.998365879058837891e+00
6.950921535491943359e+00
6.903778076171875000e+00
6.856864929199218750e+00
6.810334205627441406e+00
6.763967514038085938e+00
6.718063831329345703e+00
6.672554969787597656e+00
6.627369403839111328e+00
6.582584857940673828e+00
6.538207530975341797e+00
6.494240760803222656e+00
6.450615406036376953e+00
6.407410144805908203e+00
6.364704608917236328e+00
6.322429656982421875e+00
6.280590534210205078e+00
6.239267349243164062e+00
6.198391437530517578e+00
6.157968521118164062e+00
6.118004322052001953e+00
6.078579902648925781e+00
6.039701938629150391e+00
6.001302242279052734e+00
5.963461875915527344e+00
5.926113605499267578e+00
5.889413356781005859e+00
5.853145122528076172e+00
5.817464828491210938e+00
5.782454967498779297e+00
5.747899055480957031e+00
5.713954448699951172e+00
5.680628776550292969e+00
5.647855758666992188e+00
5.615718364715576172e+00
5.584149360656738281e+00
5.553232669830322266e+00
5.522827625274658203e+00
5.493091583251953125e+00
5.464032649993896484e+00
5.435511589050292969e+00
5.407759189605712891e+00
5.380488395690917969e+00
5.353929996490478516e+00
5.327945232391357422e+00
5.302765369415283203e+00
5.278102397918701172e+00
5.254111766815185547e+00
5.230726718902587891e+00
5.208027839660644531e+00
5.185873985290527344e+00
5.164495468139648438e+00
5.143676280975341797e+00
5.123498439788818359e+00
5.103968620300292969e+00
5.085094451904296875e+00
5.066734790802001953e+00
5.049120426177978516e+00
5.031960964202880859e+00
5.015487670898437500e+00
4.999708175659179688e+00
4.984630107879638672e+00
4.970336437225341797e+00
4.956314563751220703e+00
4.943018436431884766e+00
4.930233955383300781e+00
4.918191909790039062e+00
4.906604290008544922e+00
4.895627498626708984e+00
4.885197639465332031e+00
4.875471115112304688e+00
4.866086006164550781e+00
4.857497215270996094e+00
4.849343776702880859e+00
4.841709136962890625e+00
4.834677696228027344e+00
4.828333854675292969e+00
4.822390079498291016e+00
4.817080974578857422e+00
4.812268257141113281e+00
4.808036804199218750e+00
4.804175376892089844e+00
4.800992488861083984e+00
4.798276424407958984e+00
4.796113967895507812e+00
4.794442176818847656e+00
4.793125629425048828e+00
4.792472362518310547e+00
4.792273521423339844e+00
4.792541027069091797e+00
4.793362140655517578e+00
4.794602394104003906e+00
4.796348094940185547e+00
4.798688411712646484e+00
4.801486968994140625e+00
4.804683685302734375e+00
4.808366298675537109e+00
4.812540054321289062e+00
4.817136287689208984e+00
4.822161197662353516e+00
4.827619552612304688e+00
4.833517074584960938e+00
4.839785575866699219e+00
4.846504688262939453e+00
4.853605747222900391e+00
4.861020565032958984e+00
4.868828773498535156e+00
4.877036571502685547e+00
4.885501384735107422e+00
4.894301891326904297e+00
4.903594493865966797e+00
4.913011550903320312e+00
4.922708034515380859e+00
4.932838439941406250e+00
4.943110942840576172e+00
4.953753471374511719e+00
4.964548587799072266e+00
4.975650787353515625e+00
4.986916542053222656e+00
4.998573780059814453e+00
5.010330200195312500e+00
5.022191047668457031e+00
5.034384250640869141e+00
5.046691894531250000e+00
5.059192657470703125e+00
5.071816921234130859e+00
5.084644317626953125e+00
5.097604274749755859e+00
5.110701560974121094e+00
5.123866558074951172e+00
5.137103557586669922e+00
5.150565624237060547e+00
5.164034366607666016e+00
5.177662372589111328e+00
5.191305160522460938e+00
5.204967498779296875e+00
5.218802452087402344e+00
5.232516765594482422e+00
5.246337890625000000e+00
5.260270118713378906e+00
5.274169445037841797e+00
5.288039684295654297e+00
5.301960945129394531e+00
5.315862178802490234e+00
5.329749107360839844e+00
5.343626022338867188e+00
5.357571125030517578e+00
5.371360301971435547e+00
5.385215282440185547e+00
5.398985385894775391e+00
5.412594795227050781e+00
5.426190853118896484e+00
5.439697742462158203e+00
5.453187942504882812e+00
5.466437816619873047e+00
5.479594707489013672e+00
5.492732048034667969e+00
5.505551338195800781e+00
5.518348693847656250e+00
5.530974864959716797e+00
5.543503761291503906e+00
5.555710792541503906e+00
5.567818641662597656e+00
5.579678058624267578e+00
5.591361999511718750e+00
5.602944850921630859e+00
5.614275932312011719e+00
5.625355720520019531e+00
5.636182785034179688e+00
5.646904468536376953e+00
5.657371520996093750e+00
5.667508125305175781e+00
5.677462100982666016e+00
5.687082767486572266e+00
5.696518421173095703e+00
5.705691337585449219e+00
5.714601039886474609e+00
5.723245143890380859e+00
5.731620788574218750e+00
5.739726066589355469e+00
5.747632980346679688e+00
5.755189418792724609e+00
5.762391567230224609e+00
5.769386768341064453e+00
5.776094913482666016e+00
5.782513141632080078e+00
5.788563251495361328e+00
5.794314861297607422e+00
5.799763202667236328e+00
5.804903984069824219e+00
5.809656620025634766e+00
5.814165592193603516e+00
5.818350315093994141e+00
5.822130680084228516e+00
5.825649261474609375e+00
5.828751564025878906e+00
5.831579208374023438e+00
5.833977222442626953e+00
5.836088180541992188e+00
5.837830066680908203e+00
5.839270591735839844e+00
5.840254306793212891e+00
5.840922832489013672e+00
5.841193675994873047e+00
5.841060161590576172e+00
5.840588569641113281e+00
5.839697360992431641e+00
5.838527202606201172e+00
5.836922645568847656e+00
5.834875106811523438e+00
5.832526206970214844e+00
5.829793453216552734e+00
5.826669216156005859e+00
5.823071956634521484e+00
5.819142341613769531e+00
5.814872741699218750e+00
5.810182094573974609e+00
5.805137157440185547e+00
5.799506664276123047e+00
5.793581485748291016e+00
5.787354946136474609e+00
5.780670166015625000e+00
5.773595333099365234e+00
5.766197681427001953e+00
5.758321762084960938e+00
5.750183582305908203e+00
5.741478919982910156e+00
5.732573986053466797e+00
5.723163604736328125e+00
5.713539123535156250e+00
5.703471183776855469e+00
5.692953109741210938e+00
5.682201385498046875e+00
5.670987129211425781e+00
5.659525871276855469e+00
5.647588729858398438e+00
5.635317802429199219e+00
5.622780323028564453e+00
5.609821319580078125e+00
5.596582412719726562e+00
5.582833766937255859e+00
5.569014072418212891e+00
5.554743766784667969e+00
5.540239334106445312e+00
5.525343894958496094e+00
5.510050296783447266e+00
5.494498729705810547e+00
5.478761196136474609e+00
5.462537288665771484e+00
5.446120738983154297e+00
5.429434776306152344e+00
5.412401676177978516e+00
5.395165443420410156e+00
5.377648353576660156e+00
5.359846115112304688e+00
5.341902256011962891e+00
5.323514938354492188e+00
5.305049896240234375e+00
5.286353588104248047e+00
5.267419815063476562e+00
5.248243331909179688e+00
5.228891372680664062e+00
5.209357261657714844e+00
5.189560413360595703e+00
5.169568538665771484e+00
5.149447917938232422e+00
5.129043579101562500e+00
5.108570098876953125e+00
5.087797641754150391e+00
5.067015647888183594e+00
5.045918941497802734e+00
5.024722576141357422e+00
5.003195762634277344e+00
4.981701850891113281e+00
4.959936618804931641e+00
4.938039779663085938e+00
4.916078567504882812e+00
4.893896579742431641e+00
4.871560096740722656e+00
4.848913192749023438e+00
4.826320648193359375e+00
4.803477764129638672e+00
4.780599594116210938e+00
4.757606029510498047e+00
4.734341621398925781e+00
4.711022853851318359e+00
4.687644004821777344e+00
4.664049625396728516e+00
4.640383720397949219e+00
4.616566181182861328e+00
4.592740058898925781e+00
4.568826675415039062e+00
4.544746875762939453e+00
4.520645141601562500e+00
4.496368408203125000e+00
4.472061634063720703e+00
4.447648048400878906e+00
4.423202991485595703e+00
4.398653984069824219e+00
4.374153137207031250e+00
4.349554061889648438e+00
4.325007438659667969e+00
4.300369262695312500e+00
4.275641441345214844e+00
4.250976562500000000e+00
4.226451396942138672e+00
4.201920986175537109e+00
4.177388191223144531e+00
4.152930736541748047e+00
4.128477096557617188e+00
4.104254722595214844e+00
4.079967498779296875e+00
4.055768013000488281e+00
4.031658649444580078e+00
4.007790088653564453e+00
3.983868837356567383e+00
3.960192680358886719e+00
3.936541795730590820e+00
3.913140535354614258e+00
3.889841794967651367e+00
3.866720676422119141e+00
3.843704462051391602e+00
3.820868253707885742e+00
3.798211574554443359e+00
3.775735378265380859e+00
3.753365278244018555e+00
3.731175184249877930e+00
3.709239006042480469e+00
3.687406539916992188e+00
3.665826320648193359e+00
3.644347667694091797e+00
3.623118877410888672e+00
3.601988554000854492e+00
3.581252813339233398e+00
3.560463428497314453e+00
3.539991140365600586e+00
3.519757986068725586e+00
3.499614715576171875e+00
3.479633092880249023e+00
3.459884881973266602e+00
3.440368652343750000e+00
3.421008110046386719e+00
3.401801347732543945e+00
3.382821559906005859e+00
3.363917827606201172e+00
3.345312356948852539e+00
3.326855659484863281e+00
3.308547735214233398e+00
3.290389060974121094e+00
3.272528648376464844e+00
3.254745006561279297e+00
3.237188100814819336e+00
3.219859600067138672e+00
3.202687978744506836e+00
3.185601234436035156e+00
3.168825626373291016e+00
3.152141571044921875e+00
3.135701656341552734e+00
3.119436740875244141e+00
3.103351116180419922e+00
3.087450265884399414e+00
3.071814537048339844e+00
3.056301593780517578e+00
3.040992259979248047e+00
3.025819301605224609e+00
3.011013269424438477e+00
2.996358633041381836e+00
2.981938362121582031e+00
2.967760801315307617e+00
2.953760147094726562e+00
2.940168380737304688e+00
2.926697254180908203e+00
2.913430452346801758e+00
2.900526523590087891e+00
2.887697219848632812e+00
2.875323772430419922e+00
2.863193273544311523e+00
2.851240634918212891e+00
2.839624166488647461e+00
2.828204631805419922e+00
2.817139863967895508e+00
2.806365013122558594e+00
2.795888662338256836e+00
2.785645723342895508e+00
2.775792598724365234e+00
2.766189098358154297e+00
2.756843090057373047e+00
2.747910976409912109e+00
2.739250659942626953e+00
2.730869293212890625e+00
2.722847700119018555e+00
2.715042829513549805e+00
2.707534790039062500e+00
2.700328826904296875e+00
2.693578243255615234e+00
2.687064409255981445e+00
2.680716991424560547e+00
2.674759149551391602e+00
2.669042348861694336e+00
2.663640499114990234e+00
2.658478260040283203e+00
2.653629302978515625e+00
2.649017572402954102e+00
2.644567728042602539e+00
2.640426874160766602e+00
2.636444091796875000e+00
2.632692575454711914e+00
2.629244565963745117e+00
2.625875234603881836e+00
2.622657299041748047e+00
2.619663476943969727e+00
2.616966247558593750e+00
2.614342212677001953e+00
2.611789941787719727e+00
2.609457015991210938e+00
2.607269287109375000e+00
2.605152130126953125e+00
2.603180170059204102e+00
2.601354598999023438e+00
2.599676847457885742e+00
2.598074436187744141e+00
2.596549272537231445e+00
2.595104694366455078e+00
2.593744516372680664e+00
2.592472791671752930e+00
2.591294050216674805e+00
2.590214014053344727e+00
2.589164257049560547e+00
2.588299989700317383e+00
2.587405443191528320e+00
2.586711645126342773e+00
2.586003541946411133e+00
2.585364818572998047e+00
2.584805011749267578e+00
2.584408044815063477e+00
2.584035634994506836e+00
2.583772897720336914e+00
2.583556890487670898e+00
2.583621978759765625e+00
2.583608150482177734e+00
2.583750009536743164e+00
2.584060192108154297e+00
2.584476470947265625e+00
2.584936380386352539e+00
2.585675001144409180e+00
2.586407423019409180e+00
0.000000000000000000e+00
0.000000000000000000e+00
0.000000000000000000e+00
0.000000000000000000e+00
0.000000000000000000e+00
0.000000000000000000e+00
0.000000000000000000e+00
0.000000000000000000e+00
0.000000000000000000e+00
0.000000000000000000e+00
0.000000000000000000e+00
0.000000000000000000e+00
0.000000000000000000e+00
0.000000000000000000e+00
0.000000000000000000e+00
0.000000000000000000e+00
0.000000000000000000e+00
0.000000000000000000e+00
0.000000000000000000e+00
0.000000000000000000e+00
0.000000000000000000e+00
0.000000000000000000e+00
0.000000000000000000e+00
0.000000000000000000e+00
0.000000000000000000e+00
0.000000000000000000e+00
0.000000000000000000e+00
0.000000000000000000e+00
0.000000000000000000e+00
0.000000000000000000e+00
0.000000000000000000e+00
0.000000000000000000e+00
0.000000000000000000e+00
0.000000000000000000e+00
0.000000000000000000e+00
0.000000000000000000e+00
0.000000000000000000e+00
0.000000000000000000e+00
0.000000000000000000e+00
0.000000000000000000e+00
0.000000000000000000e+00
0.000000000000000000e+00
0.000000000000000000e+00
0.000000000000000000e+00
0.000000000000000000e+00
0.000000000000000000e+00
0.000000000000000000e+00
0.000000000000000000e+00
0.000000000000000000e+00
0.000000000000000000e+00
0.000000000000000000e+00
0.000000000000000000e+00
0.000000000000000000e+00
0.000000000000000000e+00
0.000000000000000000e+00
0.000000000000000000e+00
0.000000000000000000e+00
0.000000000000000000e+00
0.000000000000000000e+00
0.000000000000000000e+00
0.000000000000000000e+00
0.000000000000000000e+00
0.000000000000000000e+00
0.000000000000000000e+00
0.000000000000000000e+00
0.000000000000000000e+00
0.000000000000000000e+00
0.000000000000000000e+00
0.000000000000000000e+00
0.000000000000000000e+00
0.000000000000000000e+00
0.000000000000000000e+00
0.000000000000000000e+00
0.000000000000000000e+00
0.000000000000000000e+00
0.000000000000000000e+00
0.000000000000000000e+00
0.000000000000000000e+00
0.000000000000000000e+00
0.000000000000000000e+00
0.000000000000000000e+00
0.000000000000000000e+00
0.000000000000000000e+00
0.000000000000000000e+00
0.000000000000000000e+00
0.000000000000000000e+00
0.000000000000000000e+00
0.000000000000000000e+00
0.000000000000000000e+00
0.000000000000000000e+00
0.000000000000000000e+00
0.000000000000000000e+00
0.000000000000000000e+00
0.000000000000000000e+00
0.000000000000000000e+00
0.000000000000000000e+00
0.000000000000000000e+00
0.000000000000000000e+00
0.000000000000000000e+00
0.000000000000000000e+00
