# pp
8.674192175864575874e-09
5.268397210905981461e-09
3.636977392117558527e-09
2.699387866835817792e-09
2.098891654206431879e-09
1.686572061838441764e-09
1.388945606539028271e-09
1.165969567912880630e-09
9.938038870782210394e-10
8.579260718481345103e-10
7.483691895190545291e-10
6.585947417334095190e-10
5.840796902524027672e-10
5.214777368153565086e-10
4.683287880724389703e-10
4.228063987558894956e-10
3.835127169874442129e-10
3.493269430831168366e-10
3.193761438767191052e-10
2.929971570703694468e-10
2.696565849548020909e-10
2.488979430498063506e-10
2.303469436078585434e-10
2.137034543535507582e-10
1.987192351512052984e-10
1.851830749672097577e-10
1.729146784516891593e-10
1.617540270093534630e-10
1.515671309488250024e-10
1.422505308056506349e-10
1.337152870797216299e-10
1.258767599682129997e-10
1.186604971738777363e-10
1.120034284763345689e-10
1.058507354693038990e-10
1.001537981648093972e-10
9.486959914507791416e-11
8.995956962641697163e-11
8.538951503041968314e-11
8.112920184463876935e-11
7.715189477475424887e-11
7.343379928505800770e-11
6.995365091572494803e-11
6.669239354128431934e-11
6.363283303334987182e-11
6.075921111370616847e-11
5.805725646607429279e-11
5.551407856969660628e-11
5.311800810105814846e-11
5.085841354378586664e-11
4.872545957806497844e-11
4.671015919916890411e-11
4.480432555916153000e-11
4.300048702910007517e-11
4.129178603572297475e-11
3.967184107833388778e-11
3.813478057344957225e-11
3.667521770746247290e-11
3.528820282709961769e-11
3.396920009286526384e-11
3.271410171016305311e-11
3.151913017012916404e-11
3.038078989445945679e-11
2.929584202829564716e-11
2.826125904573034181e-11
2.727414150663442432e-11
2.633177691463452396e-11
2.543164583132794683e-11
2.457140553165621419e-11
2.374886095620574037e-11
2.296191166150569215e-11
2.220858777811623162e-11
2.148705330030365616e-11
2.079559533802404406e-11
2.013262489660395415e-11
1.949669742740271375e-11
1.888646960655279533e-11
1.830068146594997926e-11
1.773815022574098180e-11
1.719776105643317852e-11
1.667845182339917744e-11
1.617922029188254542e-11
1.569912338770369463e-11
1.523727304513029555e-11
1.479282891696759993e-11
1.436498508058586399e-11
1.395297827345709369e-11
1.355608840102278634e-11
1.317363564637434127e-11
1.280497616712688649e-11
1.244949500871121569e-11
1.210660920083577694e-11
1.177576729453940725e-11
1.145644735001856573e-11
1.114815507227203469e-11
1.085042208230533334e-11
1.056280431276756370e-11
1.028488051790908588e-11
1.001625088866242218e-11
9.756535764471856735e-12
9.505374434239330416e-12
9.262424019424149902e-12
9.027358432939178865e-12
8.799867408033577158e-12
8.579655591847808009e-12
8.366441698775533803e-12
8.159957719174557713e-12
7.959948179338639034e-12
7.766169448978307444e-12
7.578388137571518930e-12
7.396377757668839470e-12
7.219921247444627558e-12
7.048811400925779625e-12
6.882850342139389578e-12
6.721849031492000943e-12
6.565626802151135220e-12
6.414010924371337665e-12
6.266836195863965883e-12
6.123944556453796078e-12
5.985184725397394904e-12
5.850411859859177602e-12
5.719487233152163326e-12
5.592277931452457195e-12
5.468656567790367984e-12
5.348501012207337056e-12
5.231694137047386258e-12
5.118123576424971328e-12
5.007681498978654068e-12
4.900264393082253478e-12
4.795772595070374082e-12
4.694109323652701398e-12
4.595181358606694101e-12
4.498899140376941897e-12
4.405176601986418577e-12
4.313931009797149943e-12
4.225082812594910104e-12
4.138555498507226887e-12
4.054275459296239593e-12
3.972171861597699323e-12
3.892176524705236223e-12
3.814223804524665481e-12
3.738250483347086449e-12
3.664195665111775930e-12
3.592000675850546070e-12
3.521608969024530246e-12
3.452966035482273147e-12
3.386019317784759344e-12
3.320718128658540826e-12
3.257013573352703047e-12
3.194858485956163025e-12
3.134207388663747739e-12
3.075016392008682722e-12
3.017243120459250554e-12
2.960846651521811525e-12
2.905787457649753807e-12
2.852027350812620942e-12
2.799529429588030735e-12
2.748258028646974208e-12
2.698178670510386513e-12
2.649258019461874371e-12
2.601463837507952625e-12
2.554764942283241296e-12
2.509131166803772762e-12
2.464533320976955091e-12
2.420943154781751975e-12
2.378333323037369326e-12
2.336677351683212158e-12
2.295949605497014925e-12
2.256125257182034528e-12
2.217180257757831507e-12
2.179091308192694156e-12
2.141835832219024625e-12
2.105391950276074451e-12
2.069738454527352896e-12
2.034854753755859892e-12
2.000720759758363999e-12
1.967316963504820886e-12
1.934624445501195914e-12
1.902624855147981764e-12
1.871300390924336425e-12
1.840633781360648701e-12
1.810608266764212289e-12
1.781207581664424209e-12
1.752415937945629213e-12
1.724218008637251082e-12
1.696598912332402665e-12
1.669544198207507462e-12
1.643039831616857972e-12
1.617072180237250365e-12
1.591628000739061655e-12
1.566694425961239197e-12
1.542258952568770147e-12
1.518309429172190252e-12
1.494834044889666380e-12
1.471821318333095960e-12
1.449260087000536468e-12
1.427139497058084118e-12
1.405448993495120994e-12
1.384178310637575891e-12
1.363317502098534254e-12
1.342857046149734670e-12
1.322787714677220710e-12
1.303100525437391006e-12
1.283786734476755088e-12
1.264837828818589074e-12
1.246245519405896372e-12
1.228001734290569123e-12
1.210098612059066558e-12
1.192528495485364449e-12
1.175283925402328311e-12
1.158357634783044472e-12
1.141742543024010268e-12
1.125431750422428964e-12
1.109418532840193833e-12
1.093696336547448797e-12
1.078258773238929236e-12
1.063099615216559846e-12
1.048212790732067513e-12
1.033592379483626083e-12
1.019232608260797289e-12
1.005127846732275446e-12
9.912726033711569789e-13
9.776615215126945549e-13
9.642893755396704904e-13
9.511510671907577318e-13
9.382416219873950599e-13
9.255561857748964215e-13
9.130900213736914027e-13
9.008385053367439065e-13
8.887971248093637128e-13
8.769614744877772657e-13
8.653272536729575159e-13
8.538902634163605778e-13
8.426464037543421662e-13
8.315916710281562275e-13
8.207221552865555112e-13
8.100340377681328785e-13
7.995235884606460439e-13
7.891871637346855781e-13
7.790212040491311224e-13
7.690222317259555688e-13
7.591868487920124929e-13
7.495117348855472394e-13
7.399936452252442536e-13
7.306294086397122167e-13
7.214159256553869931e-13
7.123501666409030847e-13
7.034291700060593081e-13
6.946500404535776191e-13
6.860099683849759638e-13
6.775062902220988093e-13
6.691364212067297180e-13
6.608978325199076301e-13
6.527880498863849187e-13
6.448046522187947595e-13
6.369453078237062118e-13
6.292075855041810238e-13
6.215892927730958355e-13
6.140882782944828423e-13
6.067022946785765182e-13
5.994291469681312410e-13
5.922668213202098448e-13
5.852133412545751182e-13
5.782666427199743448e-13
5.714247091555124863e-13
5.646856887779220766e-13
5.580477637717570227e-13
5.515090363801326444e-13
5.450676519196329336e-13
5.387219058191882825e-13
5.324701244286243088e-13
5.263105610285403310e-13
5.202415080192775075e-13
5.142613947287677895e-13
5.083686786670744452e-13
5.025617504739364557e-13
4.968390363642385907e-13
4.911990876093019876e-13
4.856404811972096946e-13
4.801617328451518100e-13
4.747613906628962050e-13
4.694381171128577950e-13
4.641905981517960940e-13
4.590174635305092673e-13
4.539173725306951219e-13
4.488890891219288153e-13
4.439313987619680143e-13
4.390430352902905949e-13
4.342227595004914568e-13
4.294694281354638648e-13
4.247819176129080530e-13
4.201590568932126044e-13
4.155996995674384040e-13
4.111027872641964536e-13
4.066672796456659036e-13
4.022920926956274390e-13
3.979761649307200029e-13
3.937185157325774680e-13
3.895181810290863324e-13
3.853741648638428136e-13
3.812855249048071076e-13
3.772514003289911800e-13
3.732709442274163715e-13
3.693432713268097678e-13
3.654675140528707327e-13
3.616428720776608190e-13
3.578685578831027171e-13
3.541437485573968475e-13
3.504676374467283058e-13
3.468394798716239389e-13
3.432585429573299048e-13
3.397240611447568698e-13
3.362352838242681496e-13
3.327915175569192009e-13
3.293920797924258331e-13
3.260362577699992569e-13
3.227233524886620607e-13
3.194527177363907511e-13
3.162237173540242858e-13
3.130356872330469267e-13
3.098879759419671167e-13
3.067799808370301506e-13
3.037111085639494191e-13
3.006807398879938484e-13
2.976882672648303570e-13
2.947331282802403900e-13
2.918147691114746681e-13
2.889326119502998657e-13
2.860860897789013778e-13
2.832746773625635754e-13
2.804978574191811134e-13
2.777550904185566543e-13
2.750458467991011806e-13
2.723696357164137887e-13
2.697259736933866875e-13
2.671143565993369421e-13
2.645342895209842787e-13
2.619853134510074375e-13
2.594669762125938924e-13
2.569788064401860077e-13
2.545203412982711031e-13
2.520911512770583151e-13
2.496908132045201723e-13
2.473188860668833499e-13
2.449749367508635935e-13
2.426585630983868941e-13
2.403693688364048349e-13
2.381069410899561151e-13
2.358708743073998494e-13
2.336607953563956949e-13
2.314763509835860094e-13
2.293171756692187124e-13
2.271829102049671829e-13
2.250732216792950812e-13
2.229877818040564427e-13
2.209262474324857581e-13
2.188882812821780596e-13
2.168735705576347826e-13
2.148818067714845383e-13
2.129126675867239232e-13
2.109658361194399036e-13
2.090410183035664413e-13
2.071379240902260572e-13
2.052562505124794425e-13
2.033956996778054656e-13
2.015559949710761908e-13
1.997368635256361770e-13
1.979380204175362171e-13
1.961591854482880776e-13
1.944000982738947324e-13
1.926605020504387888e-13
1.909401286726699429e-13
1.892387144389556314e-13
1.875560141867948748e-13
1.858917860239763204e-13
1.842457775335496394e-13
1.826177404051027550e-13
1.810074436504648043e-13
1.794146593390092914e-13
1.778391496975371647e-13
1.762806807849463738e-13
1.747390348557247105e-13
1.732139970247879101e-13
1.717053431967093648e-13
1.702128528544318367e-13
1.687363206325999061e-13
1.672755438435156839e-13
1.658303111755161362e-13
1.644004146605498895e-13
1.629856605143490929e-13
1.615858574607109029e-13
1.602008061437100932e-13
1.588303103336641038e-13
1.574741870865438414e-13
1.561322558089078084e-13
1.548043283330895475e-13
1.534902194162477982e-13
1.521897562672250784e-13
1.509027682991223224e-13
1.496290793905501759e-13
1.483685223752644687e-13
1.471209431634012363e-13
1.458861895506920553e-13
1.446641024862730144e-13
1.434545253081153084e-13
1.422573121377162783e-13
1.410723188687312901e-13
1.398993949678277317e-13
1.387383921421849047e-13
1.375891801516276676e-13
1.364515987137134265e-13
1.353255213887279927e-13
1.342108228669944669e-13
1.331073491744973618e-13
1.320149786412821297e-13
1.309335762409677401e-13
1.298630089214802905e-13
1.288031595765210666e-13
1.277538845598587682e-13
1.267150701232454995e-13
1.256866035281766614e-13
1.246683466935191715e-13
1.236601900990290328e-13
1.226620124149927325e-13
1.216736940552863302e-13
1.206951295479092037e-13
1.197261899265422849e-13
1.187667726926628478e-13
1.178167762515341906e-13
1.168760765568720616e-13
1.159445748655433154e-13
1.150221619715028106e-13
1.141087302118242935e-13
1.132041844416023191e-13
1.123084086761543024e-13
1.114213104089267476e-13
1.105427979436291257e-13
1.096727596544265145e-13
1.088111063768716792e-13
1.079577396583756610e-13
1.071125624148519316e-13
1.062754886862373787e-13
1.054464139915511073e-13
1.046252547163480921e-13
1.038119279737344863e-13
1.030063331521845138e-13
1.022083896171278998e-13
1.014180084730096863e-13
1.006351020403213179e-13
9.985959278623199240e-14
9.909138764971901240e-14
9.833041236933958682e-14
9.757659331271960942e-14
9.682984102992421992e-14
9.609008384686027023e-14
9.535724270450373121e-14
9.463123960289124529e-14
9.391200535243880548e-14
9.319945603082413398e-14
9.249352426766911507e-14
9.179414325974709247e-14
9.110123208545722956e-14
9.041472569091569970e-14
8.973455243052341458e-14
8.906064160364932030e-14
8.839293038216365803e-14
8.773134277357952747e-14
8.707581757681141654e-14
8.642629410281652265e-14
8.578269903895471034e-14
8.514497326161564528e-14
8.451305175329204812e-14
8.388687034114214578e-14
8.326637189880735100e-14
8.265148751694897985e-14
8.204216152687319880e-14
8.143833872279572360e-14
8.083995259284319039e-14
8.024694933445285221e-14
7.965926986624546899e-14
7.907685586314751440e-14
7.849965531766495803e-14
7.792760565832132387e-14
7.736065618569161545e-14
7.679875661938241479e-14
7.624184653637595801e-14
7.568987691614652862e-14
7.514279400252959064e-14
7.460054471767323451e-14
7.406308165688630227e-14
7.353034792921422725e-14
7.300229730565780301e-14
7.247888393700177927e-14
7.196005286074665070e-14
7.144575936061473808e-14
7.093595446525886042e-14
7.043058981267001226e-14
6.992962214322449119e-14
6.943299966559663999e-14
6.894068051151384281e-14
6.845262447878307988e-14
6.796878346830454798e-14
6.748911857108907996e-14
6.701358701831044701e-14
6.654214655910624404e-14
6.607475950873148578e-14
6.561138046835622521e-14
6.515197264903093350e-14
6.469649954638834757e-14
6.424491723706765018e-14
6.379719008123163709e-14
6.335327896085532012e-14
6.291314893134153660e-14
6.247675068296435042e-14
6.204406482268629559e-14
6.161504294459678055e-14
6.118965172346550572e-14
6.076786504449792911e-14
6.034962922875763419e-14
5.993491902045431233e-14
5.952370906357542647e-14
5.911594746697402162e-14
5.871160970351000856e-14
5.831066470557574768e-14
5.791306891175690758e-14
5.751880478616068308e-14
5.712782955557475353e-14
5.674011356810608052e-14
5.635562739818520726e-14
5.597432988303782461e-14
5.559620430816468794e-14
5.522121024974221780e-14
5.484931961042913608e-14
5.448051019855217026e-14
5.411473726570298306e-14
5.375197932349538109e-14
5.339221481316376513e-14
5.303540043896118560e-14
5.268151532135672818e-14
5.233053322782282257e-14
5.198241767906069695e-14
5.163715354423563981e-14
5.129470499083037564e-14
5.095504695159611973e-14
5.061815454862063796e-14
5.028399326168917075e-14
4.995254865876010923e-14
4.962378682706216432e-14
4.929768398385830535e-14
4.897422128405976441e-14
4.865336162155459588e-14
4.833508709626479095e-14
4.801937975294199656e-14
4.770620372874861391e-14
4.739554161548479045e-14
4.708737159417626700e-14
4.678166339164699876e-14
4.647840433279486129e-14
4.617756466609728742e-14
4.587912351286950134e-14
4.558306014771528800e-14
4.528934587716824786e-14
4.499796859333036135e-14
4.470890009355012059e-14
4.442212053775886038e-14
4.413761410494953953e-14
4.385534962213689466e-14
4.357531173669552216e-14
4.329748505769999470e-14
4.302183937189192617e-14
4.274835974153409105e-14
4.247702758110074607e-14
4.220781729993720913e-14
4.194071789173615431e-14
4.167570419851327091e-14
4.141275841690169746e-14
4.115186287296601679e-14
4.089299328042069685e-14
4.063613911910672412e-14
4.038127651047339182e-14
4.012838851816481443e-14
3.987746154821538902e-14
3.962846924939640164e-14
3.938139841729257495e-14
3.913623582146455839e-14
3.889295590334697270e-14
3.865154580970226720e-14
3.841198965575294532e-14
3.817426572441000239e-14
3.793836444321426566e-14
3.770426445561024646e-14
3.747195053036440101e-14
3.724140754590858384e-14
3.701261486739671094e-14
3.678556333989258941e-14
3.656023266881164256e-14
3.633660834977847494e-14
3.611467867091411506e-14
3.589442126974018686e-14
3.567582482694413102e-14
3.545887827279755591e-14
3.524356029873728244e-14
3.502986020737724730e-14
3.481776476496969306e-14
3.460725585453680589e-14
3.439832551326135037e-14
3.419095591583826852e-14
3.398513435676907274e-14
3.378084821889479737e-14
3.357808026259730468e-14
3.337682285994386442e-14
3.317705904702923319e-14
3.297877670636529776e-14
3.278196605922301264e-14
3.258660839094134762e-14
3.239269418682351335e-14
3.220021391705426436e-14
3.200914940213063362e-14
3.181949136831374239e-14
3.163122841480652135e-14
3.144434503875271936e-14
3.125883426857616362e-14
3.107468084674266883e-14
3.089187381792715290e-14
3.071040230228796426e-14
3.053025153183782579e-14
3.035141482478098836e-14
3.017387764533895536e-14
2.999762953559282263e-14
2.982266200857997914e-14
2.964895905199279661e-14
2.947651240145916013e-14
2.930531378289600760e-14
2.913534763226521334e-14
2.896660589150732298e-14
2.879907871114999946e-14
2.863275278143430687e-14
2.846762199028984459e-14
2.830367323510911413e-14
2.814089704351444153e-14
2.797928400781378777e-14
2.781882143631976432e-14
2.765950346815293747e-14
2.750131760795317159e-14
2.734425480562986448e-14
2.718830607261846535e-14
2.703346248174636847e-14
2.687971202049662534e-14
2.672704909521071941e-14
2.657545884038144181e-14
2.642493908313834109e-14
2.627547542003914326e-14
2.612706271797305670e-14
2.597969281639639050e-14
2.583335175295503161e-14
2.568803455372135133e-14
2.554373617759592776e-14
2.540044299932689031e-14
2.525814730058501622e-14
2.511684419622759590e-14
2.497652047421332635e-14
2.483717410511589757e-14
2.469879208914002759e-14
2.456136971299555042e-14
2.442489691238410047e-14
2.428936639792399297e-14
2.415477092789846278e-14
2.402110330816230748e-14
2.388835385041452534e-14
2.375651804759321544e-14
2.362558635548304128e-14
2.349555184252440875e-14
2.336640762249424153e-14
2.323814443649865996e-14
2.311075795441954869e-14
2.298423905426625040e-14
2.285858109945394079e-14
2.273377749662236863e-14
2.260982169554153323e-14
2.248670491058780771e-14
2.236442300059520275e-14
2.224296507537705531e-14
2.212232931078863373e-14
2.200250498737597683e-14
2.188348810659046318e-14
2.176527247683390430e-14
2.164784769302460842e-14
2.153120987556436518e-14
2.141535510098591073e-14
2.130027320656492838e-14
2.118595832157476943e-14
2.107240663901516178e-14
2.095960829152093893e-14
2.084756155406544162e-14
2.073625671225156565e-14
2.062569008911065801e-14
2.051585410774358715e-14
2.040674321430991884e-14
2.029835189070251952e-14
2.019067469108485445e-14
2.008370449310975764e-14
1.997743799509630594e-14
1.987186821202641123e-14
1.976699006618389932e-14
1.966279851146777137e-14
1.955928676222235976e-14
1.945645164002382493e-14
1.935428645492560394e-14
1.925278633530497449e-14
1.915194643974958615e-14
1.905176195699633619e-14
1.895222643269036492e-14
1.885333682027245222e-14
1.875508511418617255e-14
1.865746996793375146e-14
1.856048349583721253e-14
1.846412275117653738e-14
1.836838317400569755e-14
1.827325709972388406e-14
1.817874166508391561e-14
1.808483397575670549e-14
1.799152653772988603e-14
1.789881501677122084e-14
1.780669660037377830e-14
1.771516400280264824e-14
1.762421594603720910e-14
1.753384525227366988e-14
1.744404920044224733e-14
1.735482218660605006e-14
1.726616009984669483e-14
1.717805885444484617e-14
1.709051438982286927e-14
1.700352129454090308e-14
1.691707695921535607e-14
1.683117604700493240e-14
1.674581463382864075e-14
1.666098881965907048e-14
1.657669341410338715e-14
1.649292590329738604e-14
1.640968116803332424e-14
1.632695543859946639e-14
1.624474496830437628e-14
1.616304603342059529e-14
1.608185368856180414e-14
1.600116552274913889e-14
1.592097543595259869e-14
1.584128228379410354e-14
1.576208005467454983e-14
1.568336641455098011e-14
1.560513785670293749e-14
1.552738866960163737e-14
1.545011674697591363e-14
1.537331995988109057e-14
1.529699274550670390e-14
1.522113189645616401e-14
1.514573534115503901e-14
1.507079766487275663e-14
1.499631794060261347e-14
1.492229083026268792e-14
1.484871432627540650e-14
1.477558426347748918e-14
1.470289759198080487e-14
1.463065127962689342e-14
1.455884231195152997e-14
1.448746666067846310e-14
1.441652239620781130e-14
1.434600554321686413e-14
1.427591318400108427e-14
1.420624241781882310e-14
1.413698937379457508e-14
1.406815218929934167e-14
1.399972704409012284e-14
1.393171112998975262e-14
1.386410165508803954e-14
1.379689584370656451e-14
1.373008999974856145e-14
1.366368233273959556e-14
1.359766827432155541e-14
1.353204698587337790e-14
1.346681396236866303e-14
1.340196746763754065e-14
1.333750486055352259e-14
1.327342175260140681e-14
1.320971645284744576e-14
1.314638725482979135e-14
1.308342986053516216e-14
1.302084174922317323e-14
1.295862125881284293e-14
1.289676420158299079e-14
1.283526978133776141e-14
1.277413386785447904e-14
1.271335484909752153e-14
1.265292948134219751e-14
1.259285536454999521e-14
1.253313011243780362e-14
1.247375135244537035e-14
1.241471594393320274e-14
1.235602233668029062e-14
1.229766743029332588e-14
1.223964894644763016e-14
1.218196470125549224e-14
1.212461179394567486e-14
1.206758884690788252e-14
1.201089299551512308e-14
1.195452214232697446e-14
1.189847420137914529e-14
1.184274709816283834e-14
1.178733805720909917e-14
1.173224575115255148e-14
1.167746673845653113e-14
1.162300041449066610e-14
1.156884338334133222e-14
1.151499435582212459e-14
1.146145135316767871e-14
1.140821106377887157e-14
1.135527289681026370e-14
1.130263358433826222e-14
1.125029122370883173e-14
1.119824522233342783e-14
1.114649237670708215e-14
1.109503081511423239e-14
1.104385740806312010e-14
1.099297285048745008e-14
1.094237277546690453e-14
1.089205661950630752e-14
1.084202256125266511e-14
1.079226757266811788e-14
1.074278988237493951e-14
1.069358892538969697e-14
1.064466173276836632e-14
1.059600656174330668e-14
1.054762167895433065e-14
1.049950536042967374e-14
1.045165589156617670e-14
1.040407042747712913e-14
1.035674843035492706e-14
1.030968821332091511e-14
1.026288698663077779e-14
1.021634310893126870e-14
1.017005604185992433e-14
1.012402196421150475e-14
1.007824144063944985e-14
1.003271177065611628e-14
9.987431356690738378e-15
9.942397558926422277e-15
9.897609864840188948e-15
9.853066702522547209e-15
9.808765482835192382e-15
9.764705693265405360e-15
9.720884791664133857e-15
9.677301332826589053e-15
9.633953892661418272e-15
9.590842039875962557e-15
9.547962386062150138e-15
9.505314522376978132e-15
9.462897053796130155e-15
9.420707637974968445e-15
9.378745864038105172e-15
9.337010358425343477e-15
9.295498822714320387e-15
9.254209919819290275e-15
9.213143236818343977e-15
9.172295608136744039e-15
9.131666641663385153e-15
9.091255923214086044e-15
9.051060350646670236e-15
9.011079530326019419e-15
8.971312172332024923e-15
8.931756125354927174e-15
8.892410133230796055e-15
8.853273800639998608e-15
8.814345016110623316e-15
8.775622542528809531e-15
8.737105983736532393e-15
8.698792439271975896e-15
8.660681532043480938e-15
8.622772049948056583e-15
8.585062787106418960e-15
8.547551741112558446e-15
8.510238533679426612e-15
8.473121187011153249e-15
8.436198538174464996e-15
8.399470208245035297e-15
8.362934255768078775e-15
8.326589535451476498e-15
8.290434147506031375e-15
8.254468484697265633e-15
8.218689904262076097e-15
8.183098044213339568e-15
8.147691788021938521e-15
8.112469293365749197e-15
8.077429472009477301e-15
8.042571961529666467e-15
8.007894953146594912e-15
7.973397375030985896e-15
7.939078160753298222e-15
7.904936249273179164e-15
7.870970584928571875e-15
7.837179429386647416e-15
7.803562445000467490e-15
7.770118635860468550e-15
7.736846347275787341e-15
7.703744617185341905e-15
7.670813150446923550e-15
7.638049664494095216e-15
7.605454530748811750e-15
7.573026143258736103e-15
7.540763562964580339e-15
7.508665217658151096e-15
7.476730824686267808e-15
7.444959458507854892e-15
7.413349574692502542e-15
7.381900889538088159e-15
7.350611876855819932e-15
7.319481642870264949e-15
7.288509298071766688e-15
7.257694557624087201e-15
7.227035335217268900e-15
7.196531359038817128e-15
7.166181756578104903e-15
7.135985076861987362e-15
7.105941047205903052e-15
7.076048807663827569e-15
7.046306932707563572e-15
7.016714583489644883e-15
6.987271486512005919e-15
6.957975683985537004e-15
6.928826914548918275e-15
6.899824904236083738e-15
6.870967731992571255e-15
6.842255135845670886e-15
6.813686304677958937e-15
6.785259898331792052e-15
6.756975125317580105e-15
6.728831723029089217e-15
6.700828374540102731e-15
6.672964299608845964e-15
6.645239235379718218e-15
6.617651377888315902e-15
6.590200475464424889e-15
6.562885762647356070e-15
6.535706477655124071e-15
6.508661367205719866e-15
6.481750179246753826e-15
6.454971674920802844e-15
6.428325117655701189e-15
6.401810255249786240e-15
6.375425870167637178e-15
6.349171236307207561e-15
6.323045165709717004e-15
6.297047909498273834e-15
6.271177845114861961e-15
6.245434761250952875e-15
6.219817979258075266e-15
6.194326369915122195e-15
6.168959270708499738e-15
6.143716469327897030e-15
6.118596855582646592e-15
6.093599775997131520e-15
6.068724580073923068e-15
6.043970620289661207e-15
6.019337252090737196e-15
5.994823405611228395e-15
5.970428876635560770e-15
5.946153029417247192e-15
5.921994812011953190e-15
5.897953603552379953e-15
5.874029199152614949e-15
5.850220154217671459e-15
5.826526679729372039e-15
5.802947752868007720e-15
5.779482766778933491e-15
5.756130718694499676e-15
5.732891411655481111e-15
5.709764247052335970e-15
5.686748238772137885e-15
5.663843189516328442e-15
5.641048124119086886e-15
5.618362463081131739e-15
5.595785629515295614e-15
5.573317425811168393e-15
5.550956524302176416e-15
5.528702735258366528e-15
5.506555492200849458e-15
5.484513865068117889e-15
5.462577663877035335e-15
5.440746329847487724e-15
5.419018948258248408e-15
5.397394973013984907e-15
5.375874213983085280e-15
5.354455420460885550e-15
5.333138409693271168e-15
5.311922991512593450e-15
5.290807937299877483e-15
5.269793064182263853e-15
5.248877843120849508e-15
5.228061410884673327e-15
5.207343250288432922e-15
5.186723178397407198e-15
5.166200348860158459e-15
5.145774265359846017e-15
5.125444761633984798e-15
5.105210696041394071e-15
5.085071908889626275e-15
5.065027915271446809e-15
5.045078232423034245e-15
5.025222065703242341e-15
5.005459254970130594e-15
4.985789014112893850e-15
4.966210875248391524e-15
4.946724677981693053e-15
4.927329648823956304e-15
4.908025326013443545e-15
4.888810950590372144e-15
4.869686665308397540e-15
4.850651418036868148e-15
4.831705054237447485e-15
4.812847122161563117e-15
4.794076882938920001e-15
4.775393894738696696e-15
4.756798002829587931e-15
4.738288480108066257e-15
4.719864890493572962e-15
4.701526799801556795e-15
4.683273775740588321e-15
4.665105387909357507e-15
4.647021207793583761e-15
4.629020264945541362e-15
4.611102685794871863e-15
4.593268047384564156e-15
4.575515928632103939e-15
4.557845381066404794e-15
4.540256523743514160e-15
4.522748941100956932e-15
4.505321182179259997e-15
4.487974401488552357e-15
4.470707155135960320e-15
4.453519045210116268e-15
4.436409675488586425e-15
4.419379152875739372e-15
4.402426078279885586e-15
4.385551060102272903e-15
4.368753698923437545e-15
4.352032620850366181e-15
4.335387934562987630e-15
4.318819255667155024e-15
4.302326201436602220e-15
4.285908390809995825e-15
4.269565444387917802e-15
4.253296516979844984e-15
4.237101715167732979e-15
4.220980673370504544e-15
4.204933027589034906e-15
4.188957958779308456e-15
4.173055568770033340e-15
4.157225047624969385e-15
4.141466494132172998e-15
4.125779107363702509e-15
4.110162983147308858e-15
4.094616890654055650e-15
4.079141367424593975e-15
4.063736063235744889e-15
4.048399769020712130e-15
4.033133009367772529e-15
4.017934589450671339e-15
4.002805025381554038e-15
3.987743136398438001e-15
3.972749430295148186e-15
3.957823153737357431e-15
3.942963565742369219e-15
3.928170753768939122e-15
3.913444390416681796e-15
3.898783746852556153e-15
3.884189306771704916e-15
3.869659943890206676e-15
3.855195344163089635e-15
3.840795587263569726e-15
3.826459964155627215e-15
3.812188552034558646e-15
3.797980649623033468e-15
3.783836331704130696e-15
3.769754524803105194e-15
3.755735686145299574e-15
3.741779504638617221e-15
3.727884925462528913e-15
3.714052394979840695e-15
3.700280870580980368e-15
3.686570426134644860e-15
3.672921127243987743e-15
3.659331949337885265e-15
3.645803321246612821e-15
3.632334230241672692e-15
3.618924390797272570e-15
3.605574221557027586e-15
3.592282727237388964e-15
3.579049972856186529e-15
3.565875326081147604e-15
3.552758849825544968e-15
3.539699918565769942e-15
3.526698594050732663e-15
3.513754597976945612e-15
3.500866986246489942e-15
3.488036160182322002e-15
3.475261516126473765e-15
3.462542787581766957e-15
3.449880034649999727e-15
3.437272663351316062e-15
3.424720089083697971e-15
3.412222694549046052e-15
3.399779577912996958e-15
3.387391115879065377e-15
3.375056416853438869e-15
3.362775851649551682e-15
3.350548538791558425e-15
3.338374228440160757e-15
3.326253282730267476e-15
3.314184835095187174e-15
3.302168940380904217e-15
3.290205047294885492e-15
3.278293208896711841e-15
3.266432879720447400e-15
3.254624111086173183e-15
3.242866363293875734e-15
3.231159395493480558e-15
3.219502967803736112e-15
3.207897128163226175e-15
3.196341348185745289e-15
3.184835390925314850e-15
3.173379020398254539e-15
3.161972001581537549e-15
3.150614100411111886e-15
3.139305360062931550e-15
3.128044994101533311e-15
3.116832776485216132e-15
3.105669024377796624e-15
3.094552964439373932e-15
3.083484641144343438e-15
3.072463827056066884e-15
3.061490295682395372e-15
3.050563295743200662e-15
3.039683396099760358e-15
3.028849848919151627e-15
3.018062436240511318e-15
3.007321197403242962e-15
2.996625656587083949e-15
2.985975598462843449e-15
2.975370808564506972e-15
2.964811323464510557e-15
2.954296677168052173e-15
2.943826658471257540e-15
2.933401059616448832e-15
2.923019674326072554e-15
2.912682297149409910e-15
2.902388723461097292e-15
2.892138749459618371e-15
2.881931933992155172e-15
2.871768315982390996e-15
2.861647694060999821e-15
2.851569867676459835e-15
2.841534404677268171e-15
2.831541341388128964e-15
2.821590479671734935e-15
2.811681165800465594e-15
2.801813892017851916e-15
2.791988007552010978e-15
2.782203321572983834e-15
2.772459643999125386e-15
2.762757006860997125e-15
2.753094777500513017e-15
2.743473209482816283e-15
2.733892111743865730e-15
2.724350861891008085e-15
2.714849493028667777e-15
2.705387820304807537e-15
2.695965659605139516e-15
2.686582827551704554e-15
2.677239141501439603e-15
2.667934211170628146e-15
2.658668066258018794e-15
2.649440526290962805e-15
2.640251411525949659e-15
2.631100339527265671e-15
2.621987337860224970e-15
2.612912027942174406e-15
2.603874436301151749e-15
2.594874188169328297e-15
2.585911309064732829e-15
2.576985231761464636e-15
2.568096179368027314e-15
2.559243978513013190e-15
2.550428071038751788e-15
2.541648675083831494e-15
2.532905238435754342e-15
2.524197975975552969e-15
2.515526341369377278e-15
2.506890546296672656e-15
2.498290236223341601e-15
2.489725061721410095e-15
2.481195045978336096e-15
2.472700026322660718e-15
2.464239661427543644e-15
2.455814157130405653e-15
2.447422993375717737e-15
2.439066016103463307e-15
2.430743249217726022e-15
2.422454360355025818e-15
2.414199372522898835e-15
2.405977956648608135e-15
2.397790134866308818e-15
2.389635409131668017e-15
2.381513974977911099e-15
2.373425680014632958e-15
2.365370034025352895e-15
2.357347228249212009e-15
2.349356777603131895e-15
2.341398704240994699e-15
2.333473026966315756e-15
2.325579268290425560e-15
2.317717612503003743e-15
2.309887587108653787e-15
2.302089050739164320e-15
2.294322183635571759e-15
2.286586520671086912e-15
2.278882080776231721e-15
2.271208564203927666e-15
2.263565989116666839e-15
2.255954058693386376e-15
2.248372790348525630e-15
2.240822044294151737e-15
2.233301374810386998e-15
2.225810953249746814e-15
2.218350489974874145e-15
2.210919850001443289e-15
2.203519048597843259e-15
2.196147800350911365e-15
2.188805823824860065e-15
2.181493282996797851e-15
2.174209750282310370e-15
2.166955387276224276e-15
2.159729770801547104e-15
2.152533060110565299e-15
2.145364836385919091e-15
2.138224972240081529e-15
2.131113623468540316e-15
2.124030377689244827e-15
2.116975248709700059e-15
2.109947969729178007e-15
2.102948553922501050e-15
2.095976737058313216e-15
2.089032532243764848e-15
2.082115680527353897e-15
2.075226062104586152e-15
2.068363557616977914e-15
2.061528181647245824e-15
2.054719680713830023e-15
2.047937936806234581e-15
2.041182832356755926e-15
2.034454250239678208e-15
2.027752073770455643e-15
2.021076315722015958e-15
2.014426601525427135e-15
2.007802818004410178e-15
2.001205106075112224e-15
1.994633096833813341e-15
1.988086803773304441e-15
1.981566113259675302e-15
1.975070912093303350e-15
1.968600840896714685e-15
1.962156159334114837e-15
1.955736509563763412e-15
1.949341782155851456e-15
1.942971988640983695e-15
1.936626898486576113e-15
1.930306403484712053e-15
1.924010395829003874e-15
1.917738885990223648e-15
1.911491647767311754e-15
1.905268574566483614e-15
1.899069560192403168e-15
1.892894498847420039e-15
1.886743285130788176e-15
1.880615814037875798e-15
1.874511980959370234e-15
1.868431568966473081e-15
1.862374588206588126e-15
1.856340935239693745e-15
1.850330507017893713e-15
1.844343090656302044e-15
1.838378695340516094e-15
1.832437219182435168e-15
1.826518343874128495e-15
1.820622187514507931e-15
1.814748649356714304e-15
1.808897629040177456e-15
1.803068814540175490e-15
1.797262320658228219e-15
1.791477838451356458e-15
1.785715481101171904e-15
1.779975150121799995e-15
1.774256541672340345e-15
1.768559564070618875e-15
1.762884330482361989e-15
1.757230747025311453e-15
1.751598518411884133e-15
1.745987554799445569e-15
1.740397966215680814e-15
1.734829461705615025e-15
1.729282149765205191e-15
1.723755742297472788e-15
1.718250151073609752e-15
1.712765288177924661e-15
1.707301259095638345e-15
1.701857589304497675e-15
1.696434767945195788e-15
1.691032132268083965e-15
1.685649787968157320e-15
1.680287836895407861e-15
1.674945816550351389e-15
1.669624016269360982e-15
1.664322163090221784e-15
1.659040172236905228e-15
1.653777776414514211e-15
1.648535258104320335e-15
1.643312349625448689e-15
1.638108967426369002e-15
1.632924849367153922e-15
1.627760271259331039e-15
1.622614793634023127e-15
1.617488689035623873e-15
1.612381522450394162e-15
1.607293389090335217e-15
1.602224034336247202e-15
1.597173724313224004e-15
1.592142032754649725e-15
1.587129052263817401e-15
1.582134702572519663e-15
1.577158735153312952e-15
1.572201240702149277e-15
1.567261973075515633e-15
1.562341021717203537e-15
1.557438307809295824e-15
1.552553588747475743e-15
1.547686952141899419e-15
1.542838157712754185e-15
1.538007291866290890e-15
1.533194116623899578e-15
1.528398717206686508e-15
1.523620857914171439e-15
1.518860464764555695e-15
1.514117621713388604e-15
1.509392098847838943e-15
1.504683825866893181e-15
1.499992887403857594e-15
1.495319057297977042e-15
1.490662265983164875e-15
1.486022596371557511e-15
1.481399674088667089e-15
1.476793733963972999e-15
1.472204555161521152e-15
1.467632069321954102e-15
1.463076208323157613e-15
1.458536904279865836e-15
1.454014236221424461e-15
1.449507842602970758e-15
1.445017803705815468e-15
1.440544196952642518e-15
1.436086666144744104e-15
1.431645289940494607e-15
1.427220002100862756e-15
1.422810736620271001e-15
1.418417427726146258e-15
1.414040009878464338e-15
1.409678417769290440e-15
1.405332447930312632e-15
1.401002175362372023e-15
1.396687535438204415e-15
1.392388327537144143e-15
1.388104760653789129e-15
1.383836499108888186e-15
1.379583481311484007e-15
1.375345912656992097e-15
1.371123462387567057e-15
1.366916069546778358e-15
1.362723804691092216e-15
1.358546605212201392e-15
1.354384278785009005e-15
1.350236765285995819e-15
1.346104133384449910e-15
1.341986321349815174e-15
1.337883140420155784e-15
1.333794531299059356e-15
1.329720560825347633e-15
1.325661042858350458e-15
1.321615918712322141e-15
1.317585253883654578e-15
1.313568864814944050e-15
1.309566693427798344e-15
1.305578681841824402e-15
1.301604893806817702e-15
1.297645149543857333e-15
1.293699393750619462e-15
1.289767571704889044e-15
1.285849628867200717e-15
1.281945629206661967e-15
1.278055281285618220e-15
1.274178767159757935e-15
1.270315798197298085e-15
1.266466438483646143e-15
1.262630749877556986e-15
1.258808447901530320e-15
1.254999709496719496e-15
1.251204252919209483e-15
1.247422140155208850e-15
1.243653318655745516e-15
1.239897736050909361e-15
1.236155340149520701e-15
1.232425968283509004e-15
1.228709680406894514e-15
1.225006424852949635e-15
1.221316150132384662e-15
1.217638696525415047e-15
1.213974122412044898e-15
1.210322376823711793e-15
1.206683302212821808e-15
1.203056955806875949e-15
1.199443287155186158e-15
1.195842140851495604e-15
1.192253468400965498e-15
1.188677325527753969e-15
1.185113662461036163e-15
1.181562326596473419e-15
1.178023270080330064e-15
1.174496547177423224e-15
1.170982108791682388e-15
1.167479704136617224e-15
1.163989488369598354e-15
1.160511412892801790e-15
1.157045230469717176e-15
1.153591093666685517e-15
1.150148855979651226e-15
1.146718470968588174e-15
1.143299989755856486e-15
1.139893267813795530e-15
1.136498259168682153e-15
1.133114917998907081e-15
1.129743198634719722e-15
1.126383055557969617e-15
1.123034443401845131e-15
1.119697410974151221e-15
1.116371724995208182e-15
1.113057436572850253e-15
1.109754595374680036e-15
1.106462972905391571e-15
1.103182619579962563e-15
1.099913492872584845e-15
1.096655550396720879e-15
1.093408749904863355e-15
1.090172959427654180e-15
1.086948317165977310e-15
1.083734602011466251e-15
1.080531862123494920e-15
1.077340055938655986e-15
1.074159054394578894e-15
1.070988904714264004e-15
1.067829565739070882e-15
1.064680910115776392e-15
1.061542984151157606e-15
1.058415747089283047e-15
1.055299073262467768e-15
1.052193008080944283e-15
1.049097426985421986e-15
1.046012374796816427e-15
1.042937728054040835e-15
1.039873530997158078e-15
1.036819661253185436e-15
1.033776080355282366e-15
1.030742831684425251e-15
1.027719794477703577e-15
1.024707011555865419e-15
1.021704363219305678e-15
1.018711811615486565e-15
1.015729398736506485e-15
1.012756927125033974e-15
1.009794518347341098e-15
1.006842055309830083e-15
1.003899578925085785e-15
1.000966895352151985e-15
9.980441235219998610e-16
9.951310713719096423e-16
9.922278565362653401e-16
9.893343649695074179e-16
9.864505601374858175e-16
9.835763301149926193e-16
9.807117899907438888e-16
9.778568277010609796e-16
9.750114071806675121e-16
9.721754184439314241e-16
9.693489740958011725e-16
9.665318907053351334e-16
9.637242069169874578e-16
9.609259609008885753e-16
9.581369007606697686e-16
9.553572102920845426e-16
9.525867114727746786e-16
9.498254427600895370e-16
9.470733704774338146e-16
9.443304610562149571e-16
9.415966108841166241e-16
9.388718574432496130e-16
9.361560980127035037e-16
9.334493695944518616e-16
9.307516391460313358e-16
9.280628052714216215e-16
9.253828361400514694e-16
9.227117678137678833e-16
9.200495676657443209e-16
9.173961360352560705e-16
9.147514414845767248e-16
9.121155191616149363e-16
9.094882706841597648e-16
9.068697307527256833e-16
9.042598018296562370e-16
9.016584529623782223e-16
8.990656532928671623e-16
8.964814366404345395e-16
8.939057071288667283e-16
8.913384341880121483e-16
8.887795873417119960e-16
8.862291995525735287e-16
8.836871135368143785e-16
8.811534254871253609e-16
8.786280419619008170e-16
8.761109329577061504e-16
8.736020685642271599e-16
8.711014189641247908e-16
8.686089544328863357e-16
8.661246453386770302e-16
8.636484621421885915e-16
8.611803753964863767e-16
8.587203557468544701e-16
8.562683141450192546e-16
8.538243412779445548e-16
8.513882887788293442e-16
8.489601874413472644e-16
8.465400083650075230e-16
8.441277227406097627e-16
8.417232437607403474e-16
8.393266014426330229e-16
8.369377672455604638e-16
8.345567128647329918e-16
8.321833536774261111e-16
8.298177198119122481e-16
8.274597275002961081e-16
8.251094064900882577e-16
8.227667296261655749e-16
8.204316141949019775e-16
8.181040340054383723e-16
8.157840180594090570e-16
8.134715395334994141e-16
8.111665170955363815e-16
8.088689248687694025e-16
8.065787911293070466e-16
8.042960355632347527e-16
8.020206860913425583e-16
7.997526630725051945e-16
7.974919410180275753e-16
7.952384945148963518e-16
7.929923507838370095e-16
7.907533791981123028e-16
7.885217115040912391e-16
7.862971656653012222e-16
7.840797689591435476e-16
7.818695477570549654e-16
7.796663742773078284e-16
7.774703261302289549e-16
7.752813272581314060e-16
7.730993530065781710e-16
7.709243286647123244e-16
7.687563302245046489e-16
7.665952828866149453e-16
7.644411622937668519e-16
7.622938949678250226e-16
7.601535553200700446e-16
7.580200210537317375e-16
7.558933658035670748e-16
7.537734683391208961e-16
7.516603534758317926e-16
7.495539495415472731e-16
7.474543286415253706e-16
7.453613716446040969e-16
7.432751027478307257e-16
7.411954983942625003e-16
7.391224883808424946e-16
7.370560964509591628e-16
7.349962529783507538e-16
7.329429814079784580e-16
7.308962585382011884e-16
7.288560156003909932e-16
7.268222756011144057e-16
7.247949704294356447e-16
7.227741232683570847e-16
7.207596670289488307e-16
7.187516246975490501e-16
7.167499297346292366e-16
7.147545606670377030e-16
7.127655400517565309e-16
7.107828021630032293e-16
7.088063257162323999e-16
7.068361328477276881e-16
7.048721586350929027e-16
7.029143819815735474e-16
7.009628246112261131e-16
6.990173798332617693e-16
6.970781120578281032e-16
6.951449576768151708e-16
6.932178959025677458e-16
6.912969060083739525e-16
6.893819673283795757e-16
6.874731006527587734e-16
6.855702024556508103e-16
6.836732938403973684e-16
6.817823952090410102e-16
6.798974043598674172e-16
6.780183420046189420e-16
6.761451879008806042e-16
6.742779218663521742e-16
6.724165237787533128e-16
6.705609735757241746e-16
6.687112512547264060e-16
6.668672581778781628e-16
6.650291322131956544e-16
6.631966965043133848e-16
6.613700875938435053e-16
6.595491301812557788e-16
6.577338825901391240e-16
6.559243252285107456e-16
6.541203623579851192e-16
6.523221272639311347e-16
6.505294484652788421e-16
6.487423828057332314e-16
6.469609109822011471e-16
6.451849392698017123e-16
6.434145977828499205e-16
6.416497187692865989e-16
6.398902841687458858e-16
6.381364222311966375e-16
6.363879673975172497e-16
6.346449742278829493e-16
6.329073517373081225e-16
6.311752257968191361e-16
6.294483625370719281e-16
6.277269590575774601e-16
6.260108544430776449e-16
6.243001019550876136e-16
6.225946132349764628e-16
6.208944410023378156e-16
6.191994976394867555e-16
6.175098353302237619e-16
6.158254361203589177e-16
6.141462134935056452e-16
6.124722188434466540e-16
6.108033663781684703e-16
6.091397069706341276e-16
6.074811555467002812e-16
6.058277624643793151e-16
6.041794433609530199e-16
6.025362480852790885e-16
6.008980929796808859e-16
5.992650273895857829e-16
5.976369683560330405e-16
5.960138994410477575e-16
5.943958692432842981e-16
5.927827958379493823e-16
5.911747273342915199e-16
5.895715824907155454e-16
5.879733451020150547e-16
5.863800625514383295e-16
5.847916546086061496e-16
5.832081052063161278e-16
5.816294610139852860e-16
5.800556427989573766e-16
5.784866346314286773e-16
5.769224206258797505e-16
5.753630465171179553e-16
5.738084343807571420e-16
5.722585684678698290e-16
5.707134938269864353e-16
5.691731335007120309e-16
5.676374718760628438e-16
5.661064933838938772e-16
5.645801824988410275e-16
5.630585831483157516e-16
5.615415608112947926e-16
5.600292186491831752e-16
5.585214819059595179e-16
5.570183352781066318e-16
5.555197635054955655e-16
5.540258092101915908e-16
5.525363412836770333e-16
5.510514027335398991e-16
5.495710357460022749e-16
5.480951111235544367e-16
5.466237279968292475e-16
5.451568145800980660e-16
5.436943001358243749e-16
5.422362824100714249e-16
5.407826904987636106e-16
5.393334545311631008e-16
5.378886708901808121e-16
5.364482147080603244e-16
5.350121814706588827e-16
5.335804473678307957e-16
5.321531069976333699e-16
5.307300375977891117e-16
5.293112792550519075e-16
5.278968177473974692e-16
5.264866388937371777e-16
5.250807285538460989e-16
5.236790726282931698e-16
5.222816570583693133e-16
5.208884155965893312e-16
5.194993869547352724e-16
5.181145571924888252e-16
5.167339124099864375e-16
5.153574387477472343e-16
5.139850712957035399e-16
5.126168478146320553e-16
5.112527545624916991e-16
5.098927274164597193e-16
5.085368537775807965e-16
5.071850194011716175e-16
5.058372611228525349e-16
5.044935158546316878e-16
5.031538200672402394e-16
5.018181602914985735e-16
5.004864742030128582e-16
4.991588464152105677e-16
4.978351175314405555e-16
4.965154202803789805e-16
4.951996446604122473e-16
4.938877780650435443e-16
4.925798555480229879e-16
4.912758639458027935e-16
4.899757429212274695e-16
4.886795270128775737e-16
4.873871563689842225e-16
4.860986651883658775e-16
4.848140404959446686e-16
4.835332231616621148e-16
4.822562009226581882e-16
4.809830074706780686e-16
4.797135845781045705e-16
4.784479656385348669e-16
4.771860928914916331e-16
4.759279994035973813e-16
4.746736278774977679e-16
4.734230110563827284e-16
4.721760921020403083e-16
4.709328592103698767e-16
4.696933446445815149e-16
4.684574922464305045e-16
4.672252903088349634e-16
4.659967706227995403e-16
4.647718777013453214e-16
4.635505999339806245e-16
4.623329686471419240e-16
4.611189290165283737e-16
4.599084695277996873e-16
4.587016210503249504e-16
4.574983294140075389e-16
4.562985832002069399e-16
4.551023710212203846e-16
4.539096815202422221e-16
4.527205448194620710e-16
4.515349078189134555e-16
4.503527592567493632e-16
4.491740879018317561e-16
4.479989232935026409e-16
4.468271726072774129e-16
4.456589060101634351e-16
4.444940716560603403e-16
4.433326584691523656e-16
4.421746554040472040e-16
4.410200514457309412e-16
4.398688356095196886e-16
4.387210363037011326e-16
4.375765637102186125e-16
4.364354854935404936e-16
4.352977125700012595e-16
4.341633119933740355e-16
4.330321954078792561e-16
4.319043908993117124e-16
4.307799259234377500e-16
4.296587132042508886e-16
4.285408182952590193e-16
4.274261546323424783e-16
4.263147871793244379e-16
4.252066300776777787e-16
4.241017104748705660e-16
4.230000178663208412e-16
4.219015419006787841e-16
4.208062722863169168e-16
4.197141987602204362e-16
4.186252746407658815e-16
4.175395627712328188e-16
4.164569802332428176e-16
4.153775533227466264e-16
4.143012719169006575e-16
4.132281259211864094e-16
4.121580697407313265e-16
4.110911291673576931e-16
4.100272941891122471e-16
4.089665548221758093e-16
4.079089011108090002e-16
4.068542883447557547e-16
4.058027417011132213e-16
4.047542513060179926e-16
4.037087729703424693e-16
4.026663315092999732e-16
4.016269171304943405e-16
4.005904861594430363e-16
3.995570630551965231e-16
3.985266381064104465e-16
3.974991681468459765e-16
3.964746772850132238e-16
3.954531558901969126e-16
3.944345612980825995e-16
3.934189172721658168e-16
3.924061814786370823e-16
3.913963774533637968e-16
3.903894631903101071e-16
3.893854620001128774e-16
3.883843322018028578e-16
3.873860968831550787e-16
3.863907466508713214e-16
3.853982403074824820e-16
3.844085689141719926e-16
3.834217551199934902e-16
3.824377582031535518e-16
3.814566005967905911e-16
3.804782418935761389e-16
3.795026732739174793e-16
3.785299168504136460e-16
3.775599634615569764e-16
3.765927426700402214e-16
3.756283377051563000e-16
3.746666479121505801e-16
3.737077255322614405e-16
3.727515313885756581e-16
3.717980568815171266e-16
3.708473234512309522e-16
3.698992925598117639e-16
3.689539854757327080e-16
3.680113344386538222e-16
3.670713902806539939e-16
3.661341150525427157e-16
3.651995004692341281e-16
3.642675672976945450e-16
3.633382780243845069e-16
3.624116244308800563e-16
3.614875983203590578e-16
3.605661915175700378e-16
3.596474243009164521e-16
3.587312598700340648e-16
3.578176901158015132e-16
3.569067069505325114e-16
3.559983023079444431e-16
3.550924681431257722e-16
3.541891964325037488e-16
3.532885067909132852e-16
3.523903358888244537e-16
3.514947308873895381e-16
3.506016289568503439e-16
3.497110768454609261e-16
3.488230122189784750e-16
3.479374814167260970e-16
3.470544494232943374e-16
3.461738816903925002e-16
3.452958239512982448e-16
3.444202415889067633e-16
3.435471004471226739e-16
3.426764456618723230e-16
3.418082168391603256e-16
3.409424326588862796e-16
3.400791113895171098e-16
3.392181933477498628e-16
3.383596969508491684e-16
3.375036145742083343e-16
3.366499386138659470e-16
3.357986360606875848e-16
3.349497503079248978e-16
3.341032230653013310e-16
3.332590722354532620e-16
3.324172903157042846e-16
3.315778698238099333e-16
3.307408032979204103e-16
3.299060585922932354e-16
3.290736531924817490e-16
3.282435796962333128e-16
3.274158063510957980e-16
3.265903505538224944e-16
3.257672051490444475e-16
3.249463630007482926e-16
3.241277929872618352e-16
3.233115122123939314e-16
3.224975135966680886e-16
3.216857663679078644e-16
3.208762873905923166e-16
3.200690696415004480e-16
3.192640826937743034e-16
3.184613431762107857e-16
3.176608208894451267e-16
3.168625323067255018e-16
3.160664704975323256e-16
3.152726056009820130e-16
3.144809538605911105e-16
3.136914856384675852e-16
3.129042170265014727e-16
3.121191186080219899e-16
3.113362063248329125e-16
3.105554509797286534e-16
3.097768683659504624e-16
3.090004295040159957e-16
3.082261500401103074e-16
3.074540012107470365e-16
3.066839765725382152e-16
3.059160915532795106e-16
3.051503177096841891e-16
3.043866703261900499e-16
3.036251211712593126e-16
3.028656853874213414e-16
3.021083135372707889e-16
3.013530635413940132e-16
3.005998648407525684e-16
2.998487537131361441e-16
2.990997025511097292e-16
2.983527260788780823e-16
2.976077759924791917e-16
2.968648879503150488e-16
2.961240554857206683e-16
2.953852308509378239e-16
2.946484492476855892e-16
2.939136837777939902e-16
2.931809282920848258e-16
2.924501969756960862e-16
2.917214429918933515e-16
2.909947007946694981e-16
2.902699439801402014e-16
2.895471664786373398e-16
2.888263821783797938e-16
2.881075452815058127e-16
2.873906896868002270e-16
2.866757699757614386e-16
2.859628197579016464e-16
2.852518134778383723e-16
2.845427453480699686e-16
2.838356095958242998e-16
2.831304004630366547e-16
2.824271122063277564e-16
2.817257390969806887e-16
2.810262754209193991e-16
2.803287154786853294e-16
2.796330724842063233e-16
2.789393028939533692e-16
2.782474200269590811e-16
2.775574182420051701e-16
2.768692919123764070e-16
2.761830354258365622e-16
2.754986431846051345e-16
2.748161096053337341e-16
2.741354108164149702e-16
2.734565779416962224e-16
2.727795689080854533e-16
2.721044145758507587e-16
2.714310731915701070e-16
2.707595574138937285e-16
2.700898617588966767e-16
2.694219807568986636e-16
2.687558912255551757e-16
2.680916055916458670e-16
2.674291360131871577e-16
2.667684243182415878e-16
2.661095178651550230e-16
2.654523763052587898e-16
2.647970117821502621e-16
2.641434189374290266e-16
2.634915924267251040e-16
2.628415098171736179e-16
2.621931830306682056e-16
2.615466067638983581e-16
2.609017588277867026e-16
2.602586509806003613e-16
2.596172779598845230e-16
2.589776178175425514e-16
2.583396821506354266e-16
2.577034491698937949e-16
2.570689303659501576e-16
2.564361205437005277e-16
2.558049981502590527e-16
2.551755745448823744e-16
2.545478284596734119e-16
2.539217712786869948e-16
2.532973819133278150e-16
2.526746716436188812e-16
2.520536355202787244e-16
2.514342526829766309e-16
2.508165183968452515e-16
2.502004437369005919e-16
2.495860080676540600e-16
2.489732223631238986e-16
2.483620661365543860e-16
2.477525502619559236e-16
2.471446544001687144e-16
2.465383738974739526e-16
2.459337194793131044e-16
2.453306710254218140e-16
2.447292391636656660e-16
2.441294039185794215e-16
2.435311606937932297e-16
2.429345049040522411e-16
2.423394469841611033e-16
2.417459821942055320e-16
2.411540760242133554e-16
2.405637537758149532e-16
2.399749959705828249e-16
2.393877980911216613e-16
2.388021702900409416e-16
2.382180786964722420e-16
2.376355480870114810e-16
2.370545738172516654e-16
2.364751223939812748e-16
2.358972182847358583e-16
2.353208282450882410e-16
2.347459765383767351e-16
2.341726443730151116e-16
2.336008414928568308e-16
2.330305351458337222e-16
2.324617351530177833e-16
2.318944511254942752e-16
2.313286646054351430e-16
2.307643573647234016e-16
2.302015528688496557e-16
2.296402328568106402e-16
2.290803930089462301e-16
2.285220290163057286e-16
2.279651365806310042e-16
2.274097114143396297e-16
2.268557492405086608e-16
2.263032457928572811e-16
2.257521968369590258e-16
2.252025982337445908e-16
2.246544458755106200e-16
2.241077356646338712e-16
2.235624635135565236e-16
2.230186253447698582e-16
2.224761909161628051e-16
2.219352086212430481e-16
2.213956481358037242e-16
2.208574795515454818e-16
2.203207506830623187e-16
2.197854058707295377e-16
2.192514925473552861e-16
2.187189554731905453e-16
2.181878163296369138e-16
2.176580711375810574e-16
2.171297159277914562e-16
2.166027467409023806e-16
2.160771596273973003e-16
2.155529506475921956e-16
2.150300910826231651e-16
2.145086019932250940e-16
2.139885040654958723e-16
2.134697441074470436e-16
2.129523429202105122e-16
2.124362966215677430e-16
2.119215771194945074e-16
2.114082290837886107e-16
2.108962003150483699e-16
2.103855111882086708e-16
2.098761578683370018e-16
2.093681365301452924e-16
2.088614196938490450e-16
2.083560273999719667e-16
2.078519793329610637e-16
2.073492012586648509e-16
2.068477598447661344e-16
2.063476278403141247e-16
2.058487783635276306e-16
2.053512309649043121e-16
2.048549589581590298e-16
2.043600045891485258e-16
2.038663183332469232e-16
2.033739194210793610e-16
2.028828041479016805e-16
2.023929463111834929e-16
2.019043649050754700e-16
2.014170562519577700e-16
2.009309944346267285e-16
2.004462203774621515e-16
1.999626860343140972e-16
1.994803881020896731e-16
1.989993671203432060e-16
1.985195538356865901e-16
1.980410104610343487e-16
1.975636899212285416e-16
1.970876105427817611e-16
1.966127688354645479e-16
1.961391399070021741e-16
1.956667418595360605e-16
1.951955712282739624e-16
1.947256033910892803e-16
1.942568562287010999e-16
1.937893052970098940e-16
1.933229683304045509e-16
1.928578419058825842e-16
1.923939018443094345e-16
1.919311656634750705e-16
1.914696093588582833e-16
1.910092708331117174e-16
1.905500851206678318e-16
1.900920900609131687e-16
1.896352822885973789e-16
1.891796382303526604e-16
1.887251749089023604e-16
1.882718889838200049e-16
1.878197571366448071e-16
1.873687762723051398e-16
1.869189631371213433e-16
1.864703144229406238e-16
1.860228071459978560e-16
1.855764382396711636e-16
1.851312241786847054e-16
1.846871616869506646e-16
1.842442281102844803e-16
1.838024204103684326e-16
1.833617740346085769e-16
1.829222280200869383e-16
1.824838177558498395e-16
1.820465400135096145e-16
1.816103536746496009e-16
1.811753125906867579e-16
1.807413757302397425e-16
1.803085401111460217e-16
1.798768214212928444e-16
1.794461978866953819e-16
1.790166665456608584e-16
1.785882428952932493e-16
1.781609237774159745e-16
1.777346877291766900e-16
1.773095318290677123e-16
1.768854713864037661e-16
1.764624852425130573e-16
1.760405705578027255e-16
1.756197424681814226e-16
1.751999800413506300e-16
1.747812804570911963e-16
1.743636586678395394e-16
1.739470939650941199e-16
1.735316011805714290e-16
1.731171597538201372e-16
1.727037668970132505e-16
1.722914372623353368e-16
1.718801505088980324e-16
1.714699038680433918e-16
1.710606945772229263e-16
1.706525370525855408e-16
1.702454112418569028e-16
1.698393314450877048e-16
1.694342777530620355e-16
1.690302474352279250e-16
1.686272377670964649e-16
1.682252628187384246e-16
1.678243029630340103e-16
1.674243554944045668e-16
1.670254177133042280e-16
1.666275034637695254e-16
1.662305769210780665e-16
1.658346848308366372e-16
1.654397750919584755e-16
1.650458778017687972e-16
1.646529576551527026e-16
1.642610445159497125e-16
1.638701355514771910e-16
1.634801958412261679e-16
1.630912549031628859e-16
1.627032780702109848e-16
1.623162946316552984e-16
1.619302859803967751e-16
1.615452652520633166e-16
1.611611982812900800e-16
1.607781139063743352e-16
1.603959937827300704e-16
1.600148353209802083e-16
1.596346359376287777e-16
1.592553930550534928e-16
1.588771194431143981e-16
1.584997817953628416e-16
1.581234081781261545e-16
1.577479655259120159e-16
1.573734816974023595e-16
1.569999389686218775e-16
1.566273348574767514e-16
1.562556818326584208e-16
1.558849474772042395e-16
1.555151443269636931e-16
1.551462847008775476e-16
1.547783365324912148e-16
1.544113268759040210e-16
1.540452238960864202e-16
1.536800544388477930e-16
1.533157868988049021e-16
1.529524479151879257e-16
1.525900205081980020e-16
1.522285022632201541e-16
1.518678907711561803e-16
1.515081693907458904e-16
1.511493642521644882e-16
1.507914586720154932e-16
1.504344502631905712e-16
1.500783366440590164e-16
1.497231014633045414e-16
1.493687703524168045e-16
1.490153269189091141e-16
1.486627688029808137e-16
1.483110798814053788e-16
1.479602853940379107e-16
1.476103691772367165e-16
1.472613152766222959e-16
1.469131486425161535e-16
1.465658397651210958e-16
1.462193999382079308e-16
1.458738402602839069e-16
1.455291315386638319e-16
1.451852849324585768e-16
1.448422981406389537e-16
1.445001688675245966e-16
1.441588948227755556e-16
1.438184606008250066e-16
1.434788902116072234e-16
1.431401551877553212e-16
1.428022793558159697e-16
1.424652344522749120e-16
1.421290312418333481e-16
1.417936674707306600e-16
1.414591408904806527e-16
1.411254365200146839e-16
1.407925776440603442e-16
1.404605366008320043e-16
1.401293239001492896e-16
1.397989373253631489e-16
1.394693621848795448e-16
1.391406213585559779e-16
1.388126877121244418e-16
1.384855715842566523e-16
1.381592708139767021e-16
1.378337832453628168e-16
1.375090944966051325e-16
1.371852147428068561e-16
1.368621418426260884e-16
1.365398736597438542e-16
1.362183960108876468e-16
1.358977309179946142e-16
1.355778402362514615e-16
1.352587578718118430e-16
1.349404697051606914e-16
1.346229617972438941e-16
1.343062439652076576e-16
1.339903023661262159e-16
1.336751467391444664e-16
1.333607749961758933e-16
1.330471850540690456e-16
1.327343632605565195e-16
1.324223192012414459e-16
1.321110508072248715e-16
1.318005445672798339e-16
1.314908099534130747e-16
1.311818449109122437e-16
1.308736473899431344e-16
1.305662040650947240e-16
1.302595130201330560e-16
1.299535835407319327e-16
1.296484135955142244e-16
1.293440011579410336e-16
1.290403331307128682e-16
1.287374186535144905e-16
1.284352447190333990e-16
1.281338203946368639e-16
1.278331436769004009e-16
1.275332016924998783e-16
1.272339925667172648e-16
1.269355360195074779e-16
1.266378084353870095e-16
1.263408079520791508e-16
1.260445433887949817e-16
1.257490021353633982e-16
1.254542035412640318e-16
1.251601138443054870e-16
1.248667523637057292e-16
1.245741171459749970e-16
1.242821958022579024e-16
1.239909969414873785e-16
1.237005082902887935e-16
1.234107383958685144e-16
1.231216750688664586e-16
1.228333267891649163e-16
1.225456814508094768e-16
1.222587474669176313e-16
1.219725128143363243e-16
1.216869858399727187e-16
1.214021546028752098e-16
1.211180273842902217e-16
1.208345923248723314e-16
1.205518476778971757e-16
1.202698016269284801e-16
1.199884424337160735e-16
1.197077782175164802e-16
1.194277973202207219e-16
1.191485077973109723e-16
1.188698980702396331e-16
1.185919664187696280e-16
1.183147208035048327e-16
1.180381594061293903e-16
1.177622611982781638e-16
1.174870437241079106e-16
1.172125051776459569e-16
1.169386247509350015e-16
1.166654197907433709e-16
1.163928885033834210e-16
1.161210196991856829e-16
1.158498116952040634e-16
1.155792721444565734e-16
1.153093806724826544e-16
1.150401635033273235e-16
1.147715910726023635e-16
1.145036802122470595e-16
1.142364199962575573e-16
1.139698178989753903e-16
1.137038539698722236e-16
1.134385447893719847e-16
1.131738886123317793e-16
1.129098656966734309e-16
1.126464924368892607e-16
1.123837670998222036e-16
1.121216701495356406e-16
1.118602177967957688e-16
1.115993994809745028e-16
1.113392135806582560e-16
1.110796584778997953e-16
1.108207413023600227e-16
1.105624516357946378e-16
1.103047878707107004e-16
1.100477484030080007e-16
1.097913402508669981e-16
1.095355531361766065e-16
1.092803854655110011e-16
1.090258356488738192e-16
1.087719020996938333e-16
1.085185916996898075e-16
1.082658859089456100e-16
1.080138000506667339e-16
1.077623240874144835e-16
1.075114647938140355e-16
1.072612038865244189e-16
1.070115564609996617e-16
1.067625043606028951e-16
1.065140625680855246e-16
1.062662212476084835e-16
1.060189788506493272e-16
1.057723338320527038e-16
1.055262927571339950e-16
1.052808378441597037e-16
1.050359756943492544e-16
1.047917127961604819e-16
1.045480395435071613e-16
1.043049544116656476e-16
1.040624479449841471e-16
1.038205345223479080e-16
1.035792046662216915e-16
1.033384568651842784e-16
1.030982896111278132e-16
1.028587091924516771e-16
1.026196984933705526e-16
1.023812638368851582e-16
1.021434037280928497e-16
1.019061243576385727e-16
1.016694088452027824e-16
1.014332634155716342e-16
1.011976941871185327e-16
1.009626844538755174e-16
1.007282403680162792e-16
1.004943604575583794e-16
1.002610507458829219e-16
1.000282947565376741e-16
9.979609854625481918e-17
9.956446806818416076e-17
9.933338701582228221e-17
9.910286137533710552e-17
9.887288969742194946e-17
9.864347053598941253e-17
9.841460246757683352e-17
9.818628414944349364e-17
9.795851426110818414e-17
9.773128428162412762e-17
9.750460732835590004e-17
9.727847486020576522e-17
9.705287844135687035e-17
9.682783104385771172e-17
9.660331713610731557e-17
9.637934254350842295e-17
9.615590596768693706e-17
9.593300611305122143e-17
9.571064168678790909e-17
9.548880444796427723e-17
9.526750703581827931e-17
9.504673428859479061e-17
9.482649187516897175e-17
9.460677851628193501e-17
9.438759293542977845e-17
9.416893385886002368e-17
9.395079323577969587e-17
9.373317662587008800e-17
9.351608949505570886e-17
9.329951038511756450e-17
9.308345823088756124e-17
9.286792504304563472e-17
9.265290293005303890e-17
9.243839732349839678e-17
9.222440697367373503e-17
9.201093063358334435e-17
9.179796051592052221e-17
9.158550196850324831e-17
9.137355375218518890e-17
9.116210815681580929e-17
9.095117691897098495e-17
9.074074588294093528e-17
9.053082029378252627e-17
9.032139254305179017e-17
9.011247419501440515e-17
8.990405128651717422e-17
8.969612266688370063e-17
8.948869977282877976e-17
8.928176878373738225e-17
8.907532855591021627e-17
8.886939039998725179e-17
8.866394063635633117e-17
8.845898431042741802e-17
8.825451406175540658e-17
8.805053489668143108e-17
8.784704562009554287e-17
8.764403889219388437e-17
8.744151940146504535e-17
8.723948564934389750e-17
8.703793010995831900e-17
8.683685736549924848e-17
8.663625993958133712e-17
8.643614834590879545e-17
8.623650320154075588e-17
8.603734093109693864e-17
8.583864818905063909e-17
8.564042356764391289e-17
8.544267152510353225e-17
8.524539059790948992e-17
8.504857350446729660e-17
8.485222465101424097e-17
8.465633680376074294e-17
8.446091433455892623e-17
8.426595005709605245e-17
8.407144830911737571e-17
8.387740765118852551e-17
8.368382096771328718e-17
8.349069254590448205e-17
8.329801531683136904e-17
8.310578791433781626e-17
8.291401457549384789e-17
8.272269388115495337e-17
8.253181885476647203e-17
8.234138814274586429e-17
8.215140591639177777e-17
8.196187076995541056e-17
8.177277581799928363e-17
8.158411971942398959e-17
8.139590658081060671e-17
8.120813500970104929e-17
8.102079280402179222e-17
8.083389485460571247e-17
8.064742361618543531e-17
8.046138852230712160e-17
8.027578819687470854e-17
8.009061595485778556e-17
7.990587048280958916e-17
7.972155574534824515e-17
7.953766512282184217e-17
7.935420254901455868e-17
7.917116144755831976e-17
7.898854052012877616e-17
7.880634365461931878e-17
7.862456433893824695e-17
7.844320128372857542e-17
7.826225833154105496e-17
7.808172923721838054e-17
7.790161882869196728e-17
7.772191683931078263e-17
7.754263843158892179e-17
7.736376831530936617e-17
7.718531652260861858e-17
7.700727792986214275e-17
7.682965246999696626e-17
7.665244504460781788e-17
7.647565058030429376e-17
7.629926900733912138e-17
7.612330517268399549e-17
7.594775405265850823e-17
7.577261557489421182e-17
7.559788966609787933e-17
7.542358110131423633e-17
7.524968492227263279e-17
7.507620105312909700e-17
7.490313421574830735e-17
7.473047471851262119e-17
7.455823206347803266e-17
7.438640612132818829e-17
7.421498729834506822e-17
7.404398499414206781e-17
7.387338967955799383e-17
7.370321068643036947e-17
7.353344788221455123e-17
7.336409183389502279e-17
7.319515177278359121e-17
7.302661832926203984e-17
7.285850066813654222e-17
7.269079406824456781e-17
7.252350301093388426e-17
7.235661825218636632e-17
7.219014882548131109e-17
7.202409007082239186e-17
7.185843739070069216e-17
7.169319972127156987e-17
7.152837692268375457e-17
7.136395993582790765e-17
7.119995315690403653e-17
7.103636091922750992e-17
7.087317425454537836e-17
7.071040190785252738e-17
7.054803935341014961e-17
7.038608649320236387e-17
7.022454322846855496e-17
7.006340945970857525e-17
6.990268508668806946e-17
6.974237000844370090e-17
6.958246341053986634e-17
6.942296163129700202e-17
6.926386457024509279e-17
6.910515933759697287e-17
6.894685010588487113e-17
6.878892406954341956e-17
6.863138536739906386e-17
6.847422127753618640e-17
6.831743590537335563e-17
6.816101661207978127e-17
6.800496332412460434e-17
6.784927592270425087e-17
6.769394189257208791e-17
6.753896525689056729e-17
6.738433358211647703e-17
6.723005085899981093e-17
6.707610473516035896e-17
6.692249916920685248e-17
6.676922188938846828e-17
6.661627280378113096e-17
6.646364777193447534e-17
6.631134266543885305e-17
6.615935336789245919e-17
6.600767577486869325e-17
6.585630579388335969e-17
6.570523934436205355e-17
6.555447235760760754e-17
6.540399686785893078e-17
6.525381666140358726e-17
6.510391990058468897e-17
6.495431034117601915e-17
6.480497622284788021e-17
6.465591358748535542e-17
6.450712614538916694e-17
6.435860988171967831e-17
6.421034558522806038e-17
6.406235215608089797e-17
6.391460288094728819e-17
6.376710899966723057e-17
6.361986655553860893e-17
6.347286413018085234e-17
6.332609786793481931e-17
6.317957134589180064e-17
6.303327325749562371e-17
6.288719978061396968e-17
6.274135444877895581e-17
6.259573338537858005e-17
6.245031813787099390e-17
6.230511954129632791e-17
6.216013375282178889e-17
