# tt
1.076139526367187500e+03
1.017119079589843750e+03
9.587039794921875000e+02
9.134383544921875000e+02
8.809824829101562500e+02
8.590357666015625000e+02
8.448584594726562500e+02
8.367520751953125000e+02
8.334534912109375000e+02
8.334608764648437500e+02
8.369879150390625000e+02
8.423274536132812500e+02
8.486104736328125000e+02
8.562020263671875000e+02
8.655610351562500000e+02
8.765851440429687500e+02
8.882988281250000000e+02
9.015527343750000000e+02
9.146989746093750000e+02
9.280917358398437500e+02
9.420048217773437500e+02
9.562463989257812500e+02
9.708754882812500000e+02
9.858607177734375000e+02
1.001039794921875000e+03
1.016638122558593750e+03
1.032489990234375000e+03
1.048635375976562500e+03
1.064979125976562500e+03
1.081423461914062500e+03
1.098245117187500000e+03
1.115439575195312500e+03
1.132819335937500000e+03
1.150342773437500000e+03
1.167933837890625000e+03
1.185606689453125000e+03
1.203669311523437500e+03
1.222103759765625000e+03
1.240643432617187500e+03
1.259400512695312500e+03
1.278142700195312500e+03
1.297016723632812500e+03
1.315871459960937500e+03
1.335076293945312500e+03
1.354557250976562500e+03
1.374175781250000000e+03
1.393870117187500000e+03
1.413727172851562500e+03
1.433982421875000000e+03
1.454420166015625000e+03
1.475248779296875000e+03
1.496077026367187500e+03
1.516810424804687500e+03
1.537652343750000000e+03
1.558812988281250000e+03
1.580235107421875000e+03
1.601942504882812500e+03
1.623811035156250000e+03
1.645864868164062500e+03
1.668418823242187500e+03
1.690872314453125000e+03
1.713435424804687500e+03
1.736392944335937500e+03
1.759360107421875000e+03
1.782621704101562500e+03
1.806014160156250000e+03
1.829819580078125000e+03
1.853800170898437500e+03
1.878089477539062500e+03
1.902534179687500000e+03
1.927170654296875000e+03
1.951971557617187500e+03
1.976983520507812500e+03
2.002328125000000000e+03
2.027961181640625000e+03
2.053923095703125000e+03
2.080238037109375000e+03
2.106707031250000000e+03
2.133428466796875000e+03
2.160290039062500000e+03
2.187377441406250000e+03
2.214641113281250000e+03
2.242178222656250000e+03
2.269864990234375000e+03
2.297793701171875000e+03
2.326183349609375000e+03
2.354577636718750000e+03
2.383338623046875000e+03
2.412307861328125000e+03
2.441403320312500000e+03
2.470773193359375000e+03
2.500419921875000000e+03
2.530122314453125000e+03
2.560105712890625000e+03
2.590074707031250000e+03
2.620477294921875000e+03
2.651092529296875000e+03
2.681773925781250000e+03
2.712746582031250000e+03
2.743863769531250000e+03
2.775499023437500000e+03
2.807060302734375000e+03
2.838846435546875000e+03
2.870785400390625000e+03
2.902953613281250000e+03
2.935055908203125000e+03
2.967540283203125000e+03
3.000185302734375000e+03
3.032919433593750000e+03
3.065818603515625000e+03
3.098881591796875000e+03
3.132182128906250000e+03
3.165570312500000000e+03
3.199194091796875000e+03
3.232828857421875000e+03
3.266771240234375000e+03
3.300871582031250000e+03
3.334979736328125000e+03
3.369244140625000000e+03
3.403513916015625000e+03
3.437863281250000000e+03
3.472290771484375000e+03
3.506795410156250000e+03
3.541302001953125000e+03
3.575883300781250000e+03
3.610464355468750000e+03
3.645043701171875000e+03
3.679695312500000000e+03
3.714343261718750000e+03
3.748986816406250000e+03
3.783701171875000000e+03
3.818339111328125000e+03
3.852975097656250000e+03
3.887610839843750000e+03
3.922098876953125000e+03
3.956588134765625000e+03
3.991005859375000000e+03
4.025204833984375000e+03
4.059482910156250000e+03
4.093543701171875000e+03
4.127611328125000000e+03
4.161612792968750000e+03
4.195400390625000000e+03
4.229049316406250000e+03
4.262783691406250000e+03
4.296159179687500000e+03
4.329398437500000000e+03
4.362578125000000000e+03
4.395476074218750000e+03
4.428241210937500000e+03
4.460724609375000000e+03
4.493074707031250000e+03
4.525215820312500000e+03
4.557146972656250000e+03
4.588719238281250000e+03
4.620229003906250000e+03
4.651452636718750000e+03
4.682389160156250000e+03
4.713112304687500000e+03
4.743621093750000000e+03
4.773840332031250000e+03
4.803918457031250000e+03
4.833557617187500000e+03
4.863053222656250000e+03
4.892256835937500000e+03
4.921241210937500000e+03
4.949783203125000000e+03
4.978031250000000000e+03
5.005983886718750000e+03
5.033492187500000000e+03
5.060628906250000000e+03
5.087320312500000000e+03
5.113712890625000000e+03
5.139732421875000000e+03
5.165230468750000000e+03
5.190354003906250000e+03
5.215030761718750000e+03
5.239260742187500000e+03
5.263193359375000000e+03
5.286605468750000000e+03
5.309572265625000000e+03
5.332020507812500000e+03
5.354098144531250000e+03
5.375731933593750000e+03
5.396551269531250000e+03
5.417224609375000000e+03
5.437381347656250000e+03
5.456947265625000000e+03
5.476369628906250000e+03
5.494905273437500000e+03
5.513074707031250000e+03
5.530655273437500000e+03
5.547871093750000000e+03
5.564499023437500000e+03
5.580540527343750000e+03
5.596143554687500000e+03
5.611235351562500000e+03
5.625815917968750000e+03
5.639885253906250000e+03
5.653370117187500000e+03
5.666344238281250000e+03
5.678732421875000000e+03
5.690459960937500000e+03
5.701674804687500000e+03
5.712228027343750000e+03
5.722267089843750000e+03
5.731568847656250000e+03
5.740281250000000000e+03
5.748403320312500000e+03
5.755934570312500000e+03
5.762726074218750000e+03
5.769000488281250000e+03
5.774607421875000000e+03
5.779621582031250000e+03
5.783967773437500000e+03
5.787793457031250000e+03
5.790950683593750000e+03
5.793511718750000000e+03
5.795476562500000000e+03
5.796844726562500000e+03
5.797615722656250000e+03
5.797640136718750000e+03
5.797214355468750000e+03
5.796115234375000000e+03
5.794416015625000000e+03
5.792041992187500000e+03
5.789141601562500000e+03
5.785639648437500000e+03
5.781460937500000000e+03
5.776604492187500000e+03
5.771219726562500000e+03
5.765230468750000000e+03
5.758488769531250000e+03
5.751215332031250000e+03
5.743261718750000000e+03
5.734702148437500000e+03
5.725534667968750000e+03
5.715834960937500000e+03
5.705377441406250000e+03
5.694460449218750000e+03
5.682934082031250000e+03
5.670796875000000000e+03
5.658049804687500000e+03
5.644690917968750000e+03
5.630794921875000000e+03
5.616360351562500000e+03
5.601312988281250000e+03
5.585800292968750000e+03
5.569673828125000000e+03
5.553081054687500000e+03
5.535798828125000000e+03
5.518199218750000000e+03
5.499984375000000000e+03
5.481229003906250000e+03
5.462007324218750000e+03
5.442319335937500000e+03
5.422090820312500000e+03
5.401395507812500000e+03
5.380308105468750000e+03
5.358680175781250000e+03
5.336511230468750000e+03
5.314172851562500000e+03
5.291219238281250000e+03
5.267724609375000000e+03
5.243911621093750000e+03
5.219558105468750000e+03
5.194811523437500000e+03
5.169523925781250000e+03
5.143992187500000000e+03
5.117993652343750000e+03
5.091750488281250000e+03
5.065040039062500000e+03
5.038010742187500000e+03
5.010588378906250000e+03
4.982921875000000000e+03
4.954787597656250000e+03
4.926408203125000000e+03
4.897709960937500000e+03
4.868691894531250000e+03
4.839503906250000000e+03
4.809846679687500000e+03
4.780019531250000000e+03
4.749946289062500000e+03
4.719627441406250000e+03
4.688988769531250000e+03
4.658104003906250000e+03
4.627048339843750000e+03
4.595746093750000000e+03
4.564271972656250000e+03
4.532625976562500000e+03
4.500510742187500000e+03
4.468520019531250000e+03
4.436208496093750000e+03
4.403947753906250000e+03
4.371365722656250000e+03
4.338685058593750000e+03
4.305756835937500000e+03
4.272804199218750000e+03
4.239678710937500000e+03
4.206454101562500000e+03
4.173205078125000000e+03
4.139857421875000000e+03
4.106410644531250000e+03
4.072940429687500000e+03
4.039372070312500000e+03
4.005780273437500000e+03
3.972165283203125000e+03
3.938601074218750000e+03
3.904939697265625000e+03
3.871329345703125000e+03
3.837770751953125000e+03
3.804190185546875000e+03
3.770660888671875000e+03
3.737184326171875000e+03
3.703759521484375000e+03
3.670387451171875000e+03
3.637068359375000000e+03
3.603876220703125000e+03
3.570811035156250000e+03
3.537799316406250000e+03
3.504914794921875000e+03
3.472158447265625000e+03
3.439530029296875000e+03
3.407104003906250000e+03
3.374731445312500000e+03
3.342561767578125000e+03
3.310594970703125000e+03
3.278756591796875000e+03
3.247121337890625000e+03
3.215763427734375000e+03
3.184534667968750000e+03
3.153509277343750000e+03
3.122761718750000000e+03
3.092143554687500000e+03
3.061803466796875000e+03
3.031741455078125000e+03
3.001883300781250000e+03
2.972378173828125000e+03
2.943076904296875000e+03
2.913979980468750000e+03
2.885236083984375000e+03
2.856770996093750000e+03
2.828658935546875000e+03
2.800751708984375000e+03
2.773197753906250000e+03
2.745922851562500000e+03
2.719001708984375000e+03
2.692359619140625000e+03
2.666071533203125000e+03
2.640285644531250000e+03
2.614631347656250000e+03
2.589406494140625000e+03
2.564462646484375000e+03
2.539949218750000000e+03
2.515792480468750000e+03
2.491993408203125000e+03
2.468626220703125000e+03
2.445543212890625000e+03
2.422893798828125000e+03
2.400603759765625000e+03
2.378748535156250000e+03
2.357253906250000000e+03
2.336195068359375000e+03
2.315498535156250000e+03
2.295238769531250000e+03
2.275416748046875000e+03
2.255884033203125000e+03
2.236938964843750000e+03
2.218359130859375000e+03
2.200144775390625000e+03
2.182370849609375000e+03
2.165038574218750000e+03
2.148148193359375000e+03
2.131625976562500000e+03
2.115621093750000000e+03
2.100060058593750000e+03
2.084869140625000000e+03
2.070123291015625000e+03
2.055897460937500000e+03
2.042043823242187500e+03
2.028562622070312500e+03
2.015603637695312500e+03
2.003167114257812500e+03
1.991030883789062500e+03
1.979418823242187500e+03
1.968182495117187500e+03
1.957397216796875000e+03
1.947063476562500000e+03
1.937182006835937500e+03
1.927753295898437500e+03
1.918703857421875000e+03
1.910183105468750000e+03
1.902043090820312500e+03
1.894283935546875000e+03
1.887055786132812500e+03
1.880135498046875000e+03
1.873747436523437500e+03
1.867743164062500000e+03
1.862123535156250000e+03
1.856963745117187500e+03
1.852263305664062500e+03
1.847948730468750000e+03
1.844020141601562500e+03
1.840551879882812500e+03
1.837395507812500000e+03
1.834699951171875000e+03
1.832391113281250000e+03
1.830543579101562500e+03
1.829008544921875000e+03
1.827935180664062500e+03
1.827175170898437500e+03
1.826802734375000000e+03
1.826743896484375000e+03
1.827147705078125000e+03
1.827865356445312500e+03
1.828897460937500000e+03
1.830318359375000000e+03
1.832128173828125000e+03
1.834253173828125000e+03
1.836767700195312500e+03
1.839597534179687500e+03
1.842668823242187500e+03
1.846056152343750000e+03
1.849834106445312500e+03
1.853928466796875000e+03
1.858265380859375000e+03
1.862919311523437500e+03
1.867816162109375000e+03
1.873104980468750000e+03
1.878637573242187500e+03
1.884339477539062500e+03
1.890434204101562500e+03
1.896699218750000000e+03
1.903209228515625000e+03
1.910038330078125000e+03
1.917113037109375000e+03
1.924359130859375000e+03
1.931925781250000000e+03
1.939664550781250000e+03
1.947649902343750000e+03
1.955733764648437500e+03
1.964139648437500000e+03
1.972718872070312500e+03
1.981472045898437500e+03
1.990324951171875000e+03
1.999427001953125000e+03
2.008629638671875000e+03
2.018081787109375000e+03
2.027709838867187500e+03
2.037439453125000000e+03
2.047270751953125000e+03
2.057351806640625000e+03
2.067459472656250000e+03
2.077668212890625000e+03
2.088125732421875000e+03
2.098535156250000000e+03
2.109118896484375000e+03
2.119802246093750000e+03
2.130585205078125000e+03
2.141393066406250000e+03
2.152300048828125000e+03
2.163231445312500000e+03
2.174187255859375000e+03
2.185166992187500000e+03
2.196244628906250000e+03
2.207420166015625000e+03
2.218544921875000000e+03
2.229692626953125000e+03
2.240937011718750000e+03
2.251981689453125000e+03
2.263196777343750000e+03
2.274360107421875000e+03
2.285544921875000000e+03
2.296751708984375000e+03
2.307830810546875000e+03
2.318856933593750000e+03
2.329903808593750000e+03
2.340897216796875000e+03
2.351836914062500000e+03
2.362722167968750000e+03
2.373627441406250000e+03
2.384329589843750000e+03
2.394902343750000000e+03
2.405568847656250000e+03
2.416105468750000000e+03
2.426512207031250000e+03
2.436789062500000000e+03
2.447009765625000000e+03
2.457174316406250000e+03
2.467059326171875000e+03
2.476961669921875000e+03
2.486732910156250000e+03
2.496372802734375000e+03
2.505806396484375000e+03
2.515108154296875000e+03
2.524277587890625000e+03
2.533314697265625000e+03
2.542293457031250000e+03
2.551064941406250000e+03
2.559554931640625000e+03
2.568059326171875000e+03
2.576281250000000000e+03
2.584293945312500000e+03
2.592320068359375000e+03
2.599987304687500000e+03
2.607592529296875000e+03
2.614912109375000000e+03
2.622093994140625000e+03
2.628989257812500000e+03
2.635820312500000000e+03
2.642363525390625000e+03
2.648767089843750000e+03
2.654955810546875000e+03
2.660929443359375000e+03
2.666687500000000000e+03
2.672155029296875000e+03
2.677479736328125000e+03
2.682661621093750000e+03
2.687551269531250000e+03
2.692147949218750000e+03
2.696525634765625000e+03
2.700757568359375000e+03
2.704769775390625000e+03
2.708412109375000000e+03
2.711907470703125000e+03
2.715329589843750000e+03
2.718380371093750000e+03
2.721208007812500000e+03
2.723737548828125000e+03
2.726265380859375000e+03
2.728345458984375000e+03
2.730199951171875000e+03
2.731828125000000000e+03
2.733229248046875000e+03
2.734403076171875000e+03
2.735423095703125000e+03
2.736065429687500000e+03
2.736553222656250000e+03
2.736810302734375000e+03
2.736762695312500000e+03
2.736557861328125000e+03
2.736046875000000000e+03
2.735376953125000000e+03
2.734399902343750000e+03
2.733262695312500000e+03
2.731816650390625000e+03
2.730209472656250000e+03
2.728365966796875000e+03
2.726285644531250000e+03
2.724041992187500000e+03
2.721486328125000000e+03
2.718766601562500000e+03
2.715808349609375000e+03
2.712610839843750000e+03
2.709174560546875000e+03
2.705572509765625000e+03
2.701730468750000000e+03
2.697648193359375000e+03
2.693473876953125000e+03
2.688909423828125000e+03
2.684326660156250000e+03
2.679501953125000000e+03
2.674509033203125000e+03
2.669273437500000000e+03
2.663869384765625000e+03
2.658296142578125000e+03
2.652553222656250000e+03
2.646565917968750000e+03
2.640482666015625000e+03
2.634154296875000000e+03
2.627654785156250000e+03
2.621058349609375000e+03
2.614289550781250000e+03
2.607348632812500000e+03
2.600308837890625000e+03
2.593021728515625000e+03
2.585635253906250000e+03
2.578148925781250000e+03
2.570562500000000000e+03
2.562652343750000000e+03
2.554715576171875000e+03
2.546677246093750000e+03
2.538536865234375000e+03
2.530294189453125000e+03
2.521874267578125000e+03
2.513425292968750000e+03
2.504798339843750000e+03
2.496067138671875000e+03
2.487231201171875000e+03
2.478364746093750000e+03
2.469392089843750000e+03
2.460313720703125000e+03
2.451054199218750000e+03
2.441762207031250000e+03
2.432510742187500000e+03
2.423151611328125000e+03
2.413906738281250000e+03
2.404478515625000000e+03
2.394940673828125000e+03
2.385367187500000000e+03
2.375758300781250000e+03
2.366039794921875000e+03
2.356435302734375000e+03
2.346721923828125000e+03
2.337049072265625000e+03
2.327119140625000000e+03
2.317378662109375000e+03
2.307679443359375000e+03
2.297873046875000000e+03
2.288108398437500000e+03
2.278385742187500000e+03
2.268556884765625000e+03
2.258844970703125000e+03
2.249101562500000000e+03
2.239401611328125000e+03
2.229819335937500000e+03
2.220206542968750000e+03
2.210563720703125000e+03
2.201113769531250000e+03
2.191560058593750000e+03
2.182125244140625000e+03
2.172810302734375000e+03
2.163466308593750000e+03
2.154168212890625000e+03
2.144990478515625000e+03
2.135933105468750000e+03
2.126922607421875000e+03
2.118033447265625000e+03
2.109116943359375000e+03
2.100322265625000000e+03
2.091723876953125000e+03
2.083099365234375000e+03
2.074671630859375000e+03
2.066366943359375000e+03
2.058036865234375000e+03
2.049904541015625000e+03
2.041895507812500000e+03
2.034011108398437500e+03
2.026250732421875000e+03
2.018615234375000000e+03
2.011030151367187500e+03
2.003644897460937500e+03
1.996459350585937500e+03
1.989325439453125000e+03
1.982317504882812500e+03
1.975584960937500000e+03
1.968830322265625000e+03
1.962351684570312500e+03
1.956000244140625000e+03
1.949776977539062500e+03
1.943681884765625000e+03
1.937864501953125000e+03
1.932102783203125000e+03
1.926471435546875000e+03
1.921119995117187500e+03
1.915900268554687500e+03
1.910738769531250000e+03
1.905933715820312500e+03
1.901262207031250000e+03
1.896725463867187500e+03
1.892398437500000000e+03
1.888207153320312500e+03
1.884227050781250000e+03
1.880384521484375000e+03
1.876754272460937500e+03
1.873337158203125000e+03
1.869985351562500000e+03
1.866996704101562500e+03
1.864074951171875000e+03
1.861443359375000000e+03
1.858879760742187500e+03
1.856608154296875000e+03
1.854480346679687500e+03
1.852571533203125000e+03
1.850807983398437500e+03
1.849264892578125000e+03
1.847942993164062500e+03
1.846768554687500000e+03
1.845890869140625000e+03
1.845162597656250000e+03
1.844583862304687500e+03
1.844304565429687500e+03
1.844102294921875000e+03
1.844052001953125000e+03
1.844228759765625000e+03
1.844707885742187500e+03
1.845267211914062500e+03
1.846055908203125000e+03
1.847000610351562500e+03
1.848176391601562500e+03
1.849509643554687500e+03
1.851075805664062500e+03
1.852726562500000000e+03
1.854686035156250000e+03
1.856806274414062500e+03
1.859088134765625000e+03
1.861532470703125000e+03
1.864139892578125000e+03
1.866985839843750000e+03
1.869996704101562500e+03
1.873172851562500000e+03
1.876514526367187500e+03
1.880022583007812500e+03
1.883622680664062500e+03
1.887463745117187500e+03
1.891398071289062500e+03
1.895648559570312500e+03
1.899918701171875000e+03
1.904431762695312500e+03
1.909039184570312500e+03
1.913816040039062500e+03
1.918837402343750000e+03
1.923805786132812500e+03
1.929019287109375000e+03
1.934403930664062500e+03
1.939886230468750000e+03
1.945466186523437500e+03
1.951218872070312500e+03
1.956995849609375000e+03
1.963095214843750000e+03
1.969145874023437500e+03
1.975370849609375000e+03
1.981696899414062500e+03
1.988124023437500000e+03
1.994727416992187500e+03
2.001358764648437500e+03
2.008093139648437500e+03
2.014930664062500000e+03
2.021797973632812500e+03
2.028918212890625000e+03
2.035994995117187500e+03
2.043251464843750000e+03
2.050539794921875000e+03
2.057935058593750000e+03
2.065288574218750000e+03
2.072824218750000000e+03
2.080319580078125000e+03
2.087923828125000000e+03
2.095563476562500000e+03
2.103312744140625000e+03
2.111098388671875000e+03
2.118921142578125000e+03
2.126855468750000000e+03
2.134753662109375000e+03
2.142615966796875000e+03
2.150517578125000000e+03
2.158533203125000000e+03
2.166589599609375000e+03
2.174612304687500000e+03
2.182676513671875000e+03
2.190781982421875000e+03
2.198854492187500000e+03
2.206893066406250000e+03
2.215046875000000000e+03
2.223017822265625000e+03
2.231177734375000000e+03
2.239154541015625000e+03
2.247244873046875000e+03
2.255226318359375000e+03
2.263172363281250000e+03
2.271231689453125000e+03
2.279106689453125000e+03
2.287020019531250000e+03
2.294823242187500000e+03
2.302664062500000000e+03
2.310394042968750000e+03
2.318087158203125000e+03
2.325743652343750000e+03
2.333288085937500000e+03
2.340795166015625000e+03
2.348190429687500000e+03
2.355547851562500000e+03
2.362792724609375000e+03
2.370073486328125000e+03
2.377092773437500000e+03
2.384073242187500000e+03
2.391163574218750000e+03
2.397917480468750000e+03
2.404632080078125000e+03
2.411306884765625000e+03
2.417793212890625000e+03
2.424239746093750000e+03
2.430571777343750000e+03
2.436714599609375000e+03
2.442817138671875000e+03
2.448729736328125000e+03
2.454527343750000000e+03
2.460209228515625000e+03
2.465849609375000000e+03
2.471300048828125000e+03
2.476634033203125000e+03
2.481777099609375000e+03
2.486729492187500000e+03
2.491564941406250000e+03
2.496432128906250000e+03
2.500958740234375000e+03
2.505368164062500000e+03
2.509659912109375000e+03
2.513833496093750000e+03
2.517814453125000000e+03
2.521527832031250000e+03
2.525270507812500000e+03
2.528744628906250000e+03
2.532172119140625000e+03
2.535329589843750000e+03
2.538290527343750000e+03
2.541054443359375000e+03
2.543769287109375000e+03
2.546211425781250000e+03
2.548454345703125000e+03
2.550572021484375000e+03
2.552489257812500000e+03
2.554353759765625000e+03
2.555942382812500000e+03
2.557253906250000000e+03
2.558436523437500000e+03
2.559563964843750000e+03
2.560412353515625000e+03
2.561129882812500000e+03
2.561566894531250000e+03
2.561871337890625000e+03
2.561968261718750000e+03
2.561782714843750000e+03
2.561536621093750000e+03
2.561006347656250000e+03
2.560265869140625000e+03
2.559462402343750000e+03
2.558372802734375000e+03
2.557144775390625000e+03
2.555703125000000000e+03
2.554047119140625000e+03
2.552250244140625000e+03
2.550162841796875000e+03
2.548007568359375000e+03
2.545486328125000000e+03
2.542895263671875000e+03
2.540085205078125000e+03
2.536980712890625000e+03
2.533804199218750000e+03
2.530406250000000000e+03
2.526785644531250000e+03
2.523016113281250000e+03
2.518948242187500000e+03
2.514804199218750000e+03
2.510508544921875000e+03
2.506060791015625000e+03
2.501385253906250000e+03
2.496407226562500000e+03
2.491422851562500000e+03
2.486134033203125000e+03
2.480689208984375000e+03
2.475087890625000000e+03
2.469255126953125000e+03
2.463190917968750000e+03
2.457117675781250000e+03
2.450737792968750000e+03
2.444198974609375000e+03
2.437501464843750000e+03
2.430718994140625000e+03
2.423702148437500000e+03
2.416525390625000000e+03
2.409188232421875000e+03
2.401689453125000000e+03
2.393880859375000000e+03
2.386281738281250000e+03
2.378297363281250000e+03
2.370224121093750000e+03
2.361987792968750000e+03
2.353587402343750000e+03
2.345096923828125000e+03
2.336441650390625000e+03
2.327621337890625000e+03
2.318709228515625000e+03
2.309630859375000000e+03
2.300385498046875000e+03
2.291195800781250000e+03
2.281689208984375000e+03
2.272163085937500000e+03
2.262542236328125000e+03
2.252751953125000000e+03
2.242865722656250000e+03
2.232957519531250000e+03
2.222803710937500000e+03
2.212552490234375000e+03
2.202277587890625000e+03
2.191829833984375000e+03
2.181431152343750000e+03
2.170710205078125000e+03
2.160037109375000000e+03
2.149337402343750000e+03
2.138536376953125000e+03
2.127558837890625000e+03
2.116626953125000000e+03
2.105517333984375000e+03
2.094378173828125000e+03
2.083134521484375000e+03
2.071934326171875000e+03
2.060627929687500000e+03
2.049215332031250000e+03
2.037844360351562500e+03
2.026366088867187500e+03
2.014706665039062500e+03
2.003237304687500000e+03
1.991586547851562500e+03
1.979903320312500000e+03
1.968261474609375000e+03
1.956661499023437500e+03
1.944954345703125000e+03
1.933140258789062500e+03
1.921367675781250000e+03
1.909562744140625000e+03
1.897501953125000000e+03
1.885780151367187500e+03
1.873876953125000000e+03
1.862089721679687500e+03
1.850195678710937500e+03
1.838417480468750000e+03
1.826606689453125000e+03
1.814763183593750000e+03
1.803035766601562500e+03
1.791201293945312500e+03
1.779408569335937500e+03
1.767657348632812500e+03
1.756022094726562500e+03
1.744279907226562500e+03
1.732653686523437500e+03
1.721069091796875000e+03
1.709451904296875000e+03
1.697950683593750000e+03
1.686416748046875000e+03
1.674998779296875000e+03
1.663622558593750000e+03
1.652287841796875000e+03
1.640994873046875000e+03
1.629817871093750000e+03
1.618608154296875000e+03
1.607514404296875000e+03
1.596536743164062500e+03
1.585526367187500000e+03
1.574631958007812500e+03
1.563779296875000000e+03
1.553116943359375000e+03
1.542496215820312500e+03
1.531917358398437500e+03
1.521454345703125000e+03
1.511033203125000000e+03
1.500579467773437500e+03
1.490390380859375000e+03
1.480243164062500000e+03
1.470212036132812500e+03
1.460297485351562500e+03
1.450425659179687500e+03
1.440671264648437500e+03
1.430960449218750000e+03
1.421368164062500000e+03
1.411968872070312500e+03
1.402540283203125000e+03
1.393380004882812500e+03
1.384265747070312500e+03
1.375197753906250000e+03
1.366325317382812500e+03
1.357574462890625000e+03
1.348945678710937500e+03
1.340365234375000000e+03
1.331982299804687500e+03
1.323648559570312500e+03
1.315438964843750000e+03
1.307428100585937500e+03
1.299542480468750000e+03
1.291708129882812500e+03
1.283999877929687500e+03
1.276418334960937500e+03
1.269038208007812500e+03
1.261785888671875000e+03
1.254661743164062500e+03
1.247666381835937500e+03
1.240726074218750000e+03
1.234064208984375000e+03
1.227458496093750000e+03
1.220983886718750000e+03
1.214640869140625000e+03
1.208504272460937500e+03
1.202426147460937500e+03
1.196555664062500000e+03
1.190744750976562500e+03
1.185068359375000000e+03
1.179601440429687500e+03
1.174270385742187500e+03
1.169075683593750000e+03
1.164017944335937500e+03
1.159097778320312500e+03
1.154241699218750000e+03
1.149598632812500000e+03
1.145169677734375000e+03
1.140806518554687500e+03
1.136584106445312500e+03
1.132503417968750000e+03
1.128564819335937500e+03
1.124769165039062500e+03
1.121117065429687500e+03
1.117534667968750000e+03
1.114171020507812500e+03
1.110952636718750000e+03
1.107953857421875000e+03
1.105026855468750000e+03
1.102171997070312500e+03
1.099241333007812500e+03
1.096681274414062500e+03
1.094269042968750000e+03
1.091931274414062500e+03
1.089742553710937500e+03
1.087703491210937500e+03
1.085814697265625000e+03
1.083927978515625000e+03
1.082266967773437500e+03
1.080757812500000000e+03
1.079326660156250000e+03
1.077974243164062500e+03
1.076849609375000000e+03
1.075804809570312500e+03
1.074840576171875000e+03
1.074031372070312500e+03
1.073303955078125000e+03
1.072658569335937500e+03
1.072393188476562500e+03
1.071988281250000000e+03
1.071667236328125000e+03
1.071505126953125000e+03
1.071428100585937500e+03
1.071288452148437500e+03
1.071458007812500000e+03
1.071640258789062500e+03
1.072058959960937500e+03
1.072491577148437500e+03
1.073013305664062500e+03
1.073624511718750000e+03
1.074400390625000000e+03
1.075267211914062500e+03
1.076077026367187500e+03
1.077127685546875000e+03
1.078196899414062500e+03
1.079359863281250000e+03
1.080691284179687500e+03
1.081969238281250000e+03
1.083417114257812500e+03
1.084961303710937500e+03
1.086453979492187500e+03
1.088118774414062500e+03
1.089807739257812500e+03
1.091595947265625000e+03
1.093483154296875000e+03
1.095321044921875000e+03
1.097258056640625000e+03
1.099220214843750000e+03
1.101281494140625000e+03
1.103442138671875000e+03
1.105776367187500000e+03
1.108061401367187500e+03
1.110371459960937500e+03
1.112706542968750000e+03
1.115141235351562500e+03
1.117452514648437500e+03
1.119937500000000000e+03
1.122447875976562500e+03
1.124909301757812500e+03
1.127544677734375000e+03
1.130131225585937500e+03
1.132743408203125000e+03
1.135455444335937500e+03
1.138044311523437500e+03
1.140733398437500000e+03
1.143522460937500000e+03
1.146188720703125000e+03
1.148955078125000000e+03
1.151673217773437500e+03
1.154491699218750000e+03
1.157187500000000000e+03
1.159909545898437500e+03
1.162732177734375000e+03
1.165432373046875000e+03
1.168158935546875000e+03
1.170911865234375000e+03
1.173691406250000000e+03
1.176422973632812500e+03
1.179181274414062500e+03
1.181891845703125000e+03
1.184554931640625000e+03
1.187244506835937500e+03
1.189886840820312500e+03
1.192556030273437500e+03
1.195251953125000000e+03
1.197826416015625000e+03
1.200279174804687500e+03
1.202907592773437500e+03
1.205414550781250000e+03
1.207874267578125000e+03
1.210361083984375000e+03
1.212800903320312500e+03
1.215193725585937500e+03
1.217539184570312500e+03
1.219986083984375000e+03
1.222236572265625000e+03
1.224513305664062500e+03
1.226667358398437500e+03
1.228847045898437500e+03
1.230977661132812500e+03
1.233058715820312500e+03
1.235015869140625000e+03
1.236997192382812500e+03
1.238853637695312500e+03
1.240807861328125000e+03
1.242562377929687500e+03
1.244265380859375000e+03
1.245990722656250000e+03
1.247663696289062500e+03
1.249209716796875000e+03
1.250702636718750000e+03
1.252216430664062500e+03
1.253602172851562500e+03
1.254933715820312500e+03
1.256210693359375000e+03
1.257358276367187500e+03
1.258524780273437500e+03
1.259561157226562500e+03
1.260541259765625000e+03
1.261464965820312500e+03
1.262331542968750000e+03
1.263140502929687500e+03
1.263743041992187500e+03
1.264436035156250000e+03
1.264995727539062500e+03
1.265422119140625000e+03
1.265863159179687500e+03
1.266169799804687500e+03
1.266415893554687500e+03
1.266601196289062500e+03
1.266724975585937500e+03
1.266786743164062500e+03
1.266711914062500000e+03
1.266574218750000000e+03
1.266373413085937500e+03
1.266108520507812500e+03
1.265630981445312500e+03
1.265237060546875000e+03
1.264703613281250000e+03
1.264104492187500000e+03
1.263364746093750000e+03
1.262632446289062500e+03
1.261758544921875000e+03
1.260890991210937500e+03
1.259806762695312500e+03
1.258802490234375000e+03
1.257655029296875000e+03
1.256438110351562500e+03
1.255077148437500000e+03
1.253645996093750000e+03
1.252218750000000000e+03
1.250720581054687500e+03
1.249002441406250000e+03
1.247361083984375000e+03
1.245573242187500000e+03
1.243712768554687500e+03
1.241853759765625000e+03
1.239846801757812500e+03
1.237691528320312500e+03
1.235610595703125000e+03
1.233380493164062500e+03
1.231149414062500000e+03
1.228842651367187500e+03
1.226385253906250000e+03
1.223925415039062500e+03
1.221388549804687500e+03
1.218773925781250000e+03
1.216081054687500000e+03
1.213235351562500000e+03
1.210458984375000000e+03
1.207528686523437500e+03
1.204666748046875000e+03
1.201649902343750000e+03
1.198626098632812500e+03
1.195446166992187500e+03
1.192258300781250000e+03
1.188987670898437500e+03
1.185708007812500000e+03
1.182344360351562500e+03
1.178970703125000000e+03
1.175511840820312500e+03
1.171967651367187500e+03
1.168411621093750000e+03
1.164768920898437500e+03
1.161113281250000000e+03
1.157369873046875000e+03
1.153612426757812500e+03
1.149840209960937500e+03
1.145904418945312500e+03
1.142026855468750000e+03
1.138058715820312500e+03
1.134073730468750000e+03
1.129996826171875000e+03
1.125976074218750000e+03
1.121788574218750000e+03
1.117656982421875000e+03
1.113432861328125000e+03
1.109190185546875000e+03
1.104929077148437500e+03
1.100723632812500000e+03
1.096425170898437500e+03
1.092033569335937500e+03
1.087697387695312500e+03
1.083267944335937500e+03
1.078893798828125000e+03
1.074426147460937500e+03
1.070013549804687500e+03
1.065581542968750000e+03
1.061130004882812500e+03
1.056510375976562500e+03
1.052019653320312500e+03
1.047434814453125000e+03
1.042904418945312500e+03
1.038353881835937500e+03
1.033783325195312500e+03
1.029192382812500000e+03
1.024581176757812500e+03
1.020023681640625000e+03
1.015445556640625000e+03
1.010921020507812500e+03
1.006301330566406250e+03
1.001734985351562500e+03
9.969988403320312500e+02
9.923900756835937500e+02
9.877600097656250000e+02
9.832570190429687500e+02
9.786582031250000000e+02
9.743347778320312500e+02
9.698408203125000000e+02
9.653249511718750000e+02
9.608612060546875000e+02
9.563751831054687500e+02
9.518668823242187500e+02
9.474845581054687500e+02
9.430053710937500000e+02
9.385778198242187500e+02
9.342015991210937500e+02
9.298766479492187500e+02
9.255286865234375000e+02
9.211574707031250000e+02
9.168371582031250000e+02
9.125676879882812500e+02
9.083490600585937500e+02
9.041066894531250000e+02
8.999895629882812500e+02
8.957748413085937500e+02
8.916115112304687500e+02
8.874998168945312500e+02
8.835142211914062500e+02
8.795066528320312500e+02
8.754769287109375000e+02
8.714999389648437500e+02
8.675758056640625000e+02
8.637048339843750000e+02
8.598873901367187500e+02
8.561235961914062500e+02
8.523395385742187500e+02
8.486840209960937500e+02
8.450087890625000000e+02
8.413883056640625000e+02
8.378305053710937500e+02
8.343355102539062500e+02
8.308665771484375000e+02
8.274610595703125000e+02
8.240895996093750000e+02
8.207525024414062500e+02
8.174797973632812500e+02
8.142570190429687500e+02
8.110769042968750000e+02
8.079547729492187500e+02
8.048834838867187500e+02
8.018706665039062500e+02
7.989168701171875000e+02
7.960149536132812500e+02
7.931726074218750000e+02
7.903827514648437500e+02
7.876532592773437500e+02
7.849695434570312500e+02
7.823469238281250000e+02
7.797856445312500000e+02
7.772861938476562500e+02
7.748414306640625000e+02
7.724517211914062500e+02
7.701249389648437500e+02
7.678539428710937500e+02
7.656393432617187500e+02
7.634961547851562500e+02
7.614025268554687500e+02
7.593663330078125000e+02
7.573955078125000000e+02
7.554828491210937500e+02
7.536214599609375000e+02
7.518339843750000000e+02
7.501060180664062500e+02
7.484304809570312500e+02
7.468150634765625000e+02
7.452600708007812500e+02
7.437659301757812500e+02
7.423180541992187500e+02
7.409465332031250000e+02
7.396293945312500000e+02
7.383595581054687500e+02
7.371597290039062500e+02
7.360078125000000000e+02
7.349415283203125000e+02
7.339090576171875000e+02
7.329406738281250000e+02
7.320217285156250000e+02
7.311675415039062500e+02
7.303710937500000000e+02
7.296178588867187500e+02
7.289231567382812500e+02
7.282798461914062500e+02
7.276884155273437500e+02
7.271567382812500000e+02
7.266777343750000000e+02
7.262518920898437500e+02
7.258721313476562500e+02
7.255537719726562500e+02
7.252675170898437500e+02
7.250510864257812500e+02
7.248750000000000000e+02
7.247472534179687500e+02
7.246757202148437500e+02
7.246386108398437500e+02
7.246585693359375000e+02
7.247213134765625000e+02
7.248272705078125000e+02
7.249843750000000000e+02
7.251856079101562500e+02
7.254240722656250000e+02
7.257152099609375000e+02
7.260444946289062500e+02
7.264125366210937500e+02
7.268198242187500000e+02
7.272742309570312500e+02
7.277688598632812500e+02
7.282894897460937500e+02
7.288587036132812500e+02
7.294698486328125000e+02
7.301083984375000000e+02
7.307972412109375000e+02
7.315072021484375000e+02
7.322609863281250000e+02
7.330365600585937500e+02
7.338562622070312500e+02
7.346979370117187500e+02
7.355840454101562500e+02
7.364998168945312500e+02
7.374379272460937500e+02
7.383911132812500000e+02
7.393743896484375000e+02
7.403655395507812500e+02
7.414019165039062500e+02
7.424389648437500000e+02
7.435066528320312500e+02
7.445679321289062500e+02
7.457344360351562500e+02
7.468427734375000000e+02
7.479674072265625000e+02
7.491829223632812500e+02
7.503406372070312500e+02
7.515151367187500000e+02
7.527066040039062500e+02
7.539151611328125000e+02
7.551408691406250000e+02
7.563839721679687500e+02
7.576446533203125000e+02
7.589229736328125000e+02
7.602191772460937500e+02
7.615333862304687500e+02
7.627913818359375000e+02
7.640677490234375000e+02
7.653625488281250000e+02
7.665274047851562500e+02
7.678596801757812500e+02
7.690622558593750000e+02
7.702839355468750000e+02
7.715249633789062500e+02
7.727110595703125000e+02
7.740653076171875000e+02
7.752907714843750000e+02
7.764617919921875000e+02
7.777272338867187500e+02
7.789385375976562500e+02
7.801702270507812500e+02
7.813482055664062500e+02
7.825468750000000000e+02
7.837664184570312500e+02
7.849326171875000000e+02
7.860456542968750000e+02
7.871800537109375000e+02
7.883359985351562500e+02
7.894391479492187500e+02
7.905637817382812500e+02
7.916354370117187500e+02
7.926539306640625000e+02
7.937678222656250000e+02
7.947539062500000000e+02
7.956863403320312500e+02
7.967879638671875000e+02
7.976870117187500000e+02
7.986805419921875000e+02
7.996198730468750000e+02
8.005046997070312500e+02
8.012606201171875000e+02
8.021104125976562500e+02
8.029051513671875000e+02
8.037191772460937500e+02
8.044034423828125000e+02
8.051066284179687500e+02
8.057540283203125000e+02
8.064199218750000000e+02
8.070296630859375000e+02
8.076575317382812500e+02
8.081546020507812500e+02
8.087435913085937500e+02
8.092014160156250000e+02
8.096021728515625000e+02
8.100942382812500000e+02
8.104545288085937500e+02
8.107571411132812500e+02
8.110760498046875000e+02
8.113367919921875000e+02
8.115391235351562500e+02
8.118314819335937500e+02
8.119906616210937500e+02
8.120906982421875000e+02
8.122057495117187500e+02
8.121868896484375000e+02
8.121823730468750000e+02
8.121178588867187500e+02
8.120672607421875000e+02
8.119559936523437500e+02
8.117838134765625000e+02
8.115504760742187500e+02
8.113299560546875000e+02
8.109733886718750000e+02
8.107033691406250000e+02
8.102225341796875000e+02
8.098275756835937500e+02
8.093697509765625000e+02
8.088486938476562500e+02
8.083384399414062500e+02
8.076900024414062500e+02
8.070518798828125000e+02
8.064236450195312500e+02
8.057307739257812500e+02
8.049729614257812500e+02
8.040756225585937500e+02
8.032612915039062500e+02
8.023812255859375000e+02
8.014349365234375000e+02
8.004965209960937500e+02
7.994913330078125000e+02
7.983447265625000000e+02
7.972793579101562500e+02
7.960718994140625000e+02
7.949450073242187500e+02
7.936753540039062500e+02
7.924113159179687500e+02
7.911524658203125000e+02
7.896755981445312500e+02
7.883518066406250000e+02
7.869579467773437500e+02
7.854935302734375000e+02
7.838839721679687500e+02
7.823518066406250000e+02
7.807480468750000000e+02
7.791466674804687500e+02
7.774729003906250000e+02
7.758007812500000000e+02
7.740555419921875000e+02
7.722442016601562500e+02
7.704407348632812500e+02
7.685779418945312500e+02
7.667072753906250000e+02
7.647764892578125000e+02
7.628073120117187500e+02
7.607994995117187500e+02
7.587747802734375000e+02
7.566882324218750000e+02
7.545765991210937500e+02
7.524320068359375000e+02
7.502614746093750000e+02
7.480497436523437500e+02
7.458037109375000000e+02
7.435305175781250000e+02
7.412221679687500000e+02
7.388782958984375000e+02
7.365133056640625000e+02
7.341118164062500000e+02
7.316809692382812500e+02
7.292202148437500000e+02
7.267294311523437500e+02
7.242158203125000000e+02
7.216718750000000000e+02
7.190975341796875000e+02
7.164999389648437500e+02
7.138789062500000000e+02
7.112343139648437500e+02
7.085587158203125000e+02
7.058740234375000000e+02
7.031505126953125000e+02
7.004102172851562500e+02
6.976455078125000000e+02
6.948711547851562500e+02
6.920943603515625000e+02
6.892777709960937500e+02
6.864509887695312500e+02
6.836063232421875000e+02
6.807437133789062500e+02
6.778776855468750000e+02
6.749858398437500000e+02
6.720753784179687500e+02
6.691610107421875000e+02
6.662276000976562500e+02
6.632825317382812500e+02
6.603328857421875000e+02
6.573710937500000000e+02
6.543969116210937500e+02
6.514176635742187500e+02
6.484330444335937500e+02
6.454354858398437500e+02
6.424396362304687500e+02
6.394304199218750000e+02
6.364224243164062500e+02
6.334081420898437500e+02
6.303872680664062500e+02
6.273745117187500000e+02
6.243621826171875000e+02
6.213129882812500000e+02
6.182860717773437500e+02
6.152589721679687500e+02
6.122315063476562500e+02
6.091961059570312500e+02
6.061672363281250000e+02
6.031448974609375000e+02
6.001138305664062500e+02
5.970888671875000000e+02
5.940770874023437500e+02
5.910634765625000000e+02
5.880627441406250000e+02
5.850524291992187500e+02
5.820621948242187500e+02
5.790698242187500000e+02
5.760903930664062500e+02
5.731090087890625000e+02
5.701480712890625000e+02
5.671928100585937500e+02
5.642507324218750000e+02
5.613292846679687500e+02
5.584137573242187500e+02
5.554893798828125000e+02
5.525784912109375000e+02
5.496886596679687500e+02
5.468198242187500000e+02
5.439722900390625000e+02
5.411311645507812500e+02
5.382965698242187500e+02
5.354834594726562500e+02
5.326994018554687500e+02
5.299295654296875000e+02
5.271815185546875000e+02
5.244404907226562500e+02
5.217214965820312500e+02
5.190394897460937500e+02
5.163647460937500000e+02
5.137124633789062500e+02
5.110825500488281250e+02
5.084752197265625000e+02
5.058979797363281250e+02
5.033287048339843750e+02
5.007824096679687500e+02
4.982739868164062500e+02
4.957738647460937500e+02
4.933119812011718750e+02
4.908586730957031250e+02
4.884437866210937500e+02
4.860527038574218750e+02
4.836928710937500000e+02
4.813496704101562500e+02
4.790306091308593750e+02
4.767507629394531250e+02
4.744879455566406250e+02
4.722572021484375000e+02
4.700437927246093750e+02
4.678702392578125000e+02
4.657292175292968750e+02
4.636060791015625000e+02
4.615158386230468750e+02
4.594511718750000000e+02
4.574198303222656250e+02
4.554144592285156250e+02
4.534278259277343750e+02
4.514898986816406250e+02
4.495711364746093750e+02
4.476865844726562500e+02
4.458290100097656250e+02
4.439985961914062500e+02
4.421956176757812500e+02
4.404351501464843750e+02
4.387024841308593750e+02
4.369904785156250000e+02
4.353216247558593750e+02
4.336664428710937500e+02
4.320548095703125000e+02
4.304721984863281250e+02
4.289113769531250000e+02
4.273874511718750000e+02
4.258932495117187500e+02
4.244141235351562500e+02
4.229875183105468750e+02
4.215839843750000000e+02
4.202111816406250000e+02
4.188619384765625000e+02
4.175513916015625000e+02
4.162723693847656250e+02
4.150177917480468750e+02
4.137878417968750000e+02
4.125902709960937500e+02
4.114253845214843750e+02
4.102934265136718750e+02
4.091724548339843750e+02
4.080998535156250000e+02
4.070537109375000000e+02
4.060491027832031250e+02
4.050567016601562500e+02
4.040990295410156250e+02
4.031690368652343750e+02
4.022595520019531250e+02
4.013932189941406250e+02
4.005480651855468750e+02
3.997244262695312500e+02
3.989374694824218750e+02
3.981726684570312500e+02
3.974303894042968750e+02
3.967183532714843750e+02
3.960295104980468750e+02
3.953790283203125000e+02
3.947524414062500000e+02
3.941500549316406250e+02
3.935722351074218750e+02
3.930192871093750000e+02
3.924988708496093750e+02
3.919962158203125000e+02
3.915188598632812500e+02
3.910744628906250000e+02
3.906482238769531250e+02
3.902329711914062500e+02
3.898584594726562500e+02
3.895026245117187500e+02
3.891581726074218750e+02
3.888475341796875000e+02
3.885486145019531250e+02
3.882763977050781250e+02
3.880162353515625000e+02
3.877831115722656250e+02
3.875697631835937500e+02
3.873689575195312500e+02
3.871957397460937500e+02
3.870353393554687500e+02
3.868880310058593750e+02
3.867687988281250000e+02
3.866629638671875000e+02
3.865632934570312500e+02
3.864921875000000000e+02
3.864202270507812500e+02
3.863772277832031250e+02
3.863485412597656250e+02
3.863195190429687500e+02
3.863125915527343750e+02
3.863205261230468750e+02
3.863435363769531250e+02
3.863669128417968750e+02
3.864132080078125000e+02
3.864677124023437500e+02
3.865380249023437500e+02
3.866169433593750000e+02
3.866972045898437500e+02
3.868013305664062500e+02
3.868997497558593750e+02
3.870075988769531250e+02
3.871324462890625000e+02
3.872670593261718750e+02
3.874042053222656250e+02
3.875440979003906250e+02
3.877018127441406250e+02
3.878626708984375000e+02
3.880194091796875000e+02
3.881945800781250000e+02
3.883735046386718750e+02
3.885563354492187500e+02
3.887359008789062500e+02
3.889344177246093750e+02
3.891296081542968750e+02
3.893288879394531250e+02
3.895322265625000000e+02
3.897322387695312500e+02
3.899436950683593750e+02
3.901517333984375000e+02
3.903637390136718750e+02
3.905723266601562500e+02
3.907774047851562500e+02
3.909938659667968750e+02
3.911993713378906250e+02
3.914013061523437500e+02
3.915996704101562500e+02
3.918093261718750000e+02
3.920079040527343750e+02
3.921954040527343750e+02
3.923866271972656250e+02
3.925815429687500000e+02
3.927653198242187500e+02
3.929527282714843750e+02
3.931289062500000000e+02
3.932937622070312500e+02
3.934547424316406250e+02
3.936117553710937500e+02
3.937648315429687500e+02
3.939064636230468750e+02
3.940514221191406250e+02
3.941699829101562500e+02
3.942918090820312500e+02
3.944019775390625000e+02
3.945079040527343750e+02
3.946020507812500000e+02
3.946843872070312500e+02
3.947622985839843750e+02
3.948282775878906250e+02
3.948822326660156250e+02
3.949390258789062500e+02
3.949687805175781250e+02
3.950086669921875000e+02
3.950214233398437500e+02
3.950292358398437500e+02
3.950245971679687500e+02
3.950074768066406250e+02
3.949777832031250000e+02
3.949428710937500000e+02
3.948877258300781250e+02
3.948197631835937500e+02
3.947388305664062500e+02
3.946449279785156250e+02
3.945452270507812500e+02
3.944322509765625000e+02
3.943058471679687500e+02
3.941658630371093750e+02
3.940195922851562500e+02
3.938520202636718750e+02
3.936630554199218750e+02
3.934747314453125000e+02
3.932646789550781250e+02
3.930402221679687500e+02
3.928010864257812500e+02
3.925545959472656250e+02
3.923006286621093750e+02
3.920166625976562500e+02
3.917249145507812500e+02
3.914176635742187500e+02
3.910947875976562500e+02
3.907636108398437500e+02
3.904089660644531250e+02
3.900456542968750000e+02
3.896734008789062500e+02
3.892698364257812500e+02
3.888643798828125000e+02
3.884420471191406250e+02
3.880100402832031250e+02
3.875459289550781250e+02
3.870791625976562500e+02
3.865947570800781250e+02
3.860998840332031250e+02
3.855943298339843750e+02
3.850556335449218750e+02
3.845133056640625000e+02
3.839670715332031250e+02
3.833945007324218750e+02
3.828102111816406250e+02
3.822139587402343750e+02
3.816055297851562500e+02
3.809772949218750000e+02
3.803289794921875000e+02
3.796752319335937500e+02
3.790083923339843750e+02
3.783133239746093750e+02
3.776195983886718750e+02
3.769120178222656250e+02
3.761606750488281250e+02
3.754321594238281250e+02
3.746742248535156250e+02
3.739014587402343750e+02
3.731211242675781250e+02
3.723328552246093750e+02
3.715366210937500000e+02
3.707173767089843750e+02
3.698750610351562500e+02
3.690243835449218750e+02
3.681726379394531250e+02
3.672975158691406250e+02
3.664136352539062500e+02
3.655209045410156250e+02
3.646192626953125000e+02
3.636936340332031250e+02
3.627662048339843750e+02
3.618294372558593750e+02
3.608757324218750000e+02
3.599198303222656250e+02
3.589541320800781250e+02
3.579710998535156250e+02
3.569780273437500000e+02
3.559598999023437500e+02
3.549536743164062500e+02
3.539443969726562500e+02
3.529170532226562500e+02
3.519086303710937500e+02
3.508669738769531250e+02
3.498216552734375000e+02
3.487650756835937500e+02
3.477119140625000000e+02
3.466397705078125000e+02
3.455633239746093750e+02
3.444824218750000000e+02
3.433968811035156250e+02
3.422991333007812500e+02
3.412039184570312500e+02
3.401035461425781250e+02
3.389904785156250000e+02
3.378719787597656250e+02
3.367553100585937500e+02
3.356328735351562500e+02
3.344970703125000000e+02
3.333700256347656250e+02
3.322366943359375000e+02
3.310969543457031250e+02
3.299505920410156250e+02
3.288049011230468750e+02
3.276745300292968750e+02
3.265147705078125000e+02
3.253625793457031250e+02
3.242029113769531250e+02
3.230430908203125000e+02
3.218829040527343750e+02
3.206998901367187500e+02
3.195460510253906250e+02
3.183694152832031250e+02
3.171996459960937500e+02
3.160293273925781250e+02
3.148659362792968750e+02
3.136945495605468750e+02
3.125225830078125000e+02
3.113574829101562500e+02
3.101844482421875000e+02
3.090256958007812500e+02
3.078663635253906250e+02
3.066916503906250000e+02
3.055386657714843750e+02
3.043777160644531250e+02
3.032310485839843750e+02
3.020689392089843750e+02
3.009212036132812500e+02
2.997803344726562500e+02
2.986388854980468750e+02
2.974969482421875000e+02
2.963692932128906250e+02
2.952411193847656250e+02
2.941198730468750000e+02
2.930055236816406250e+02
2.918906860351562500e+02
2.907827453613281250e+02
2.896743469238281250e+02
2.885803222656250000e+02
2.874932556152343750e+02
2.864131469726562500e+02
2.853326416015625000e+02
2.842665405273437500e+02
2.832074584960937500e+02
2.821554260253906250e+02
2.811029968261718750e+02
2.800576782226562500e+02
2.790343017578125000e+02
2.780031738281250000e+02
2.769866333007812500e+02
2.759846801757812500e+02
2.749824829101562500e+02
2.739875183105468750e+02
2.730072326660156250e+02
2.720267944335937500e+02
2.710610961914062500e+02
2.701101989746093750e+02
2.691592102050781250e+02
2.682231140136718750e+02
2.672870178222656250e+02
2.663659057617187500e+02
2.654597778320312500e+02
2.645539245605468750e+02
2.636781005859375000e+02
2.627804565429687500e+02
2.619055786132812500e+02
2.610462341308593750e+02
2.601950378417968750e+02
2.593446655273437500e+02
2.585100402832031250e+02
2.576913452148437500e+02
2.568812255859375000e+02
2.560871887207031250e+02
2.552945404052734375e+02
2.545182189941406250e+02
2.537434844970703125e+02
2.529927368164062500e+02
2.522438354492187500e+02
2.515117340087890625e+02
2.507891387939453125e+02
2.500687561035156250e+02
2.493729705810546875e+02
2.486796722412109375e+02
2.479889526367187500e+02
2.473307189941406250e+02
2.466678924560546875e+02
2.460080871582031250e+02
2.453811492919921875e+02
2.447500915527343750e+02
2.441373291015625000e+02
2.435430145263671875e+02
2.429524536132812500e+02
2.423732452392578125e+02
2.418054962158203125e+02
2.412493896484375000e+02
2.407050781250000000e+02
2.401653442382812500e+02
2.396451110839843750e+02
2.391372070312500000e+02
2.386343383789062500e+02
2.381515197753906250e+02
2.376666717529296875e+02
2.372022094726562500e+02
2.367509002685546875e+02
2.362980957031250000e+02
2.358661956787109375e+02
2.354331665039062500e+02
2.350288543701171875e+02
2.346237792968750000e+02
2.342329254150390625e+02
2.338565063476562500e+02
2.334872131347656250e+02
2.331325225830078125e+02
2.327851409912109375e+02
2.324451293945312500e+02
2.321126556396484375e+02
2.318248748779296875e+02
2.314927978515625000e+02
2.311982727050781250e+02
2.309041748046875000e+02
2.306255493164062500e+02
2.303550567626953125e+02
2.300927734375000000e+02
2.298388214111328125e+02
2.296007843017578125e+02
2.293638763427734375e+02
2.291430816650390625e+02
2.289161987304687500e+02
2.287131347656250000e+02
2.285042266845703125e+02
2.283118896484375000e+02
2.281214141845703125e+02
2.279403533935546875e+02
2.277762603759765625e+02
2.276069183349609375e+02
2.274473876953125000e+02
2.272977142333984375e+02
2.271506805419921875e+02
2.270138092041015625e+02
2.268872222900390625e+02
2.267561950683593750e+02
2.266357116699218750e+02
2.265259399414062500e+02
2.264195556640625000e+02
2.263241424560546875e+02
2.262249603271484375e+02
2.261295928955078125e+02
2.260455932617187500e+02
2.259656677246093750e+02
2.258974304199218750e+02
2.258186950683593750e+02
2.257444610595703125e+02
2.256823272705078125e+02
2.256250000000000000e+02
2.255800628662109375e+02
2.255253143310546875e+02
2.254758453369140625e+02
2.254391784667968750e+02
2.254006347656250000e+02
2.253603363037109375e+02
2.253332977294921875e+02
2.253046875000000000e+02
2.252819366455078125e+02
2.252651062011718750e+02
2.252393493652343750e+02
2.252269439697265625e+02
2.252056732177734375e+02
2.251978454589843750e+02
2.251886138916015625e+02
2.251705322265625000e+02
2.251659698486328125e+02
2.251600952148437500e+02
2.251454467773437500e+02
2.251443939208984375e+02
2.251420745849609375e+02
2.251459350585937500e+02
2.251337432861328125e+02
2.251277923583984375e+02
2.251206512451171875e+02
2.251197967529296875e+02
2.251178436279296875e+02
2.251073150634765625e+02
2.250957489013671875e+02
2.250905151367187500e+02
2.250693664550781250e+02
2.250620727539062500e+02
2.250537719726562500e+02
2.250295867919921875e+02
2.250193023681640625e+02
2.249931793212890625e+02
2.249660949707031250e+02
2.249455108642578125e+02
2.249165649414062500e+02
2.248941040039062500e+02
2.248558654785156250e+02
2.248167266845703125e+02
2.247841186523437500e+02
2.247283020019531250e+02
2.246864624023437500e+02
2.246437072753906250e+02
2.245852203369140625e+02
2.245332336425781250e+02
2.244655151367187500e+02
2.244116973876953125e+02
2.243421630859375000e+02
2.242790985107421875e+02
2.242002716064453125e+02
2.241204986572265625e+02
2.240397796630859375e+02
2.239506683349609375e+02
2.238457183837890625e+02
2.237546081542968750e+02
2.236475219726562500e+02
2.235392761230468750e+02
2.234223480224609375e+02
2.233041381835937500e+02
2.231845703125000000e+02
2.230560913085937500e+02
2.229261322021484375e+02
2.227871398925781250e+02
2.226464996337890625e+02
2.224967041015625000e+02
2.223451080322265625e+02
2.221767578125000000e+02
2.220064392089843750e+02
2.218415069580078125e+02
2.216596221923828125e+02
2.214680938720703125e+02
2.212817077636718750e+02
2.210781097412109375e+02
2.208720703125000000e+02
2.206634979248046875e+02
2.204448852539062500e+02
2.202235717773437500e+02
2.199920501708984375e+02
2.197502288818359375e+02
2.195128479003906250e+02
2.192650146484375000e+02
2.189917144775390625e+02
2.187374572753906250e+02
2.184650268554687500e+02
2.181891632080078125e+02
2.179097900390625000e+02
2.176119079589843750e+02
2.173251342773437500e+02
2.170196990966796875e+02
2.167103424072265625e+02
2.163894805908203125e+02
2.160719299316406250e+02
2.157352600097656250e+02
2.154090881347656250e+02
2.150635528564453125e+02
2.147060089111328125e+02
2.143511962890625000e+02
2.139915313720703125e+02
2.136194915771484375e+02
2.132423858642578125e+02
2.128600769042968750e+02
2.124724426269531250e+02
2.120793457031250000e+02
2.116732482910156250e+02
2.112614746093750000e+02
2.108439788818359375e+02
2.104280700683593750e+02
2.099914245605468750e+02
2.095561981201171875e+02
2.091149139404296875e+02
2.086600494384765625e+02
2.082137756347656250e+02
2.077537384033203125e+02
2.072872772216796875e+02
2.068142700195312500e+02
2.063346405029296875e+02
2.058556976318359375e+02
2.053625030517578125e+02
2.048772430419921875e+02
2.043775177001953125e+02
2.038706207275390625e+02
2.033639221191406250e+02
2.028424377441406250e+02
2.023208923339843750e+02
2.017917785644531250e+02
2.012624053955078125e+02
2.007326507568359375e+02
2.001875457763671875e+02
1.996492614746093750e+02
1.990953979492187500e+02
1.985481414794921875e+02
1.979850463867187500e+02
1.974209136962890625e+02
1.968555755615234375e+02
1.962889404296875000e+02
1.957134552001953125e+02
1.951364288330078125e+02
1.945503234863281250e+02
1.939624328613281250e+02
1.933726654052734375e+02
1.927734375000000000e+02
1.921795501708984375e+02
1.915759582519531250e+02
1.909774475097656250e+02
1.903615875244140625e+02
1.897431488037109375e+02
1.891219940185546875e+02
1.885054473876953125e+02
1.878785095214843750e+02
1.872485198974609375e+02
1.866302185058593750e+02
1.860011901855468750e+02
1.853613128662109375e+02
1.847253723144531250e+02
1.840858764648437500e+02
1.834428100585937500e+02
1.827961730957031250e+02
1.821533508300781250e+02
1.815069122314453125e+02
1.808568267822265625e+02
1.802105102539062500e+02
1.795530700683593750e+02
1.788993530273437500e+02
1.782418975830078125e+02
1.775881195068359375e+02
1.769305725097656250e+02
1.762692108154296875e+02
1.756114501953125000e+02
1.749572448730468750e+02
1.742917480468750000e+02
1.736297607421875000e+02
1.729786682128906250e+02
1.723236236572265625e+02
1.716571197509765625e+02
1.710014495849609375e+02
1.703491516113281250e+02
1.696927185058593750e+02
1.690321502685546875e+02
1.683748321533203125e+02
1.677355957031250000e+02
1.670846557617187500e+02
1.664294433593750000e+02
1.657773132324218750e+02
1.651282348632812500e+02
1.644821777343750000e+02
1.638316650390625000e+02
1.631840820312500000e+02
1.625394134521484375e+02
1.618975830078125000e+02
1.612660064697265625e+02
1.606223449707031250e+02
1.599888305664062500e+02
1.593654479980468750e+02
1.587298736572265625e+02
1.581043243408203125e+02
1.574739532470703125e+02
1.568535308837890625e+02
1.562281951904296875e+02
1.556127777099609375e+02
1.549998016357421875e+02
1.543817901611328125e+02
1.537661895751953125e+02
1.531603698730468750e+02
1.525568847656250000e+02
1.519483184814453125e+02
1.513570251464843750e+02
1.507532653808593750e+02
1.501668090820312500e+02
1.495753784179687500e+02
1.489864654541015625e+02
1.484075317382812500e+02
1.478237457275390625e+02
1.472499847412109375e+02
1.466789093017578125e+02
1.461105346679687500e+02
1.455449218750000000e+02
1.449821166992187500e+02
1.444221649169921875e+02
1.438651275634765625e+02
1.433184814453125000e+02
1.427674407958984375e+02
1.422343292236328125e+02
1.416969451904296875e+02
1.411553344726562500e+02
1.406318664550781250e+02
1.401117248535156250e+02
1.395875549316406250e+02
1.390668640136718750e+02
1.385571594238281250e+02
1.380510559082031250e+02
1.375486450195312500e+02
1.370574035644531250e+02
1.365625610351562500e+02
1.360790557861328125e+02
1.355920867919921875e+02
1.351165771484375000e+02
1.346526336669921875e+02
1.341928710937500000e+02
1.337373657226562500e+02
1.332787475585937500e+02
1.328245544433593750e+02
1.323822479248046875e+02
1.319296417236328125e+02
1.314890747070312500e+02
1.310680541992187500e+02
1.306666412353515625e+02
1.302477722167968750e+02
1.298337860107421875e+02
1.294247741699218750e+02
1.290282135009765625e+02
1.286293182373046875e+02
1.282355804443359375e+02
1.278545150756835938e+02
1.274713211059570312e+02
1.270934677124023438e+02
1.267284088134765625e+02
1.263687667846679688e+02
1.260071334838867188e+02
1.256584396362304688e+02
1.253078308105468750e+02
1.249628067016601562e+02
1.246308288574218750e+02
1.242970657348632812e+02
1.239690170288085938e+02
1.236467056274414062e+02
1.233302001953125000e+02
1.230121002197265625e+02
1.226924819946289062e+02
1.223862380981445312e+02
1.220934295654296875e+02
1.217992477416992188e+02
1.215037765502929688e+02
1.212144775390625000e+02
1.209388809204101562e+02
1.206621704101562500e+02
1.203844299316406250e+02
1.201205825805664062e+02
1.198484268188476562e+02
1.195977554321289062e+02
1.193463668823242188e+02
1.190868988037109375e+02
1.188417663574218750e+02
1.185961532592773438e+02
1.183576354980468750e+02
1.181188278198242188e+02
1.178798751831054688e+02
1.176557083129882812e+02
1.174315795898437500e+02
1.171927337646484375e+02
1.169615783691406250e+02
1.167605056762695312e+02
1.165450286865234375e+02
1.163375930786132812e+02
1.161456985473632812e+02
1.159694824218750000e+02
1.157718963623046875e+02
1.155828018188476562e+02
1.154022827148437500e+02
1.152081909179687500e+02
1.150377731323242188e+02
1.148688812255859375e+02
1.146941680908203125e+02
1.145360641479492188e+02
1.143575134277343750e+02
1.141957168579101562e+02
1.140507354736328125e+02
1.138928833007812500e+02
1.137444839477539062e+02
1.135981445312500000e+02
1.134316329956054688e+02
1.132969894409179688e+02
1.131793746948242188e+02
1.130491256713867188e+02
1.129136657714843750e+02
1.127879104614257812e+02
1.126570358276367188e+02
1.125358963012695312e+02
1.124171066284179688e+02
1.122932510375976562e+02
1.121792144775390625e+02
1.120675735473632812e+02
1.119509201049804688e+02
1.118441162109375000e+02
1.117472076416015625e+02
1.116378784179687500e+02
1.115235900878906250e+02
1.114266357421875000e+02
1.113247299194335938e+02
1.112253265380859375e+02
1.111284255981445312e+02
1.110489044189453125e+02
1.109570465087890625e+02
1.108602752685546875e+02
1.107585983276367188e+02
1.106669235229492188e+02
1.105778045654296875e+02
1.104689559936523438e+02
1.103775711059570312e+02
1.102887802124023438e+02
1.101951828002929688e+02
1.101042175292968750e+02
1.100084915161132812e+02
1.099154357910156250e+02
1.098399581909179688e+02
1.097449111938476562e+02
1.096526412963867188e+02
1.095631637573242188e+02
1.094765090942382812e+02
1.093927307128906250e+02
1.093118591308593750e+02
1.092190551757812500e+02
1.091441192626953125e+02
1.090424728393554688e+02
1.089439086914062500e+02
1.088558654785156250e+02
1.087634887695312500e+02
1.086816482543945312e+02
1.085880737304687500e+02
1.084976119995117188e+02
1.084028701782226562e+02
1.083112792968750000e+02
1.082154312133789062e+02
1.081227722167968750e+02
1.080333175659179688e+02
1.079396362304687500e+02
1.078417510986328125e+02
1.077471008300781250e+02
1.076557006835937500e+02
1.075526885986328125e+02
1.074603576660156250e+02
1.073638763427734375e+02
1.072632293701171875e+02
1.071584091186523438e+02
1.070642852783203125e+02
1.069659881591796875e+02
1.068560714721679688e+02
1.067568283081054688e+02
1.066459274291992188e+02
1.065456619262695312e+02
1.064337005615234375e+02
1.063323135375976562e+02
1.062191772460937500e+02
1.061165466308593750e+02
1.060095291137695312e+02
1.058980712890625000e+02
1.057821273803710938e+02
1.056690826416015625e+02
1.055514526367187500e+02
1.054365997314453125e+02
1.053170471191406250e+02
1.051927261352539062e+02
1.050709838867187500e+02
1.049517822265625000e+02
1.048201675415039062e+02
1.046909408569335938e+02
1.045714416503906250e+02
1.044318771362304688e+02
1.043018875122070312e+02
1.041665496826171875e+02
1.040331954956054688e+02
1.038868942260742188e+02
1.037572784423828125e+02
1.036145553588867188e+02
1.034660797119140625e+02
1.033266296386718750e+02
1.031738739013671875e+02
1.030225906372070312e+02
1.028653106689453125e+02
1.027168273925781250e+02
1.025547866821289062e+02
1.023940048217773438e+02
1.022270050048828125e+02
1.020685882568359375e+02
1.019038543701171875e+02
1.017253189086914062e+02
1.015552520751953125e+02
1.013787384033203125e+02
1.012031784057617188e+02
1.010285415649414062e+02
1.008473587036132812e+02
1.006670455932617188e+02
1.004801330566406250e+02
1.002940368652343750e+02
1.001012954711914062e+02
9.991677093505859375e+01
9.971813201904296875e+01
9.952022552490234375e+01
9.933048248291015625e+01
9.912657928466796875e+01
9.892337036132812500e+01
9.872827148437500000e+01
9.851896667480468750e+01
9.831774902343750000e+01
9.810229492187500000e+01
9.790232086181640625e+01
9.768064117431640625e+01
9.747439575195312500e+01
9.726127624511718750e+01
9.704868316650390625e+01
9.683657836914062500e+01
9.661750793457031250e+01
9.639886474609375000e+01
9.618804168701171875e+01
9.596270751953125000e+01
9.574509429931640625e+01
9.552030944824218750e+01
9.529571533203125000e+01
9.507125091552734375e+01
9.484685516357421875e+01
9.462246704101562500e+01
9.439057922363281250e+01
9.416596984863281250e+01
9.393369293212890625e+01
9.370111083984375000e+01
9.346073150634765625e+01
9.323479461669921875e+01
9.300095367431640625e+01
9.276658630371093750e+01
9.253162384033203125e+01
9.229598999023437500e+01
9.205220794677734375e+01
9.182248687744140625e+01
9.158445739746093750e+01
9.133805847167968750e+01
9.110549926757812500e+01
9.086441040039062500e+01
9.062216186523437500e+01
9.038608551025390625e+01
9.014126586914062500e+01
8.989504241943359375e+01
8.964735412597656250e+01
8.939813232421875000e+01
8.914730072021484375e+01
8.890221405029296875e+01
8.865541076660156250e+01
8.840679168701171875e+01
8.815632629394531250e+01
8.790394592285156250e+01
8.765704345703125000e+01
8.740070343017578125e+01
8.714974975585937500e+01
8.688928985595703125e+01
8.664157867431640625e+01
8.637685394287109375e+01
8.612483978271484375e+01
8.586320495605468750e+01
8.560458374023437500e+01
8.534969329833984375e+01
8.509333038330078125e+01
8.483401489257812500e+01
8.457769012451171875e+01
8.431766510009765625e+01
8.405915069580078125e+01
8.380068969726562500e+01
8.354003906250000000e+01
8.328169250488281250e+01
8.302342987060546875e+01
8.276452636718750000e+01
8.250576019287109375e+01
8.224786376953125000e+01
8.198938751220703125e+01
8.173332214355468750e+01
8.147596740722656250e+01
0.000000000000000000e+00
0.000000000000000000e+00
0.000000000000000000e+00
0.000000000000000000e+00
0.000000000000000000e+00
0.000000000000000000e+00
0.000000000000000000e+00
0.000000000000000000e+00
0.000000000000000000e+00
0.000000000000000000e+00
0.000000000000000000e+00
0.000000000000000000e+00
0.000000000000000000e+00
0.000000000000000000e+00
0.000000000000000000e+00
0.000000000000000000e+00
0.000000000000000000e+00
0.000000000000000000e+00
0.000000000000000000e+00
0.000000000000000000e+00
0.000000000000000000e+00
0.000000000000000000e+00
0.000000000000000000e+00
0.000000000000000000e+00
0.000000000000000000e+00
0.000000000000000000e+00
0.000000000000000000e+00
0.000000000000000000e+00
0.000000000000000000e+00
0.000000000000000000e+00
0.000000000000000000e+00
0.000000000000000000e+00
0.000000000000000000e+00
0.000000000000000000e+00
0.000000000000000000e+00
0.000000000000000000e+00
0.000000000000000000e+00
0.000000000000000000e+00
0.000000000000000000e+00
0.000000000000000000e+00
0.000000000000000000e+00
0.000000000000000000e+00
0.000000000000000000e+00
0.000000000000000000e+00
0.000000000000000000e+00
0.000000000000000000e+00
0.000000000000000000e+00
0.000000000000000000e+00
0.000000000000000000e+00
0.000000000000000000e+00
0.000000000000000000e+00
0.000000000000000000e+00
0.000000000000000000e+00
0.000000000000000000e+00
0.000000000000000000e+00
0.000000000000000000e+00
0.000000000000000000e+00
0.000000000000000000e+00
0.000000000000000000e+00
0.000000000000000000e+00
0.000000000000000000e+00
0.000000000000000000e+00
0.000000000000000000e+00
0.000000000000000000e+00
0.000000000000000000e+00
0.000000000000000000e+00
0.000000000000000000e+00
0.000000000000000000e+00
0.000000000000000000e+00
0.000000000000000000e+00
0.000000000000000000e+00
0.000000000000000000e+00
0.000000000000000000e+00
0.000000000000000000e+00
0.000000000000000000e+00
0.000000000000000000e+00
0.000000000000000000e+00
0.000000000000000000e+00
0.000000000000000000e+00
0.000000000000000000e+00
0.000000000000000000e+00
0.000000000000000000e+00
0.000000000000000000e+00
0.000000000000000000e+00
0.000000000000000000e+00
0.000000000000000000e+00
0.000000000000000000e+00
0.000000000000000000e+00
0.000000000000000000e+00
0.000000000000000000e+00
0.000000000000000000e+00
0.000000000000000000e+00
0.000000000000000000e+00
0.000000000000000000e+00
0.000000000000000000e+00
0.000000000000000000e+00
0.000000000000000000e+00
0.000000000000000000e+00
0.000000000000000000e+00
0.000000000000000000e+00
