# d_a
# unit = Mpc
0.000000000000000000e+00
4.486503458863133176e+01
8.863873601728160168e+01
1.313517749159299228e+02
1.730337069499078382e+02
2.137130255789309103e+02
2.534172117629986474e+02
2.921727808175972427e+02
3.300053266057327050e+02
3.669395632405776269e+02
4.029993644599517211e+02
4.382078008222188714e+02
4.725871748625534110e+02
5.061590543386751619e+02
5.389443036860983511e+02
5.709631137945649471e+02
6.022350302096400583e+02
6.327789798562693022e+02
6.626132963745415054e+02
6.917557441517634516e+02
7.202235411293171410e+02
7.480333804575312797e+02
7.752014510669292804e+02
8.017434572197259968e+02
8.276746371012578720e+02
8.530097805071393395e+02
8.777632456783481985e+02
9.019489753330556141e+02
9.255805119409398003e+02
9.486710122827622627e+02
9.712332613353271427e+02
9.932796855194027330e+02
1.014822365345824778e+03
1.035873047492841806e+03
1.056443156345685793e+03
1.076543805027469716e+03
1.096185805948717416e+03
1.115379680901187612e+03
1.134135670720073676e+03
1.152463744537246157e+03
1.170373608646801813e+03
1.187874715002972607e+03
1.204976269369204374e+03
1.221687239136143944e+03
1.238016360825212132e+03
1.253972147293482294e+03
1.269562894654665342e+03
1.284796688930140817e+03
1.299681412443194631e+03
1.314224749968848073e+03
1.328434194650987820e+03
1.342317053697817300e+03
1.355880453866061544e+03
1.369131346743755103e+03
1.382076513840900589e+03
1.394722571496800356e+03
1.407075975612337515e+03
1.419143026215075906e+03
1.430929871864598908e+03
1.442442513905117721e+03
1.453686810572013428e+03
1.464668480958598138e+03
1.475393108849092869e+03
1.485866146423460805e+03
1.496092917839489019e+03
1.506078622697198625e+03
1.515828339390417796e+03
1.525347028350116261e+03
1.534639535183862790e+03
1.543710593715541563e+03
1.552564828929276018e+03
1.561206759821298192e+03
1.569640802163348098e+03
1.577871271180973054e+03
1.585902384149975887e+03
1.593738262914095685e+03
1.601382936326838035e+03
1.608840342620278534e+03
1.616114331703493008e+03
1.623208667393170344e+03
1.630127029578847441e+03
1.636873016325084336e+03
1.643450145912806420e+03
1.649861858821939677e+03
1.656111519657368717e+03
1.662202419020169600e+03
1.668137775325967368e+03
1.673920736572229998e+03
1.679554382056160648e+03
1.685041724044888269e+03
1.690385709399465895e+03
1.695589221154241613e+03
1.700655080052994663e+03
1.705586046043280248e+03
1.710384819730270237e+03
1.715054043791402592e+03
1.719596304353061669e+03
1.724014132330478105e+03
1.728310004731979234e+03
1.732486345928703486e+03
1.736545528890825835e+03
1.740489876391306098e+03
1.744321662178160295e+03
1.748043112116173461e+03
1.751656405298990421e+03
1.755163675132443132e+03
1.758567010389974484e+03
1.761868456240966225e+03
1.765070015252773601e+03
1.768173648367212081e+03
1.771181275852244880e+03
1.774094778229576832e+03
1.776915997178844464e+03
1.779646736419060517e+03
1.782288762567965023e+03
1.784843805979892750e+03
1.787313561562766608e+03
1.789699689574792956e+03
1.792003816401422000e+03
1.794227535313127191e+03
1.796372407204508363e+03
1.798439961315257278e+03
1.800431695933460333e+03
1.802349079081725449e+03
1.804193549186595419e+03
1.805966515731702657e+03
1.807669359895090338e+03
1.809303435171139881e+03
1.810870067977501776e+03
1.812370558247429017e+03
1.813806180007909461e+03
1.815178181943954996e+03
1.816487787949438598e+03
1.817736197664793053e+03
1.818924587001948112e+03
1.820054108656830067e+03
1.821125892609727089e+03
1.822141046613869548e+03
1.823100656672494097e+03
1.824005787504712316e+03
1.824857483000461798e+03
1.825656766664818178e+03
1.826404642051940300e+03
1.827102093188922026e+03
1.827750084989783772e+03
1.828349563659885916e+03
1.828901457090973736e+03
1.829406675247116254e+03
1.829866110541743637e+03
1.830280638206032791e+03
1.830651116648833522e+03
1.830978387808362868e+03
1.831263277495858347e+03
1.831506595731411380e+03
1.831709137072145950e+03
1.831871680932955996e+03
1.831994991899975503e+03
1.832079820036955653e+03
1.832126901184736653e+03
1.832136957253965193e+03
1.832110696511239894e+03
1.832048813858838457e+03
1.831951991108173388e+03
1.831820897247152288e+03
1.831656188701560950e+03
1.831458509590637277e+03
1.831228491976969735e+03
1.830966756110846063e+03
1.830673910669206634e+03
1.830350552989310245e+03
1.829997269297258754e+03
1.829614634931483124e+03
1.829203214561335699e+03
1.828763562400874207e+03
1.828296222417989156e+03
1.827801728538948964e+03
1.827280604848496068e+03
1.826733365785587239e+03
1.826160516334887916e+03
1.825562552214113339e+03
1.824939960057321514e+03
1.824293217594241696e+03
1.823622793825753433e+03
1.822929149195576201e+03
1.822212735758280360e+03
1.821473997343699239e+03
1.820713369717826708e+03
1.819931280740270267e+03
1.819128150518360599e+03
1.818304391557981035e+03
1.817460408911185596e+03
1.816596600320704965e+03
1.815713356361382694e+03
1.814811060578634397e+03
1.813890089623981339e+03
1.812950813387742983e+03
1.811993595128935340e+03
1.811018791602452211e+03
1.810026753183581832e+03
1.809017823989929639e+03
1.807992342000793769e+03
1.806950639174061735e+03
1.805893041560677830e+03
1.804819869416738584e+03
1.803731437313268543e+03
1.802628054243727775e+03
1.801510023729306567e+03
1.800377643922052357e+03
1.799231207705874340e+03
1.798071002795483082e+03
1.796897311833303775e+03
1.795710412484405424e+03
1.794510577529499187e+03
1.793298074956046776e+03
1.792073168047504623e+03
1.790836115470772711e+03
1.789587171361867604e+03
1.788326585409856762e+03
1.787054602939114147e+03
1.785771464989907145e+03
1.784477408397370255e+03
1.783172665868889680e+03
1.781857466059941771e+03
1.780532033648416245e+03
1.779196589407448073e+03
1.777851350276810081e+03
1.776496529432874922e+03
1.775132336357196209e+03
1.773758976903724033e+03
1.772376652413931879e+03
1.770985563555060935e+03
1.769585904766312751e+03
1.768177868037235385e+03
1.766761642046486941e+03
1.765337412221488648e+03
1.763905360796914010e+03
1.762465666872039037e+03
1.761018506466964709e+03
1.759564052577751227e+03
1.758102475230477694e+03
1.756633941534253836e+03
1.755158615733208308e+03
1.753676659257461097e+03
1.752188230773127998e+03
1.750693486231341922e+03
1.749192578916351977e+03
1.747685659492680315e+03
1.746172876051389949e+03
1.744654374155453297e+03
1.743130296884269455e+03
1.741600784877313345e+03
1.740065976376972003e+03
1.738526007270557784e+03
1.736981011131521200e+03
1.735431119259892284e+03
1.733876460721946842e+03
1.732317162389134410e+03
1.730753348976261805e+03
1.729185143078967030e+03
1.727612665210484238e+03
1.726036033837719060e+03
1.724455365416652967e+03
1.722870774427081415e+03
1.721282373406704664e+03
1.719690272984585135e+03
1.718094581913982211e+03
1.716495407104575406e+03
1.714892853654090004e+03
1.713287024879343562e+03
1.711678022346710804e+03
1.710065945902030307e+03
1.708450893699961398e+03
1.706832962232799900e+03
1.705212246358762513e+03
1.703588839329761640e+03
1.701962832818659081e+03
1.700334316946030413e+03
1.698703380306446434e+03
1.697070109994258019e+03
1.695434591628933504e+03
1.693796909379920862e+03
1.692157145991066500e+03
1.690515382804591582e+03
1.688871699784632256e+03
1.687226175540359236e+03
1.685578887348677426e+03
1.683929911176524229e+03
1.682279321702757215e+03
1.680627192339657995e+03
1.678973595254047950e+03
1.677318601388030856e+03
1.675662280479356014e+03
1.674004701081429857e+03
1.672345930582965366e+03
1.670686035227283583e+03
1.669025080131274535e+03
1.667363129304021868e+03
1.665700245665095281e+03
1.664036491062528512e+03
1.662371926290468991e+03
1.660706611106528044e+03
1.659040604248820046e+03
1.657373963452703720e+03
1.655706745467230576e+03
1.654039006071308904e+03
1.652370800089579006e+03
1.650702181408020124e+03
1.649033202989274514e+03
1.647363916887721416e+03
1.645694374264269754e+03
1.644024625400910054e+03
1.642354719715010333e+03
1.640684705773359383e+03
1.639014631305977673e+03
1.637344543219681100e+03
1.635674487611414861e+03
1.634004509781362458e+03
1.632334654245824368e+03
1.630664964749875935e+03
1.628995484279813809e+03
1.627326255075385006e+03
1.625657318641812253e+03
1.623988715761606954e+03
1.622320486506189582e+03
1.620652670247310198e+03
1.618985305668268438e+03
1.617318430774957505e+03
1.615652082906707392e+03
1.613986298746951661e+03
1.612321114333716196e+03
1.610656565069928547e+03
1.608992685733552435e+03
1.607329510487555353e+03
1.605667072889705651e+03
1.604005405902211351e+03
1.602344541901191405e+03
1.600684512685990057e+03
1.599025349488341135e+03
1.597367082981372050e+03
1.595709743288464324e+03
1.594053359991964498e+03
1.592397962141746348e+03
1.590743578263643258e+03
1.589090236367724629e+03
1.587437963956451313e+03
1.585786788032685763e+03
1.584136735107573486e+03
1.582487831208296257e+03
1.580840101885701188e+03
1.579193572221789054e+03
1.577548266837103029e+03
1.575904209897977353e+03
1.574261425123677100e+03
1.572619935793419700e+03
1.570979764753276186e+03
1.569340934422974215e+03
1.567703466802572621e+03
1.566067383479038654e+03
1.564432705632719035e+03
1.562799454043699370e+03
1.561167649098066022e+03
1.559537310794065206e+03
1.557908458748161365e+03
1.556281112201001179e+03
1.554655290023277075e+03
1.553031010721499570e+03
1.551408292443677965e+03
1.549787152984903287e+03
1.548167609792852318e+03
1.546549679973192042e+03
1.544933380294907010e+03
1.543318727195535757e+03
1.541705736786327179e+03
1.540094424857313015e+03
1.538484806882298471e+03
1.536876898023776903e+03
1.535270713137762641e+03
1.533666266778551517e+03
1.532063573203400665e+03
1.530462646377139208e+03
1.528863499976702997e+03
1.527266147395599546e+03
1.525670601748300214e+03
1.524076875874566213e+03
1.522484982343704587e+03
1.520894933458757578e+03
1.519306741260625131e+03
1.517720417532126930e+03
1.516135973801997352e+03
1.514553421348813799e+03
1.512972771204875244e+03
1.511394034160008459e+03
1.509817220765319234e+03
1.508242341336890831e+03
1.506669405959412870e+03
1.505098424489765421e+03
1.503529406560538519e+03
1.501962361583507118e+03
1.500397298753037603e+03
1.498834227049457240e+03
1.497273155242360190e+03
