# d_m
# unit = Mpc
0.000000000000000000e+00
4.531368493451764579e+01
9.041151073762723911e+01
1.352923281634078307e+02
1.799550552279041540e+02
2.243986768578774615e+02
2.686222444687786037e+02
3.126248754748290821e+02
3.564057527341913669e+02
3.999641239322296542e+02
4.432993009059469500e+02
4.864106589126629956e+02
5.292976358460598476e+02
5.719597314027029142e+02
6.143965062021521817e+02
6.566075808637496039e+02
6.985926350431824403e+02
7.403514064318350165e+02
7.818836897219589446e+02
8.231893355405984494e+02
8.642682493551805010e+02
9.051203903536128337e+02
9.457457703016536925e+02
9.861444523802629192e+02
1.026316550005559748e+03
1.066262225633924118e+03
1.105981689554718741e+03
1.145475198672980696e+03
1.184743055284402999e+03
1.223785605844763268e+03
1.262603239735925399e+03
1.301196388030417666e+03
1.339565522256488748e+03
1.377711153165479573e+03
1.415633829503218976e+03
1.453334136787084162e+03
1.490812696090255486e+03
1.528070162834627126e+03
1.565107225593701514e+03
1.601924604906772402e+03
1.638523052105522538e+03
1.674903348154191463e+03
1.711066302504270197e+03
1.747012751964685776e+03
1.782743559588305516e+03
1.818259613575549338e+03
1.853561826195811364e+03
1.888651132727306958e+03
1.923528490415927990e+03
1.958194877453583558e+03
1.992651291976481843e+03
2.026898751083704155e+03
2.060938289876413364e+03
2.094770960517945241e+03
2.128397831314986888e+03
2.161819985820040529e+03
2.195038521955246779e+03
2.228054551157669266e+03
2.260869197546066516e+03
2.293483597109137008e+03
2.325898896915221485e+03
2.358116254343342916e+03
2.390136836335530461e+03
2.421961818670240973e+03
2.453592385256762100e+03
2.485029727450377777e+03
2.516275043388093763e+03
2.547329537344694018e+03
2.578194419108889633e+03
2.608870903379265201e+03
2.639360209179769299e+03
2.669663559294419883e+03
2.699782179720958538e+03
2.729717299143083437e+03
2.759470148420958139e+03
2.789041960099667449e+03
2.818433967935235160e+03
2.847647406437893096e+03
2.876683510432217645e+03
2.905543514633774976e+03
2.934228653241925258e+03
2.962740159548402517e+03
2.991079265561307693e+03
3.019247201644149754e+03
3.047245196169558312e+03
3.075074475187313965e+03
3.102736262106298909e+03
3.130231777390070420e+03
3.157562238265581982e+03
3.184728858444839261e+03
3.211732847858985224e+03
3.238575412404601593e+03
3.265257753701749607e+03
3.291781068863531345e+03
3.318146550276724156e+03
3.344355385393235338e+03
3.370408756532001007e+03
3.396307840691041747e+03
3.422053809369318969e+03
3.447647828398120055e+03
3.473091057781651671e+03
3.498384651546524765e+03
3.523529757599883851e+03
3.548527517595832705e+03
3.573379066809940468e+03
3.598085534021508010e+03
3.622648041403347634e+03
3.647067704418800531e+03
3.671345631725769181e+03
3.695482925087473177e+03
3.719480679289714317e+03
3.743339982064407650e+03
3.767061914019150663e+03
3.790647548572598680e+03
3.814097951895445476e+03
3.837414182856769912e+03
3.860597292975576238e+03
3.883648326377300691e+03
3.906568319755099310e+03
3.929358302335748249e+03
3.952019295849918763e+03
3.974552314506718631e+03
3.996958364972281288e+03
4.019238446352247593e+03
4.041393550177974248e+03
4.063424660396331092e+03
4.085332753362903986e+03
4.107118797838487808e+03
4.128783754988704459e+03
4.150328578386612207e+03
4.171754214018191306e+03
4.193061600290536262e+03
4.214251668042697929e+03
4.235325340558967582e+03
4.256283533584558427e+03
4.277127155343550839e+03
4.297857106558956730e+03
4.318474280474871193e+03
4.338979562880535923e+03
4.359373832136262536e+03
4.379657959201109406e+03
4.399832807662211962e+03
4.419899233765695499e+03
4.439858086449079565e+03
4.459710207375072059e+03
4.479456430966721200e+03
4.499097584443795313e+03
4.518634487860376794e+03
4.538067954143523821e+03
4.557398789133021637e+03
4.576627791622084260e+03
4.595755753398990237e+03
4.614783459289563325e+03
4.633711687200470806e+03
4.652541208163251213e+03
4.671272786379037825e+03
4.689907179263936996e+03
4.708445137494976734e+03
4.726887405056620992e+03
4.745234719287769622e+03
4.763487810929223997e+03
4.781647404171569178e+03
4.799714216703414422e+03
4.817688959760010221e+03
4.835572338172120908e+03
4.853365050415189216e+03
4.871067788658740028e+03
4.888681238815958750e+03
4.906206080593473416e+03
4.923642987541244111e+03
4.940992627102598817e+03
4.958255660664319294e+03
4.975432743606832446e+03
4.992524525354386242e+03
5.009531649425291107e+03
5.026454753482109481e+03
5.043294469381849012e+03
5.060051423226076622e+03
5.076726235410988920e+03
5.093319520677376204e+03
5.109831888160500057e+03
5.126263941439819064e+03
5.142616278588625391e+03
5.158889492223480374e+03
5.175084169553516404e+03
5.191200892429543273e+03
5.207240237392985364e+03
5.223202775724575986e+03
5.239089073492878015e+03
5.254899691602565326e+03
5.270635185842438659e+03
5.286296106933251394e+03
5.301883000575237020e+03
5.317396407495398307e+03
5.332836863494505451e+03
5.348204899493842277e+03
5.363501041581648678e+03
5.378725811059282933e+03
5.393879724487073872e+03
5.408963293729890211e+03
5.423977026002381535e+03
5.438921423913926446e+03
5.453796985513246909e+03
5.468604204332717927e+03
5.483343569432336153e+03
5.498015565443369269e+03
5.512620672611677946e+03
5.527159366840700386e+03
5.541632119734093067e+03
5.556039398638042258e+03
5.570381666683241747e+03
5.584659382826500405e+03
5.598873001892037792e+03
5.613022974612425969e+03
5.627109747669164790e+03
5.641133763732934312e+03
5.655095461503501610e+03
5.668995275749245593e+03
5.682833637346383512e+03
5.696610973317803655e+03
5.710327706871585178e+03
5.723984257439135945e+03
5.737581040713012953e+03
5.751118468684384425e+03
5.764596949680131729e+03
5.778016888399632990e+03
5.791378685951172884e+03
5.804682739888031392e+03
5.817929444244215119e+03
5.831119186441836064e+03
5.844252359731701290e+03
5.857329344776495418e+03
5.870350521883620786e+03
5.883316268014801608e+03
5.896226956819771658e+03
5.909082958669661821e+03
5.921884640690051128e+03
5.934632366793671281e+03
5.947326497712799210e+03
5.959967391031319494e+03
5.972555401216462997e+03
5.985090879650240822e+03
5.997574174660517201e+03
6.010005631551829538e+03
6.022385592635816465e+03
6.034714397261414888e+03
6.046992381844674128e+03
6.059219879898323597e+03
6.071397222060977583e+03
6.083524736126100834e+03
6.095602747070596706e+03
6.107631577083172488e+03
6.119611545592363655e+03
6.131542969294269824e+03
6.143426162180018764e+03
6.155261435562912084e+03
6.167049098105318990e+03
6.178789455845254452e+03
6.190482812222701796e+03
6.202129468105637898e+03
6.213729721815789162e+03
6.225283869154117383e+03
6.236792203426034575e+03
6.248255015466337682e+03
6.259672593663890439e+03
6.271045223986035126e+03
6.282373190002746014e+03
6.293656772910509972e+03
6.304896251555984236e+03
6.316091902459363155e+03
6.327243999837512092e+03
6.338352815626856682e+03
6.349418619506015602e+03
6.360441678918184152e+03
6.371422259093308639e+03
6.382360623069971552e+03
6.393257031717074824e+03
6.404111743755302996e+03
6.414925015778295347e+03
6.425697102273657947e+03
6.436428255643700140e+03
6.447118726225963655e+03
6.457768762313539810e+03
6.468378610175142057e+03
6.478948514074979357e+03
6.489478716292408535e+03
6.499969457141382918e+03
6.510420974989670867e+03
6.520833506277872402e+03
6.531207285538246651e+03
6.541542545413320113e+03
6.551839516674282095e+03
6.562098428239204623e+03
6.572319507191054072e+03
6.582502978795497256e+03
6.592649066518534710e+03
6.602757992043926606e+03
6.612829975290428592e+03
6.622865234428863005e+03
6.632863985898971805e+03
6.642826444426112175e+03
6.652752823037768394e+03
6.662643333079868171e+03
6.672498184232939821e+03
6.682317584528088446e+03
6.692101740362796590e+03
6.701850856516562089e+03
6.711565136166347656e+03
6.721244780901903141e+03
6.730889990740863141e+03
6.740500964143730926e+03
6.750077898028691379e+03
6.759620987786241130e+03
6.769130427293687717e+03
6.778606408929480494e+03
6.788049123587372378e+03
6.797458760690467898e+03
6.806835508205087535e+03
6.816179552654481085e+03
6.825491079132419145e+03
6.834770271316617254e+03
6.844017311482029982e+03
6.853232380513982207e+03
6.862415657921182174e+03
6.871567321848595384e+03
6.880687549090141147e+03
6.889776515101318182e+03
6.898834394011640143e+03
6.907861358636953810e+03
6.916857580491642693e+03
6.925823229800694207e+03
6.934758475511612232e+03
6.943663485306239636e+03
6.952538425612425272e+03
6.961383461615597298e+03
6.970198757270181886e+03
6.978984475310915514e+03
6.987740777264050848e+03
6.996467823458409839e+03
7.005165773036359496e+03
7.013834783964643975e+03
7.022475013045102060e+03
7.031086615925302794e+03
7.039669747109019227e+03
7.048224559966643028e+03
7.056751206745451782e+03
7.065249838579778043e+03
7.073720605501085629e+03
7.082163656447942230e+03
7.090579139275832858e+03
7.098967200766963288e+03
7.107327986639877963e+03
7.115661641559019699e+03
7.123968309144192062e+03
7.132248131979873506e+03
7.140501251624534234e+03
7.148727808619732059e+03
7.156927942499207347e+03
7.165101791797853366e+03
7.173249494060580219e+03
7.181371185851103291e+03
7.189467002760639843e+03
7.197537079416505549e+03
7.205581549490635553e+03
7.213600545708006393e+03
7.221594199854973340e+03
7.229562642787539517e+03
7.237506004439498611e+03
7.245424413830548474e+03
7.253317999074270119e+03
7.261186887386063063e+03
7.269031205090973344e+03
7.276851077631465159e+03
7.284646629575091538e+03
7.292417984622094991e+03
7.300165265612939947e+03
7.307888594535749689e+03
7.315588092533689633e+03
7.323263879912255106e+03
7.330916076146497289e+03
7.338544799888175476e+03
7.346150168972834763e+03
7.353732300426807342e+03
7.361291310474154670e+03
7.368827314543529610e+03
7.376340427274973990e+03
7.383830762526637045e+03
7.391298433381458381e+03
7.398743552153747260e+03
7.406166230395700040e+03
7.413566578903889422e+03
7.420944707725641820e+03
7.428300726165370179e+03
7.435634742790871314e+03
7.442946865439498652e+03
7.450237201224339515e+03
7.457505856540271452e+03
7.464752937070031294e+03
7.471978547790127777e+03
7.479182792976792371e+03
7.486365776211800949e+03
