# k_h
1.049378624884411693e-05
1.159023486252408475e-05
1.280124615732347593e-05
1.413879090250702575e-05
1.561608951305970550e-05
1.724774483591318130e-05
1.904988312162458897e-05
2.104031955241225660e-05
2.323872831766493618e-05
2.566683724580798298e-05
2.834864972101058811e-05
3.131067205686122179e-05
3.458218270679935813e-05
3.819552148343063891e-05
4.218639878672547638e-05
4.659426485886797309e-05
5.146268813405185938e-05
5.683979543391615152e-05
6.277873035287484527e-05
6.933819531695917249e-05
7.658302638446912169e-05
8.458484808215871453e-05
9.342273551737889647e-05
1.031840583891607821e-04
1.139652958954684436e-04
1.258730189874768257e-04
1.390249235555529594e-04
1.535510091343894601e-04
1.695948594715446234e-04
1.873150613391771913e-04
2.068867615889757872e-04
2.285034279339015484e-04
2.523787261452525854e-04
2.787486300803720951e-04
3.078738227486610413e-04
3.400421701371669769e-04
3.755716606974601746e-04
4.148134321440011263e-04
4.581554385367780924e-04
5.060260300524532795e-04
5.588984349742531776e-04
6.172952125780284405e-04
6.817935500293970108e-04
7.530311122536659241e-04
8.317119209095835686e-04
9.186138049699366093e-04
1.014595618471503258e-03
1.120606088079512119e-03
1.237693242728710175e-03
1.367014134302735329e-03
1.509847352281212807e-03
1.667604432441294193e-03
1.841844990849494934e-03
2.034291159361600876e-03
2.246845047920942307e-03
2.481607720255851746e-03
2.740899566560983658e-03
3.027283819392323494e-03
3.343591233715415001e-03
3.692948026582598686e-03
4.078807309269905090e-03
4.504983779042959213e-03
4.975689109414815903e-03
5.495576653629541397e-03
6.069784518331289291e-03
6.703988648951053619e-03
7.404458243399858475e-03
8.178116753697395325e-03
9.032611735165119171e-03
9.976388886570930481e-03
1.101877633482217789e-02
1.217007823288440704e-02
1.344167534261941910e-02
1.484613493084907532e-02
1.639734208583831787e-02
1.811062544584274292e-02
2.000292390584945679e-02
2.209293842315673828e-02
2.440132945775985718e-02
2.695091441273689270e-02
2.976689487695693970e-02
3.287710249423980713e-02
3.631228208541870117e-02
4.010638967156410217e-02
4.429692775011062622e-02
4.872661828994750977e-02
5.315631255507469177e-02
5.758600682020187378e-02
6.201569736003875732e-02
6.644538789987564087e-02
7.087508589029312134e-02
7.530477643013000488e-02
7.973446696996688843e-02
8.416416496038436890e-02
8.859385550022125244e-02
9.302354604005813599e-02
9.958374500274658203e-02
1.061439365148544312e-01
1.127041280269622803e-01
1.192643195390701294e-01
1.258245110511779785e-01
1.323847025632858276e-01
1.389449089765548706e-01
1.455051004886627197e-01
1.520652920007705688e-01
1.586254835128784180e-01
1.651856750249862671e-01
1.717458665370941162e-01
1.783060580492019653e-01
1.848662495613098145e-01
1.914264559745788574e-01
1.979866474866867065e-01
2.045468389987945557e-01
2.111070305109024048e-01
2.176672220230102539e-01
2.242274135351181030e-01
2.307876050472259521e-01
2.373477965593338013e-01
2.439079880714416504e-01
2.504681944847106934e-01
2.570283710956573486e-01
2.635885775089263916e-01
2.701487541198730469e-01
2.767089605331420898e-01
2.832691669464111328e-01
2.898293435573577881e-01
2.963895499706268311e-01
3.029497265815734863e-01
3.095099329948425293e-01
3.160701096057891846e-01
3.226303160190582275e-01
3.291905224323272705e-01
3.357506990432739258e-01
3.423109054565429688e-01
3.488710820674896240e-01
3.554312884807586670e-01
3.619914650917053223e-01
3.685516715049743652e-01
3.751118481159210205e-01
3.816720545291900635e-01
3.882322609424591064e-01
3.947924375534057617e-01
4.013526439666748047e-01
4.079128205776214600e-01
4.144730269908905029e-01
4.210332036018371582e-01
4.275934100151062012e-01
4.341535866260528564e-01
4.407137930393218994e-01
4.472739994525909424e-01
4.538341760635375977e-01
4.603943824768066406e-01
4.669545590877532959e-01
4.735147655010223389e-01
4.800749421119689941e-01
4.866351485252380371e-01
4.931953549385070801e-01
4.997555315494537354e-01
5.063157081604003906e-01
5.128759145736694336e-01
5.194361209869384766e-01
5.259963274002075195e-01
5.325564742088317871e-01
5.391166806221008301e-01
5.456768870353698730e-01
6.423938870429992676e-01
8.965329527854919434e-01
1.251212477684020996e+00
1.746207714080810547e+00
2.437029123306274414e+00
3.401148080825805664e+00
4.746684551239013672e+00
6.624532222747802734e+00
9.245279312133789062e+00
1.290282630920410156e+01
1.800734519958496094e+01
2.513127517700195312e+01
3.507352066040039062e+01
4.894903945922851562e+01
6.831388854980468750e+01
9.533970642089843750e+01
