# d_a
# unit = Mpc
0.000000000000000000e+00
4.935098631644189027e+01
9.750127943006670250e+01
1.444846256533987798e+02
1.903335446146668346e+02
2.350793872987989346e+02
2.787523907295766890e+02
3.213817295156605383e+02
3.629955644668072523e+02
4.036210884714739677e+02
4.432845698131761765e+02
4.820113930901766253e+02
5.198260978913688177e+02
5.567524153703972161e+02
5.928133028500726596e+02
6.280309765799527213e+02
6.624269427614680126e+02
6.960220269470950143e+02
7.288364019128553082e+02
7.608896140966708117e+02
7.922006086889059588e+02
8.227877534556533874e+02
8.526688613699798225e+02
8.818612121213951696e+02
9.103815725691970329e+02
9.382462162010854172e+02
9.654709416544540090e+02
9.920710903540813206e+02
1.018061563316515162e+03
1.043456837168232823e+03
1.068270979421693482e+03
1.092517663050633246e+03
1.116210180403339336e+03
1.139361456490273440e+03
1.161984061680122750e+03
1.184090223836300538e+03
1.205691839923925045e+03
1.226800487115494434e+03
1.247427433421770047e+03
1.267583647872786742e+03
1.287279810272378427e+03
1.306526320548284957e+03
1.325333307718521837e+03
1.343710638493532770e+03
1.361667925532462732e+03
1.379214535370847443e+03
1.396359596035992809e+03
1.413112004365384564e+03
1.429480433042596815e+03
1.445473337364328245e+03
1.461098961751438310e+03
1.476365346016110379e+03
1.491280331396620795e+03
1.505851566370503406e+03
1.520086512256362539e+03
1.533992448613978240e+03
1.547576478451831690e+03
1.560845533250695553e+03
1.573806377811458105e+03
1.586465614934907080e+03
1.598829689940805338e+03
1.610904895033175308e+03
1.622697373518384666e+03
1.634213123882244645e+03
1.645458003732037014e+03
1.656437733609070165e+03
1.667157900677082807e+03
1.677623962291544103e+03
1.687841249454656463e+03
1.697814970160606435e+03
1.707550212635407433e+03
1.717051948475452946e+03
1.726325035688704702e+03
1.735374221642249495e+03
1.744204145919779194e+03
1.752819343092384997e+03
1.761224245405901002e+03
1.769423185387862077e+03
1.777420398377027823e+03
1.785220024978284073e+03
1.792826113445576311e+03
1.800242621995459558e+03
1.807473421053692391e+03
1.814522295437230923e+03
1.821392946473836446e+03
1.828088994061459971e+03
1.834613978669439803e+03
1.840971363283483925e+03
1.847164535296305985e+03
1.853196808345732052e+03
1.859071424102000037e+03
1.864791554005906391e+03
1.870360300959408733e+03
1.875780700970193038e+03
1.881055724751686284e+03
1.886188279279927428e+03
1.891181209308645521e+03
1.896037298843849612e+03
1.900759272579204207e+03
1.905349797293364645e+03
1.909811483210465894e+03
1.914146885324872301e+03
1.918358504691265807e+03
1.922448789681112430e+03
1.926420137206517438e+03
1.930274893912423522e+03
1.934015357338099193e+03
1.937643777048800985e+03
1.941162355738490078e+03
1.944573250304443718e+03
1.947878572894551326e+03
1.951080391928111567e+03
1.954180733090849799e+03
1.957181580304919180e+03
1.960084876674566203e+03
1.962892525408164602e+03
1.965606390717263366e+03
1.968228298693303032e+03
1.970760038162598448e+03
1.973203361520221051e+03
1.975559985543317453e+03
1.977831592184471219e+03
1.980019829345617836e+03
1.982126311633056048e+03
1.984152621094068763e+03
1.986100307935641013e+03
1.987970891225760397e+03
1.989765859577766605e+03
1.991486671818194736e+03
1.993134757638563315e+03
1.994711518231517857e+03
1.996218326911751319e+03
1.997656529722104779e+03
1.999027446025222162e+03
2.000332369081154866e+03
2.001572566611268257e+03
2.002749281348812247e+03
2.003863731576499049e+03
2.004917111651427831e+03
2.005910592517671375e+03
2.006845322206857190e+03
2.007722426327032736e+03
2.008543008540132860e+03
2.009308151028318889e+03
2.010018914949491318e+03
2.010676340882238719e+03
2.011281449260490945e+03
2.011835240798140603e+03
2.012338696903883829e+03
2.012792780086515677e+03
2.013198434350941625e+03
2.013556585585110497e+03
2.013868141938111648e+03
2.014133994189652412e+03
2.014355016111128634e+03
2.014532064818490653e+03
2.014665981117122556e+03
2.014757589838913191e+03
2.014807700171718352e+03
2.014817105981413079e+03
2.014786586126686643e+03
2.014716904766785547e+03
2.014608811662366179e+03
2.014463042469614720e+03
2.014280319027815494e+03
2.014061349640511935e+03
2.013806829350420230e+03
2.013517440208252310e+03
2.013193851535583235e+03
2.012836720181910323e+03
2.012446690776054538e+03
2.012024395972016237e+03
2.011570456689440562e+03
2.011085482348808910e+03
2.010570071101483336e+03
2.010024810054724412e+03
2.009450275491813500e+03
2.008847033087376076e+03
2.008215638118036168e+03
2.007556635668495801e+03
2.006870560833174750e+03
2.006157938913473345e+03
2.005419285610799534e+03
2.004655107215440239e+03
2.003865900791374315e+03
2.003052154357128302e+03
2.002214347062759998e+03
2.001352949363066273e+03
2.000468423187099461e+03
1.999561222104072613e+03
1.998631791485751137e+03
1.997680568665393594e+03
1.996707983093335088e+03
1.995714456489287386e+03
1.994700402991422379e+03
1.993666229302326428e+03
1.992612334831884937e+03
1.991539111837172641e+03
1.990446945559421465e+03
1.989336214358120515e+03
1.988207289842328919e+03
1.987060536999249507e+03
1.985896314320135389e+03
1.984714973923588786e+03
1.983516861676299641e+03
1.982302317311302886e+03
1.981071674543786685e+03
1.979825261184520741e+03
1.978563399250957445e+03
1.977286405076049505e+03
1.975994589414847042e+03
1.974688257548906449e+03
1.973367709388579669e+03
1.972033239573219134e+03
1.970685137569335893e+03
1.969323687766785497e+03
1.967949169572987785e+03
1.966561857505253329e+03
1.965162021281245870e+03
1.963749925907614852e+03
1.962325831766856027e+03
1.960889994702427202e+03
1.959442666102148451e+03
1.957984092979952038e+03
1.956514518055982762e+03
1.955034179835116674e+03
1.953543312683908880e+03
1.952042146906013613e+03
1.950530908816120927e+03
1.949009819768655461e+03
1.947479100371561344e+03
1.945938964389423518e+03
1.944389622891526415e+03
1.942831283306502883e+03
1.941264149487941040e+03
1.939688421778710108e+03
1.938104297074030001e+03
1.936511968883307190e+03
1.934911627390766398e+03
1.933303459514905853e+03
1.931687648966798406e+03
1.930064376307261455e+03
1.928433819002922064e+03
1.926796151481197285e+03
1.925151545184221277e+03
1.923500168621726289e+03
1.921842187422915458e+03
1.920177764387333809e+03
1.918507059534774726e+03
1.916830230154223045e+03
1.915147430851866602e+03
1.913458813598202596e+03
1.911764527774237422e+03
1.910064720216810883e+03
1.908359535263072303e+03
1.906649114794095340e+03
1.904933598277693363e+03
1.903213122810409004e+03
1.901487823158720630e+03
1.899757831799477572e+03
1.898023278959568188e+03
1.896284292654852379e+03
1.894540998728369004e+03
1.892793520887816840e+03
1.891041980742354099e+03
1.889286497838698097e+03
1.887527189696570304e+03
1.885764171843464737e+03
1.883997557848793349e+03
1.882227459357386806e+03
1.880453986122380229e+03
1.878677246037495252e+03
1.876897345168730453e+03
1.875114387785462441e+03
1.873328476390983951e+03
1.871539711752481026e+03
1.869748192930462210e+03
1.867954017307649565e+03
1.866157280617346942e+03
1.864358076971291894e+03
1.862556498886994859e+03
1.860752637314598132e+03
1.858946581663231200e+03
1.857138419826901327e+03
1.855328238209917799e+03
1.853516121751848686e+03
1.851702153952042636e+03
1.849886416893692740e+03
1.848068991267489082e+03
1.846249956394834044e+03
1.844429390250648112e+03
1.842607369485762547e+03
1.840783969448930520e+03
1.838959264208422155e+03
1.837133326573257364e+03
1.835306228114050327e+03
1.833478039183488590e+03
1.831648828936451082e+03
1.829818665349770299e+03
1.827987615241645244e+03
1.826155744290715347e+03
1.824323117054796512e+03
1.822489796989292017e+03
1.820655846465273498e+03
1.818821326787259522e+03
1.816986298210668792e+03
1.815150819958978900e+03
1.813314950240580174e+03
1.811478746265343943e+03
1.809642264260897491e+03
1.807805559488615245e+03
1.805968686259339847e+03
1.804131697948828787e+03
1.802294647012931136e+03
1.800457585002508267e+03
1.798620562578091722e+03
1.796783629524298931e+03
1.794946834763987681e+03
1.793110226372185025e+03
1.791273851589758351e+03
1.789437756836876133e+03
1.787601987726214929e+03
1.785766589075960155e+03
1.783931604922577208e+03
1.782097078533367267e+03
1.780263052418808002e+03
1.778429568344691006e+03
1.776596667344049365e+03
1.774764389728883089e+03
1.772932775101689913e+03
1.771101862366803289e+03
1.769271689741533010e+03
1.767442294767124167e+03
1.765613714319533983e+03
1.763785984620019235e+03
1.761959141245559522e+03
1.760133219139094990e+03
1.758308252619598761e+03
1.756484275391982919e+03
1.754661320556834198e+03
1.752839420619994144e+03
1.751018607501975339e+03
1.749198912547226200e+03
1.747380366533238430e+03
1.745562999679504856e+03
1.743746841656332663e+03
1.741931921593508150e+03
1.740118268088818695e+03
1.738305909216437612e+03
1.736494872535167360e+03
1.734685185096552004e+03
1.732876873452852351e+03
1.731069963664893521e+03
1.729264481309785651e+03
1.727460451488515673e+03
1.725657898833414492e+03
1.723856847515508434e+03
1.722057321251744270e+03
1.720259343312102828e+03
1.718462936526592330e+03
1.716668123292134169e+03
1.714874925579331375e+03
1.713083364939130888e+03
1.711293462509379424e+03
1.709505239021272928e+03
1.707718714805697800e+03
1.705933909799479125e+03
1.704150843551520438e+03
1.702369535228849600e+03
1.700590003622566201e+03
1.698812267153693710e+03
1.697036343878939533e+03
1.695262251496362751e+03
1.693490007350948645e+03
1.691719628440099996e+03
1.689951131419034937e+03
1.688184532606106359e+03
1.686419847988027414e+03
1.684657093225022209e+03
1.682896283655895786e+03
1.681137434303012469e+03
1.679380559877211908e+03
1.677625674782633723e+03
1.675872793121474842e+03
1.674121928698666579e+03
1.672373095026480541e+03
1.670626305329067691e+03
1.668881572546909410e+03
1.667138909341221733e+03
1.665398328098272259e+03
1.663659840933637724e+03
1.661923459696394957e+03
1.660189195973242704e+03
1.658457061092563663e+03
1.656727066128421711e+03
1.654999221904492288e+03
1.653273538997942296e+03
1.651550027743239298e+03
1.649828698235906359e+03
1.648109560336218692e+03
1.646392623672842092e+03
