# d_l
# unit = Mpc
0.000000000000000000e+00
5.034294114140237042e+01
1.014403311190414030e+02
1.532837393556907841e+02
2.058647618552236622e+02
2.591750244969258574e+02
3.132061862237524110e+02
3.679499421224797970e+02
4.233980263940840132e+02
4.795422152129582969e+02
5.363743294739432486e+02
5.938862374264067512e+02
6.520698571949330926e+02
7.109171591864601396e+02
7.704201683839546604e+02
8.305709665269872630e+02
8.913616941798312610e+02
9.527845526878782039e+02
1.014831806023459649e+03
1.077495782522295485e+03
1.140768876512024462e+03
1.204643549834421947e+03
1.269112333263077971e+03
1.334167827818458591e+03
1.399802705982397356e+03
1.466009712814195836e+03
1.532781666970611241e+03
1.600111461632097871e+03
1.667992065337778513e+03
1.736416522731656414e+03
1.805377955222662195e+03
1.874869561561191631e+03
1.944884618334778679e+03
2.015416480385644945e+03
2.086458581152828629e+03
2.158004432941657797e+03
2.230047627123291477e+03
2.302581834267071827e+03
2.375600804208418594e+03
2.449098366055011866e+03
2.523068428133861289e+03
2.597504977882046205e+03
2.672402081683627330e+03
2.747753884655424827e+03
2.823554610384114312e+03
2.899798560617206476e+03
2.976480114910322300e+03
3.053593730233159931e+03
3.131133940536504269e+03
3.209095356282545254e+03
3.287472663940735856e+03
3.366260625451333453e+03
3.445454077658752794e+03
3.525047931716711446e+03
3.605037172467189521e+03
3.685416857795083160e+03
3.766182117960378037e+03
3.847328154909639579e+03
3.928850241568524325e+03
4.010743721116938104e+03
4.093004006248462247e+03
4.175626578415492986e+03
4.258606987061649306e+03
4.341940848842735249e+03
4.425623846837687779e+03
4.509651729750693448e+03
4.594020311105769906e+03
4.678725468434887262e+03
4.763763142460823474e+03
4.849129336275707828e+03
4.934820114516328431e+03
5.020831602537071376e+03
5.107159985581463843e+03
5.193801507953087821e+03
5.280752472186723935e+03
5.368009238220428415e+03
5.455568222569319005e+03
5.543425897501633699e+03
5.631578790217775349e+03
5.720023482032920583e+03
5.808756607563667785e+03
5.897774853919325324e+03
5.987074959898251109e+03
6.076653715189743707e+03
6.166507959581819705e+03
6.256634582175346623e+03
6.347030520604792400e+03
6.437692760266016194e+03
6.528618333551263277e+03
6.619804319091790603e+03
6.711247841008219439e+03
6.802946068168947932e+03
6.894896213456764599e+03
6.987095533043873729e+03
7.079541325675446387e+03
7.172230931961925307e+03
7.265161733680091857e+03
7.358331153083095160e+03
7.451736652219511598e+03
7.545375732261452868e+03
7.639245932841863578e+03
7.733344831401014744e+03
7.827670042542241390e+03
7.922219217396897875e+03
8.016990042998642821e+03
8.111980241666959046e+03
8.207187570399957622e+03
8.302609820276409664e+03
8.398244815867004945e+03
8.494090414654838241e+03
8.590144506464972437e+03
8.686405012903147508e+03
8.782869886803517147e+03
8.879537111685387572e+03
8.976404701218843911e+03
9.073470698699244167e+03
9.170733176530466153e+03
9.268190235716894676e+03
9.365840005363928867e+03
9.463680642187131525e+03
9.561710330029658508e+03
9.659927279388175521e+03
9.758329726946940355e+03
9.856915935120023278e+03
9.955684191601601924e+03
1.005463280892418334e+04
1.015376012402469314e+04
1.025306449781827359e+04
1.035254431477970684e+04
1.045219798253239060e+04
1.055202393144472626e+04
1.065202061423379564e+04
1.075218650557625915e+04
1.085252010172632981e+04
1.095301992014077041e+04
1.105368449911073003e+04
1.115451239740034725e+04
1.125550219389203994e+04
1.135665248723834702e+04
1.145796189552019132e+04
1.155942905591149974e+04
1.166105262435004079e+04
1.176283127521443384e+04
1.186476370100711938e+04
1.196684861204328990e+04
1.206908473614563991e+04
1.217147081834478740e+04
1.227400562058537253e+04
1.237668792143764585e+04
1.247951651581440819e+04
1.258249021469338550e+04
1.268560784484475334e+04
1.278886824856378371e+04
1.289227028340854849e+04
1.299581282194255618e+04
1.309949475148223246e+04
1.320331497384917566e+04
1.330727240512703975e+04
1.341136597542302843e+04
1.351559462863391491e+04
1.361995732221640355e+04
1.372445302696182262e+04
1.382908072677514792e+04
1.393383941845807567e+04
1.403872811149626432e+04
1.414374582785050006e+04
1.424889160175183497e+04
1.435416447950060865e+04
1.445956351926917159e+04
1.456508779090831922e+04
1.467073637575744033e+04
1.477650836645808522e+04
1.488240286677115546e+04
1.498841899139743691e+04
1.509455586580149793e+04
1.520081262603885261e+04
1.530718841858643827e+04
1.541368240017612879e+04
1.552029373763143303e+04
1.562702160770713999e+04
1.573386519693208720e+04
1.584082370145467758e+04
1.594789632689132486e+04
1.605508228817774034e+04
1.616238080942290617e+04
1.626979112376577541e+04
1.637731247323455500e+04
1.648494410860864082e+04
1.659268528928307569e+04
1.670053528313542847e+04
1.680849336639517060e+04
1.691655882351542095e+04
1.702473094704700998e+04
1.713300903751487931e+04
1.724139240329665699e+04
1.734988036050349547e+04
1.745847223286304506e+04
1.756716735160451572e+04
1.767596505534588505e+04
1.778486468998303462e+04
1.789386560858096345e+04
1.800296717126690419e+04
1.811216874512536378e+04
1.822146970409508140e+04
1.833086942886769248e+04
1.844036730678839012e+04
1.854996273175820170e+04
1.865965510413798620e+04
1.876944383065428337e+04
1.887932832430662529e+04
1.898930800427668146e+04
1.909938229583877546e+04
1.920955063027219148e+04
1.931981244477487053e+04
1.943016718237862733e+04
1.954061429186592795e+04
1.965115322768802798e+04
1.976178344988454046e+04
1.987250442400446991e+04
1.998331562102847965e+04
2.009421651729260702e+04
2.020520659441328098e+04
2.031628533921351845e+04
2.042745224365053946e+04
2.053870680474448818e+04
2.065004852450842009e+04
2.076147690987951501e+04
2.087299147265131251e+04
2.098459172940735880e+04
2.109627719015790353e+04
2.120804740304630832e+04
2.131990188774696435e+04
2.143184017935955853e+04
2.154386181745748036e+04
2.165596634602767153e+04
2.176815331341157798e+04
2.188042227224696762e+04
2.199277277941083230e+04
2.210520439596307187e+04
2.221771668709125152e+04
2.233030922205618845e+04
2.244298157413847002e+04
2.255573332058577580e+04
2.266856404256114183e+04
2.278147332509199987e+04
2.289446075702010057e+04
2.300752593095217162e+04
2.312066844321144890e+04
2.323388789378993533e+04
2.334718388630145637e+04
2.346055602793536673e+04
2.357400392941122118e+04
2.368752720493391462e+04
2.380112547214966253e+04
2.391479835210271631e+04
2.402854546919258792e+04
2.414236645113217310e+04
2.425626092890637665e+04
2.437022853673142890e+04
2.448426891201484614e+04
2.459838169531600579e+04
2.471256653030730013e+04
2.482682306373603933e+04
2.494115094538667472e+04
2.505554982804389874e+04
2.517001936745605417e+04
2.528455922229937642e+04
2.539916905414243956e+04
2.551384852741150098e+04
2.562859730935611515e+04
2.574341507001538776e+04
2.585830148218468821e+04
2.597325622138296239e+04
2.608827896582035828e+04
2.620336939636652824e+04
2.631852719651926600e+04
2.643375205237370756e+04
2.654904365259189217e+04
2.666440168837290548e+04
2.677982585342333550e+04
2.689531584392820878e+04
2.701087135852243955e+04
2.712649209826253355e+04
2.724217776659883384e+04
2.735792806934815962e+04
2.747374271466677965e+04
2.758962141302385498e+04
2.770556387717515099e+04
2.782156982213728770e+04
2.793763896516227032e+04
2.805377102571235446e+04
2.816996572543528600e+04
2.828622278814004312e+04
2.840254193977266186e+04
2.851892290839261841e+04
2.863536542414947326e+04
2.875186921925979186e+04
2.886843402798451643e+04
2.898505958660650140e+04
2.910174563340851819e+04
2.921849190865144556e+04
2.933529815455283097e+04
2.945216411526574666e+04
2.956908953685786400e+04
2.968607416729093529e+04
2.980311775640050473e+04
2.992022005587583044e+04
3.003738081924019207e+04
3.015459980183142397e+04
3.027187676078271761e+04
3.038921145500361672e+04
3.050660364516138725e+04
3.062405309366260190e+04
3.074155956463486291e+04
3.085912282390900145e+04
3.097674263900118967e+04
3.109441877909570758e+04
3.121215101502750258e+04
3.132993911926536384e+04
3.144778286589495110e+04
3.156568203060249652e+04
3.168363639065820462e+04
3.180164572490033606e+04
3.191970981371918606e+04
3.203782843904146648e+04
3.215600138431471714e+04
3.227422843449210995e+04
3.239250937601731130e+04
3.251084399680957722e+04
3.262923208624901235e+04
3.274767343516220353e+04
3.286616783580769697e+04
3.298471508186197752e+04
3.310331496840550972e+04
3.322196729190883343e+04
3.334067185021909245e+04
3.345942844254653028e+04
3.357823686945121881e+04
3.369709693282995431e+04
3.381600843590337172e+04
3.393497118320309528e+04
3.405398498055917298e+04
3.417304963508762739e+04
3.429216495517814474e+04
3.441133075048188039e+04
3.453054683189952630e+04
3.464981301156942936e+04
3.476912910285588441e+04
3.488849492033759452e+04
3.500791027979623323e+04
3.512737499820518133e+04
3.524688889371835830e+04
3.536645178565923561e+04
3.548606349450998096e+04
3.560572384190068988e+04
3.572543265059877740e+04
3.584518974449848611e+04
3.596499494861055427e+04
3.608484808905199316e+04
3.620474899303590064e+04
3.632469748886155139e+04
3.644469340590450156e+04
3.656473657460678805e+04
3.668482682646730973e+04
3.680496399403240503e+04
3.692514791088620404e+04
3.704537841164156998e+04
3.716565533193075680e+04
3.728597850839635066e+04
3.740634777868232050e+04
3.752676298142509768e+04
3.764722395624478668e+04
3.776773054373657942e+04
3.788828258546204597e+04
3.800887992394079629e+04
3.812952240264197462e+04
3.825020986597611045e+04
3.837094215928678022e+04
3.849171912884260382e+04
3.861254062182924099e+04
3.873340648634141689e+04
3.885431657137516595e+04
3.897527072682006110e+04
3.909626880345157406e+04
3.921731065292347921e+04
3.933839612776038121e+04
3.945952508135043900e+04
3.958069736793779884e+04
3.970191284261558758e+04
3.982317136131870939e+04
3.994447278081664263e+04
4.006581695870666590e+04
4.018720375340669852e+04
4.030863302414864302e+04
4.043010463097154570e+04
4.055161843471482280e+04
4.067317429701177753e+04
4.079477208028298628e+04
4.091641164772977208e+04
4.103809286332788906e+04
4.115981559182105411e+04
