# d_m
# unit = Mpc
0.000000000000000000e+00
4.984449617960630974e+01
9.945130501866803741e+01
1.488191644230007569e+02
1.979468863992535148e+02
2.468333566637388969e+02
2.954775341733513301e+02
3.438784505817567947e+02
3.920352096241518325e+02
4.399469864339066589e+02
4.876130267944938055e+02
5.350326463300960995e+02
5.822052296383330940e+02
6.291302293685488394e+02
6.758071652490829138e+02
7.222356230669455499e+02
7.684152536033028582e+02
8.143457715281010678e+02
8.600269542571692227e+02
9.054586407750382477e+02
9.506407304266871279e+02
9.955731816813405430e+02
1.040256010871375338e+03
1.084689290909316014e+03
1.128873149985804275e+03
1.172807770251356715e+03
1.216493386484612074e+03
1.259930284749683324e+03
1.303118801045139435e+03
1.346059319947020413e+03
1.388752273248201618e+03
1.431198138596329500e+03
1.473397438132408070e+03
1.515350737132063841e+03
1.557058642651364607e+03
1.598521802179005817e+03
1.639740902296538025e+03
1.680716667348227475e+03
1.721449858122042542e+03
1.761941270543173687e+03
1.802191734381329752e+03
1.842202111973082083e+03
1.881973296960301013e+03
1.921506213045751792e+03
1.960801812766746252e+03
1.999861076287728793e+03
2.038685010212549514e+03
2.077274646417115491e+03
2.115631040903043413e+03
2.153755272672849060e+03
2.191648442627157237e+03
2.229311672484326664e+03
2.266746103722863609e+03
2.303952896546870306e+03
2.340933228874798260e+03
2.377688295351666511e+03
2.414219306384857646e+03
2.450527487203592045e+03
2.486614076942104020e+03
2.522480327746502098e+03
2.558127503905288904e+03
2.593556881003411945e+03
2.628769745099783449e+03
2.663767391928058714e+03
2.698551126120541085e+03
2.733122260454965726e+03
2.767482115123957556e+03
2.801632017026878657e+03
2.835573299083823258e+03
2.869307299571424664e+03
2.902835361480193114e+03
2.936158831893024399e+03
2.969279061384571833e+03
3.002197403441091410e+03
3.034915213900415893e+03
3.067433850411673575e+03
3.099754671914385654e+03
3.131879038136516101e+03
3.163808309111109793e+03
3.195543844711128713e+03
3.227087004202037406e+03
3.258439145811782055e+03
3.289601626317720275e+03
3.320575800650132805e+03
3.351363021511858733e+03
3.381964639013700889e+03
3.412382000325157605e+03
3.442616449340115196e+03
3.472669326357055070e+03
3.502541967773433953e+03
3.532235705793799752e+03
3.561751868151281542e+03
3.591091777842064857e+03
3.620256752872473044e+03
3.649248106018271301e+03
3.678067144595858736e+03
3.706715170244945057e+03
3.735193478722383588e+03
3.763503359706824085e+03
3.791646096613795635e+03
3.819622966420931789e+03
3.847435239502992772e+03
3.875084179476356894e+03
3.902571043052658752e+03
3.929897079901295456e+03
3.957063532520468016e+03
3.984071636116484569e+03
4.010922618491018511e+03
4.037617699936059580e+03
4.064158093136286880e+03
4.090545003078557784e+03
4.116779626968315824e+03
4.142863154152601965e+03
4.168796766049477810e+03
4.194581636083571539e+03
4.220218929627554644e+03
4.245709803949289380e+03
4.271055408164467735e+03
4.296256883194463626e+03
4.321315361729283723e+03
4.346231968195298577e+03
4.371007818727681297e+03
4.395644021147270905e+03
4.420141674941714882e+03
4.444501871250714430e+03
4.468725692855192392e+03
4.492814214170218293e+03
4.516768501241530430e+03
4.540589611745484945e+03
4.564278594992309991e+03
4.587836491932490389e+03
4.611264335166145429e+03
4.634563148955283395e+03
4.657733949238768218e+03
4.680777743649901822e+03
4.703695531536480303e+03
4.726488303983197511e+03
4.749157043836303274e+03
4.771702725730398015e+03
4.794126316117234637e+03
4.816428773296457621e+03
4.838611047448149293e+03
4.860674080667121416e+03
4.882618806998814762e+03
4.904446152476758471e+03
4.926157035161485510e+03
4.947752365180807828e+03
4.969233044771406639e+03
4.990599968321631422e+03
5.011854022415424879e+03
5.032996085877353835e+03
5.054027029818626943e+03
5.074947717684040981e+03
5.095759005299821183e+03
5.116461740922266472e+03
5.137056765287150483e+03
5.157544911659833815e+03
5.177927005886007464e+03
5.198203866443033803e+03
5.218376304491859628e+03
5.238445123929385772e+03
5.258411121441310570e+03
5.278275086555399866e+03
5.298037801695086273e+03
5.317700042233433123e+03
5.337262576547357639e+03
5.356726166072117849e+03
5.376091565356033243e+03
5.395359522115362779e+03
5.414530777289338403e+03
5.433606065095347731e+03
5.452586113084164026e+03
5.471471642195278037e+03
5.490263366812248023e+03
5.508961994818064341e+03
5.527568227650492190e+03
5.546082760357405277e+03
5.564506281652032158e+03
5.582839473968140737e+03
5.601083013515103630e+03
5.619237570332888936e+03
5.637303808346860023e+03
5.655282385422455263e+03
5.673173953419695863e+03
5.690979158247502710e+03
5.708698639917815854e+03
5.726333032599493890e+03
5.743882964672000526e+03
5.761349058778846484e+03
5.778731931880770389e+03
5.796032195308678638e+03
5.813250454816296042e+03
5.830387310632538174e+03
5.847443357513611772e+03
5.864419184794781359e+03
5.881315376441863009e+03
5.898132511102379794e+03
5.914871162156402534e+03
5.931531897767075861e+03
5.948115280930780500e+03
5.964621869526987211e+03
5.981052216367741494e+03
5.997406869246809038e+03
6.013686370988474664e+03
6.029891259495951090e+03
6.046022067799473007e+03
6.062079324103987346e+03
6.078063551836477927e+03
6.093975269692949041e+03
6.109814991684992492e+03
6.125583227186026306e+03
6.141280480977098705e+03
6.156907253292369205e+03
6.172464039864175902e+03
6.187951331967715305e+03
6.203369616465373838e+03
6.218719375850641882e+03
6.234001088291653105e+03
6.249215227674361813e+03
6.264362263645291023e+03
6.279442661653939467e+03
6.294456882994791158e+03
6.309405384848918402e+03
6.324288620325244665e+03
6.339107038501384523e+03
6.353861084464128908e+03
6.368551199349543822e+03
6.383177820382664322e+03
6.397741380916877461e+03
6.412242307038876788e+03
6.426681031226153209e+03
6.441057972128992333e+03
6.455373547999867696e+03
6.469628173410655108e+03
6.483822259289722751e+03
6.497956212958679316e+03
6.512030438168740147e+03
6.526045335136745052e+03
6.540001300580790485e+03
6.553898727755530672e+03
6.567738006487114035e+03
6.581519523207762177e+03
6.595243660989993259e+03
6.608910799580507046e+03
6.622521315433720702e+03
6.636075581744956253e+03
6.649573968483286990e+03
6.663016842424048264e+03
6.676404567181016319e+03
6.689737503238238787e+03
6.703016007981533221e+03
6.716240435729691853e+03
6.729411137765316198e+03
6.742528462365343330e+03
6.755592754831275670e+03
6.768604357519038786e+03
6.781563609868588173e+03
6.794470848433159517e+03
6.807326406908219724e+03
6.820130616160124191e+03
6.832883804254445749e+03
6.845586296484017112e+03
6.858238415396695927e+03
6.870840480822775135e+03
6.883392809902169574e+03
6.895895717111247905e+03
6.908349514289447143e+03
6.920754510665515227e+03
6.933111012883559852e+03
6.945419325028757157e+03
6.957679748652807575e+03
6.969892582799107004e+03
6.982058124027677877e+03
6.994176666439774635e+03
7.006248501702280009e+03
7.018273919071803903e+03
7.030253205418538528e+03
7.042186645249838875e+03
7.054074520733572172e+03
7.065917111721196306e+03
7.077714695770580875e+03
7.089467548168619032e+03
7.101175941953542861e+03
7.112840147937032270e+03
7.124460434726083804e+03
7.136037068744617500e+03
7.147570314254884579e+03
7.159060433378591370e+03
7.170507686117857702e+03
7.181912330375904276e+03
7.193274621977527204e+03
7.204594814689331542e+03
7.215873160239807476e+03
7.227109908339099093e+03
7.238305306698634013e+03
7.249459601050499259e+03
7.260573035166614318e+03
7.271645850877711382e+03
7.282678288092085495e+03
7.293670584814164613e+03
7.304622977162861389e+03
7.315535699389733963e+03
7.326408983896953032e+03
7.337243061255052453e+03
7.348038160220528880e+03
7.358794507753209473e+03
7.369512329033454989e+03
7.380191847479161879e+03
7.390833284762603398e+03
7.401436860827070632e+03
7.412002793903321617e+03
7.422531300525885854e+03
7.433022595549175094e+03
7.443476892163404955e+03
7.453894401910385568e+03
7.464275334699081213e+03
7.474619898821083552e+03
7.484928300965828385e+03
7.495200746235733277e+03
7.505437438161086902e+03
7.515638578714880168e+03
7.525804368327364500e+03
7.535935005900552824e+03
7.546030688822502270e+03
7.556091612981477738e+03
7.566117972779933552e+03
7.576109961148383263e+03
7.586067769559090266e+03
7.595991588039620183e+03
7.605881605186249544e+03
7.615738008177255324e+03
7.625560982786008026e+03
7.635350713393976548e+03
7.645107383003582072e+03
7.654831173250882784e+03
7.664522264418183113e+03
7.674180835446452875e+03
7.683807063947646384e+03
7.693401126216885132e+03
7.702963197244503135e+03
7.712493450727974960e+03
7.721992059083711865e+03
7.731459193458739719e+03
7.740895023742245940e+03
7.750299718577000931e+03
7.759673445370680383e+03
7.769016370307046600e+03
7.778328658357020686e+03
7.787610473289641050e+03
7.796861977682901852e+03
7.806083332934484133e+03
7.815274699272364160e+03
7.824436235765318088e+03
7.833568100333329312e+03
7.842670449757861206e+03
7.851743439692037100e+03
7.860787224670719297e+03
7.869801958120471681e+03
7.878787792369431372e+03
7.887744878657058507e+03
7.896673367143816904e+03
7.905573406920716479e+03
7.914445146018784726e+03
7.923288731418426323e+03
7.932104309058707258e+03
7.940892023846495249e+03
7.949652019665572880e+03
7.958384439385600672e+03
7.967089424871015581e+03
7.975767116989834904e+03
7.984417655622361053e+03
7.993041179669805388e+03
8.001637827062832912e+03
8.010207734769987837e+03
8.018751038806074575e+03
8.027267874240415949e+03
8.035758375205065931e+03
8.044222674902889594e+03
8.052660905615606680e+03
8.061073198711740588e+03
8.069459684654460943e+03
8.077820493009389793e+03
8.086155752452295019e+03
8.094465590776723730e+03
8.102750134901545607e+03
8.111009510878429865e+03
8.119243843899267631e+03
8.127453258303448820e+03
8.135637877585161732e+03
8.143797824400552599e+03
8.151933220574825100e+03
8.160044187109299855e+03
8.168130844188353876e+03
8.176193311186338178e+03
8.184231706674402631e+03
8.192246148427237131e+03
8.200236753429793680e+03
8.208203637883900228e+03
8.216146917214813584e+03
8.224066706077732306e+03
8.231963118364210459e+03
