# h
# unit = 1.0/Mpc
2.001485079439840290e-04
2.011025687631629369e-04
2.020710737847217242e-04
2.030540031448139289e-04
2.040513343029413018e-04
2.050630421219452393e-04
2.060890989483866325e-04
2.071294746931725346e-04
2.081841369122936880e-04
2.092530508875399065e-04
2.103361797070673017e-04
2.114334843456949732e-04
2.125449237448149642e-04
2.136704548918043247e-04
2.148100328988339510e-04
2.159636110809742934e-04
2.171311410335045010e-04
2.183125727083355281e-04
2.195078544894659442e-04
2.207169332673926800e-04
2.219397545124055069e-04
2.231762623467006303e-04
2.244263996152517601e-04
2.256901079553850988e-04
2.269673278650084823e-04
2.282579987694501674e-04
2.295620590868685854e-04
2.308794462921975302e-04
2.322100969795988046e-04
2.335539469233957382e-04
2.349109311374666226e-04
2.362809839330829939e-04
2.376640389751783161e-04
2.390600293370387982e-04
2.404688875534118444e-04
2.418905456720284533e-04
2.433249353035427077e-04
2.447719876698914747e-04
2.462316336510819844e-04
2.477038038304171558e-04
2.491884285381704579e-04
2.506854378937254063e-04
2.521947618461960650e-04
2.537163302135477709e-04
2.552500727202368391e-04
2.567959190333935328e-04
2.583537987975702559e-04
2.599236416680797391e-04
2.615053773429500020e-04
2.630989355935224355e-04
2.647042462937216289e-04
2.663212394480238276e-04
2.679498452181563344e-04
2.695899939485548466e-04
2.712416161906105539e-04
2.729046427257379487e-04
2.745790045872930577e-04
2.762646330813747276e-04
2.779614598065387816e-04
2.796694166724571391e-04
2.813884359175534478e-04
2.831184501256441238e-04
2.848593922416193841e-04
2.866111955861903480e-04
2.883737938697373887e-04
2.901471212052852142e-04
2.919311121206375837e-04
2.937257015696991967e-04
2.955308249430145182e-04
2.973464180775505883e-04
2.991724172657530384e-04
3.010087592639012241e-04
3.028553812997907186e-04
3.047122210797678882e-04
3.065792167951425680e-04
3.084563071280043735e-04
3.103434312564663897e-04
3.122405288593604173e-04
3.141475401204065431e-04
3.160644057318799660e-04
3.179910668977964914e-04
3.199274653366391912e-04
3.218735432836450404e-04
3.238292434926733228e-04
3.257945092376745080e-04
3.277692843137786820e-04
3.297535130380206615e-04
3.317471402497228802e-04
3.337501113105475928e-04
3.357623721042407865e-04
3.377838690360795092e-04
3.398145490320402320e-04
3.418543595377019620e-04
3.439032485168996085e-04
3.459611644501390431e-04
3.480280563327917934e-04
3.501038736730752296e-04
3.521885664898380809e-04
3.542820853101569765e-04
3.563843811667594596e-04
3.584954055952811725e-04
3.606151106313714707e-04
3.627434488076536996e-04
3.648803731505515717e-04
3.670258371769914577e-04
3.691797948909884505e-04
3.713422007801250391e-04
3.735130098119292773e-04
3.756921774301631256e-04
3.778796595510254129e-04
3.800754125592779279e-04
3.822793933043006033e-04
3.844915590960835462e-04
3.867118677011606291e-04
3.889402773384916358e-04
3.911767466752975701e-04
3.934212348228542221e-04
3.956737013322520163e-04
3.979341061901215987e-04
4.002024098143355173e-04
4.024785730496853995e-04
4.047625571635421623e-04
4.070543238415021267e-04
4.093538351830216951e-04
4.116610536970448180e-04
4.139759422976280754e-04
4.162984642995636985e-04
4.186285834140057358e-04
4.209662637441003927e-04
4.233114697806252620e-04
4.256641663976386920e-04
4.280243188481404294e-04
4.303918927597485803e-04
4.327668541303924545e-04
4.351491693240250335e-04
4.375388050663546295e-04
4.399357284406006673e-04
4.423399068832713135e-04
4.447513081799688603e-04
4.471699004612195594e-04
4.495956521983322405e-04
4.520285321992873417e-04
4.544685096046540210e-04
4.569155538835404447e-04
4.593696348295761133e-04
4.618307225569249792e-04
4.642987874963360232e-04
4.667738003912259783e-04
4.692557322937984817e-04
4.717445545611975970e-04
4.742402388516990118e-04
4.767427571209388571e-04
4.792520816181771131e-04
4.817681848826009679e-04
4.842910397396647674e-04
4.868206192974693764e-04
4.893568969431793788e-04
4.918998463394778442e-04
4.944494414210615909e-04
4.970056563911747199e-04
4.995684657181806388e-04
5.021378441321734968e-04
5.047137666216286499e-04
5.072962084300919414e-04
5.098851450529093146e-04
5.124805522339915534e-04
5.150824059626227160e-04
5.176906824703041317e-04
5.203053582276377523e-04
5.229264099412479945e-04
5.255538145507417450e-04
5.281875492257058794e-04
5.308275913627444635e-04
5.334739185825514065e-04
5.361265087270208462e-04
5.387853398563963473e-04
5.414503902464552288e-04
5.441216383857296448e-04
5.467990629727651798e-04
5.494826429134142464e-04
5.521723573181653699e-04
5.548681854995086852e-04
5.575701069693360205e-04
5.602781014363743739e-04
5.629921488036573364e-04
5.657122291660269826e-04
5.684383228076709963e-04
5.711704101996937328e-04
5.739084719977196984e-04
5.766524890395299894e-04
5.794024423427307155e-04
5.821583131024539491e-04
5.849200826890903334e-04
5.876877326460520478e-04
5.904612446875686250e-04
5.932406006965111741e-04
5.960257827222477205e-04
5.988167729785295532e-04
6.016135538414053288e-04
6.044161078471646650e-04
6.072244176903115499e-04
6.100384662215646396e-04
6.128582364458873711e-04
6.156837115205442048e-04
6.185148747531846224e-04
6.213517095999548804e-04
6.241941996636350253e-04
6.270423286918037735e-04
6.298960805750281099e-04
6.327554393450785832e-04
6.356203891731708380e-04
6.384909143682305664e-04
6.413669993751842631e-04
6.442486287732736164e-04
6.471357872743936429e-04
6.500284597214548918e-04
6.529266310867684175e-04
6.558302864704540621e-04
6.587394110988708563e-04
6.616539903230696457e-04
6.645740096172692447e-04
6.674994545773509135e-04
6.704303109193773379e-04
6.733665644781317754e-04
6.763082012056773670e-04
6.792552071699355315e-04
6.822075685532887545e-04
6.851652716511985554e-04
6.881283028708452473e-04
6.910966487297872133e-04
6.940702958546381791e-04
6.970492309797631349e-04
7.000334409459947485e-04
7.030229126993646320e-04
7.060176332898544490e-04
7.090175898701653453e-04
7.120227696945022333e-04
7.150331601173785670e-04
7.180487485924341284e-04
7.210695226712731960e-04
7.240954700023158330e-04
7.271265783296673897e-04
7.301628354920025338e-04
7.332042294214666288e-04
7.362507481425902304e-04
7.393023797712206056e-04
7.423591125134677794e-04
7.454209346646635927e-04
7.484878346083384320e-04
7.515598008152084763e-04
7.546368218421810499e-04
7.577188863313706006e-04
7.608059830091293144e-04
7.638981006850917169e-04
7.669952282512318507e-04
7.700973546809336805e-04
7.732044690280740753e-04
7.763165604261196675e-04
7.794336180872342293e-04
7.825556313013987348e-04
7.856825894355457321e-04
7.888144819327026075e-04
7.919512983111474252e-04
7.950930281635785373e-04
7.982396611562914569e-04
8.013911870283701522e-04
8.045475955908893990e-04
8.077088767261246137e-04
8.108750203867766491e-04
8.140460165952050466e-04
8.172218554426703956e-04
8.204025270885888363e-04
8.235880217597969701e-04
8.267783297498251197e-04
8.299734414181803455e-04
8.331733471896401967e-04
8.363780375535566532e-04
8.395875030631649470e-04
8.428017343349088631e-04
8.460207220477671246e-04
8.492444569425961496e-04
8.524729298214738914e-04
8.557061315470602687e-04
8.589440530419600872e-04
8.621866852880966971e-04
8.654340193260948643e-04
8.686860462546678718e-04
8.719427572300193644e-04
8.752041434652456289e-04
8.784701962297503412e-04
8.817409068486663616e-04
8.850162667022833845e-04
8.882962672254849116e-04
8.915808999071912983e-04
8.948701562898100622e-04
8.981640279686949752e-04
9.014625065916081906e-04
9.047655838581961400e-04
9.080732515194642369e-04
9.113855013772628570e-04
9.147023252837805816e-04
9.180237151410413450e-04
9.213496629004086285e-04
9.246801605620983289e-04
9.280152001746930354e-04
9.313547738346681249e-04
9.346988736859190502e-04
9.380474919192992528e-04
9.414006207721573169e-04
9.447582525278883266e-04
9.481203795154831632e-04
9.514869941090877770e-04
9.548580887275684220e-04
9.582336558340775415e-04
9.616136879356320137e-04
9.649981775826903122e-04
9.683871173687389920e-04
9.717804999298825354e-04
9.751783179444377522e-04
9.785805641325357688e-04
9.819872312557267283e-04
9.853983121165868758e-04
9.888137995583386533e-04
9.922336864644650499e-04
9.956579657583381534e-04
9.990866304028431493e-04
1.002519673400017282e-03
1.005957087790681874e-03
1.009398866654088664e-03
1.012845003107563100e-03
1.016295490306157179e-03
1.019750321442303154e-03
1.023209489745472876e-03
1.026672988481840392e-03
1.030140810953950178e-03
1.033612950500386891e-03
1.037089400495451843e-03
1.040570154348839692e-03
1.044055205505321857e-03
1.047544547444435132e-03
1.051038173680167703e-03
1.054536077760657086e-03
1.058038253267883739e-03
1.061544693817374849e-03
1.065055393057906183e-03
1.068570344671213035e-03
1.072089542371696845e-03
1.075612979906144821e-03
1.079140651053443712e-03
1.082672549624303119e-03
1.086208669460980540e-03
1.089749004437004900e-03
1.093293548456913088e-03
1.096842295455978259e-03
1.100395239399949189e-03
1.103952374284790936e-03
1.107513694136424845e-03
1.111079193010475934e-03
1.114648864992022438e-03
1.118222704195344060e-03
1.121800704763679761e-03
1.125382860868981644e-03
1.128969166711676431e-03
1.132559616520427588e-03
1.136154204551898753e-03
1.139752925090524970e-03
1.143355772448278280e-03
1.146962740964445034e-03
1.150573825005397118e-03
1.154189018964372950e-03
1.157808317261256300e-03
1.161431714342357714e-03
1.165059204680202881e-03
1.168690782773315791e-03
1.172326443146012734e-03
1.175966180348191319e-03
1.179609988955125340e-03
1.183257863567262246e-03
1.186909798810021699e-03
1.190565789333594129e-03
1.194225829812747093e-03
1.197889914946629469e-03
1.201558039458576303e-03
1.205230198095921020e-03
1.208906385629806559e-03
1.212586596854996505e-03
1.216270826589692291e-03
1.219959069675351270e-03
1.223651320976502400e-03
1.227347575380571690e-03
1.231047827797701567e-03
1.234752073160579142e-03
1.238460306424260353e-03
1.242172522565998874e-03
1.245888716585079152e-03
1.249608883502644017e-03
1.253333018361530967e-03
1.257061116226109972e-03
1.260793172182115207e-03
1.264529181336489358e-03
1.268269138817221427e-03
