# mu
-inf
3.350969292179164682e+01
3.503105329076684882e+01
3.592748043237190814e+01
3.656791007108107294e+01
3.706796574128260602e+01
3.747915165671731330e+01
3.782894369474368546e+01
3.813374414645006993e+01
3.840413422569849899e+01
3.864733992312942945e+01
3.886851630580064665e+01
3.907147062412826699e+01
3.925909498392820041e+01
3.943363821704663508e+01
3.959688372911671195e+01
3.975026983282202053e+01
3.989497353699578497e+01
4.003197035031654138e+01
4.016207789471661016e+01
4.028598831927338608e+01
4.040429279787070271e+01
4.051750032307058547e+01
4.062605231923318883e+01
4.073033414360125448e+01
4.083068423831829818e+01
4.092740148665670574e+01
4.102075118042255042e+01
4.111096990180771371e+01
4.119826954840254984e+01
4.128284067576428384e+01
4.136485529187938681e+01
4.144446920798245060e+01
4.152182402767928693e+01
4.159704883918708163e+01
4.167026166234641948e+01
4.174157069186850322e+01
4.181107537032502108e+01
4.187886731813019736e+01
4.194503114280810507e+01
4.200964514588542897e+01
4.207278194257943937e+01
4.213450900689042555e+01
4.219488915263113427e+01
4.225398095922957964e+01
4.231183914975180471e+01
4.236851492744479231e+01
4.242405627615147523e+01
4.247850822916047520e+01
4.253191311039500988e+01
4.258431075129279009e+01
4.263573868626433949e+01
4.268623232922435307e+01
4.273582513335843203e+01
4.278454873600421138e+01
4.283243309028483026e+01
4.287950658492594158e+01
4.292579615351016287e+01
4.297132737427033078e+01
4.301612456139089602e+01
4.306021084867315096e+01
4.310360826632050646e+01
4.314633781151442804e+01
4.318841951337623186e+01
4.322987249284442157e+01
4.327071501793996333e+01
4.331096455484102847e+01
4.335063781514480752e+01
4.338975079965455706e+01
4.342831883899560808e+01
4.346635663133343996e+01
4.350387827743999480e+01
4.354089731332991420e+01
4.357742674066753352e+01
4.361347905512582912e+01
4.364906627286196539e+01
4.368419995525835020e+01
4.371889123206501893e+01
4.375315082306641301e+01
4.378698905838504629e+01
4.382041589752441269e+01
4.385344094724472086e+01
4.388607347835693417e+01
4.391832244151341058e+01
4.395019648206690732e+01
4.398170395406361877e+01
4.401285293343079985e+01
4.404365123041441876e+01
4.407410640131791979e+01
4.410422575958922664e+01
4.413401638629929380e+01
4.416348514005238712e+01
4.419263866636481453e+01
4.422148340654662491e+01
4.425002560611766000e+01
4.427827132278740407e+01
4.430622643402565330e+01
4.433389664424940690e+01
4.436128749164919327e+01
4.438840435467660939e+01
4.441525245821333101e+01
4.444183687944043015e+01
4.446816255342538682e+01
4.449423427844322987e+01
4.452005672104704104e+01
4.454563442090200454e+01
4.457097179539623255e+01
4.459607314404082956e+01
4.462094265267084126e+01
4.464558439745783858e+01
4.467000234874437581e+01
4.469420037470981555e+01
4.471818224487654447e+01
4.474195163346479376e+01
4.476551212260412882e+01
4.478886720540882038e+01
4.481202028892420230e+01
4.483497469695039683e+01
4.485773367274970269e+01
4.488030038164330904e+01
4.490267791350287041e+01
4.492486928514200883e+01
4.494687744261267426e+01
4.496870526341085395e+01
4.499035555859595092e+01
4.501183107482796686e+01
4.503313449632630494e+01
4.505426844675378106e+01
4.507523549102933913e+01
4.509603813707273900e+01
4.511667883748428665e+01
4.513715999116240596e+01
4.515748394486205086e+01
4.517765299469638762e+01
4.519766938758429831e+01
4.521753532264605724e+01
4.523725295254941159e+01
4.525682438480821190e+01
4.527625168303562475e+01
4.529553686815374647e+01
4.531468191956157199e+01
4.533368877626294591e+01
4.535255933795624372e+01
4.537129546608722563e+01
4.538989898486669716e+01
4.540837168225430531e+01
4.542671531090982029e+01
4.544493158911330255e+01
4.546302220165522101e+01
4.548098880069785821e+01
4.549883300660901853e+01
4.551655640876916209e+01
4.553416056635290943e+01
4.555164700908606790e+01
4.556901723797888337e+01
4.558627272603651193e+01
4.560341491894769206e+01
4.562044523575216459e+01
4.563736506948785632e+01
4.565417578781840291e+01
4.567087873364192774e+01
4.568747522568141051e+01
4.570396655905776129e+01
4.572035400584584153e+01
4.573663881561417099e+01
4.575282221594898147e+01
4.576890541296300086e+01
4.578488959178963569e+01
4.580077591706299245e+01
4.581656553338422100e+01
4.583225956577465610e+01
4.584785912011627573e+01
4.586336528357974629e+01
4.587877912504063715e+01
4.589410169548412455e+01
4.590933402839851851e+01
4.592447714015806071e+01
4.593953203039539801e+01
4.595449968236383143e+01
4.596938106328995133e+01
4.598417712471680829e+01
4.599888880283796766e+01
4.601351701882268941e+01
4.602806267913264548e+01
4.604252667583025271e+01
4.605690988687906184e+01
4.607121317643632352e+01
4.608543739513805093e+01
4.609958338037675674e+01
4.611365195657215565e+01
4.612764393543496766e+01
4.614156011622405629e+01
4.615540128599720049e+01
4.616916821985548580e+01
4.618286168118174118e+01
4.619648242187299303e+01
4.621003118256729181e+01
4.622350869286487551e+01
4.623691567154409654e+01
4.625025282677198391e+01
4.626352085630977484e+01
4.627672044771357207e+01
4.628985227853011963e+01
4.630291701648800284e+01
4.631591531968425102e+01
4.632884783676664853e+01
4.634171520711164760e+01
4.635451806099828787e+01
4.636725701977789527e+01
4.637993269604005775e+01
4.639254569377462900e+01
4.640509660853008000e+01
4.641758602756829077e+01
4.643001453001572543e+01
4.644238268701130323e+01
4.645469106185088037e+01
4.646694021012849873e+01
4.647913067987452962e+01
4.649126301169069819e+01
4.650333773888219469e+01
4.651535538758679422e+01
4.652731647690124817e+01
4.653922151900481197e+01
4.655107101928020086e+01
4.656286547643185258e+01
4.657460538260168192e+01
4.658629122348236251e+01
4.659792347842811466e+01
4.660950262056329052e+01
4.662102911572560515e+01
4.663250342718478691e+01
4.664392600887676821e+01
4.665529731004605907e+01
4.666661777421644786e+01
4.667788783928651952e+01
4.668910793762324829e+01
4.670027849615364346e+01
4.671139993645456912e+01
4.672247267484065247e+01
4.673349712245047272e+01
4.674447368533095926e+01
4.675540276452015576e+01
4.676628475612824332e+01
4.677712005141696494e+01
4.678790903687752945e+01
4.679865209430688822e+01
4.680934960088254826e+01
4.682000192923590021e+01
4.683060944752413235e+01
4.684117251950067384e+01
4.685169150458435183e+01
4.686216675792716302e+01
4.687259863048071651e+01
4.688298746906143322e+01
4.689333361641451603e+01
4.690363741127660546e+01
4.691389918843735529e+01
4.692411927879976474e+01
4.693429800943941643e+01
4.694443570366254903e+01
4.695453268106308542e+01
4.696458925757858793e+01
4.697460574554516199e+01
4.698458245375132947e+01
4.699451968749094988e+01
4.700441774861509003e+01
4.701427693558304099e+01
4.702409754351234028e+01
4.703387986422785616e+01
4.704362418631005482e+01
4.705333079514235095e+01
4.706299997295761273e+01
4.707263199888380001e+01
4.708222714898886352e+01
4.709178569632476297e+01
4.710130791097072489e+01
4.711079406007578996e+01
4.712024440790050051e+01
4.712965921585796281e+01
4.713903874255411353e+01
4.714838324382732537e+01
4.715769297278732353e+01
4.716696817985336310e+01
4.717620911279183815e+01
4.718541601675318731e+01
4.719458913430815983e+01
4.720372870548350619e+01
4.721283496779698652e+01
4.722190815629186744e+01
4.723094850357075813e+01
4.723995623982894188e+01
4.724893159288708944e+01
4.725787478822343246e+01
4.726678604900544656e+01
4.727566559612093755e+01
4.728451364820868719e+01
4.729333042168846646e+01
4.730211613079073629e+01
4.731087098758566611e+01
4.731959520201181135e+01
4.732828898190426514e+01
4.733695253302236949e+01
4.734558605907692197e+01
4.735418976175705552e+01
4.736276384075656409e+01
4.737130849379985875e+01
4.737982391666751880e+01
4.738831030322140947e+01
4.739676784542938748e+01
4.740519673338965134e+01
4.741359715535467245e+01
4.742196929775478509e+01
4.743031334522132170e+01
4.743862948060950657e+01
4.744691788502089480e+01
4.745517873782546303e+01
4.746341221668345156e+01
4.747161849756672325e+01
4.747979775477993059e+01
4.748795016098124222e+01
4.749607588720283502e+01
4.750417510287103084e+01
4.751224797582611359e+01
4.752029467234187621e+01
4.752831535714483380e+01
4.753631019343321640e+01
4.754427934289556390e+01
4.755222296572914331e+01
4.756014122065800365e+01
4.756803426495086740e+01
4.757590225443862408e+01
4.758374534353166041e+01
4.759156368523689196e+01
4.759935743117456752e+01
4.760712673159478214e+01
4.761487173539379114e+01
4.762259259013005419e+01
4.763028944204006621e+01
4.763796243605394665e+01
4.764561171581078725e+01
4.765323742367378657e+01
4.766083970074522114e+01
4.766841868688106842e+01
4.767597452070555164e+01
4.768350733962542165e+01
4.769101727984400441e+01
4.769850447637509916e+01
4.770596906305666351e+01
4.771341117256427111e+01
4.772083093642443430e+01
4.772822848502769233e+01
4.773560394764152193e+01
4.774295745242309863e+01
4.775028912643185208e+01
4.775759909564182948e+01
4.776488748495393111e+01
4.777215441820792563e+01
4.777940001819435167e+01
4.778662440666621336e+01
4.779382770435051953e+01
4.780101003095970214e+01
4.780817150520279313e+01
4.781531224479657283e+01
4.782243236647645546e+01
4.782953198600726807e+01
4.783661121819387319e+01
4.784367017689170609e+01
4.785070897501707066e+01
4.785772772455735691e+01
4.786472653658111653e+01
4.787170552124801048e+01
4.787866478781857893e+01
4.788560444466394728e+01
4.789252459927531902e+01
4.789942535827344727e+01
4.790630682741789315e+01
4.791316911161619885e+01
4.792001231493291868e+01
4.792683654059858611e+01
4.793364189101849604e+01
4.794042846778138767e+01
4.794719637166807047e+01
4.795394570265983702e+01
4.796067655994690426e+01
4.796738904193657049e+01
4.797408324626142928e+01
4.798075926978739858e+01
4.798741720862161486e+01
4.799405715812034856e+01
4.800067921289665662e+01
4.800728346682808478e+01
4.801387001306416380e+01
4.802043894403387014e+01
4.802699035145298723e+01
4.803352432633133873e+01
4.804004095897997928e+01
4.804654033901824306e+01
4.805302255538074974e+01
4.805948769632431095e+01
4.806593584943470887e+01
4.807236710163346771e+01
