# bb
1.566420223753084429e-06
3.133337486360687762e-06
5.223324933467665687e-06
7.837044904590584338e-06
1.097529911930905655e-05
1.463904482079669833e-05
1.882937613117974252e-05
2.354752359678968787e-05
2.879484054574277252e-05
3.457279672147706151e-05
4.088295463589020073e-05
4.772697866428643465e-05
5.510661503649316728e-05
6.302367546595633030e-05
7.148001895984634757e-05
8.047754818107932806e-05
9.001819853438064456e-05
1.001039272523485124e-04
1.107366697397083044e-04
1.219183759531006217e-04
1.336509740212932229e-04
1.459363120375201106e-04
1.587762526469305158e-04
1.721725420793518424e-04
1.861268829088658094e-04
2.006409195018932223e-04
2.157161652576178312e-04
2.313540753675624728e-04
2.475559886079281569e-04
2.643230836838483810e-04
2.816565393004566431e-04
2.995572867803275585e-04
3.180262865498661995e-04
3.370642079971730709e-04
3.566717787180095911e-04
3.768494643736630678e-04
3.975976724177598953e-04
4.189166938886046410e-04
4.408067325130105019e-04
4.632679047062993050e-04
4.863001522608101368e-04
5.099034169688820839e-04
5.340774659998714924e-04
5.588221247307956219e-04
5.841370439156889915e-04
6.100219325162470341e-04
6.364763830788433552e-04
6.635000463575124741e-04
6.910923402756452560e-04
7.192530320025980473e-04
7.479817140847444534e-04
7.772778626531362534e-04
8.071413030847907066e-04
8.375716861337423325e-04
8.685688371770083904e-04
9.001325815916061401e-04
9.322628611698746681e-04
9.649596177041530609e-04
9.982232004404067993e-04
1.032053725793957710e-03
1.066451659426093102e-03
1.101417350582778454e-03
1.136951730586588383e-03
1.173055497929453850e-03
1.209729467518627644e-03
1.246974687092006207e-03
1.284792670048773289e-03
1.323184580542147160e-03
1.362152048386633396e-03
1.401696936227381229e-03
1.441820873878896236e-03
1.482525956816971302e-03
1.523814396932721138e-03
1.565688522532582283e-03
1.608150545507669449e-03
1.651203376241028309e-03
1.694849692285060883e-03
1.739091938361525536e-03
1.783933490514755249e-03
1.829377259127795696e-03
1.875426154583692551e-03
1.922083552926778793e-03
1.969352830201387405e-03
2.017237246036529541e-03
2.065740525722503662e-03
2.114865696057677269e-03
2.164616715162992477e-03
2.214996842667460442e-03
2.266010269522666931e-03
2.317659789696335793e-03
2.369949826970696449e-03
2.422883640974760056e-03
2.476465189829468727e-03
2.530697965994477272e-03
2.585585694760084152e-03
2.641132567077875137e-03
2.697342075407505035e-03
2.754217712208628654e-03
2.811763435602188110e-03
2.869982970878481865e-03
2.928880043327808380e-03
2.988458843901753426e-03
3.048722632229328156e-03
3.109675599262118340e-03
3.171321237459778786e-03
3.233663970604538918e-03
3.296707756817340851e-03
3.360456088557839394e-03
3.424913389608263969e-03
3.490083385258913040e-03
3.555970964953303337e-03
3.622579853981733322e-03
3.689914941787719727e-03
3.757980419322848320e-03
3.826780710369348526e-03
3.896320704370737076e-03
3.966605290770530701e-03
4.037640057504177094e-03
4.109428729861974716e-03
4.181977361440658569e-03
4.255291540175676346e-03
4.329376388341188431e-03
4.404237959533929825e-03
4.479881841689348221e-03
4.556314088404178619e-03
4.633540753275156021e-03
4.711568355560302734e-03
4.790403880178928375e-03
4.870051983743906021e-03
4.950521513819694519e-03
5.031818058341741562e-03
5.113949067890644073e-03
5.196921061724424362e-03
5.280741956084966660e-03
5.365418270230293274e-03
5.450957920402288437e-03
5.537366960197687149e-03
5.624654702842235565e-03
5.712826270610094070e-03
5.801890511065721512e-03
5.891854874789714813e-03
5.982725415378808975e-03
6.074510514736175537e-03
6.167216226458549500e-03
6.260850466787815094e-03
6.355419289320707321e-03
6.450929678976535797e-03
6.547388620674610138e-03
6.644801236689090729e-03
6.743175443261861801e-03
6.842514965683221817e-03
6.942826788872480392e-03
7.044116035103797913e-03
7.146388292312622070e-03
7.249645888805389404e-03
7.353895809501409531e-03
7.459140382707118988e-03
7.565384265035390854e-03
7.672630250453948975e-03
7.780881132930517197e-03
7.890138775110244751e-03
8.000406436622142792e-03
8.111684583127498627e-03
8.223976008594036102e-03
8.337279781699180603e-03
8.451596833765506744e-03
8.566927164793014526e-03
8.683270774781703949e-03
8.800625801086425781e-03
8.918992243707180023e-03
9.038366377353668213e-03
9.158748202025890350e-03
9.280133992433547974e-03
9.402520954608917236e-03
9.525905363261699677e-03
9.650284424424171448e-03
9.775654412806034088e-03
9.902008809149265289e-03
1.002934575080871582e-02
1.015765685588121414e-02
1.028694026172161102e-02
1.041718851774930954e-02
1.054839510470628738e-02
1.068055629730224609e-02
1.081366278231143951e-02
1.094770990312099457e-02
1.108268927782773972e-02
1.121859531849622726e-02
1.135542057454586029e-02
1.149315666407346725e-02
1.163179613649845123e-02
1.177133060991764069e-02
1.191175356507301331e-02
1.205305568873882294e-02
1.219522953033447266e-02
1.233826577663421631e-02
1.248215511441230774e-02
1.262689009308815002e-02
1.277246046811342239e-02
1.291885785758495331e-02
1.306607294827699661e-02
1.321409642696380615e-02
1.336291804909706116e-02
1.351252757012844086e-02
1.366291567683219910e-02
1.381407119333744049e-02
1.396598573774099350e-02
1.411864534020423889e-02
1.427204255014657974e-02
1.442616339772939682e-02
1.458099763840436935e-02
1.473653409630060196e-02
1.489275880157947540e-02
1.504966057837009430e-02
1.520722825080156326e-02
1.536544505506753922e-02
1.552430167794227600e-02
1.568378135561943054e-02
1.584387198090553284e-02
1.600455865263938904e-02
1.616582646965980530e-02
1.632766053080558777e-02
1.649004220962524414e-02
1.665296219289302826e-02
1.681639812886714935e-02
1.698033511638641357e-02
1.714475639164447784e-02
1.730964519083499908e-02
1.747498288750648499e-02
1.764074899256229401e-02
1.780692674219608307e-02
1.797349937260150909e-02
1.814044266939163208e-02
1.830773986876010895e-02
1.847537048161029816e-02
1.864331401884555817e-02
1.881154999136924744e-02
1.898005604743957520e-02
1.914881169795989990e-02
1.931779831647872925e-02
1.948698796331882477e-02
1.965636387467384338e-02
1.982590183615684509e-02
1.999558135867118835e-02
2.016538009047508240e-02
2.033527381718158722e-02
2.050524204969406128e-02
2.067526057362556458e-02
2.084530889987945557e-02
2.101536281406879425e-02
2.118539996445178986e-02
2.135539986193180084e-02
2.152534015476703644e-02
2.169520035386085510e-02
2.186495624482631683e-02
2.203458547592163086e-02
2.220406942069530487e-02
2.237338572740554810e-02
2.254251390695571899e-02
2.271143347024917603e-02
2.288012206554412842e-02
2.304856292903423309e-02
2.321673557162284851e-02
2.338461950421333313e-02
2.355219796299934387e-02
2.371944859623908997e-02
2.388635836541652679e-02
2.405290491878986359e-02
2.421907149255275726e-02
2.438484504818916321e-02
2.455020509660243988e-02
2.471513301134109497e-02
2.487961761653423309e-02
2.504364214837551117e-02
2.520718984305858612e-02
2.537024766206741333e-02
2.553279884159564972e-02
2.569483034312725067e-02
2.585632726550102234e-02
2.601727843284606934e-02
2.617766708135604858e-02
2.633748203516006470e-02
2.649671025574207306e-02
2.665533870458602905e-02
2.681335620582103729e-02
2.697074972093105316e-02
2.712750807404518127e-02
2.728362195193767548e-02
2.743907459080219269e-02
2.759386040270328522e-02
2.774796262383460999e-02
2.790137566626071930e-02
2.805408649146556854e-02
2.820608578622341156e-02
2.835736609995365143e-02
2.850791066884994507e-02
2.865771390497684479e-02
2.880676649510860443e-02
2.895505912601947784e-02
2.910258062183856964e-02
2.924932353198528290e-02
2.939527854323387146e-02
2.954044006764888763e-02
2.968479506671428680e-02
2.982834167778491974e-02
2.997106686234474182e-02
3.011296503245830536e-02
3.025402687489986420e-02
3.039425052702426910e-02
3.053363040089607239e-02
3.067215532064437866e-02
3.080982156097888947e-02
3.094662353396415710e-02
3.108256123960018158e-02
3.121762350201606750e-02
3.135181218385696411e-02
3.148512169718742371e-02
3.161754831671714783e-02
3.174909576773643494e-02
3.187975287437438965e-02
3.200953081250190735e-02
3.213841840624809265e-02
3.226642310619354248e-02
3.239353746175765991e-02
3.251977264881134033e-02
3.264512494206428528e-02
3.276960179209709167e-02
3.289320319890975952e-02
3.301593661308288574e-02
3.313780203461647034e-02
3.325880691409111023e-02
3.337896242737770081e-02
3.349826857447624207e-02
3.361673653125762939e-02
3.373437747359275818e-02
3.385119512677192688e-02
3.396720066666603088e-02
3.408240526914596558e-02
3.419682011008262634e-02
3.431045636534690857e-02
3.442332893610000610e-02
3.453544527292251587e-02
3.464682027697563171e-02
3.475746884942054749e-02
3.486740216612815857e-02
3.497663885354995728e-02
3.508519753813743591e-02
3.519308194518089294e-02
3.530031442642211914e-02
3.540691360831260681e-02
3.551289811730384827e-02
3.561827540397644043e-02
3.572306782007217407e-02
3.582729771733283997e-02
3.593097627162933350e-02
3.603411838412284851e-02
3.613675013184547424e-02
3.623888641595840454e-02
3.634054958820343018e-02
3.644175082445144653e-02
3.654250875115394592e-02
3.664284944534301758e-02
3.674278408288955688e-02
3.684233501553535461e-02
3.694152459502220154e-02
3.704036027193069458e-02
3.713887557387351990e-02
3.723707795143127441e-02
3.733498603105545044e-02
3.743262588977813721e-02
3.753001242876052856e-02
3.762716427445411682e-02
3.772410005331039429e-02
3.782083839178085327e-02
3.791739791631698608e-02
3.801380097866058350e-02
3.811005875468254089e-02
3.820619359612464905e-02
3.830222785472869873e-02
3.839817643165588379e-02
3.849405795335769653e-02
3.858988732099533081e-02
3.868569433689117432e-02
3.878149017691612244e-02
3.887728974223136902e-02
3.897312283515930176e-02
3.906900063157081604e-02
3.916494175791740417e-02
3.926097229123115540e-02
3.935710713267326355e-02
3.945336863398551941e-02
3.954976797103881836e-02
3.964633494615554810e-02
3.974308446049690247e-02
3.984003886580467224e-02
3.993721306324005127e-02
4.003463685512542725e-02
4.013232141733169556e-02
4.023028910160064697e-02
4.032856225967407227e-02
4.042716324329376221e-02
4.052610695362091064e-02
4.062541574239730835e-02
4.072511568665504456e-02
4.082522168755531311e-02
4.092575609683990479e-02
4.102674126625061035e-02
4.112819582223892212e-02
4.123014211654663086e-02
4.133259505033493042e-02
4.143558070063591003e-02
4.153911769390106201e-02
4.164322465658187866e-02
4.174792394042015076e-02
4.185323044657707214e-02
4.195917025208473206e-02
4.206575080752372742e-02
4.217300564050674438e-02
4.228094220161437988e-02
4.238957911729812622e-02
4.249893501400947571e-02
4.260902851819992065e-02
4.271987825632095337e-02
4.283149167895317078e-02
4.294389113783836365e-02
4.305709153413772583e-02
4.317110404372215271e-02
4.328593984246253967e-02
4.340161755681037903e-02
4.351814836263656616e-02
4.363553971052169800e-02
4.375381022691726685e-02
4.387295991182327271e-02
4.399300739169120789e-02
4.411396011710166931e-02
4.423582553863525391e-02
4.435860738158226013e-02
4.448231682181358337e-02
4.460696130990982056e-02
4.473254457116127014e-02
4.485907033085823059e-02
4.498654603958129883e-02
4.511497169733047485e-02
4.524435475468635559e-02
4.537469148635864258e-02
4.550598934292793274e-02
4.563824459910392761e-02
4.577146470546722412e-02
4.590564221143722534e-02
4.604078456759452820e-02
4.617688059806823730e-02
4.631393775343894958e-02
4.645194858312606812e-02
4.659091308712959290e-02
4.673083126544952393e-02
4.687169194221496582e-02
4.701349511742591858e-02
4.715624079108238220e-02
4.729991778731346130e-02
4.744452983140945435e-02
4.759005829691886902e-02
4.773651063442230225e-02
4.788387194275856018e-02
4.803214222192764282e-02
4.818131029605865479e-02
4.833137243986129761e-02
4.848231747746467590e-02
4.863414540886878967e-02
4.878684133291244507e-02
4.894039779901504517e-02
4.909481480717658997e-02
4.925007000565528870e-02
4.940616339445114136e-02
4.956308379769325256e-02
4.972082003951072693e-02
4.987936839461326599e-02
5.003871396183967590e-02
5.019884184002876282e-02
5.035974830389022827e-02
5.052141845226287842e-02
5.068384483456611633e-02
5.084701254963874817e-02
5.101090669631958008e-02
5.117551609873771667e-02
5.134083330631256104e-02
5.150683596730232239e-02
5.167350918054580688e-02
5.184084922075271606e-02
5.200883001089096069e-02
5.217744410037994385e-02
5.234666913747787476e-02
5.251649022102355957e-02
5.268688872456550598e-02
5.285785347223281860e-02
5.302936211228370667e-02
5.320139229297637939e-02
5.337392911314964294e-02
5.354695022106170654e-02
5.372044071555137634e-02
5.389437451958656311e-02
5.406872928142547607e-02
5.424347892403602600e-02
5.441861599683761597e-02
5.459410324692726135e-02
5.476992204785346985e-02
5.494605377316474915e-02
5.512246489524841309e-02
5.529913678765296936e-02
5.547603964805603027e-02
5.565315112471580505e-02
5.583044514060020447e-02
5.600789189338684082e-02
5.618546903133392334e-02
5.636314675211906433e-02
5.654089897871017456e-02
5.671870335936546326e-02
5.689651891589164734e-02
5.707433447241783142e-02
5.725210905075073242e-02
5.742982402443885803e-02
5.760744586586952209e-02
5.778494104743003845e-02
5.796229839324951172e-02
5.813947319984436035e-02
5.831643939018249512e-02
5.849317833781242371e-02
5.866966024041175842e-02
5.884585157036781311e-02
5.902172997593879700e-02
5.919726192951202393e-02
5.937242880463600159e-02
5.954719707369804382e-02
5.972154065966606140e-02
5.989544093608856201e-02
6.006886437535285950e-02
6.024178490042686462e-02
6.041418015956878662e-02
6.058602407574653625e-02
6.075728684663772583e-02
6.092796102166175842e-02
6.109800189733505249e-02
6.126739829778671265e-02
6.143612042069435120e-02
6.160414591431617737e-02
6.177145987749099731e-02
6.193802505731582642e-02
6.210384145379066467e-02
6.226886063814163208e-02
6.243307888507843018e-02
6.259647756814956665e-02
6.275901943445205688e-02
6.292070448398590088e-02
6.308149546384811401e-02
6.324138492345809937e-02
6.340034306049346924e-02
6.355835497379302979e-02
6.371539831161499023e-02
6.387145817279815674e-02
6.402651965618133545e-02
6.418055295944213867e-02
6.433355063199996948e-02
6.448549032211303711e-02
6.463635712862014771e-02
6.478612124919891357e-02
6.493477523326873779e-02
6.508230417966842651e-02
6.522869318723678589e-02
6.537391245365142822e-02
6.551796197891235352e-02
6.566081196069717407e-02
6.580244749784469604e-02
6.594285368919372559e-02
6.608202308416366577e-02
6.621993333101272583e-02
6.635656952857971191e-02
6.649191677570343018e-02
6.662596017122268677e-02
6.675868481397628784e-02
6.689008325338363647e-02
6.702013313770294189e-02
6.714882701635360718e-02
6.727614998817443848e-02
6.740208715200424194e-02
6.752663850784301758e-02
6.764977425336837769e-02
6.777150183916091919e-02
6.789179146289825439e-02
6.801065057516098022e-02
6.812805682420730591e-02
6.824401021003723145e-02
6.835850328207015991e-02
6.847152113914489746e-02
6.858306378126144409e-02
6.869311630725860596e-02
6.880168616771697998e-02
6.890875846147537231e-02
6.901432573795318604e-02
6.911839544773101807e-02
6.922096014022827148e-02
6.932201981544494629e-02
6.942156702280044556e-02
6.951961666345596313e-02
6.961614638566970825e-02
6.971117109060287476e-02
6.980469077825546265e-02
6.989671289920806885e-02
6.998723000288009644e-02
7.007625699043273926e-02
7.016379386186599731e-02
7.024984806776046753e-02
7.033441960811614990e-02
7.041751593351364136e-02
7.049915194511413574e-02
7.057933509349822998e-02
7.065807282924652100e-02
7.073537260293960571e-02
7.081124931573867798e-02
7.088571041822433472e-02
7.095876336097717285e-02
7.103042304515838623e-02
7.110071182250976562e-02
7.116962969303131104e-02
7.123719900846481323e-02
7.130342721939086914e-02
7.136832922697067261e-02
7.143191993236541748e-02
7.149421423673629761e-02
7.155523449182510376e-02
7.161498814821243286e-02
7.167349755764007568e-02
7.173077762126922607e-02
7.178684324026107788e-02
7.184170186519622803e-02
7.189539074897766113e-02
7.194791734218597412e-02
7.199929654598236084e-02
7.204955071210861206e-02
7.209868729114532471e-02
7.214674353599548340e-02
7.219371944665908813e-02
7.223965227603912354e-02
7.228454202413558960e-02
7.232841849327087402e-02
7.237129658460617065e-02
7.241319864988327026e-02
7.245414704084396362e-02
7.249415665864944458e-02
7.253324240446090698e-02
7.257142663002014160e-02
7.260873913764953613e-02
7.264518737792968750e-02
7.268080115318298340e-02
7.271560281515121460e-02
7.274959981441497803e-02
7.278282940387725830e-02
7.281529903411865234e-02
7.284703850746154785e-02
7.287807017564773560e-02
7.290840893983840942e-02
7.293809205293655396e-02
7.296712696552276611e-02
7.299554347991943359e-02
7.302335649728775024e-02
7.305061072111129761e-02
7.307730615139007568e-02
7.310347259044647217e-02
7.312914729118347168e-02
7.315433770418167114e-02
7.317908108234405518e-02
7.320339977741241455e-02
7.322731614112854004e-02
7.325085252523422241e-02
7.327404618263244629e-02
7.329690456390380859e-02
7.331947982311248779e-02
7.334177941083908081e-02
7.336383312940597534e-02
7.338567078113555908e-02
7.340731471776962280e-02
7.342879474163055420e-02
7.345014810562133789e-02
7.347137480974197388e-02
7.349253445863723755e-02
7.351362705230712891e-02
7.353470474481582642e-02
7.355576753616333008e-02
7.357686758041381836e-02
7.359801977872848511e-02
7.361924648284912109e-02
7.364058494567871094e-02
7.366205751895904541e-02
7.368368655443191528e-02
7.370550185441970825e-02
7.372753322124481201e-02
7.374979555606842041e-02
7.377231866121292114e-02
7.379512488842010498e-02
7.381825149059295654e-02
7.384171336889266968e-02
7.386553287506103516e-02
7.388972491025924683e-02
7.391433417797088623e-02
7.393936067819595337e-02
7.396483421325683594e-02
7.399078458547592163e-02
7.401722669601440430e-02
7.404416799545288086e-02
7.407165318727493286e-02
7.409968227148056030e-02
7.412827759981155396e-02
7.415745407342910767e-02
7.418724149465560913e-02
7.421764731407165527e-02
7.424869388341903687e-02
7.428039610385894775e-02
7.431276142597198486e-02
7.434580475091934204e-02
7.437954843044281006e-02
7.441400736570358276e-02
7.444918900728225708e-02
7.448510825634002686e-02
7.452178001403808594e-02
7.455921173095703125e-02
7.459741830825805664e-02
7.463640719652175903e-02
7.467619329690933228e-02
7.471677660942077637e-02
7.475817948579788208e-02
7.480040937662124634e-02
7.484347373247146606e-02
7.488736510276794434e-02
7.493212074041366577e-02
7.497772574424743652e-02
7.502420991659164429e-02
7.507155090570449829e-02
7.511977106332778931e-02
7.516889274120330811e-02
7.521888613700866699e-02
7.526978850364685059e-02
7.532159239053726196e-02
7.537429779767990112e-02
7.542791962623596191e-02
7.548246532678604126e-02
7.553791999816894531e-02
7.559430599212646484e-02
7.565161585807800293e-02
7.570986449718475342e-02
7.576903700828552246e-02
7.582915574312210083e-02
7.589020580053329468e-02
7.595220208168029785e-02
7.601512968540191650e-02
7.607900351285934448e-02
7.614381611347198486e-02
7.620956748723983765e-02
7.627625763416290283e-02
7.634387910366058350e-02
7.641245424747467041e-02
7.648194581270217896e-02
7.655237615108489990e-02
7.662373781204223633e-02
7.669601589441299438e-02
7.676921784877777100e-02
7.684332877397537231e-02
7.691834867000579834e-02
7.699427008628845215e-02
7.707108557224273682e-02
7.714878022670745850e-02
7.722736150026321411e-02
7.730680704116821289e-02
7.738711684942245483e-02
7.746827602386474609e-02
7.755026966333389282e-02
7.763309031724929810e-02
7.771673053503036499e-02
7.780116796493530273e-02
7.788639515638351440e-02
7.797239720821380615e-02
7.805916666984558105e-02
7.814666628837585449e-02
7.823491096496582031e-02
7.832385599613189697e-02
7.841350883245468140e-02
7.850383222103118896e-02
7.859481871128082275e-02
7.868645340204238892e-02
7.877869904041290283e-02
7.887156307697296143e-02
7.896500825881958008e-02
7.905901968479156494e-02
7.915357500314712524e-02
7.924865931272506714e-02
7.934424281120300293e-02
7.944030314683914185e-02
7.953683286905288696e-02
7.963380217552185059e-02
7.973118126392364502e-02
7.982895523309707642e-02
7.992710918188095093e-02
8.002559840679168701e-02
8.012442290782928467e-02
8.022355288267135620e-02
8.032295852899551392e-02
8.042262494564056396e-02
8.052252233028411865e-02
8.062263578176498413e-02
8.072292804718017578e-02
8.082339167594909668e-02
8.092399686574935913e-02
8.102472126483917236e-02
8.112553507089614868e-02
8.122641593217849731e-02
8.132735639810562134e-02
8.142831176519393921e-02
8.152927458286285400e-02
8.163020759820938110e-02
8.173110336065292358e-02
8.183192461729049683e-02
8.193265646696090698e-02
8.203326910734176636e-02
8.213374763727188110e-02
8.223406970500946045e-02
8.233419805765151978e-02
8.243412524461746216e-02
8.253382146358489990e-02
8.263325691223144531e-02
8.273241668939590454e-02
8.283128589391708374e-02
8.292982727289199829e-02
8.302801847457885742e-02
8.312583714723587036e-02
8.322327584028244019e-02
8.332028985023498535e-02
8.341686427593231201e-02
8.351297676563262939e-02
8.360861241817474365e-02
8.370373398065567017e-02
8.379832655191421509e-02
8.389235287904739380e-02
8.398581296205520630e-02
8.407866954803466797e-02
8.417090028524398804e-02
8.426248282194137573e-02
8.435340225696563721e-02
8.444362133741378784e-02
8.453311771154403687e-02
8.462188392877578735e-02
8.470987528562545776e-02
8.479709178209304810e-02
8.488349616527557373e-02
8.496907353401184082e-02
8.505378663539886475e-02
8.513763546943664551e-02
8.522058278322219849e-02
8.530262112617492676e-02
8.538370579481124878e-02
8.546382933855056763e-02
8.554297685623168945e-02
8.562111854553222656e-02
8.569823205471038818e-02
8.577430248260498047e-02
8.584931492805480957e-02
8.592323958873748779e-02
8.599606156349182129e-02
8.606776595115661621e-02
8.613833039999008179e-02
8.620774000883102417e-02
8.627597242593765259e-02
8.634302020072937012e-02
8.640886098146438599e-02
8.647347986698150635e-02
8.653686195611953735e-02
8.659899234771728516e-02
8.665986359119415283e-02
8.671945333480834961e-02
8.677775412797927856e-02
8.683475106954574585e-02
8.689042925834655762e-02
8.694478869438171387e-02
8.699780702590942383e-02
8.704948425292968750e-02
8.709979802370071411e-02
8.714875578880310059e-02
8.719633519649505615e-02
8.724254369735717773e-02
8.728735893964767456e-02
8.733078092336654663e-02
8.737280964851379395e-02
8.741343021392822266e-02
8.745264261960983276e-02
8.749043941497802734e-02
8.752682060003280640e-02
8.756178617477416992e-02
8.759532123804092407e-02
8.762744069099426270e-02
8.765812218189239502e-02
8.768738806247711182e-02
8.771521598100662231e-02
8.774161338806152344e-02
8.776658028364181519e-02
8.779011666774749756e-02
8.781222999095916748e-02
8.783290535211563110e-02
8.785215765237808228e-02
8.786999434232711792e-02
8.788640052080154419e-02
8.790139108896255493e-02
8.791495114564895630e-02
8.792711049318313599e-02
8.793786168098449707e-02
8.794718980789184570e-02
8.795513212680816650e-02
8.796166628599166870e-02
8.796681463718414307e-02
8.797056972980499268e-02
8.797294646501541138e-02
8.797393739223480225e-02
8.797356486320495605e-02
8.797182887792587280e-02
8.796873688697814941e-02
8.796429634094238281e-02
8.795850723981857300e-02
8.795139193534851074e-02
8.794294297695159912e-02
8.793318271636962891e-02
8.792211860418319702e-02
8.790975064039230347e-02
8.789608627557754517e-02
8.788115531206130981e-02
8.786494284868240356e-02
8.784748613834381104e-02
8.782878518104553223e-02
8.780883997678756714e-02
8.778768032789230347e-02
8.776531368494033813e-02
8.774174749851226807e-02
8.771700412034988403e-02
8.769109100103378296e-02
8.766403049230575562e-02
8.763582259416580200e-02
8.760649710893630981e-02
8.757606893777847290e-02
8.754454553127288818e-02
8.751194924116134644e-02
8.747830241918563843e-02
8.744360506534576416e-02
8.740789443254470825e-02
8.737117797136306763e-02
8.733348548412322998e-02
8.729481697082519531e-02
8.725520968437194824e-02
8.721467107534408569e-02
8.717323094606399536e-02
8.713090419769287109e-02
8.708771318197250366e-02
8.704368025064468384e-02
8.699882030487060547e-02
8.695316314697265625e-02
8.690672367811203003e-02
8.685953170061111450e-02
8.681159466505050659e-02
8.676294982433319092e-02
8.671361207962036133e-02
8.666360378265380859e-02
8.661295473575592041e-02
8.656167984008789062e-02
8.650980144739151001e-02
8.645734190940856934e-02
8.640433102846145630e-02
8.635079115629196167e-02
8.629673719406127930e-02
8.624219149351119995e-02
8.618719130754470825e-02
8.613174408674240112e-02
8.607587218284606934e-02
8.601960539817810059e-02
8.596296608448028564e-02
8.590597659349441528e-02
8.584865927696228027e-02
8.579102903604507446e-02
8.573311567306518555e-02
8.567494153976440430e-02
8.561651408672332764e-02
8.555787801742553711e-02
8.549902588129043579e-02
8.544000983238220215e-02
8.538082987070083618e-02
8.532153069972991943e-02
8.526209741830825806e-02
8.520257472991943359e-02
8.514297753572463989e-02
8.508333563804626465e-02
8.502365648746490479e-02
8.496396988630294800e-02
8.490428328514099121e-02
8.484462648630142212e-02
8.478502184152603149e-02
8.472547680139541626e-02
8.466602116823196411e-02
8.460667729377746582e-02
8.454745262861251831e-02
8.448838442564010620e-02
8.442947268486022949e-02
8.437074720859527588e-02
8.431222289800643921e-02
8.425391465425491333e-02
8.419585973024368286e-02
8.413805812597274780e-02
8.408053219318389893e-02
8.402330428361892700e-02
8.396638929843902588e-02
8.390980213880538940e-02
8.385357260704040527e-02
8.379771560430526733e-02
8.374223858118057251e-02
8.368717133998870850e-02
8.363252133131027222e-02
8.357831090688705444e-02
8.352455496788024902e-02
8.347127586603164673e-02
8.341848850250244141e-02
8.336620032787322998e-02
8.331444114446640015e-02
8.326321840286254883e-02
8.321254700422286987e-02
8.316244930028915405e-02
8.311293274164199829e-02
8.306401968002319336e-02
8.301571756601333618e-02
8.296804130077362061e-02
8.292101323604583740e-02
8.287463337182998657e-02
8.282893151044845581e-02
8.278390020132064819e-02
8.273956924676895142e-02
8.269594609737396240e-02
8.265303075313568115e-02
8.261084556579589844e-02
8.256939798593521118e-02
8.252869546413421631e-02
8.248875290155410767e-02
8.244957774877548218e-02
8.241117000579833984e-02
8.237355202436447144e-02
8.233671635389328003e-02
8.230067789554595947e-02
8.226544409990310669e-02
8.223102241754531860e-02
8.219741284847259521e-02
8.216462284326553345e-02
8.213265240192413330e-02
8.210150897502899170e-02
8.207119256258010864e-02
8.204171806573867798e-02
8.201307058334350586e-02
8.198527246713638306e-02
8.195830136537551880e-02
8.193217217922210693e-02
8.190687745809555054e-02
8.188242465257644653e-02
8.185881376266479492e-02
8.183604478836059570e-02
8.181410282850265503e-02
8.179300278425216675e-02
8.177272975444793701e-02
8.175328373908996582e-02
8.173467218875885010e-02
8.171688020229339600e-02
8.169990777969360352e-02
8.168374747037887573e-02
8.166840672492980957e-02
8.165386319160461426e-02
8.164012432098388672e-02
8.162718266248703003e-02
8.161503076553344727e-02
8.160366117954254150e-02
8.159307390451431274e-02
8.158325403928756714e-02
8.157419413328170776e-02
8.156590163707733154e-02
8.155835419893264771e-02
8.155155181884765625e-02
8.154547214508056641e-02
8.154013752937316895e-02
8.153551071882247925e-02
8.153159916400909424e-02
8.152838796377182007e-02
8.152586221694946289e-02
8.152402192354202271e-02
8.152285963296890259e-02
8.152235299348831177e-02
8.152250945568084717e-02
8.152330666780471802e-02
8.152473717927932739e-02
8.152677863836288452e-02
8.152944594621658325e-02
8.153270930051803589e-02
8.153655380010604858e-02
8.154098689556121826e-02
8.154597878456115723e-02
8.155151456594467163e-02
8.155760169029235840e-02
8.156421035528182983e-02
8.157134056091308594e-02
8.157896995544433594e-02
8.158708363771438599e-02
8.159566670656204224e-02
8.160471171140670776e-02
8.161419630050659180e-02
8.162411302328109741e-02
8.163445442914962769e-02
8.164518326520919800e-02
8.165630698204040527e-02
8.166779577732086182e-02
8.167963474988937378e-02
8.169181644916534424e-02
8.170430362224578857e-02
8.171711117029190063e-02
8.173019438982009888e-02
8.174355328083038330e-02
8.175715804100036621e-02
8.177100867033004761e-02
8.178506791591644287e-02
8.179934322834014893e-02
8.181378245353698730e-02
8.182839304208755493e-02
8.184314519166946411e-02
8.185803145170211792e-02
8.187303692102432251e-02
8.188811689615249634e-02
8.190327882766723633e-02
8.191850036382675171e-02
8.193375170230865479e-02
8.194901794195175171e-02
8.196429163217544556e-02
8.197954297065734863e-02
8.199476450681686401e-02
8.200991898775100708e-02
8.202501386404037476e-02
8.204000443220138550e-02
8.205489069223403931e-02
8.206965774297714233e-02
8.208427578210830688e-02
8.209872245788574219e-02
8.211299777030944824e-02
8.212707191705703735e-02
8.214092999696731567e-02
8.215456455945968628e-02
8.216793835163116455e-02
8.218105882406234741e-02
8.219388127326965332e-02
8.220641314983367920e-02
8.221863210201263428e-02
8.223052322864532471e-02
8.224207162857055664e-02
8.225324004888534546e-02
8.226404339075088501e-02
8.227445185184478760e-02
8.228445053100585938e-02
8.229402452707290649e-02
8.230316638946533203e-02
8.231185376644134521e-02
8.232007175683975220e-02
8.232781291007995605e-02
8.233506977558135986e-02
8.234180510044097900e-02
8.234801888465881348e-02
8.235370367765426636e-02
8.235884457826614380e-02
8.236342668533325195e-02
8.236742764711380005e-02
8.237084746360778809e-02
8.237366378307342529e-02
8.237587660551071167e-02
8.237746357917785645e-02
8.237841725349426270e-02
8.237873017787933350e-02
8.237838000059127808e-02
8.237736672163009644e-02
8.237567543983459473e-02
8.237328380346298218e-02
8.237019926309585571e-02
8.236640691757202148e-02
8.236189186573028564e-02
8.235664665699005127e-02
8.235064893960952759e-02
8.234391361474990845e-02
8.233641088008880615e-02
8.232814073562622070e-02
8.231909573078155518e-02
8.230926096439361572e-02
8.229862153530120850e-02
8.228719234466552734e-02
8.227494359016418457e-02
8.226187527179718018e-02
8.224797993898391724e-02
8.223325014114379883e-02
8.221768587827682495e-02
8.220126479864120483e-02
8.218398690223693848e-02
8.216585963964462280e-02
8.214686810970306396e-02
8.212699741125106812e-02
8.210625499486923218e-02
8.208462595939636230e-02
8.206211775541305542e-02
8.203872293233871460e-02
8.201443403959274292e-02
8.198925107717514038e-02
8.196316659450531006e-02
8.193618059158325195e-02
8.190829306840896606e-02
8.187950402498245239e-02
8.184981346130371094e-02
8.181921392679214478e-02
8.178769797086715698e-02
8.175528794527053833e-02
8.172196149826049805e-02
8.168773353099822998e-02
8.165260404348373413e-02
8.161656558513641357e-02
8.157962560653686523e-02
8.154178410768508911e-02
8.150304853916168213e-02
8.146341890096664429e-02
8.142289519309997559e-02
8.138148486614227295e-02
8.133918792009353638e-02
8.129601180553436279e-02
8.125196397304534912e-02
8.120704442262649536e-02
8.116126060485839844e-02
8.111461251974105835e-02
8.106710761785507202e-02
8.101876080036163330e-02
8.096956461668014526e-02
8.091953396797180176e-02
8.086868375539779663e-02
8.081699907779693604e-02
8.076450973749160767e-02
8.071120828390121460e-02
8.065710961818695068e-02
8.060221374034881592e-02
8.054654300212860107e-02
8.049008995294570923e-02
8.043286949396133423e-02
8.037489652633666992e-02
8.031617105007171631e-02
8.025670796632766724e-02
8.019651472568511963e-02
8.013559132814407349e-02
8.007396757602691650e-02
8.001163601875305176e-02
7.994861155748367310e-02
7.988490909337997437e-02
7.982052862644195557e-02
7.975549250841140747e-02
7.968980073928833008e-02
7.962346822023391724e-02
7.955650985240936279e-02
7.948892563581466675e-02
7.942073792219161987e-02
7.935195416212081909e-02
7.928258925676345825e-02
7.921264320611953735e-02
7.914213091135025024e-02
7.907107472419738770e-02
7.899948209524154663e-02
7.892735302448272705e-02
7.885471731424331665e-02
7.878158241510391235e-02
7.870795577764511108e-02
7.863384485244750977e-02
7.855927199125289917e-02
7.848425209522247314e-02
7.840879261493682861e-02
7.833290845155715942e-02
7.825660705566406250e-02
7.817991077899932861e-02
7.810282707214355469e-02
7.802537828683853149e-02
7.794756442308425903e-02
7.786940783262252808e-02
7.779092341661453247e-02
7.771212607622146606e-02
7.763302326202392578e-02
7.755362987518310547e-02
7.747396826744079590e-02
7.739404588937759399e-02
7.731387764215469360e-02
7.723348587751388550e-02
7.715287059545516968e-02
7.707206904888153076e-02
7.699107378721237183e-02
7.690990716218948364e-02
7.682858407497406006e-02
7.674711942672729492e-02
7.666552811861038208e-02
7.658383250236511230e-02
7.650202512741088867e-02
7.642015069723129272e-02
7.633819431066513062e-02
7.625620067119598389e-02
7.617416232824325562e-02
7.609209418296813965e-02
7.601001858711242676e-02
7.592795044183731079e-02
7.584589719772338867e-02
7.576387375593185425e-02
7.568190246820449829e-02
7.559998333454132080e-02
7.551814615726470947e-02
7.543639838695526123e-02
7.535474747419357300e-02
7.527320832014083862e-02
7.519179582595825195e-02
7.511052489280700684e-02
7.502941042184829712e-02
7.494845986366271973e-02
7.486768811941146851e-02
7.478709518909454346e-02
7.470671832561492920e-02
7.462655007839202881e-02
7.454660534858703613e-02
7.446689903736114502e-02
7.438743859529495239e-02
7.430823147296905518e-02
7.422930002212524414e-02
7.415064424276351929e-02
7.407228648662567139e-02
7.399422675371170044e-02
7.391647994518280029e-02
7.383904606103897095e-02
7.376194745302200317e-02
7.368519902229309082e-02
7.360877841711044312e-02
7.353273034095764160e-02
7.345704734325408936e-02
7.338173687458038330e-02
7.330681383609771729e-02
7.323227822780609131e-02
7.315814495086669922e-02
7.308442145586013794e-02
7.301110774278640747e-02
7.293822616338729858e-02
7.286577671766281128e-02
7.279375940561294556e-02
7.272218912839889526e-02
7.265106588602066040e-02
7.258040457963943481e-02
7.251021265983581543e-02
7.244049012660980225e-02
7.237123697996139526e-02
7.230247557163238525e-02
7.223419845104217529e-02
7.216642051935195923e-02
7.209913432598114014e-02
7.203236222267150879e-02
7.196608930826187134e-02
7.190033793449401855e-02
7.183510810136795044e-02
7.177039235830307007e-02
7.170621305704116821e-02
7.164255529642105103e-02
7.157943397760391235e-02
7.151685655117034912e-02
7.145481556653976440e-02
7.139331847429275513e-02
7.133237272500991821e-02
7.127197831869125366e-02
7.121213525533676147e-02
7.115284353494644165e-02
7.109410315752029419e-02
7.103592902421951294e-02
7.097830623388290405e-02
7.092124968767166138e-02
7.086474448442459106e-02
7.080880552530288696e-02
7.075342535972595215e-02
7.069861143827438354e-02
7.064435631036758423e-02
7.059065252542495728e-02
7.053751498460769653e-02
7.048494368791580200e-02
7.043291628360748291e-02
7.038144767284393311e-02
7.033053040504455566e-02
7.028017193078994751e-02
7.023035734891891479e-02
7.018109411001205444e-02
7.013235986232757568e-02
7.008417695760726929e-02
7.003653049468994141e-02
6.998940557241439819e-02
6.994282454252243042e-02
6.989676505327224731e-02
6.985121965408325195e-02
6.980618834495544434e-02
6.976167112588882446e-02
6.971765309572219849e-02
6.967414915561676025e-02
6.963112950325012207e-02
6.958860158920288086e-02
6.954655796289443970e-02
6.950498372316360474e-02
6.946388632059097290e-02
6.942325085401535034e-02
6.938307732343673706e-02
6.934335082769393921e-02
6.930407136678695679e-02
6.926522403955459595e-02
6.922681629657745361e-02
6.918881088495254517e-02
6.915123760700225830e-02
6.911406666040420532e-02
6.907729804515838623e-02
6.904091686010360718e-02
6.900491565465927124e-02
6.896929442882537842e-02
6.893404573202133179e-02
6.889915466308593750e-02
6.886460632085800171e-02
6.883040815591812134e-02
6.879654526710510254e-02
6.876300275325775146e-02
6.872978061437606812e-02
6.869687139987945557e-02
6.866426020860671997e-02
6.863193213939666748e-02
6.859989464282989502e-02
6.856812536716461182e-02
6.853662431240081787e-02
6.850537657737731934e-02
6.847436726093292236e-02
6.844360381364822388e-02
6.841307133436203003e-02
6.838274747133255005e-02
6.835263222455978394e-02
6.832273304462432861e-02
6.829301267862319946e-02
6.826347112655639648e-02
6.823410838842391968e-02
6.820490211248397827e-02
6.817584484815597534e-02
6.814693659543991089e-02
6.811815500259399414e-02
6.808950752019882202e-02
6.806096434593200684e-02
6.803252547979354858e-02
6.800419092178344727e-02
6.797593086957931519e-02
6.794774532318115234e-02
6.791962683200836182e-02
6.789156049489974976e-02
6.786353886127471924e-02
6.783554702997207642e-02
6.780757755041122437e-02
6.777963042259216309e-02
6.775168329477310181e-02
6.772372871637344360e-02
6.769575923681259155e-02
6.766775995492935181e-02
6.763972342014312744e-02
6.761164218187332153e-02
6.758350133895874023e-02
6.755529344081878662e-02
6.752701103687286377e-02
6.749863177537918091e-02
6.747016310691833496e-02
6.744158267974853516e-02
6.741288304328918457e-02
6.738406419754028320e-02
6.735510379076004028e-02
6.732598692178726196e-02
6.729672104120254517e-02
6.726729124784469604e-02
6.723768264055252075e-02
6.720788776874542236e-02
6.717789918184280396e-02
6.714770942926406860e-02
6.711729615926742554e-02
6.708667427301406860e-02
6.705580651760101318e-02
6.702471524477005005e-02
6.699337065219879150e-02
6.696176528930664062e-02
6.692989915609359741e-02
6.689775735139846802e-02
6.686533987522125244e-02
6.683263182640075684e-02
6.679962575435638428e-02
6.676632165908813477e-02
6.673269718885421753e-02
6.669876724481582642e-02
6.666450947523117065e-02
6.662991642951965332e-02
6.659498810768127441e-02
6.655971705913543701e-02
6.652409583330154419e-02
6.648811697959899902e-02
6.645178049802780151e-02
6.641507893800735474e-02
6.637799739837646484e-02
6.634054332971572876e-02
6.630270183086395264e-02
6.626448035240173340e-02
6.622586399316787720e-02
6.618685275316238403e-02
6.614743173122406006e-02
6.610761582851409912e-02
6.606739014387130737e-02
6.602674722671508789e-02
6.598568707704544067e-02
6.594421714544296265e-02
6.590231508016586304e-02
6.585998833179473877e-02
6.581722944974899292e-02
6.577404588460922241e-02
6.573042273521423340e-02
6.568636745214462280e-02
6.564187258481979370e-02
6.559693068265914917e-02
6.555154919624328613e-02
6.550571322441101074e-02
6.545943766832351685e-02
6.541270762681961060e-02
6.536553055047988892e-02
6.531789898872375488e-02
6.526981294155120850e-02
6.522127240896224976e-02
6.517226994037628174e-02
6.512281298637390137e-02
6.507290154695510864e-02
6.502252817153930664e-02
6.497169286012649536e-02
6.492040306329727173e-02
6.486864387989044189e-02
6.481643021106719971e-02
6.476375460624694824e-02
6.471060961484909058e-02
6.465701013803482056e-02
6.460294872522354126e-02
6.454843282699584961e-02
6.449345499277114868e-02
6.443801522254943848e-02
6.438212096691131592e-02
6.432577222585678101e-02
6.426896154880523682e-02
6.421170383691787720e-02
6.415399163961410522e-02
6.409583240747451782e-02
6.403722614049911499e-02
6.397816538810729980e-02
6.391866505146026611e-02
6.385872513055801392e-02
6.379835307598114014e-02
6.373753398656845093e-02
6.367629021406173706e-02
6.361462175846099854e-02
6.355252116918563843e-02
6.349000334739685059e-02
6.342706829309463501e-02
6.336370855569839478e-02
6.329995393753051758e-02
6.323578953742980957e-02
6.317123025655746460e-02
6.310626864433288574e-02
6.304091960191726685e-02
6.297519057989120483e-02
6.290908157825469971e-02
6.284259259700775146e-02
6.277573853731155396e-02
6.270851939916610718e-02
6.264095008373260498e-02
6.257303804159164429e-02
6.250477582216262817e-02
6.243617087602615356e-02
6.236724182963371277e-02
6.229798495769500732e-02
6.222841143608093262e-02
6.215852499008178711e-02
6.208834424614906311e-02
6.201785802841186523e-02
6.194708496332168579e-02
6.187603250145912170e-02
6.180470436811447144e-02
6.173310801386833191e-02
6.166125088930130005e-02
6.158914044499397278e-02
6.151678785681724548e-02
6.144418939948081970e-02
6.137136369943618774e-02
6.129831448197364807e-02
6.122504919767379761e-02
6.115157529711723328e-02
6.107790023088455200e-02
6.100402772426605225e-02
6.092996895313262939e-02
6.085573136806488037e-02
6.078131869435310364e-02
6.070674583315849304e-02
6.063200905919075012e-02
6.055711954832077026e-02
6.048209220170974731e-02
6.040692329406738281e-02
6.033162400126457214e-02
6.025620549917221069e-02
6.018066406250000000e-02
6.010501831769943237e-02
6.002927199006080627e-02
5.995342507958412170e-02
5.987749621272087097e-02
5.980147793889045715e-02
5.972539260983467102e-02
5.964923650026321411e-02
5.957301706075668335e-02
5.949674174189567566e-02
5.942042171955108643e-02
5.934406071901321411e-02
5.926766619086265564e-02
5.919124558568000793e-02
5.911480635404586792e-02
5.903834849596023560e-02
5.896188318729400635e-02
5.888542532920837402e-02
5.880897492170333862e-02
5.873253569006919861e-02
5.865611508488655090e-02
5.857972800731658936e-02
5.850337445735931396e-02
5.842706188559532166e-02
5.835080519318580627e-02
5.827460438013076782e-02
5.819846317172050476e-02
5.812240019440650940e-02
5.804641544818878174e-02
5.797051265835762024e-02
5.789470672607421875e-02
5.781899765133857727e-02
5.774340406060218811e-02
5.766792222857475281e-02
5.759255960583686829e-02
5.751732736825942993e-02
5.744223669171333313e-02
5.736728757619857788e-02
5.729249119758605957e-02
5.721785500645637512e-02
5.714337900280952454e-02
5.706907808780670166e-02
5.699495598673820496e-02
5.692102387547492981e-02
5.684727802872657776e-02
5.677373334765434265e-02
5.670039728283882141e-02
5.662726983428001404e-02
5.655435472726821899e-02
5.648167431354522705e-02
5.640921369194984436e-02
5.633699148893356323e-02
5.626501515507698059e-02
5.619327723979949951e-02
5.612179264426231384e-02
5.605056136846542358e-02
5.597959086298942566e-02
5.590888485312461853e-02
5.583845078945159912e-02
5.576828867197036743e-02
5.569840222597122192e-02
5.562879145145416260e-02
5.555947124958038330e-02
5.549043416976928711e-02
5.542168766260147095e-02
5.535323545336723328e-02
5.528507381677627563e-02
5.521721392869949341e-02
5.514965206384658813e-02
5.508239567279815674e-02
5.501543730497360229e-02
5.494879186153411865e-02
5.488244816660881042e-02
5.481640622019767761e-02
5.475068837404251099e-02
5.468526855111122131e-02
5.462016537785530090e-02
5.455537140369415283e-02
5.449089780449867249e-02
5.442673340439796448e-02
5.436288565397262573e-02
5.429935455322265625e-02
5.423613265156745911e-02
5.417322739958763123e-02
5.411064252257347107e-02
5.404837056994438171e-02
5.398642271757125854e-02
5.392478778958320618e-02
5.386346951127052307e-02
5.380246415734291077e-02
5.374177917838096619e-02
5.368141457438468933e-02
5.362136662006378174e-02
5.356163904070854187e-02
5.350222811102867126e-02
5.344313383102416992e-02
5.338435992598533630e-02
5.332590267062187195e-02
5.326776206493377686e-02
5.320994928479194641e-02
5.315244942903518677e-02
5.309526249766349792e-02
5.303839966654777527e-02
5.298185721039772034e-02
5.292563512921333313e-02
5.286972969770431519e-02
5.281414464116096497e-02
5.275887623429298401e-02
5.270392447710037231e-02
5.264928936958312988e-02
5.259497463703155518e-02
5.254097655415534973e-02
5.248729139566421509e-02
5.243392288684844971e-02
5.238086730241775513e-02
5.232812464237213135e-02
5.227568745613098145e-02
5.222356319427490234e-02
5.217174813151359558e-02
5.212023854255676270e-02
5.206903070211410522e-02
5.201812461018562317e-02
5.196751654148101807e-02
5.191720649600028992e-02
5.186718702316284180e-02
5.181745812296867371e-02
5.176801607012748718e-02
5.171885713934898376e-02
5.166997760534286499e-02
5.162137746810913086e-02
5.157304182648658752e-02
5.152497440576553345e-02
5.147716775536537170e-02
5.142962187528610229e-02
5.138232931494712830e-02
5.133527889847755432e-02
5.128847435116767883e-02
5.124190449714660645e-02
5.119556561112403870e-02
5.114945024251937866e-02
5.110355466604232788e-02
5.105787888169288635e-02
5.101240426301956177e-02
5.096713453531265259e-02
5.092206224799156189e-02
5.087717622518539429e-02
5.083247646689414978e-02
5.078795179724693298e-02
5.074359849095344543e-02
5.069941282272338867e-02
5.065538734197616577e-02
5.061151087284088135e-02
5.056778714060783386e-02
5.052420496940612793e-02
5.048075690865516663e-02
5.043743923306465149e-02
5.039424821734428406e-02
5.035118013620376587e-02
5.030822381377220154e-02
5.026537552475929260e-02
5.022263526916503906e-02
5.017999187111854553e-02
5.013744533061981201e-02
5.009499564766883850e-02
5.005262419581413269e-02
5.001033842563629150e-02
4.996813088655471802e-02
4.992599785327911377e-02
4.988393560051918030e-02
4.984194040298461914e-02
4.980001226067543030e-02
4.975813999772071838e-02
4.971632361412048340e-02
4.967456310987472534e-02
4.963285475969314575e-02
4.959118738770484924e-02
4.954956844449043274e-02
4.950799047946929932e-02
4.946644976735115051e-02
4.942494258284568787e-02
4.938346892595291138e-02
4.934201762080192566e-02
4.930059984326362610e-02
4.925919696688652039e-02
4.921781644225120544e-02
4.917645454406738281e-02
4.913510009646415710e-02
4.909375682473182678e-02
4.905241727828979492e-02
4.901107773184776306e-02
4.896974191069602966e-02
4.892839118838310242e-02
4.888703301548957825e-02
4.884565994143486023e-02
4.880426824092864990e-02
4.876285046339035034e-02
4.872140660881996155e-02
4.867992550134658813e-02
4.863840714097023010e-02
4.859684407711029053e-02
4.855523630976676941e-02
4.851356893777847290e-02
4.847184941172599792e-02
4.843005910515785217e-02
4.838820174336433411e-02
4.834626987576484680e-02
4.830425232648849487e-02
4.826214909553527832e-02
4.821995645761489868e-02
4.817766323685646057e-02
4.813526943325996399e-02
4.809276387095451355e-02
4.805014282464981079e-02
4.800740256905555725e-02
4.796453937888145447e-02
4.792154580354690552e-02
4.787841811776161194e-02
4.783514514565467834e-02
4.779173433780670166e-02
4.774817451834678650e-02
4.770445823669433594e-02
4.766058549284934998e-02
4.761655628681182861e-02
4.757236316800117493e-02
4.752800241112709045e-02
4.748347029089927673e-02
4.743877053260803223e-02
4.739389196038246155e-02
4.734883829951286316e-02
4.730360209941864014e-02
4.725819453597068787e-02
4.721260070800781250e-02
4.716682806611061096e-02
4.712086915969848633e-02
4.707473143935203552e-02
4.702840745449066162e-02
4.698190465569496155e-02
4.693521559238433838e-02
4.688834771513938904e-02
4.684129729866981506e-02
4.679407179355621338e-02
4.674666002392768860e-02
4.669907689094543457e-02
4.665131494402885437e-02
4.660337790846824646e-02
4.655526950955390930e-02
4.650699347257614136e-02
4.645854607224464417e-02
4.640992730855941772e-02
4.636114463210105896e-02
4.631220176815986633e-02
4.626309126615524292e-02
4.621382430195808411e-02
4.616439715027809143e-02
4.611480981111526489e-02
4.606507346034049988e-02
4.601517692208290100e-02
4.596512764692306519e-02
4.591492563486099243e-02
4.586457088589668274e-02
4.581406712532043457e-02
4.576341435313224792e-02
4.571260884404182434e-02
4.566165804862976074e-02
4.561055079102516174e-02
4.555929824709892273e-02
4.550789296627044678e-02
4.545633867383003235e-02
4.540463536977767944e-02
4.535277932882308960e-02
4.530076682567596436e-02
4.524860531091690063e-02
4.519628733396530151e-02
4.514381662011146545e-02
4.509118944406509399e-02
4.503840208053588867e-02
4.498545825481414795e-02
4.493235424160957336e-02
4.487909004092216492e-02
4.482566565275192261e-02
4.477207735180854797e-02
4.471832513809204102e-02
4.466441273689270020e-02
4.461032897233963013e-02
4.455608502030372620e-02
4.450167715549468994e-02
4.444710537791252136e-02
4.439236596226692200e-02
4.433746263384819031e-02
4.428239539265632629e-02
4.422716796398162842e-02
4.417177662253379822e-02
4.411623254418373108e-02
4.406052827835083008e-02
4.400466755032539368e-02
4.394865781068801880e-02
4.389249533414840698e-02
4.383619129657745361e-02
4.377974197268486023e-02
4.372315108776092529e-02
4.366642981767654419e-02
4.360957816243171692e-02
4.355259984731674194e-02
4.349550232291221619e-02
4.343828931450843811e-02
4.338096827268600464e-02
4.332353919744491577e-02
4.326601326465606689e-02
4.320839419960975647e-02
4.315068945288658142e-02
4.309290647506713867e-02
4.303504526615142822e-02
4.297712072730064392e-02
4.291913285851478577e-02
4.286108911037445068e-02
4.280299693346023560e-02
4.274486005306243896e-02
4.268668964505195618e-02
4.262848570942878723e-02
4.257025942206382751e-02
4.251201078295707703e-02
4.245375096797943115e-02
4.239547997713088989e-02
4.233720526099205017e-02
4.227893799543380737e-02
4.222067072987556458e-02
4.216241091489791870e-02
4.210416972637176514e-02
4.204594343900680542e-02
4.198773950338363647e-02
4.192955791950225830e-02
4.187140241265296936e-02
4.181327670812606812e-02
4.175518080592155457e-02
4.169711843132972717e-02
4.163908958435058594e-02
4.158109799027442932e-02
4.152313992381095886e-02
4.146521911025047302e-02
4.140733927488327026e-02
4.134949669241905212e-02
4.129169136285781860e-02
4.123392328619956970e-02
4.117619618773460388e-02
4.111850634217262268e-02
4.106085747480392456e-02
4.100324213504791260e-02
4.094566777348518372e-02
4.088812693953514099e-02
4.083062335848808289e-02
4.077316075563430786e-02
4.071573168039321899e-02
4.065833985805511475e-02
4.060098528861999512e-02
4.054367169737815857e-02
4.048639163374900818e-02
4.042915999889373779e-02
4.037196189165115356e-02
4.031480476260185242e-02
4.025769606232643127e-02
4.020063206553459167e-02
4.014361277222633362e-02
4.008664935827255249e-02
4.002973437309265137e-02
3.997288271784782410e-02
3.991608694195747375e-02
3.985935449600219727e-02
3.980269283056259155e-02
3.974610567092895508e-02
3.968958929181098938e-02
3.963316231966018677e-02
3.957681730389595032e-02
3.952056542038917542e-02
3.946441411972045898e-02
3.940836712718009949e-02
3.935242444276809692e-02
3.929660469293594360e-02
3.924089670181274414e-02
3.918532282114028931e-02
3.912987932562828064e-02
3.907457366585731506e-02
3.901941701769828796e-02
3.896440565586090088e-02
3.890955448150634766e-02
3.885486349463462830e-02
3.880033642053604126e-02
3.874598443508148193e-02
3.869181126356124878e-02
3.863781318068504333e-02
3.858400136232376099e-02
3.853037953376770020e-02
3.847694769501686096e-02
3.842371329665184021e-02
3.837067261338233948e-02
3.831783682107925415e-02
3.826519846916198730e-02
3.821276500821113586e-02
3.816053271293640137e-02
3.810850530862808228e-02
3.805668279528617859e-02
3.800506517291069031e-02
3.795364871621131897e-02
3.790243342518806458e-02
3.785141929984092712e-02
3.780060261487960815e-02
3.774998337030410767e-02
3.769955784082412720e-02
3.764932230114936829e-02
3.759927302598953247e-02
3.754940256476402283e-02
3.749971836805343628e-02
3.745020925998687744e-02
3.740087524056434631e-02
3.735170513391494751e-02
3.730270639061927795e-02
3.725386410951614380e-02
3.720517829060554504e-02
3.715664520859718323e-02
3.710826113820075989e-02
3.706002235412597656e-02
3.701192513108253479e-02
3.696396574378013611e-02
3.691614046692848206e-02
3.686845302581787109e-02
3.682089224457740784e-02
3.677345812320709229e-02
3.672614693641662598e-02
3.667896240949630737e-02
3.663190081715583801e-02
3.658495843410491943e-02
3.653814271092414856e-02
3.649144247174263000e-02
3.644486889243125916e-02
3.639841079711914062e-02
3.635207936167716980e-02
3.630587086081504822e-02
3.625979274511337280e-02
3.621383756399154663e-02
3.616801276803016663e-02
3.612232208251953125e-02
3.607676550745964050e-02
3.603135049343109131e-02
3.598606958985328674e-02
3.594094142317771912e-02
3.589595854282379150e-02
3.585112467408180237e-02
3.580644726753234863e-02
3.576193004846572876e-02
3.571757301688194275e-02
3.567338362336158752e-02
3.562936186790466309e-02
3.558551147580146790e-02
3.554183617234230042e-02
3.549833595752716064e-02
3.545501455664634705e-02
3.541187942028045654e-02
3.536892309784889221e-02
3.532615303993225098e-02
3.528356552124023438e-02
3.524116799235343933e-02
3.519895300269126892e-02
3.515692800283432007e-02
3.511508181691169739e-02
3.507341817021369934e-02
3.503194078803062439e-02
3.499063849449157715e-02
3.494951128959655762e-02
3.490855917334556580e-02
3.486777469515800476e-02
3.482715412974357605e-02
3.478669375181198120e-02
3.474638983607292175e-02
3.470623120665550232e-02
3.466622158885002136e-02
3.462634608149528503e-02
3.458660095930099487e-02
3.454698249697685242e-02
3.450747951865196228e-02
3.446808829903602600e-02
3.442880138754844666e-02
3.438961133360862732e-02
3.435050696134567261e-02
3.431148454546928406e-02
3.427253663539886475e-02
3.423365578055381775e-02
3.419483825564384460e-02
3.415607288479804993e-02
3.411735594272613525e-02
3.407867997884750366e-02
3.404003754258155823e-02
3.400142863392829895e-02
3.396284207701683044e-02
3.392427787184715271e-02
3.388572856783866882e-02
3.384718671441078186e-02
3.380865976214408875e-02
3.377013653516769409e-02
3.373161703348159790e-02
3.369309753179550171e-02
3.365458175539970398e-02
3.361606225371360779e-02
3.357754647731781006e-02
3.353902325034141541e-02
3.350050374865531921e-02
3.346198797225952148e-02
3.342347219586372375e-02
3.338496014475822449e-02
3.334645554423332214e-02
3.330795839428901672e-02
3.326947987079620361e-02
3.323101252317428589e-02
3.319256380200386047e-02
3.315413370728492737e-02
3.311573714017868042e-02
3.307736292481422424e-02
3.303902223706245422e-02
3.300072252750396729e-02
3.296246007084846497e-02
3.292424604296684265e-02
3.288607299327850342e-02
3.284795209765434265e-02
3.280988708138465881e-02
3.277187421917915344e-02
3.273392096161842346e-02
3.269602730870246887e-02
3.265819326043128967e-02
3.262042254209518433e-02
3.258271142840385437e-02
3.254505991935729980e-02
3.250747919082641602e-02
3.246995061635971069e-02
3.243248537182807922e-02
3.239507600665092468e-02
3.235772252082824707e-02
3.232041746377944946e-02
3.228316456079483032e-02
3.224595263600349426e-02
3.220877796411514282e-02
3.217164054512977600e-02
3.213452920317649841e-02
3.209744393825531006e-02
3.206037357449531555e-02
3.202331438660621643e-02
3.198625892400741577e-02
3.194919601082801819e-02
3.191212564706802368e-02
3.187504038214683533e-02
3.183792904019355774e-02
3.180078044533729553e-02
3.176359832286834717e-02
3.172636777162551880e-02
3.168908506631851196e-02
3.165173903107643127e-02
3.161432966589927673e-02
3.157684206962585449e-02
3.153927996754646301e-02
3.150163218379020691e-02
3.146389871835708618e-02
3.142606467008590698e-02
3.138813376426696777e-02
3.135010227560997009e-02
3.131197020411491394e-02
3.127372637391090393e-02
3.123537637293338776e-02
3.119691647589206696e-02
3.115834482014179230e-02
3.111966326832771301e-02
3.108087182044982910e-02
3.104197233915328979e-02
3.100296854972839355e-02
3.096385858952999115e-02
3.092464804649353027e-02
3.088534250855445862e-02
3.084594197571277618e-02
3.080645389854907990e-02
3.076688200235366821e-02
3.072723373770713806e-02
3.068750910460948944e-02
3.064772300422191620e-02
3.060787543654441833e-02
3.056797198951244354e-02
3.052802570164203644e-02
3.048803471028804779e-02
3.044801205396652222e-02
3.040795959532260895e-02
3.036788664758205414e-02
3.032780066132545471e-02
3.028770349919795990e-02
3.024760447442531586e-02
3.020750544965267181e-02
3.016741760075092316e-02
3.012733720242977142e-02
3.008727356791496277e-02
3.004723228514194489e-02
3.000720962882041931e-02
2.996721491217613220e-02
2.992724440991878510e-02
2.988730743527412415e-02
2.984739467501640320e-02
2.980751357972621918e-02
2.976766414940357208e-02
2.972783893346786499e-02
2.968804351985454559e-02
2.964826859533786774e-02
2.960851602256298065e-02
2.956878393888473511e-02
2.952906303107738495e-02
2.948935516178607941e-02
2.944964915513992310e-02
2.940994687378406525e-02
2.937023900449275970e-02
2.933051809668540955e-02
2.929078228771686554e-02
2.925102412700653076e-02
2.921123430132865906e-02
2.917141281068325043e-02
2.913154661655426025e-02
2.909163385629653931e-02
2.905166707932949066e-02
2.901164256036281586e-02
2.897155284881591797e-02
2.893139235675334930e-02
2.889115735888481140e-02
2.885084226727485657e-02
2.881044149398803711e-02
2.876995690166950226e-02
2.872937917709350586e-02
2.868871204555034637e-02
2.864794991910457611e-02
2.860709279775619507e-02
2.856613695621490479e-02
2.852508798241615295e-02
2.848394960165023804e-02
2.844271063804626465e-02
2.840138599276542664e-02
2.835997194051742554e-02
2.831847593188285828e-02
2.827690169215202332e-02
2.823525108397006989e-02
2.819353155791759491e-02
2.815175056457519531e-02
2.810991369187831879e-02
2.806802839040756226e-02
2.802610211074352264e-02
2.798414230346679688e-02
2.794215641915798187e-02
2.790015749633312225e-02
2.785814739763736725e-02
2.781613916158676147e-02
2.777414396405220032e-02
2.773216553032398224e-02
2.769021317362785339e-02
2.764829993247985840e-02
2.760643325746059418e-02
2.756461501121520996e-02
2.752285823225975037e-02
2.748117409646511078e-02
2.743956260383129120e-02
2.739803120493888855e-02
2.735658921301364899e-02
2.731524221599102020e-02
2.727399207651615143e-02
2.723284251987934113e-02
2.719179913401603699e-02
2.715086750686168671e-02
2.711004205048084259e-02
2.706933021545410156e-02
2.702873013913631439e-02
2.698824182152748108e-02
2.694786339998245239e-02
2.690759487450122833e-02
2.686743438243865967e-02
2.682737633585929871e-02
2.678741887211799622e-02
2.674756012856960297e-02
2.670778892934322357e-02
2.666810713708400726e-02
2.662850543856620789e-02
2.658898010849952698e-02
2.654951997101306915e-02
2.651012316346168518e-02
2.647078037261962891e-02
2.643148787319660187e-02
2.639223635196685791e-02
2.635301835834980011e-02
2.631382830440998077e-02
2.627466060221195221e-02
2.623550593852996826e-02
2.619636058807373047e-02
2.615721710026264191e-02
2.611807174980640411e-02
2.607891894876956940e-02
2.603975497186183929e-02
2.600057609379291534e-02
2.596137672662734985e-02
2.592215687036514282e-02
2.588291466236114502e-02
2.584364823997020721e-02
2.580435946583747864e-02
2.576504647731781006e-02
2.572570927441120148e-02
2.568635344505310059e-02
2.564697898924350739e-02
2.560759149491786957e-02
2.556819468736648560e-02
2.552878856658935547e-02
2.548938617110252380e-02
2.544998936355113983e-02
2.541060745716094971e-02
2.537124417722225189e-02
2.533191069960594177e-02
2.529261261224746704e-02
2.525335922837257385e-02
2.521416172385215759e-02
2.517502382397651672e-02
2.513596042990684509e-02
2.509697526693344116e-02
2.505808323621749878e-02
2.501928806304931641e-02
2.498060278594493866e-02
2.494203485548496246e-02
2.490359172224998474e-02
2.486528269946575165e-02
2.482711337506771088e-02
2.478909306228160858e-02
2.475122734904289246e-02
2.471352368593215942e-02
2.467598579823970795e-02
2.463861741125583649e-02
2.460142411291599274e-02
2.456440776586532593e-02
2.452757209539413452e-02
2.449091523885726929e-02
2.445444092154502869e-02
2.441814914345741272e-02
2.438203804194927216e-02
2.434610202908515930e-02
2.431034483015537262e-02
2.427475899457931519e-02
2.423934079706668854e-02
2.420408464968204498e-02
2.416898496448993683e-02
2.413403615355491638e-02
2.409923262894153595e-02
2.406456321477890015e-02
2.403002232313156128e-02
2.399560064077377319e-02
2.396129444241523743e-02
2.392708696424961090e-02
2.389297448098659515e-02
2.385894581675529480e-02
2.382499165832996368e-02
2.379110641777515411e-02
2.375727705657482147e-02
2.372349612414836884e-02
2.368975616991519928e-02
2.365604974329471588e-02
2.362236753106117249e-02
2.358870394527912140e-02
2.355505153536796570e-02
2.352140657603740692e-02
2.348775975406169891e-02
2.345410920679569244e-02
2.342045307159423828e-02
2.338678576052188873e-02
2.335310727357864380e-02
2.331941388547420502e-02
2.328570745885372162e-02
2.325198799371719360e-02
2.321825549006462097e-02
2.318451367318630219e-02
2.315076626837253571e-02
2.311701513826847076e-02
2.308326400816440582e-02
2.304952219128608704e-02
2.301579155027866364e-02
2.298208139836788177e-02
2.294839732348918915e-02
2.291474863886833191e-02
2.288113906979560852e-02
2.284758165478706360e-02
2.281408198177814484e-02
2.278065122663974762e-02
2.274729683995246887e-02
2.271402813494205475e-02
2.268085256218910217e-02
2.264778129756450653e-02
2.261482179164886475e-02
2.258198335766792297e-02
2.254927158355712891e-02
2.251669391989707947e-02
2.248425967991352081e-02
2.245197258889675140e-02
2.241984009742736816e-02
2.238786779344081879e-02
2.235605753958225250e-02
2.232441306114196777e-02
2.229293994605541229e-02
2.226163633167743683e-02
2.223050408065319061e-02
2.219954133033752441e-02
2.216875180602073669e-02
2.213812991976737976e-02
2.210767194628715515e-02
2.207737788558006287e-02
2.204724028706550598e-02
2.201725356280803680e-02
2.198741212487220764e-02
2.195770852267742157e-02
2.192813530564308167e-02
2.189868688583374023e-02
2.186934836208820343e-02
2.184011600911617279e-02
2.181097492575645447e-02
2.178191952407360077e-02
2.175293490290641785e-02
2.172401547431945801e-02
2.169514633715152740e-02
2.166631631553173065e-02
2.163751795887947083e-02
2.160874009132385254e-02
2.157996967434883118e-02
2.155119925737380981e-02
2.152241766452789307e-02
2.149361744523048401e-02
2.146478742361068726e-02
2.143592201173305511e-02
2.140701375901699066e-02
2.137805521488189697e-02
2.134904079139232635e-02
2.131996676325798035e-02
2.129082754254341125e-02
2.126162312924861908e-02
2.123234793543815613e-02
2.120300196111202240e-02
2.117358706891536713e-02
2.114410139620304108e-02
2.111454494297504425e-02
2.108492702245712280e-02
2.105524577200412750e-02
2.102550677955150604e-02
2.099571563303470612e-02
2.096587792038917542e-02
2.093600295484066010e-02
2.090609259903430939e-02
2.087615989148616791e-02
2.084621042013168335e-02
2.081625536084175110e-02
2.078630216419696808e-02
2.075635828077793121e-02
2.072643861174583435e-02
2.069654874503612518e-02
2.066669985651969910e-02
2.063690312206745148e-02
2.060716226696968079e-02
2.057749405503273010e-02
2.054790221154689789e-02
2.051839604973793030e-02
2.048898488283157349e-02
2.045967429876327515e-02
2.043046988546848297e-02
2.040138095617294312e-02
2.037240937352180481e-02
2.034356072545051575e-02
2.031483687460422516e-02
2.028624154627323151e-02
2.025777474045753479e-02
2.022943831980228424e-02
2.020123042166233063e-02
2.017315104603767395e-02
2.014519460499286652e-02
2.011736109852790833e-02
2.008964493870735168e-02
2.006203867495059967e-02
2.003453858196735382e-02
2.000713720917701721e-02
1.997982524335384369e-02
1.995259337127208710e-02
1.992543786764144897e-02
1.989834196865558624e-02
1.987130008637905121e-02
1.984430104494094849e-02
1.981733180582523346e-02
1.979038119316101074e-02
1.976344175636768341e-02
1.973649859428405762e-02
1.970954053103923798e-02
1.968255825340747833e-02
1.965554058551788330e-02
1.962847635149955750e-02
1.960135437548160553e-02
1.957416720688343048e-02
0.000000000000000000e+00
0.000000000000000000e+00
0.000000000000000000e+00
0.000000000000000000e+00
0.000000000000000000e+00
0.000000000000000000e+00
0.000000000000000000e+00
0.000000000000000000e+00
0.000000000000000000e+00
0.000000000000000000e+00
0.000000000000000000e+00
0.000000000000000000e+00
0.000000000000000000e+00
0.000000000000000000e+00
0.000000000000000000e+00
0.000000000000000000e+00
0.000000000000000000e+00
0.000000000000000000e+00
0.000000000000000000e+00
0.000000000000000000e+00
0.000000000000000000e+00
0.000000000000000000e+00
0.000000000000000000e+00
0.000000000000000000e+00
0.000000000000000000e+00
0.000000000000000000e+00
0.000000000000000000e+00
0.000000000000000000e+00
0.000000000000000000e+00
0.000000000000000000e+00
0.000000000000000000e+00
0.000000000000000000e+00
0.000000000000000000e+00
0.000000000000000000e+00
0.000000000000000000e+00
0.000000000000000000e+00
0.000000000000000000e+00
0.000000000000000000e+00
0.000000000000000000e+00
0.000000000000000000e+00
0.000000000000000000e+00
0.000000000000000000e+00
0.000000000000000000e+00
0.000000000000000000e+00
0.000000000000000000e+00
0.000000000000000000e+00
0.000000000000000000e+00
0.000000000000000000e+00
0.000000000000000000e+00
0.000000000000000000e+00
0.000000000000000000e+00
0.000000000000000000e+00
0.000000000000000000e+00
0.000000000000000000e+00
0.000000000000000000e+00
0.000000000000000000e+00
0.000000000000000000e+00
0.000000000000000000e+00
0.000000000000000000e+00
0.000000000000000000e+00
0.000000000000000000e+00
0.000000000000000000e+00
0.000000000000000000e+00
0.000000000000000000e+00
0.000000000000000000e+00
0.000000000000000000e+00
0.000000000000000000e+00
0.000000000000000000e+00
0.000000000000000000e+00
0.000000000000000000e+00
0.000000000000000000e+00
0.000000000000000000e+00
0.000000000000000000e+00
0.000000000000000000e+00
0.000000000000000000e+00
0.000000000000000000e+00
0.000000000000000000e+00
0.000000000000000000e+00
0.000000000000000000e+00
0.000000000000000000e+00
0.000000000000000000e+00
0.000000000000000000e+00
0.000000000000000000e+00
0.000000000000000000e+00
0.000000000000000000e+00
0.000000000000000000e+00
0.000000000000000000e+00
0.000000000000000000e+00
0.000000000000000000e+00
0.000000000000000000e+00
0.000000000000000000e+00
0.000000000000000000e+00
0.000000000000000000e+00
0.000000000000000000e+00
0.000000000000000000e+00
0.000000000000000000e+00
0.000000000000000000e+00
0.000000000000000000e+00
0.000000000000000000e+00
0.000000000000000000e+00
