# ee
4.068589210510253906e-02
6.714174151420593262e-02
7.626727968454360962e-02
6.829312443733215332e-02
5.085919424891471863e-02
3.258432075381278992e-02
1.896403171122074127e-02
1.139789074659347534e-02
8.440682664513587952e-03
7.712414953857660294e-03
7.409217301756143570e-03
6.689211819320917130e-03
5.753050092607736588e-03
4.971586633473634720e-03
4.636930767446756363e-03
4.776431713253259659e-03
5.153804551810026169e-03
5.591707769781351089e-03
6.018485408276319504e-03
6.458985153585672379e-03
7.043452933430671692e-03
7.867765612900257111e-03
8.962745778262615204e-03
1.030463539063930511e-02
1.182753592729568481e-02
1.351580675691366196e-02
1.538761053234338760e-02
1.743163727223873138e-02
1.964289322495460510e-02
2.203175984323024750e-02
2.459708414971828461e-02
2.732452005147933960e-02
3.021135739982128143e-02
3.326633572578430176e-02
3.651401400566101074e-02
3.999813646078109741e-02
4.375926405191421509e-02
4.777774214744567871e-02
5.202445015311241150e-02
5.648302286863327026e-02
6.116802245378494263e-02
6.610158085823059082e-02
7.129095494747161865e-02
7.675381749868392944e-02
8.250458538532257080e-02
8.853141218423843384e-02
9.482292830944061279e-02
1.013454645872116089e-01
1.080579310655593872e-01
1.149210035800933838e-01
1.220287680625915527e-01
1.295439153909683228e-01
1.374731510877609253e-01
1.458082497119903564e-01
1.544160246849060059e-01
1.631833016872406006e-01
1.721096783876419067e-01
1.812244951725006104e-01
1.905719339847564697e-01
2.002387493848800659e-01
2.102144062519073486e-01
2.204640507698059082e-01
2.310048341751098633e-01
2.418167740106582642e-01
2.528367936611175537e-01
2.640671133995056152e-01
2.755487263202667236e-01
2.872407436370849609e-01
2.991841137409210205e-01
3.113676011562347412e-01
3.237643539905548096e-01
3.363399803638458252e-01
3.490823507308959961e-01
3.620016276836395264e-01
3.750987350940704346e-01
3.883671760559082031e-01
4.018357396125793457e-01
4.154514372348785400e-01
4.292207956314086914e-01
4.430953860282897949e-01
4.570969343185424805e-01
4.711997210979461670e-01
4.854003190994262695e-01
4.996728599071502686e-01
5.140298604965209961e-01
5.284430384635925293e-01
5.429296493530273438e-01
5.574773550033569336e-01
5.720515251159667969e-01
5.866468548774719238e-01
6.012499332427978516e-01
6.158542633056640625e-01
6.304239630699157715e-01
6.449601054191589355e-01
6.594488620758056641e-01
6.738765239715576172e-01
6.882367134094238281e-01
7.024934887886047363e-01
7.166479229927062988e-01
7.307605743408203125e-01
7.446839213371276855e-01
7.584934234619140625e-01
7.721902132034301758e-01
7.857011556625366211e-01
7.991015315055847168e-01
8.122440576553344727e-01
8.252039551734924316e-01
8.379082679748535156e-01
8.503580093383789062e-01
8.626284003257751465e-01
8.746455907821655273e-01
8.864098191261291504e-01
8.978467583656311035e-01
9.091054797172546387e-01
9.199630618095397949e-01
9.304938912391662598e-01
9.408470988273620605e-01
9.508740901947021484e-01
9.604264497756958008e-01
9.698016643524169922e-01
9.787026643753051758e-01
9.872038960456848145e-01
9.953799843788146973e-01
1.003156781196594238e+00
1.010608911514282227e+00
1.017587900161743164e+00
1.024242520332336426e+00
1.030424356460571289e+00
1.036133885383605957e+00
1.041519403457641602e+00
1.046431660652160645e+00
1.050943970680236816e+00
1.055055379867553711e+00
1.058690547943115234e+00
1.061848282814025879e+00
1.064602136611938477e+00
1.066876769065856934e+00
1.068819642066955566e+00
1.070206999778747559e+00
1.071112155914306641e+00
1.071608424186706543e+00
1.071694731712341309e+00
1.071295738220214844e+00
1.070559263229370117e+00
1.069261193275451660e+00
1.067623734474182129e+00
1.065497040748596191e+00
1.062954425811767578e+00
1.060069203376770020e+00
1.056766271591186523e+00
1.052969813346862793e+00
1.048827528953552246e+00
1.044337987899780273e+00
1.039499998092651367e+00
1.034312248229980469e+00
1.028773546218872070e+00
1.022956967353820801e+00
1.016712784767150879e+00
1.010188221931457520e+00
1.003456354141235352e+00
9.963672161102294922e-01
9.889941215515136719e-01
9.814099669456481934e-01
9.735392332077026367e-01
9.655291438102722168e-01
9.571557044982910156e-01
9.487892389297485352e-01
9.401309490203857422e-01
9.314026832580566406e-01
9.226031303405761719e-01
9.136567711830139160e-01
9.045622348785400391e-01
8.956155180931091309e-01
8.865180611610412598e-01
8.774914145469665527e-01
8.684592247009277344e-01
8.596425652503967285e-01
8.507419228553771973e-01
8.419782519340515137e-01
8.333494663238525391e-01
8.249277472496032715e-01
8.166368603706359863e-01
8.085488080978393555e-01
8.008102774620056152e-01
7.932778596878051758e-01
7.860907316207885742e-01
7.792317867279052734e-01
7.727361321449279785e-01
7.666535973548889160e-01
7.610043883323669434e-01
7.558086514472961426e-01
7.511087656021118164e-01
7.469323277473449707e-01
7.433142662048339844e-01
7.402895689010620117e-01
7.379006743431091309e-01
7.361676692962646484e-01
7.351254224777221680e-01
7.348014712333679199e-01
7.352542281150817871e-01
7.364943623542785645e-01
7.385858893394470215e-01
7.415555715560913086e-01
7.454523444175720215e-01
7.503178715705871582e-01
7.561789155006408691e-01
7.630918025970458984e-01
7.710833549499511719e-01
7.802099585533142090e-01
7.905057072639465332e-01
8.020046949386596680e-01
8.147559165954589844e-01
8.287563323974609375e-01
8.442034721374511719e-01
8.609158396720886230e-01
8.790539503097534180e-01
8.986220359802246094e-01
9.196245670318603516e-01
9.422142505645751953e-01
9.663211703300476074e-01
9.920982122421264648e-01
1.019475460052490234e+00
1.048457145690917969e+00
1.079195976257324219e+00
1.111696481704711914e+00
1.145962715148925781e+00
1.181998968124389648e+00
1.219883680343627930e+00
1.259621262550354004e+00
1.301290035247802734e+00
1.344820141792297363e+00
1.390438437461853027e+00
1.438000440597534180e+00
1.487585067749023438e+00
1.539196014404296875e+00
1.592912077903747559e+00
1.648811459541320801e+00
1.706749916076660156e+00
1.766805887222290039e+00
1.829131722450256348e+00
1.893583655357360840e+00
1.960313558578491211e+00
2.029252052307128906e+00
2.100476980209350586e+00
2.173992872238159180e+00
2.249729156494140625e+00
2.328061580657958984e+00
2.408474206924438477e+00
2.491416692733764648e+00
2.576597452163696289e+00
2.664248466491699219e+00
2.754157781600952148e+00
2.846633195877075195e+00
2.941388130187988281e+00
3.038804531097412109e+00
3.138447761535644531e+00
3.240699529647827148e+00
3.345422029495239258e+00
3.452625751495361328e+00
3.562247514724731445e+00
3.674520492553710938e+00
3.789232254028320312e+00
3.906468152999877930e+00
4.026164054870605469e+00
4.148554325103759766e+00
4.273276805877685547e+00
4.400714874267578125e+00
4.530581474304199219e+00
4.662961959838867188e+00
4.797791957855224609e+00
4.935379981994628906e+00
5.075141906738281250e+00
5.217682838439941406e+00
5.362493515014648438e+00
5.509807586669921875e+00
5.659635543823242188e+00
5.811913967132568359e+00
5.966578960418701172e+00
6.123641967773437500e+00
6.283186912536621094e+00
6.444927692413330078e+00
6.609099388122558594e+00
6.775636196136474609e+00
6.944550514221191406e+00
7.115702629089355469e+00
7.289105415344238281e+00
7.464769363403320312e+00
7.642630577087402344e+00
7.822550773620605469e+00
8.005284309387207031e+00
8.189726829528808594e+00
8.375518798828125000e+00
8.564156532287597656e+00
8.754163742065429688e+00
8.947040557861328125e+00
9.140565872192382812e+00
9.336980819702148438e+00
9.535552978515625000e+00
9.734807968139648438e+00
9.936240196228027344e+00
1.013910865783691406e+01
1.034415721893310547e+01
1.055138301849365234e+01
1.075930309295654297e+01
1.096865749359130859e+01
1.117944812774658203e+01
1.139315986633300781e+01
1.160682201385498047e+01
1.182117557525634766e+01
1.203845119476318359e+01
1.225567531585693359e+01
1.247433567047119141e+01
1.269443225860595703e+01
1.291447734832763672e+01
1.313595867156982422e+01
1.335738849639892578e+01
1.358100032806396484e+01
1.380455875396728516e+01
1.402881431579589844e+01
1.425450325012207031e+01
1.447940254211425781e+01
1.470499515533447266e+01
1.493202495574951172e+01
1.515677738189697266e+01
1.538371181488037109e+01
1.561059856414794922e+01
1.583669567108154297e+01
1.606348800659179688e+01
1.628949356079101562e+01
1.651545143127441406e+01
1.674210739135742188e+01
1.696797752380371094e+01
1.719380378723144531e+01
1.741809844970703125e+01
1.764235115051269531e+01
1.786656379699707031e+01
1.808924865722656250e+01
1.831263542175292969e+01
1.853449630737304688e+01
1.875483131408691406e+01
1.897587203979492188e+01
1.919464492797851562e+01
1.941263961791992188e+01
1.962911224365234375e+01
1.984555053710937500e+01
2.005972671508789062e+01
2.027238082885742188e+01
2.048426246643066406e+01
2.069388389587402344e+01
2.090272903442382812e+01
2.111003112792968750e+01
2.131502914428710938e+01
2.151843833923339844e+01
2.172023773193359375e+01
2.192039871215820312e+01
2.211816024780273438e+01
2.231275177001953125e+01
2.250563621520996094e+01
2.269679069519042969e+01
2.288544845581054688e+01
2.307158470153808594e+01
2.325591850280761719e+01
2.343619918823242188e+01
2.361462974548339844e+01
2.379044532775878906e+01
2.396213531494140625e+01
2.413190650939941406e+01
2.429899215698242188e+01
2.446262168884277344e+01
2.462277793884277344e+01
2.478017616271972656e+01
2.493405151367187500e+01
2.508512115478515625e+01
2.523262214660644531e+01
2.537726974487304688e+01
2.551755905151367188e+01
2.565420722961425781e+01
2.578793525695800781e+01
2.591871833801269531e+01
2.604281425476074219e+01
2.616540908813476562e+01
2.628350257873535156e+01
2.639706993103027344e+01
2.650831985473632812e+01
2.661499977111816406e+01
2.671708297729492188e+01
2.681529426574707031e+01
2.690737533569335938e+01
2.699851036071777344e+01
2.708420944213867188e+01
2.716743087768554688e+01
2.724517250061035156e+01
2.731890106201171875e+01
2.738784599304199219e+01
2.745273208618164062e+01
2.751352882385253906e+01
2.756947898864746094e+01
2.762129402160644531e+01
2.766895484924316406e+01
2.771169090270996094e+01
2.774947738647460938e+01
2.778376960754394531e+01
2.781305122375488281e+01
2.783729362487792969e+01
2.785795402526855469e+01
2.787351608276367188e+01
2.788469314575195312e+01
2.789219856262207031e+01
2.789377784729003906e+01
2.789162445068359375e+01
2.788496780395507812e+01
2.787378120422363281e+01
2.785803222656250000e+01
2.783843421936035156e+01
2.781347465515136719e+01
2.778460502624511719e+01
2.774957084655761719e+01
2.771131134033203125e+01
2.766905784606933594e+01
2.762203216552734375e+01
2.757020568847656250e+01
2.751355361938476562e+01
2.745278739929199219e+01
2.738713073730468750e+01
2.731804084777832031e+01
2.724400138854980469e+01
2.716572952270507812e+01
2.708318901062011719e+01
2.699709510803222656e+01
2.690593338012695312e+01
2.681041717529296875e+01
2.671199989318847656e+01
2.660842323303222656e+01
2.650188446044921875e+01
2.639086914062500000e+01
2.627534675598144531e+01
2.615603065490722656e+01
2.603363227844238281e+01
2.590663337707519531e+01
2.577574920654296875e+01
2.564094734191894531e+01
2.550294303894042969e+01
2.536170005798339844e+01
2.521496391296386719e+01
2.506641578674316406e+01
2.491454124450683594e+01
2.475782203674316406e+01
2.459845542907714844e+01
2.443641281127929688e+01
2.427017974853515625e+01
2.410124015808105469e+01
2.392959785461425781e+01
2.375451087951660156e+01
2.357672500610351562e+01
2.339549827575683594e+01
2.321232223510742188e+01
2.302645111083984375e+01
2.283863639831542969e+01
2.264738655090332031e+01
2.245419502258300781e+01
2.225831794738769531e+01
2.206124496459960938e+01
2.186223602294921875e+01
2.166128730773925781e+01
2.145766448974609375e+01
2.125284957885742188e+01
2.104684829711914062e+01
2.083817481994628906e+01
2.062905693054199219e+01
2.041950035095214844e+01
2.020801734924316406e+01
1.999535179138183594e+01
1.978225135803222656e+01
1.956723022460937500e+01
1.935251426696777344e+01
1.913662528991699219e+01
1.891955757141113281e+01
1.870280456542968750e+01
1.848561859130859375e+01
1.826800346374511719e+01
1.805070114135742188e+01
1.783297157287597656e+01
1.761555862426757812e+01
1.739771652221679688e+01
1.718093299865722656e+01
1.696446800231933594e+01
1.674757766723632812e+01
1.653174781799316406e+01
1.631698036193847656e+01
1.610252952575683594e+01
1.588914012908935547e+01
1.567532825469970703e+01
1.546406269073486328e+01
1.525311756134033203e+01
1.504397773742675781e+01
1.483590030670166016e+01
1.462814140319824219e+01
1.442292881011962891e+01
1.421803760528564453e+01
1.401570224761962891e+01
1.381521797180175781e+01
1.361589241027832031e+01
1.341851615905761719e+01
1.322387886047363281e+01
1.303143405914306641e+01
1.284093379974365234e+01
1.265346527099609375e+01
1.246811008453369141e+01
1.228558540344238281e+01
1.210564041137695312e+01
1.192877006530761719e+01
1.175479793548583984e+01
1.158407020568847656e+01
1.141655826568603516e+01
1.125238609313964844e+01
1.109174919128417969e+01
1.093454551696777344e+01
1.078104686737060547e+01
1.063122558593750000e+01
1.048520374298095703e+01
1.034325122833251953e+01
1.020526790618896484e+01
1.007130050659179688e+01
9.941545486450195312e+00
9.816050529479980469e+00
9.694862365722656250e+00
9.578028678894042969e+00
9.465894699096679688e+00
9.358284950256347656e+00
9.255171775817871094e+00
9.156900405883789062e+00
9.063369750976562500e+00
8.974701881408691406e+00
8.891017913818359375e+00
8.812217712402343750e+00
8.738421440124511719e+00
8.669826507568359375e+00
8.606183052062988281e+00
8.547984123229980469e+00
8.494832038879394531e+00
8.446997642517089844e+00
8.404601097106933594e+00
8.367544174194335938e+00
8.335871696472167969e+00
8.309411048889160156e+00
8.288431167602539062e+00
8.272980690002441406e+00
8.263107299804687500e+00
8.258857727050781250e+00
8.260282516479492188e+00
8.267432212829589844e+00
8.278872489929199219e+00
8.297630310058593750e+00
8.321528434753417969e+00
8.351362228393554688e+00
8.386440277099609375e+00
8.428304672241210938e+00
8.474776268005371094e+00
8.526652336120605469e+00
8.584728240966796875e+00
8.649058341979980469e+00
8.718207359313964844e+00
8.794460296630859375e+00
8.874895095825195312e+00
8.961796760559082031e+00
9.053731918334960938e+00
9.152238845825195312e+00
9.256630897521972656e+00
9.366214752197265625e+00
9.481789588928222656e+00
9.602664947509765625e+00
9.728895187377929688e+00
9.861276626586914062e+00
9.998377799987792969e+00
1.014173889160156250e+01
1.029067039489746094e+01
1.044448280334472656e+01
1.060471820831298828e+01
1.076994323730468750e+01
1.094021320343017578e+01
1.111632537841796875e+01
1.129759120941162109e+01
1.148406600952148438e+01
1.167580318450927734e+01
1.187211608886718750e+01
1.207454490661621094e+01
1.228165912628173828e+01
1.249425601959228516e+01
1.271090602874755859e+01
1.293389320373535156e+01
1.316029930114746094e+01
1.339315414428710938e+01
1.363028526306152344e+01
1.387100219726562500e+01
1.411833286285400391e+01
1.436787891387939453e+01
1.462340831756591797e+01
1.488349246978759766e+01
1.514818763732910156e+01
1.541753959655761719e+01
1.569006919860839844e+01
1.596800518035888672e+01
1.624911499023437500e+01
1.653413963317871094e+01
1.682307815551757812e+01
1.711592483520507812e+01
1.741268157958984375e+01
1.771186065673828125e+01
1.801420021057128906e+01
1.832044601440429688e+01
1.863059234619140625e+01
1.894092559814453125e+01
1.925590324401855469e+01
1.957254791259765625e+01
1.989309120178222656e+01
2.021604537963867188e+01
2.054141044616699219e+01
2.086992835998535156e+01
2.119862556457519531e+01
2.153047370910644531e+01
2.186398506164550781e+01
2.219841957092285156e+01
2.253451728820800781e+01
2.287227821350097656e+01
2.321170234680175781e+01
2.355204772949218750e+01
2.389331436157226562e+01
2.423550224304199219e+01
2.457861137390136719e+01
2.492263984680175781e+01
2.526684951782226562e+01
2.561272430419921875e+01
2.595729446411132812e+01
2.630352783203125000e+01
2.665069007873535156e+01
2.699580192565917969e+01
2.734258460998535156e+01
2.768806838989257812e+01
2.803447532653808594e+01
2.838032913208007812e+01
2.872488403320312500e+01
2.907036972045898438e+01
2.941307067871093750e+01
2.975596618652343750e+01
3.009831237792968750e+01
3.043936729431152344e+01
3.077987098693847656e+01
3.111834716796875000e+01
3.145553398132324219e+01
3.179291152954101562e+01
3.212819290161132812e+01
3.246057128906250000e+01
3.279219436645507812e+01
3.312226867675781250e+01
3.344997024536132812e+01
3.377523803710937500e+01
3.409873962402343750e+01
3.441967010498046875e+01
3.473722076416015625e+01
3.505205917358398438e+01
3.536487197875976562e+01
3.567483520507812500e+01
3.598040771484375000e+01
3.628299713134765625e+01
3.658253860473632812e+01
3.687822723388671875e+01
3.717073440551757812e+01
3.745924758911132812e+01
3.774370193481445312e+01
3.802551651000976562e+01
3.830164718627929688e+01
3.857500457763671875e+01
3.884328842163085938e+01
3.910717391967773438e+01
3.936659622192382812e+01
3.962149047851562500e+01
3.987103652954101562e+01
4.011666107177734375e+01
4.035755157470703125e+01
4.059289169311523438e+01
4.082262420654296875e+01
4.104890441894531250e+01
4.126794815063476562e+01
4.148266601562500000e+01
4.169149780273437500e+01
4.189586257934570312e+01
4.209347152709960938e+01
4.228573226928710938e+01
4.247332763671875000e+01
4.265320968627929688e+01
4.282903671264648438e+01
4.299850463867187500e+01
4.316154098510742188e+01
4.332032012939453125e+01
4.347178649902343750e+01
4.361736679077148438e+01
4.375624847412109375e+01
4.388985061645507812e+01
4.401661682128906250e+01
4.413721847534179688e+01
4.425233078002929688e+01
4.436039352416992188e+01
4.446281051635742188e+01
4.455803298950195312e+01
4.464746475219726562e+01
4.473029708862304688e+01
4.480719375610351562e+01
4.487733840942382812e+01
4.494065475463867188e+01
4.499781036376953125e+01
4.504874038696289062e+01
4.509261322021484375e+01
4.513085174560546875e+01
4.516189193725585938e+01
4.518639755249023438e+01
4.520503997802734375e+01
4.521699905395507812e+01
4.522071456909179688e+01
4.521908569335937500e+01
4.521203231811523438e+01
4.519725418090820312e+01
4.517689895629882812e+01
4.514941024780273438e+01
4.511619186401367188e+01
4.507791519165039062e+01
4.503153228759765625e+01
4.497770690917968750e+01
4.491859054565429688e+01
4.485337066650390625e+01
4.478047180175781250e+01
4.470354080200195312e+01
4.461878585815429688e+01
4.452835464477539062e+01
4.443068695068359375e+01
4.432718658447265625e+01
4.421852111816406250e+01
4.410387039184570312e+01
4.398241424560546875e+01
4.385481262207031250e+01
4.372025299072265625e+01
4.358236312866210938e+01
4.343883895874023438e+01
4.328811645507812500e+01
4.313160324096679688e+01
4.296995544433593750e+01
4.280161666870117188e+01
4.262873458862304688e+01
4.244825744628906250e+01
4.226382064819335938e+01
4.207312393188476562e+01
4.187838363647460938e+01
4.167662048339843750e+01
4.147079467773437500e+01
4.125942230224609375e+01
4.104323577880859375e+01
4.082297515869140625e+01
4.059714508056640625e+01
4.036647796630859375e+01
4.013171386718750000e+01
3.989284896850585938e+01
3.964987182617187500e+01
3.940352249145507812e+01
3.915229797363281250e+01
3.889694213867187500e+01
3.863893508911132812e+01
3.837751770019531250e+01
3.811194610595703125e+01
3.784220886230468750e+01
3.757052612304687500e+01
3.729540634155273438e+01
3.701758193969726562e+01
3.673704528808593750e+01
3.645378494262695312e+01
3.616779708862304688e+01
3.587981033325195312e+01
3.558907699584960938e+01
3.529632568359375000e+01
3.500155258178710938e+01
3.470325469970703125e+01
3.440514755249023438e+01
3.410424041748046875e+01
3.380201721191406250e+01
3.349845886230468750e+01
3.319281768798828125e+01
3.288582992553710938e+01
3.257822036743164062e+01
3.226849365234375000e+01
3.195664215087890625e+01
3.164636802673339844e+01
3.133394813537597656e+01
3.102160072326660156e+01
3.070930862426757812e+01
3.039632415771484375e+01
3.008189010620117188e+01
2.976822471618652344e+01
2.945308685302734375e+01
2.913869476318359375e+01
2.882429122924804688e+01
2.850912475585937500e+01
2.819468307495117188e+01
2.788029098510742188e+01
2.756528282165527344e+01
2.725196647644042969e+01
2.693894004821777344e+01
2.662628364562988281e+01
2.631555938720703125e+01
2.600610923767089844e+01
2.569801139831542969e+01
2.539134407043457031e+01
2.508619117736816406e+01
2.478411483764648438e+01
2.448222541809082031e+01
2.418357276916503906e+01
2.388675117492675781e+01
2.359258460998535156e+01
2.330040931701660156e+01
2.301178932189941406e+01
2.272532081604003906e+01
2.244182395935058594e+01
2.216063690185546875e+01
2.188406753540039062e+01
2.160996627807617188e+01
2.133990097045898438e+01
2.107246208190917969e+01
2.080996131896972656e+01
2.055024528503417969e+01
2.029488372802734375e+01
2.004395484924316406e+01
1.979679298400878906e+01
1.955348205566406250e+01
1.931409835815429688e+01
1.907946777343750000e+01
1.884892463684082031e+01
1.862403488159179688e+01
1.840265083312988281e+01
1.818633842468261719e+01
1.797517776489257812e+01
1.776850318908691406e+01
1.756788635253906250e+01
1.737117385864257812e+01
1.717918968200683594e+01
1.699275970458984375e+01
1.681196403503417969e+01
1.663539695739746094e+01
1.646610832214355469e+01
1.630046844482421875e+01
1.614078521728515625e+01
1.598639583587646484e+01
1.583812618255615234e+01
1.569531631469726562e+01
1.555879688262939453e+01
1.542717361450195312e+01
1.530202293395996094e+01
1.518269443511962891e+01
1.506779193878173828e+01
1.495963573455810547e+01
1.485906219482421875e+01
1.476170158386230469e+01
1.467136383056640625e+01
1.458739757537841797e+01
1.450914955139160156e+01
1.443745899200439453e+01
1.437092685699462891e+01
1.431113719940185547e+01
1.425743770599365234e+01
1.421066284179687500e+01
1.416942024230957031e+01
1.413454627990722656e+01
1.410539436340332031e+01
1.408279418945312500e+01
1.406684684753417969e+01
1.405689811706542969e+01
1.405378723144531250e+01
1.405537891387939453e+01
1.406473922729492188e+01
1.407973480224609375e+01
1.410045814514160156e+01
1.412849235534667969e+01
1.416244602203369141e+01
1.420167160034179688e+01
1.424774932861328125e+01
1.430077648162841797e+01
1.435861778259277344e+01
1.442359924316406250e+01
1.449507617950439453e+01
1.457165622711181641e+01
1.465566635131835938e+01
1.474423027038574219e+01
1.484041690826416016e+01
1.494209575653076172e+01
1.504936408996582031e+01
1.516380500793457031e+01
1.528328609466552734e+01
1.540864944458007812e+01
1.554073619842529297e+01
1.567890262603759766e+01
1.582250213623046875e+01
1.597237873077392578e+01
1.612788581848144531e+01
1.628911209106445312e+01
1.645608329772949219e+01
1.662881851196289062e+01
1.680659103393554688e+01
1.699090194702148438e+01
1.717953872680664062e+01
1.737326240539550781e+01
1.757209014892578125e+01
1.777603721618652344e+01
1.798586463928222656e+01
1.819862174987792969e+01
1.841729354858398438e+01
1.863967323303222656e+01
1.886651802062988281e+01
1.909784889221191406e+01
1.933294105529785156e+01
1.957330322265625000e+01
1.981671905517578125e+01
2.006395530700683594e+01
2.031502723693847656e+01
2.056995964050292969e+01
2.082802772521972656e+01
2.108925056457519531e+01
2.135439109802246094e+01
2.162198829650878906e+01
2.189354324340820312e+01
2.216759109497070312e+01
2.244489860534667969e+01
2.272474670410156250e+01
2.300640678405761719e+01
2.329213523864746094e+01
2.357897758483886719e+01
2.386844444274902344e+01
2.416129875183105469e+01
2.445533561706542969e+01
2.475131988525390625e+01
2.505001640319824219e+01
2.535070800781250000e+01
2.565192413330078125e+01
2.595592308044433594e+01
2.626124191284179688e+01
2.656789970397949219e+01
2.687592124938964844e+01
2.718533325195312500e+01
2.749541091918945312e+01
2.780766296386718750e+01
2.812063598632812500e+01
2.843583106994628906e+01
2.875030136108398438e+01
2.906630134582519531e+01
2.938384056091308594e+01
2.970211791992187500e+01
3.001957511901855469e+01
3.033836936950683594e+01
3.065694236755371094e+01
3.097597122192382812e+01
3.129388809204101562e+01
3.161137580871582031e+01
3.192984008789062500e+01
3.224698257446289062e+01
3.256347656250000000e+01
3.287924957275390625e+01
3.319422912597656250e+01
3.350760269165039062e+01
3.382003784179687500e+01
3.413146972656250000e+01
3.444182205200195312e+01
3.474879455566406250e+01
3.505454635620117188e+01
3.535900497436523438e+01
3.566135787963867188e+01
3.596078491210937500e+01
3.625796508789062500e+01
3.655356597900390625e+01
3.684677505493164062e+01
3.713603210449218750e+01
3.742349243164062500e+01
3.770834732055664062e+01
3.799052429199218750e+01
3.826920700073242188e+01
3.854357910156250000e+01
3.881654357910156250e+01
3.908580017089843750e+01
3.934978866577148438e+01
3.961215209960937500e+01
3.987059402465820312e+01
4.012504196166992188e+01
4.037690353393554688e+01
4.062388229370117188e+01
4.087036895751953125e+01
4.110960006713867188e+01
4.134521484375000000e+01
4.157640457153320312e+01
4.180458068847656250e+01
4.202818679809570312e+01
4.224566268920898438e+01
4.246139526367187500e+01
4.267159652709960938e+01
4.287768173217773438e+01
4.307957839965820312e+01
4.327645874023437500e+01
4.346823883056640625e+01
4.365628051757812500e+01
4.383900451660156250e+01
4.401704025268554688e+01
4.418954086303710938e+01
4.435713958740234375e+01
4.451973724365234375e+01
4.467721939086914062e+01
4.483022689819335938e+01
4.497865295410156250e+01
4.512090301513671875e+01
4.525910568237304688e+01
4.539091110229492188e+01
4.551845169067382812e+01
4.563939285278320312e+01
4.575584411621093750e+01
4.586548233032226562e+01
4.597116470336914062e+01
4.606906890869140625e+01
4.616205978393554688e+01
4.625003051757812500e+01
4.633138656616210938e+01
4.640675735473632812e+01
4.647753143310546875e+01
4.654135513305664062e+01
4.660110473632812500e+01
4.665443801879882812e+01
4.670124053955078125e+01
4.674289703369140625e+01
4.677854919433593750e+01
4.680659866333007812e+01
4.682991027832031250e+01
4.684837722778320312e+01
4.685965728759765625e+01
4.686437988281250000e+01
4.686391830444335938e+01
4.685816574096679688e+01
4.684552001953125000e+01
4.682661437988281250e+01
4.680282592773437500e+01
4.677180480957031250e+01
4.673492813110351562e+01
4.669134140014648438e+01
4.664390182495117188e+01
4.658877944946289062e+01
4.652735137939453125e+01
4.646023941040039062e+01
4.638732910156250000e+01
4.630776977539062500e+01
4.622219467163085938e+01
4.613056564331054688e+01
4.603284454345703125e+01
4.592975616455078125e+01
4.582125854492187500e+01
4.570658493041992188e+01
4.558644485473632812e+01
4.546154785156250000e+01
4.533037948608398438e+01
4.519364166259765625e+01
4.505279922485351562e+01
4.490632629394531250e+01
4.475493621826171875e+01
4.459859466552734375e+01
4.443651962280273438e+01
4.427017211914062500e+01
4.409951400756835938e+01
4.392376708984375000e+01
4.374438476562500000e+01
4.355910110473632812e+01
4.337085342407226562e+01
4.317737960815429688e+01
4.298012542724609375e+01
4.277906036376953125e+01
4.257265472412109375e+01
4.236310958862304688e+01
4.214963912963867188e+01
4.193295669555664062e+01
4.171153259277343750e+01
4.148608016967773438e+01
4.125878143310546875e+01
4.102737426757812500e+01
4.079182434082031250e+01
4.055357360839843750e+01
4.031184768676757812e+01
4.006734466552734375e+01
3.982003021240234375e+01
3.956763458251953125e+01
3.931383895874023438e+01
3.905711364746093750e+01
3.879667663574218750e+01
3.853323745727539062e+01
3.826823425292968750e+01
3.799940490722656250e+01
3.772967910766601562e+01
3.745530319213867188e+01
3.717920684814453125e+01
3.690135955810546875e+01
3.662096405029296875e+01
3.633873367309570312e+01
3.605315399169921875e+01
3.576575851440429688e+01
3.547661209106445312e+01
3.518651962280273438e+01
3.489405441284179688e+01
3.459928512573242188e+01
3.430374908447265625e+01
3.400603485107421875e+01
3.370545959472656250e+01
3.340653228759765625e+01
3.310636138916015625e+01
3.280499267578125000e+01
3.250398254394531250e+01
3.220116043090820312e+01
3.189881706237792969e+01
3.159627342224121094e+01
3.129359245300292969e+01
3.099157524108886719e+01
3.068879699707031250e+01
3.038680839538574219e+01
3.008492469787597656e+01
2.978321075439453125e+01
2.948321342468261719e+01
2.918275833129882812e+01
2.888340377807617188e+01
2.858520126342773438e+01
2.828747558593750000e+01
2.799176788330078125e+01
2.769740486145019531e+01
2.740369415283203125e+01
2.711144828796386719e+01
2.682072639465332031e+01
2.653232955932617188e+01
2.624483680725097656e+01
2.595904922485351562e+01
2.567577362060546875e+01
2.539358329772949219e+01
2.511476898193359375e+01
2.483642005920410156e+01
2.456156921386718750e+01
2.428730773925781250e+01
2.401666641235351562e+01
2.374747848510742188e+01
2.348055076599121094e+01
2.321742630004882812e+01
2.295594406127929688e+01
2.269764518737792969e+01
2.244110870361328125e+01
2.218788146972656250e+01
2.193728065490722656e+01
2.168938064575195312e+01
2.144426918029785156e+01
2.120278930664062500e+01
2.096429824829101562e+01
2.072889709472656250e+01
2.049593734741210938e+01
2.026626586914062500e+01
2.004072570800781250e+01
1.981792831420898438e+01
1.959946060180664062e+01
1.938393974304199219e+01
1.917220497131347656e+01
1.896436119079589844e+01
1.876050567626953125e+01
1.855999755859375000e+01
1.836367988586425781e+01
1.817091178894042969e+01
1.798253822326660156e+01
1.779791831970214844e+01
1.761714935302734375e+01
1.744108200073242188e+01
1.726907539367675781e+01
1.710122489929199219e+01
1.693689918518066406e+01
1.677693557739257812e+01
1.662144279479980469e+01
1.647126388549804688e+01
1.632427597045898438e+01
1.618355178833007812e+01
1.604696655273437500e+01
1.591388416290283203e+01
1.578589057922363281e+01
1.566234874725341797e+01
1.554262161254882812e+01
1.542904281616210938e+01
1.531948661804199219e+01
1.521480083465576172e+01
1.511435222625732422e+01
1.501898479461669922e+01
1.492806434631347656e+01
1.484243774414062500e+01
1.476146984100341797e+01
1.468526840209960938e+01
1.461393833160400391e+01
1.454758739471435547e+01
1.448706817626953125e+01
1.443025398254394531e+01
1.437874412536621094e+01
1.433190155029296875e+01
1.429057693481445312e+01
1.425338268280029297e+01
1.422260475158691406e+01
1.419605731964111328e+01
1.417452907562255859e+01
1.415658187866210938e+01
1.414448738098144531e+01
1.413680744171142578e+01
1.413433265686035156e+01
1.413562107086181641e+01
1.414146423339843750e+01
1.415265178680419922e+01
1.416774559020996094e+01
1.418679237365722656e+01
1.421132659912109375e+01
1.423916912078857422e+01
1.427185058593750000e+01
1.430868053436279297e+01
1.435044956207275391e+01
1.439497661590576172e+01
1.444379806518554688e+01
1.449622058868408203e+01
1.455377960205078125e+01
1.461504077911376953e+01
1.467856693267822266e+01
1.474738025665283203e+01
1.481930541992187500e+01
1.489513206481933594e+01
1.497491741180419922e+01
1.505796527862548828e+01
1.514433002471923828e+01
1.523480606079101562e+01
1.532795906066894531e+01
1.542607212066650391e+01
1.552622318267822266e+01
1.563069725036621094e+01
1.573731803894042969e+01
1.584762382507324219e+01
1.596166992187500000e+01
1.607802200317382812e+01
1.619822311401367188e+01
1.632083702087402344e+01
1.644815254211425781e+01
1.657650756835937500e+01
1.670967102050781250e+01
1.684547042846679688e+01
1.698321533203125000e+01
1.712445068359375000e+01
1.726848793029785156e+01
1.741687011718750000e+01
1.756667900085449219e+01
1.771869850158691406e+01
1.787512779235839844e+01
1.803295135498046875e+01
1.819286346435546875e+01
1.835630798339843750e+01
1.852100944519042969e+01
1.868841171264648438e+01
1.885698127746582031e+01
1.902815818786621094e+01
1.920041465759277344e+01
1.937519264221191406e+01
1.955170631408691406e+01
1.972916412353515625e+01
1.990826606750488281e+01
2.008822822570800781e+01
2.026974868774414062e+01
2.045129585266113281e+01
2.063580131530761719e+01
2.081876182556152344e+01
2.100310707092285156e+01
2.118879127502441406e+01
2.137503433227539062e+01
2.156104278564453125e+01
2.174678039550781250e+01
2.193368530273437500e+01
2.212097167968750000e+01
2.230860137939453125e+01
2.249578475952148438e+01
2.268247985839843750e+01
2.287013244628906250e+01
2.305720901489257812e+01
2.324367141723632812e+01
2.343021965026855469e+01
2.361606597900390625e+01
2.380191040039062500e+01
2.398622703552246094e+01
2.417045974731445312e+01
2.435382080078125000e+01
2.453701210021972656e+01
2.471850585937500000e+01
2.489974212646484375e+01
2.507845306396484375e+01
2.525830841064453125e+01
2.543629646301269531e+01
2.561311531066894531e+01
2.578946685791015625e+01
2.596456336975097656e+01
2.613836479187011719e+01
2.631082534790039062e+01
2.648116111755371094e+01
2.665154838562011719e+01
2.681968116760253906e+01
2.698621177673339844e+01
2.715179443359375000e+01
2.731485366821289062e+01
2.747753334045410156e+01
2.763751411437988281e+01
2.779544639587402344e+01
2.795049858093261719e+01
2.810481452941894531e+01
2.825682067871093750e+01
2.840716552734375000e+01
2.855427169799804688e+01
2.869954299926757812e+01
2.884288406372070312e+01
2.898272132873535156e+01
2.912193679809570312e+01
2.925672340393066406e+01
2.938922309875488281e+01
2.951934432983398438e+01
2.964773368835449219e+01
2.977133750915527344e+01
2.989303207397460938e+01
3.001198196411132812e+01
3.012809753417968750e+01
3.024128913879394531e+01
3.035220909118652344e+01
3.046001434326171875e+01
3.056388092041015625e+01
3.066445159912109375e+01
3.076238059997558594e+01
3.085682868957519531e+01
3.094771003723144531e+01
3.103641319274902344e+01
3.112061500549316406e+01
3.120245361328125000e+01
3.127960586547851562e+01
3.135420608520507812e+01
3.142467308044433594e+01
3.149240303039550781e+01
3.155729484558105469e+01
3.161777687072753906e+01
3.167448997497558594e+01
3.172733879089355469e+01
3.177771949768066406e+01
3.182330322265625000e+01
3.186548042297363281e+01
3.190415954589843750e+01
3.193775367736816406e+01
3.196914100646972656e+01
3.199599838256835938e+01
3.201902008056640625e+01
3.203962707519531250e+01
3.205554962158203125e+01
3.206747436523437500e+01
3.207683944702148438e+01
3.208135986328125000e+01
3.208246612548828125e+01
3.208011245727539062e+01
3.207572555541992188e+01
3.206554031372070312e+01
3.205247497558593750e+01
3.203572845458984375e+01
3.201599502563476562e+01
3.199247932434082031e+01
3.196511840820312500e+01
3.193386459350585938e+01
3.190089035034179688e+01
3.186316490173339844e+01
3.182286453247070312e+01
3.177919006347656250e+01
3.173208618164062500e+01
3.168223762512207031e+01
3.162884712219238281e+01
3.157185554504394531e+01
3.151194763183593750e+01
3.144981384277343750e+01
3.138241958618164062e+01
3.131417274475097656e+01
3.124054718017578125e+01
3.116520309448242188e+01
3.108659934997558594e+01
3.100467491149902344e+01
3.092011070251464844e+01
3.083211135864257812e+01
3.074135589599609375e+01
3.064778327941894531e+01
3.055059242248535156e+01
3.045046615600585938e+01
3.034808731079101562e+01
3.024265289306640625e+01
3.013409996032714844e+01
3.002311325073242188e+01
2.990888786315917969e+01
2.979135704040527344e+01
2.967195320129394531e+01
2.954912185668945312e+01
2.942280578613281250e+01
2.929516792297363281e+01
2.916392135620117188e+01
2.902901268005371094e+01
2.889268684387207031e+01
2.875348281860351562e+01
2.861216545104980469e+01
2.846728134155273438e+01
2.832108306884765625e+01
2.817210769653320312e+01
2.802038574218750000e+01
2.786742210388183594e+01
2.771176147460937500e+01
2.755416679382324219e+01
2.739540863037109375e+01
2.723476982116699219e+01
2.707226943969726562e+01
2.690793800354003906e+01
2.674253845214843750e+01
2.657461166381835938e+01
2.640566635131835938e+01
2.623572540283203125e+01
2.606481552124023438e+01
2.589221191406250000e+01
2.571868705749511719e+01
2.554426002502441406e+01
2.536895370483398438e+01
2.519279479980468750e+01
2.501580429077148438e+01
2.483800506591796875e+01
2.465867614746093750e+01
2.448007202148437500e+01
2.429998207092285156e+01
2.411917495727539062e+01
2.393841552734375000e+01
2.375698280334472656e+01
2.357564353942871094e+01
2.339293098449707031e+01
2.321035575866699219e+01
2.302793693542480469e+01
2.284421539306640625e+01
2.266144180297851562e+01
2.247814750671386719e+01
2.229435539245605469e+01
2.211083412170410156e+01
2.192834854125976562e+01
2.174468803405761719e+01
2.156210517883300781e+01
2.137839126586914062e+01
2.119580078125000000e+01
2.101360893249511719e+01
2.083035469055175781e+01
2.064828491210937500e+01
2.046669006347656250e+01
2.028489112854003906e+01
2.010370635986328125e+01
1.992321014404296875e+01
1.974272918701171875e+01
1.956382751464843750e+01
1.938434791564941406e+01
1.920659446716308594e+01
1.902915573120117188e+01
1.885359001159667969e+01
1.867700004577636719e+01
1.850243186950683594e+01
1.832921981811523438e+01
1.815669059753417969e+01
1.798566436767578125e+01
1.781621360778808594e+01
1.764767456054687500e+01
1.748085975646972656e+01
1.731510353088378906e+01
1.715048027038574219e+01
1.698855018615722656e+01
1.682790565490722656e+01
1.666861724853515625e+01
1.651076316833496094e+01
1.635441970825195312e+01
1.620040321350097656e+01
1.604804801940917969e+01
1.589743041992187500e+01
1.574936771392822266e+01
1.560319423675537109e+01
1.545824241638183594e+01
1.531607532501220703e+01
1.517602729797363281e+01
1.503743171691894531e+01
1.490110874176025391e+01
1.476787853240966797e+01
1.463558864593505859e+01
1.450654602050781250e+01
1.438008594512939453e+01
1.425480079650878906e+01
1.413225173950195312e+01
1.401252174377441406e+01
1.389419937133789062e+01
1.377884960174560547e+01
1.366655349731445312e+01
1.355664634704589844e+01
1.344846153259277344e+01
1.334356784820556641e+01
1.324055862426757812e+01
1.314099788665771484e+01
1.304347705841064453e+01
1.294879531860351562e+01
1.285700607299804688e+01
1.276741790771484375e+01
1.268083000183105469e+01
1.259655094146728516e+01
1.251537799835205078e+01
1.243662166595458984e+01
1.235959339141845703e+01
1.228657722473144531e+01
1.221539783477783203e+01
1.214685440063476562e+01
1.208100032806396484e+01
1.201863574981689453e+01
1.195832824707031250e+01
1.190013599395751953e+01
1.184485530853271484e+01
1.179254436492919922e+01
1.174177360534667969e+01
1.169408416748046875e+01
1.164953422546386719e+01
1.160669422149658203e+01
1.156636619567871094e+01
1.152934837341308594e+01
1.149495792388916016e+01
1.146250724792480469e+01
1.143205642700195312e+01
1.140515136718750000e+01
1.138036060333251953e+01
1.135774707794189453e+01
1.133811187744140625e+01
1.132151412963867188e+01
1.130652618408203125e+01
1.129469680786132812e+01
1.128534126281738281e+01
1.127777671813964844e+01
1.127355098724365234e+01
1.127198028564453125e+01
1.127164268493652344e+01
1.127408123016357422e+01
1.128010368347167969e+01
1.128828430175781250e+01
1.129794216156005859e+01
1.131136894226074219e+01
1.132639789581298828e+01
1.134383392333984375e+01
1.136448287963867188e+01
1.138766574859619141e+01
1.141270256042480469e+01
1.144039916992187500e+01
1.147080707550048828e+01
1.150318622589111328e+01
1.153901290893554688e+01
1.157753467559814453e+01
1.161725711822509766e+01
1.165891361236572266e+01
1.170324039459228516e+01
1.175022697448730469e+01
1.179763603210449219e+01
1.184843349456787109e+01
1.190038108825683594e+01
1.195495796203613281e+01
1.201066875457763672e+01
1.206899356842041016e+01
1.212769603729248047e+01
1.218899822235107422e+01
1.224992084503173828e+01
1.231491470336914062e+01
1.238025951385498047e+01
1.244817829132080078e+01
1.251866340637207031e+01
1.258799266815185547e+01
1.265987777709960938e+01
1.273208141326904297e+01
1.280682849884033203e+01
1.288039779663085938e+01
1.295649814605712891e+01
1.303363990783691406e+01
1.311107444763183594e+01
1.319102382659912109e+01
1.327125549316406250e+01
1.335250759124755859e+01
1.343328857421875000e+01
1.351656627655029297e+01
1.360084915161132812e+01
1.368464756011962891e+01
1.377018737792968750e+01
1.385597419738769531e+01
1.394275093078613281e+01
1.402976608276367188e+01
1.411776256561279297e+01
1.420673561096191406e+01
1.429593563079833984e+01
1.438610267639160156e+01
1.447723484039306641e+01
1.456783866882324219e+01
1.465939998626708984e+01
1.475116825103759766e+01
1.484388637542724609e+01
1.493754863739013672e+01
1.503139877319335938e+01
1.512464904785156250e+01
1.521872615814208984e+01
1.531283473968505859e+01
1.540766048431396484e+01
1.550240325927734375e+01
1.559775257110595703e+01
1.569365310668945312e+01
1.578781604766845703e+01
1.588241767883300781e+01
1.597740077972412109e+01
1.607122421264648438e+01
1.616531753540039062e+01
1.625962829589843750e+01
1.635335159301757812e+01
1.644643592834472656e+01
1.653956604003906250e+01
1.663194274902343750e+01
1.672351264953613281e+01
1.681495857238769531e+01
1.690474128723144531e+01
1.699503517150878906e+01
1.708429336547851562e+01
1.717320442199707031e+01
1.726022720336914062e+01
1.734753417968750000e+01
1.743283653259277344e+01
1.751831054687500000e+01
1.760241127014160156e+01
1.768582534790039062e+01
1.776775169372558594e+01
1.784813499450683594e+01
1.792840385437011719e+01
1.800701522827148438e+01
1.808539772033691406e+01
1.816051864624023438e+01
1.823604011535644531e+01
1.831041717529296875e+01
1.838284873962402344e+01
1.845401763916015625e+01
1.852386856079101562e+01
1.859234237670898438e+01
1.866086578369140625e+01
1.872566795349121094e+01
1.878965950012207031e+01
1.885278320312500000e+01
1.891423606872558594e+01
1.897395896911621094e+01
1.903263664245605469e+01
1.908872604370117188e+01
1.914439201354980469e+01
1.919661521911621094e+01
1.924831771850585938e+01
1.929944992065429688e+01
1.934847450256347656e+01
1.939533805847167969e+01
1.944074058532714844e+01
1.948388099670410156e+01
1.952545547485351562e+01
1.956615829467773438e+01
1.960444450378417969e+01
1.964175415039062500e+01
1.967729187011718750e+01
1.971026420593261719e+01
1.974210166931152344e+01
1.977200889587402344e+01
1.980068206787109375e+01
1.982732009887695312e+01
1.985261535644531250e+01
1.987577247619628906e+01
1.989673614501953125e+01
1.991620063781738281e+01
1.993336486816406250e+01
1.995040512084960938e+01
1.996429634094238281e+01
1.997572708129882812e+01
1.998687362670898438e+01
1.999470710754394531e+01
2.000214576721191406e+01
2.000690650939941406e+01
2.000893402099609375e+01
2.001040077209472656e+01
2.001050949096679688e+01
2.000771903991699219e+01
2.000345993041992188e+01
1.999767494201660156e+01
1.998881912231445312e+01
1.997907066345214844e+01
1.996762657165527344e+01
1.995368957519531250e+01
1.993868637084960938e+01
1.992032814025878906e+01
1.990079307556152344e+01
1.988001823425292969e+01
1.985571861267089844e+01
1.983081054687500000e+01
1.980300140380859375e+01
1.977372169494628906e+01
1.974217224121093750e+01
1.970754814147949219e+01
1.967277145385742188e+01
1.963486099243164062e+01
1.959603881835937500e+01
1.955407524108886719e+01
1.951119422912597656e+01
1.946442031860351562e+01
1.941671943664550781e+01
1.936809158325195312e+01
1.931778907775878906e+01
1.926654624938964844e+01
1.921361732482910156e+01
1.915751266479492188e+01
1.910045433044433594e+01
1.904243850708007812e+01
1.898197174072265625e+01
1.892053794860839844e+01
1.885738372802734375e+01
1.879324913024902344e+01
1.872738265991210938e+01
1.866052246093750000e+01
1.859266090393066406e+01
1.852230644226074219e+01
1.845093727111816406e+01
1.837928962707519531e+01
1.830512619018554688e+01
1.823067092895507812e+01
1.815443038940429688e+01
1.807862091064453125e+01
1.800101280212402344e+01
1.792159080505371094e+01
1.784109497070312500e+01
1.775951766967773438e+01
1.767758941650390625e+01
1.759381675720214844e+01
1.750967979431152344e+01
1.742368125915527344e+01
1.733804321289062500e+01
1.725052642822265625e+01
1.716260719299316406e+01
1.707353591918945312e+01
1.698330116271972656e+01
1.689263534545898438e+01
1.680079078674316406e+01
1.670849800109863281e+01
1.661425971984863281e+01
1.652029991149902344e+01
1.642586326599121094e+01
1.633093833923339844e+01
1.623403358459472656e+01
1.613662147521972656e+01
1.603796005249023438e+01
1.593807601928710938e+01
1.583700942993164062e+01
1.573628520965576172e+01
1.563571453094482422e+01
1.553355789184570312e+01
1.543096256256103516e+01
1.532781887054443359e+01
1.522431468963623047e+01
1.512056064605712891e+01
1.501644515991210938e+01
1.491193389892578125e+01
1.480736160278320312e+01
1.470268917083740234e+01
1.459765911102294922e+01
1.449245738983154297e+01
1.438712120056152344e+01
1.428183841705322266e+01
1.417649555206298828e+01
1.407105541229248047e+01
1.396578407287597656e+01
1.386048889160156250e+01
1.375528812408447266e+01
1.365029048919677734e+01
1.354545974731445312e+01
1.344076061248779297e+01
1.333645248413085938e+01
1.323227500915527344e+01
1.312849140167236328e+01
1.302498912811279297e+01
1.292180633544921875e+01
1.281905651092529297e+01
1.271670150756835938e+01
1.261470413208007812e+01
1.251325416564941406e+01
1.241223812103271484e+01
1.231184387207031250e+01
1.221188640594482422e+01
1.211247825622558594e+01
1.201365756988525391e+01
1.191538810729980469e+01
1.181778335571289062e+01
1.172080516815185547e+01
1.162442111968994141e+01
1.152888965606689453e+01
1.143395423889160156e+01
1.133965110778808594e+01
1.124609565734863281e+01
1.115340042114257812e+01
1.106145572662353516e+01
1.097022628784179688e+01
1.087975311279296875e+01
1.079015350341796875e+01
1.070131874084472656e+01
1.061344146728515625e+01
1.052648735046386719e+01
1.044042587280273438e+01
1.035507678985595703e+01
1.027055549621582031e+01
1.018712806701660156e+01
1.010461425781250000e+01
1.002313041687011719e+01
9.942573547363281250e+00
9.862983703613281250e+00
9.784406661987304688e+00
9.706809997558593750e+00
9.630237579345703125e+00
9.554734230041503906e+00
9.480417251586914062e+00
9.406959533691406250e+00
9.334703445434570312e+00
9.263468742370605469e+00
9.193450927734375000e+00
9.124246597290039062e+00
9.056126594543457031e+00
8.989950180053710938e+00
8.924575805664062500e+00
8.860272407531738281e+00
8.796340942382812500e+00
8.735056877136230469e+00
8.674239158630371094e+00
8.614673614501953125e+00
8.556409835815429688e+00
8.498749732971191406e+00
8.443224906921386719e+00
8.389884948730468750e+00
8.335803031921386719e+00
8.283998489379882812e+00
8.233776092529296875e+00
8.183697700500488281e+00
8.136038780212402344e+00
8.089362144470214844e+00
8.043715476989746094e+00
7.999889850616455078e+00
7.957190990447998047e+00
7.916409969329833984e+00
7.876852035522460938e+00
7.838565826416015625e+00
7.801601409912109375e+00
7.766005516052246094e+00
7.732566356658935547e+00
7.701299667358398438e+00
7.669988155364990234e+00
7.640129089355468750e+00
7.610990047454833984e+00
7.584069728851318359e+00
7.559379577636718750e+00
7.534702301025390625e+00
7.512277603149414062e+00
7.489891052246093750e+00
7.469781398773193359e+00
7.450476169586181641e+00
7.432731151580810547e+00
7.417301654815673828e+00
7.401971340179443359e+00
7.387494564056396484e+00
7.374630451202392578e+00
7.362646579742431641e+00
7.351558208465576172e+00
7.342120170593261719e+00
7.334347248077392578e+00
7.326766490936279297e+00
7.320878505706787109e+00
7.315211296081542969e+00
7.311264514923095703e+00
7.308310031890869141e+00
7.306361675262451172e+00
7.304692268371582031e+00
7.304059028625488281e+00
7.304477214813232422e+00
7.305962085723876953e+00
7.309272766113281250e+00
7.312193870544433594e+00
7.317715167999267578e+00
7.322879791259765625e+00
7.329932689666748047e+00
7.337403774261474609e+00
7.345310211181640625e+00
7.354410171508789062e+00
7.364721298217773438e+00
7.376261234283447266e+00
7.388301849365234375e+00
7.401605129241943359e+00
7.415445327758789062e+00
7.430581569671630859e+00
7.447032928466796875e+00
7.463329315185546875e+00
7.480976104736328125e+00
7.499990463256835938e+00
7.518904685974121094e+00
7.539215564727783203e+00
7.560164928436279297e+00
7.581729888916015625e+00
7.605373382568359375e+00
7.628843784332275391e+00
7.652862071990966797e+00
7.678891181945800781e+00
7.704679489135742188e+00
7.730948448181152344e+00
7.759161949157714844e+00
7.787067413330078125e+00
7.815386295318603516e+00
7.844096660614013672e+00
7.873177051544189453e+00
7.903346538543701172e+00
7.933841705322265625e+00
7.963896274566650391e+00
7.995717048645019531e+00
8.027053833007812500e+00
8.058627128601074219e+00
8.091156959533691406e+00
8.123135566711425781e+00
8.156027793884277344e+00
8.189066886901855469e+00
8.221488952636718750e+00
8.255498886108398438e+00
8.289590835571289062e+00
8.323739051818847656e+00
8.357924461364746094e+00
8.392123222351074219e+00
8.425568580627441406e+00
8.460470199584960938e+00
8.494572639465332031e+00
8.529342651367187500e+00
8.563269615173339844e+00
8.598561286926269531e+00
8.631478309631347656e+00
8.666457176208496094e+00
8.700503349304199219e+00
8.735078811645507812e+00
8.769418716430664062e+00
8.803500175476074219e+00
8.838043212890625000e+00
8.870795249938964844e+00
8.905448913574218750e+00
8.939010620117187500e+00
8.972942352294921875e+00
9.006477355957031250e+00
9.038849830627441406e+00
9.072268486022949219e+00
9.105961799621582031e+00
9.137672424316406250e+00
9.170339584350585938e+00
9.202443122863769531e+00
9.234695434570312500e+00
9.266319274902343750e+00
9.297281265258789062e+00
9.328293800354003906e+00
9.358579635620117188e+00
9.389593124389648438e+00
9.419815063476562500e+00
9.449954986572265625e+00
9.479237556457519531e+00
9.508373260498046875e+00
9.536585807800292969e+00
9.563843727111816406e+00
9.591597557067871094e+00
9.618330001831054688e+00
9.644749641418457031e+00
9.672311782836914062e+00
9.698008537292480469e+00
9.722550392150878906e+00
9.748133659362792969e+00
9.771752357482910156e+00
9.795601844787597656e+00
9.818161964416503906e+00
9.840886116027832031e+00
9.862997055053710938e+00
9.884459495544433594e+00
9.905240058898925781e+00
9.925304412841796875e+00
9.944618225097656250e+00
9.963145256042480469e+00
9.981595993041992188e+00
9.998447418212890625e+00
1.001515102386474609e+01
1.003167152404785156e+01
1.004723072052001953e+01
1.006253528594970703e+01
1.007680606842041016e+01
1.008926486968994141e+01
1.010210227966308594e+01
1.011454105377197266e+01
1.012505722045898438e+01
1.013509845733642578e+01
1.014388847351074219e+01
1.015212917327880859e+01
1.016052818298339844e+01
1.016681766510009766e+01
1.017318916320800781e+01
1.017886543273925781e+01
1.018308544158935547e+01
1.018657588958740234e+01
1.018932437896728516e+01
1.019057083129882812e+01
1.019253063201904297e+01
1.019221591949462891e+01
1.019109725952148438e+01
1.018990230560302734e+01
1.018787288665771484e+01
1.018424797058105469e+01
1.018050003051757812e+01
1.017512607574462891e+01
1.017033958435058594e+01
1.016389369964599609e+01
1.015726089477539062e+01
1.014968013763427734e+01
1.014128303527832031e+01
1.013205432891845703e+01
1.012197685241699219e+01
1.011162853240966797e+01
1.010039901733398438e+01
1.008841800689697266e+01
1.007567214965820312e+01
1.006221580505371094e+01
1.004803466796875000e+01
1.003325843811035156e+01
1.001772212982177734e+01
1.000148391723632812e+01
9.984525680541992188e+00
9.966905593872070312e+00
9.948532104492187500e+00
9.929610252380371094e+00
9.909976005554199219e+00
9.889611244201660156e+00
9.868571281433105469e+00
9.846915245056152344e+00
9.824476242065429688e+00
9.801460266113281250e+00
9.777701377868652344e+00
9.753180503845214844e+00
9.728102684020996094e+00
9.702302932739257812e+00
9.675762176513671875e+00
9.648537635803222656e+00
9.620610237121582031e+00
9.591961860656738281e+00
9.562647819519042969e+00
9.532650947570800781e+00
9.501875877380371094e+00
9.470384597778320312e+00
9.438260078430175781e+00
9.405439376831054688e+00
9.371934890747070312e+00
9.337759971618652344e+00
9.303075790405273438e+00
9.267819404602050781e+00
9.231927871704101562e+00
9.195564270019531250e+00
9.158514022827148438e+00
9.121087074279785156e+00
9.083221435546875000e+00
9.044853210449218750e+00
9.006066322326660156e+00
8.966873168945312500e+00
8.927284240722656250e+00
8.887234687805175781e+00
8.846810340881347656e+00
8.806094169616699219e+00
8.765023231506347656e+00
8.723607063293457031e+00
8.681929588317871094e+00
8.639926910400390625e+00
8.597608566284179688e+00
8.554984092712402344e+00
8.512137413024902344e+00
8.469078063964843750e+00
8.425741195678710938e+00
8.382209777832031250e+00
8.338419914245605469e+00
8.294529914855957031e+00
8.250326156616210938e+00
8.205965995788574219e+00
8.161535263061523438e+00
8.116818428039550781e+00
8.071974754333496094e+00
8.027014732360839844e+00
7.981873035430908203e+00
7.936635017395019531e+00
7.891233921051025391e+00
7.845757484436035156e+00
7.800064563751220703e+00
7.754315853118896484e+00
7.708521842956542969e+00
7.662542819976806641e+00
7.616614341735839844e+00
7.570449829101562500e+00
7.524281501770019531e+00
7.477974414825439453e+00
7.431760311126708984e+00
7.385356426239013672e+00
7.338934421539306641e+00
7.292444229125976562e+00
7.245984554290771484e+00
7.199433326721191406e+00
7.153037548065185547e+00
7.106598854064941406e+00
7.060217380523681641e+00
7.013918876647949219e+00
6.967727184295654297e+00
6.921520709991455078e+00
6.875547885894775391e+00
6.829534530639648438e+00
6.783731460571289062e+00
6.738162517547607422e+00
6.692853927612304688e+00
6.647904396057128906e+00
6.602819919586181641e+00
6.558071613311767578e+00
6.513460636138916016e+00
6.469236373901367188e+00
6.425125598907470703e+00
6.381302356719970703e+00
6.337717533111572266e+00
6.294544219970703125e+00
6.251435756683349609e+00
6.208862781524658203e+00
6.166478157043457031e+00
6.124381065368652344e+00
6.082669734954833984e+00
6.041442871093750000e+00
6.000428199768066406e+00
5.959872245788574219e+00
5.919651031494140625e+00
5.879862308502197266e+00
5.840308189392089844e+00
5.801309585571289062e+00
5.762667655944824219e+00
5.724480628967285156e+00
5.686698913574218750e+00
5.649196624755859375e+00
5.612297058105468750e+00
5.575799942016601562e+00
5.539730548858642578e+00
5.504186630249023438e+00
5.469045162200927734e+00
5.434404373168945312e+00
5.400363445281982422e+00
5.366798877716064453e+00
5.333661079406738281e+00
5.301047801971435547e+00
5.268972873687744141e+00
5.237375736236572266e+00
5.206268310546875000e+00
5.175664424896240234e+00
5.145577430725097656e+00
5.115945816040039062e+00
5.086858749389648438e+00
5.058255672454833984e+00
5.030076026916503906e+00
5.002409458160400391e+00
4.975270748138427734e+00
4.948526382446289062e+00
4.922266006469726562e+00
4.896654605865478516e+00
4.871335983276367188e+00
4.846475601196289062e+00
4.822238445281982422e+00
4.798343658447265625e+00
4.775031566619873047e+00
4.752096176147460938e+00
4.729703426361083984e+00
4.707722663879394531e+00
4.686394691467285156e+00
4.665440559387207031e+00
4.644877433776855469e+00
4.624947547912597656e+00
4.605445384979248047e+00
4.586464405059814453e+00
4.567949295043945312e+00
4.549991607666015625e+00
4.532536983489990234e+00
4.515604019165039062e+00
4.499136447906494141e+00
4.483153820037841797e+00
4.467822074890136719e+00
4.452939033508300781e+00
4.438670158386230469e+00
4.424886226654052734e+00
4.411605358123779297e+00
4.398995399475097656e+00
4.386776447296142578e+00
4.375189781188964844e+00
4.364253997802734375e+00
4.353837490081787109e+00
4.343959808349609375e+00
4.334711074829101562e+00
4.326035976409912109e+00
4.317951679229736328e+00
4.310475349426269531e+00
4.303694248199462891e+00
4.297383785247802734e+00
4.291760444641113281e+00
4.286668777465820312e+00
4.282027721405029297e+00
4.277979373931884766e+00
4.274443149566650391e+00
4.271485328674316406e+00
4.268877983093261719e+00
4.266761779785156250e+00
4.265204906463623047e+00
4.263903141021728516e+00
4.263147354125976562e+00
4.262782573699951172e+00
4.262876510620117188e+00
4.263200283050537109e+00
4.263970375061035156e+00
4.265032291412353516e+00
4.266455173492431641e+00
4.268307209014892578e+00
4.270435333251953125e+00
4.272832870483398438e+00
4.275496482849121094e+00
4.278569221496582031e+00
4.281899452209472656e+00
4.285407066345214844e+00
4.289238452911376953e+00
4.293241024017333984e+00
4.297560214996337891e+00
4.302118778228759766e+00
4.306913375854492188e+00
4.311943531036376953e+00
4.317205905914306641e+00
4.322699546813964844e+00
4.328495979309082031e+00
4.334446907043457031e+00
4.340550899505615234e+00
4.346955299377441406e+00
4.353585720062255859e+00
4.360441684722900391e+00
4.367448806762695312e+00
4.374680995941162109e+00
4.382139205932617188e+00
4.389822959899902344e+00
4.397658348083496094e+00
4.405794143676757812e+00
4.414156436920166016e+00
4.422671794891357422e+00
4.431488513946533203e+00
4.440458774566650391e+00
4.449728012084960938e+00
4.459137439727783203e+00
4.468821525573730469e+00
4.478693008422851562e+00
4.488811016082763672e+00
4.499013423919677734e+00
4.509434700012207031e+00
4.519985198974609375e+00
4.530650615692138672e+00
4.541489601135253906e+00
4.552413463592529297e+00
4.563554286956787109e+00
4.574747085571289062e+00
4.585976123809814453e+00
4.597373485565185547e+00
4.608848094940185547e+00
4.620381832122802734e+00
4.631883621215820312e+00
4.643484592437744141e+00
4.655165672302246094e+00
4.666835308074951172e+00
4.678548812866210938e+00
4.690063953399658203e+00
4.701659202575683594e+00
4.713315963745117188e+00
4.724865913391113281e+00
4.736363410949707031e+00
4.747863292694091797e+00
4.759197235107421875e+00
4.770568847656250000e+00
4.781660079956054688e+00
4.792823791503906250e+00
4.803742408752441406e+00
4.814692974090576172e+00
4.825433254241943359e+00
4.835943222045898438e+00
4.846427440643310547e+00
4.856642723083496094e+00
4.866793155670166016e+00
4.876636028289794922e+00
4.886302471160888672e+00
4.895847320556640625e+00
4.905104637145996094e+00
4.914204597473144531e+00
4.922906398773193359e+00
4.931638717651367188e+00
4.940012931823730469e+00
4.948235034942626953e+00
4.956139564514160156e+00
4.963711261749267578e+00
4.971082687377929688e+00
4.978317260742187500e+00
4.985107421875000000e+00
4.991740703582763672e+00
4.998133182525634766e+00
5.004200935363769531e+00
5.010082721710205078e+00
5.015695571899414062e+00
5.021031379699707031e+00
5.026228904724121094e+00
5.030982017517089844e+00
5.035654067993164062e+00
5.040087223052978516e+00
5.044273376464843750e+00
5.048203468322753906e+00
5.051942348480224609e+00
5.055480957031250000e+00
5.058736801147460938e+00
5.061773777008056641e+00
5.064657211303710938e+00
5.067228317260742188e+00
5.069699287414550781e+00
5.071837425231933594e+00
5.073928833007812500e+00
5.075664520263671875e+00
5.077255725860595703e+00
5.078468322753906250e+00
5.079660415649414062e+00
5.080521106719970703e+00
5.081187248229980469e+00
5.081717491149902344e+00
5.081948757171630859e+00
5.081941127777099609e+00
5.081530570983886719e+00
5.081071376800537109e+00
5.080251216888427734e+00
5.079274654388427734e+00
5.078051090240478516e+00
5.076413631439208984e+00
5.074566364288330078e+00
5.072491645812988281e+00
5.070021152496337891e+00
5.067284584045410156e+00
5.064188003540039062e+00
5.060860157012939453e+00
5.057206153869628906e+00
5.053131580352783203e+00
5.048765659332275391e+00
5.043938159942626953e+00
5.038777351379394531e+00
5.033191204071044922e+00
5.027247428894042969e+00
5.020866394042968750e+00
5.014193534851074219e+00
5.007075786590576172e+00
4.999658107757568359e+00
4.991788387298583984e+00
4.983463287353515625e+00
4.974827766418457031e+00
4.965954780578613281e+00
4.956692695617675781e+00
4.947039127349853516e+00
4.937067985534667969e+00
4.926703453063964844e+00
4.916167736053466797e+00
4.905163764953613281e+00
4.893840312957763672e+00
4.882197856903076172e+00
4.870386600494384766e+00
4.858110904693603516e+00
4.845669746398925781e+00
4.832842826843261719e+00
4.819855690002441406e+00
4.806563377380371094e+00
4.793043613433837891e+00
4.779225826263427734e+00
4.765188217163085938e+00
4.750935554504394531e+00
4.736471652984619141e+00
4.721727371215820312e+00
4.706781864166259766e+00
4.691713333129882812e+00
4.676378726959228516e+00
4.660930633544921875e+00
4.645225524902343750e+00
4.629415988922119141e+00
4.613358020782470703e+00
4.597352504730224609e+00
4.580956935882568359e+00
4.564546108245849609e+00
4.548048973083496094e+00
4.531318664550781250e+00
4.514431476593017578e+00
4.497463226318359375e+00
4.480414867401123047e+00
4.463212013244628906e+00
4.445853710174560547e+00
4.428413867950439453e+00
4.410742282867431641e+00
4.393059253692626953e+00
4.375214576721191406e+00
4.357215404510498047e+00
4.339069366455078125e+00
4.320931911468505859e+00
4.302587032318115234e+00
4.284188747406005859e+00
4.265742778778076172e+00
4.247179031372070312e+00
4.228428363800048828e+00
4.209716320037841797e+00
4.190824031829833984e+00
4.171902656555175781e+00
4.152881622314453125e+00
4.133761882781982422e+00
4.114546298980712891e+00
4.095311641693115234e+00
4.075910091400146484e+00
4.056419372558593750e+00
4.036766529083251953e+00
4.017176151275634766e+00
3.997428417205810547e+00
3.977599859237670898e+00
3.957693099975585938e+00
3.937637567520141602e+00
3.917659521102905273e+00
3.897466182708740234e+00
3.877136468887329102e+00
3.856824398040771484e+00
3.836238622665405273e+00
3.815757751464843750e+00
3.795165300369262695e+00
3.774395942687988281e+00
3.753607511520385742e+00
3.732660055160522461e+00
3.711713314056396484e+00
3.690704345703125000e+00
3.669645071029663086e+00
3.648474454879760742e+00
3.627354860305786133e+00
3.606151580810546875e+00
3.584880352020263672e+00
3.563705921173095703e+00
3.542496442794799805e+00
3.521268606185913086e+00
3.500115156173706055e+00
3.478905200958251953e+00
3.457732677459716797e+00
3.436616420745849609e+00
3.415724277496337891e+00
3.394854068756103516e+00
3.373950481414794922e+00
3.353255987167358398e+00
3.332640409469604492e+00
3.312197923660278320e+00
3.291872501373291016e+00
3.271757125854492188e+00
3.251795530319213867e+00
3.231931686401367188e+00
3.212331533432006836e+00
3.192863225936889648e+00
3.173617362976074219e+00
3.154683828353881836e+00
3.135854721069335938e+00
3.117218494415283203e+00
3.098862648010253906e+00
3.080873727798461914e+00
3.063040494918823242e+00
3.045373678207397461e+00
3.028030872344970703e+00
3.010946512222290039e+00
2.994054555892944336e+00
2.977435111999511719e+00
2.961094141006469727e+00
2.945036411285400391e+00
2.929191350936889648e+00
2.913561820983886719e+00
2.898149728775024414e+00
2.882956743240356445e+00
2.867983102798461914e+00
2.853228330612182617e+00
2.838692188262939453e+00
2.824299335479736328e+00
2.810196161270141602e+00
2.796158075332641602e+00
2.782405376434326172e+00
2.768713235855102539e+00
2.755153417587280273e+00
2.741723537445068359e+00
2.728495836257934570e+00
2.715319395065307617e+00
2.702267885208129883e+00
2.689265251159667969e+00
2.676534175872802734e+00
2.663703680038452148e+00
2.650997638702392578e+00
2.638418197631835938e+00
2.625893831253051758e+00
2.613354682922363281e+00
2.601028442382812500e+00
2.588624238967895508e+00
0.000000000000000000e+00
0.000000000000000000e+00
0.000000000000000000e+00
0.000000000000000000e+00
0.000000000000000000e+00
0.000000000000000000e+00
0.000000000000000000e+00
0.000000000000000000e+00
0.000000000000000000e+00
0.000000000000000000e+00
0.000000000000000000e+00
0.000000000000000000e+00
0.000000000000000000e+00
0.000000000000000000e+00
0.000000000000000000e+00
0.000000000000000000e+00
0.000000000000000000e+00
0.000000000000000000e+00
0.000000000000000000e+00
0.000000000000000000e+00
0.000000000000000000e+00
0.000000000000000000e+00
0.000000000000000000e+00
0.000000000000000000e+00
0.000000000000000000e+00
0.000000000000000000e+00
0.000000000000000000e+00
0.000000000000000000e+00
0.000000000000000000e+00
0.000000000000000000e+00
0.000000000000000000e+00
0.000000000000000000e+00
0.000000000000000000e+00
0.000000000000000000e+00
0.000000000000000000e+00
0.000000000000000000e+00
0.000000000000000000e+00
0.000000000000000000e+00
0.000000000000000000e+00
0.000000000000000000e+00
0.000000000000000000e+00
0.000000000000000000e+00
0.000000000000000000e+00
0.000000000000000000e+00
0.000000000000000000e+00
0.000000000000000000e+00
0.000000000000000000e+00
0.000000000000000000e+00
0.000000000000000000e+00
0.000000000000000000e+00
0.000000000000000000e+00
0.000000000000000000e+00
0.000000000000000000e+00
0.000000000000000000e+00
0.000000000000000000e+00
0.000000000000000000e+00
0.000000000000000000e+00
0.000000000000000000e+00
0.000000000000000000e+00
0.000000000000000000e+00
0.000000000000000000e+00
0.000000000000000000e+00
0.000000000000000000e+00
0.000000000000000000e+00
0.000000000000000000e+00
0.000000000000000000e+00
0.000000000000000000e+00
0.000000000000000000e+00
0.000000000000000000e+00
0.000000000000000000e+00
0.000000000000000000e+00
0.000000000000000000e+00
0.000000000000000000e+00
0.000000000000000000e+00
0.000000000000000000e+00
0.000000000000000000e+00
0.000000000000000000e+00
0.000000000000000000e+00
0.000000000000000000e+00
0.000000000000000000e+00
0.000000000000000000e+00
0.000000000000000000e+00
0.000000000000000000e+00
0.000000000000000000e+00
0.000000000000000000e+00
0.000000000000000000e+00
0.000000000000000000e+00
0.000000000000000000e+00
0.000000000000000000e+00
0.000000000000000000e+00
0.000000000000000000e+00
0.000000000000000000e+00
0.000000000000000000e+00
0.000000000000000000e+00
0.000000000000000000e+00
0.000000000000000000e+00
0.000000000000000000e+00
0.000000000000000000e+00
0.000000000000000000e+00
0.000000000000000000e+00
