# pp
8.490256359507268279e-09
5.138795489043839645e-09
3.537604535999441289e-09
2.619135313222876104e-09
2.031890300997680108e-09
1.629323876453851103e-09
1.339184973065782951e-09
1.122136520812731237e-09
9.547856753516767006e-10
8.228838445923732742e-10
7.166727773029886190e-10
6.297501749039919129e-10
5.576904975174452989e-10
4.972231528631214294e-10
4.459458295759815622e-10
4.020755744056032184e-10
3.642492182267440192e-10
3.313754460612556374e-10
3.026047583247784450e-10
2.772911878598680760e-10
2.549156211407231800e-10
2.350347488428918638e-10
2.172853710050969093e-10
2.013761192332220702e-10
1.870661444816872817e-10
1.741507272301705798e-10
1.624553249740053159e-10
1.518253640285516833e-10
1.421314061431209111e-10
1.332731118634617768e-10
1.251643216248682263e-10
1.177235389869762893e-10
1.108791165213563815e-10
1.045700931839918024e-10
9.874350857432320466e-11
9.335261017227118094e-11
8.835608110288799318e-11
8.371683760872249635e-11
7.940200756117841121e-11
7.538254396048647141e-11
7.163277476304557837e-11
6.812986506180182478e-11
6.485342002023987946e-11
6.178517343419448300e-11
5.890865203888089178e-11
5.620876169612708692e-11
5.367183918563968814e-11
5.128555030930795797e-11
4.903873568155728755e-11
4.692123579293887014e-11
4.492366358856229590e-11
4.303744730441341954e-11
4.125478197333023088e-11
3.956854775540480678e-11
3.797221320631791873e-11
3.645970404541526557e-11
3.502543398649359625e-11
3.366428012511928010e-11
3.237153728141055610e-11
3.114289442845515414e-11
2.997444508575522422e-11
2.886259767232112923e-11
2.780403034374982210e-11
2.679566676700385587e-11
2.583463356668971684e-11
2.491818327773313907e-11
2.404374733217349696e-11
2.320894090675634255e-11
2.241154731265353513e-11
2.164949083050418273e-11
2.092078764505825946e-11
2.022357827033209778e-11
1.955613013227260695e-11
1.891682734977579525e-11
1.830417122212646891e-11
1.771679905741489553e-11
1.715344393685191521e-11
1.661291798638620242e-11
1.609410650623731176e-11
1.559595896578127638e-11
1.511747388641090326e-11
1.465770641135126555e-11
1.421576781996649700e-11
1.379082157069777719e-11
1.338207686069195733e-11
1.298877738333137728e-11
1.261020750912120673e-11
1.224569226497758748e-11
1.189459460401710403e-11
1.155631131208599733e-11
1.123026623203464504e-11
1.091591328557022435e-11
1.061273606666209498e-11
1.032024594137092077e-11
1.003798028757828425e-11
9.765500862996473999e-12
9.502392290911235868e-12
9.248260654074069279e-12
9.002732188028210156e-12
8.765452065933282961e-12
8.536083267657830567e-12
8.314305526544350831e-12
8.099814347825591862e-12
7.892320093189946110e-12
7.691547126463849811e-12
7.497233015804798265e-12
7.309127788184950291e-12
7.126993232295738608e-12
6.950602246322652644e-12
6.779737432860310505e-12
6.614188256988307280e-12
6.453753081960725055e-12
6.298239468593199520e-12
6.147463683119007773e-12
6.001250235270227461e-12
5.859431444490426441e-12
5.721847032346623794e-12
5.588343739355833960e-12
5.458774964576748212e-12
5.333000426440980371e-12
5.210885843412103230e-12
5.092302633165015737e-12
4.977127629074066122e-12
4.865242812886590599e-12
4.756535062539557068e-12
4.650895914151699916e-12
4.548221337292325307e-12
4.448411522691332142e-12
4.351370681613528164e-12
4.257006629220942645e-12
4.165229951804629797e-12
4.075954563914515222e-12
3.989097777198990152e-12
3.904580143951056781e-12
3.822325308907990456e-12
3.742259868813763968e-12
3.664313239285979085e-12
3.588417528559115390e-12
3.514507417703814495e-12
3.442520046947847514e-12
3.372394907748467302e-12
3.304073740288214014e-12
3.237500436087045195e-12
3.172620945443001834e-12
3.109383189431620258e-12
3.047736976211061450e-12
2.987633921395579572e-12
2.929027372274457037e-12
2.871872335667153248e-12
2.816125443746578219e-12
2.761744988539790622e-12
2.708690749853394223e-12
2.656923900877669509e-12
2.606406951992529719e-12
2.557103697167218407e-12
2.508979162818848237e-12
2.461999559002645595e-12
2.416132232814115740e-12
2.371345623890162207e-12
2.327609221902628226e-12
2.284893525943725419e-12
2.243170005708482079e-12
2.202411064384612190e-12
2.162590003165186396e-12
2.123680987304155962e-12
2.085659013639149737e-12
2.048499879510085093e-12
2.012180153006026550e-12
1.976677144476324538e-12
1.941968879245530556e-12
1.908034071474781431e-12
1.874852099115398426e-12
1.842402979903279896e-12
1.810667348345389856e-12
1.779626411352319727e-12
1.749261862189062510e-12
1.719555930482468550e-12
1.690491385305294341e-12
1.662051516238219258e-12
1.634220115190650655e-12
1.606981458946130903e-12
1.580320292399811265e-12
1.554221812457117523e-12
1.528671652564258416e-12
1.503655867842663561e-12
1.479160920800824344e-12
1.455173667598295840e-12
1.431681344837853358e-12
1.408671556862945261e-12
1.386132263538700919e-12
1.364051768495774076e-12
1.342418707817305827e-12
1.321222039150210846e-12
1.300451031222885366e-12
1.280095253752276700e-12
1.260144567724040103e-12
1.240589116030274134e-12
1.221419314450039183e-12
1.202625842958547612e-12
1.184199677353537210e-12
1.166132198019570940e-12
1.148415056752207726e-12
1.131040128785335262e-12
1.113999505884346200e-12
1.097285489682923460e-12
1.080890585253751048e-12
1.064807494903913270e-12
1.049029112186142429e-12
1.033548516117458449e-12
1.018358965597122260e-12
1.003453894016162484e-12
9.888269040510834922e-13
9.744717626346668560e-13
9.603823960970885988e-13
9.465528854708624360e-13
9.329774619533938392e-13
9.196505025211916882e-13
9.065665256900324683e-13
8.937201874156142083e-13
8.811062771294631326e-13
8.687197139050728928e-13
8.565555427494608192e-13
8.446089310155317192e-13
8.328751649308171633e-13
8.213496462383464133e-13
8.100278889455802377e-13
7.989055161774863832e-13
7.879782571300198477e-13
7.772419441203942918e-13
7.666925097306908665e-13
7.563259840414876570e-13
7.461384919523125967e-13
7.361262505858622513e-13
7.262855667730410570e-13
7.166128346159911080e-13
7.071045331263957841e-13
6.977572239364438043e-13
6.885675490799394473e-13
6.795322288411457590e-13
6.706480596690352079e-13
6.619119121547155537e-13
6.533207290698763405e-13
6.448715234641939208e-13
6.365613768196985462e-13
6.283874372601899666e-13
6.203469178138589563e-13
6.124370947273338887e-13
6.046553058294492263e-13
5.969989489430826753e-13
5.894655020865721211e-13
5.820525858257812986e-13
5.747578942309755999e-13
5.675791714920093355e-13
5.605142106649059805e-13
5.535608524541617777e-13
5.467170162375815785e-13
5.399805378768251922e-13
5.333494599815848468e-13
5.268218622349901287e-13
5.203957436654565784e-13
5.140691500479656347e-13
5.078402841921195224e-13
5.017073825596173396e-13
4.956686081382826421e-13
4.897221662444909245e-13
4.838664049786001568e-13
4.780997030276467214e-13
4.724203720571579876e-13
4.668267621136642348e-13
4.613173532431156602e-13
4.558906533273490196e-13
4.505451090330750567e-13
4.452792018752142982e-13
4.400915318813738968e-13
4.349807244428740109e-13
4.299453489685872545e-13
4.249840065490989099e-13
4.200954064517312174e-13
4.152782810824995519e-13
4.105313115873812015e-13
4.058532079516346833e-13
4.012427790233316788e-13
3.966988547838278291e-13
3.922202182223471660e-13
3.878056786121463928e-13
3.834541356844649370e-13
3.791645084938699348e-13
3.749356729652942157e-13
3.707665290073758439e-13
3.666560593917682010e-13
3.626032645777214462e-13
3.586071053952337111e-13
3.546665645843198798e-13
3.507807008755770861e-13
3.469485892070097700e-13
3.431692680638646101e-13
3.394417959695272199e-13
3.357653012110834502e-13
3.321389269419042025e-13
3.285617908015473626e-13
3.250330605593117813e-13
3.215519749924741480e-13
3.181177852920693007e-13
3.147297105035345627e-13
3.113869853113991243e-13
3.080889022358898187e-13
3.048347652233148030e-13
3.016238485807740852e-13
2.984554409778249096e-13
2.953288843609391180e-13
2.922435312036872193e-13
2.891987066247913552e-13
2.861937489463672939e-13
2.832280456157422500e-13
2.803009937881550641e-13
2.774119653482752181e-13
2.745603443306131271e-13
2.717455601096987904e-13
2.689670510206720392e-13
2.662242320318752777e-13
2.635165293027540209e-13
2.608434108779638746e-13
2.582043530803112333e-13
2.555988106065476437e-13
2.530262484711027366e-13
2.504861704169747052e-13
2.479780878414128668e-13
2.455014921089536039e-13
2.430558841052450865e-13
2.406408005572657120e-13
2.382557852752963575e-13
2.359003634968339645e-13
2.335740692532476772e-13
2.312764697736871325e-13
2.290071388475914844e-13
2.267656330306659132e-13
2.245515170078576460e-13
2.223643862390143571e-13
2.202038422647054582e-13
2.180694706211829847e-13
2.159608643659177799e-13
2.138776451084435672e-13
2.118194400988664857e-13
2.097858617128581475e-13
2.077765292905244072e-13
2.057910886827304424e-13
2.038291909765694946e-13
2.018904734241284231e-13
1.999745797315757397e-13
1.980811818005294412e-13
1.962099704795286492e-13
1.943606268598494431e-13
1.925328375473302515e-13
1.907263115944291085e-13
1.889407621243610337e-13
1.871758898226408560e-13
1.854314004978669031e-13
1.837070208530999698e-13
1.820024813839393936e-13
1.803175009980864354e-13
1.786518033662412449e-13
1.770051316227056641e-13
1.753772324375956081e-13
1.737678416773230711e-13
1.721766996398012062e-13
1.706035647664130436e-13
1.690481987972670630e-13
1.675103533929938836e-13
1.659897843402823293e-13
1.644862643503335370e-13
1.629995692139409786e-13
1.615294653117868684e-13
1.600757228689399158e-13
1.586381279085479256e-13
1.572164693306519283e-13
1.558105272443222956e-13
1.544200853430530813e-13
1.530449420766693318e-13
1.516848985842475319e-13
1.503397477870123655e-13
1.490092859504923043e-13
1.476933231323768563e-13
1.463916719057704484e-13
1.451041371568438887e-13
1.438305268941061559e-13
1.425706620251817395e-13
1.413243658119443012e-13
1.400914543215240692e-13
1.388717465380474591e-13
1.376650735169729188e-13
1.364712685184803037e-13
1.352901580646288182e-13
1.341215714043680443e-13
1.329653490901252364e-13
1.318213337402204424e-13
1.306893616587869348e-13
1.295692717007180643e-13
1.284609133116065157e-13
1.273641378739528250e-13
1.262787923230716688e-13
1.252047318156355758e-13
1.241418227502604409e-13
1.230899331712041112e-13
1.220489254004313293e-13
1.210186638307906854e-13
1.199990220062117866e-13
1.189898750170514967e-13
1.179910925841515663e-13
1.170025463704007294e-13
1.160241233135990594e-13
1.150556850666808140e-13
1.140971218710113103e-13
1.131483249659751240e-13
1.122091614718514978e-13
1.112795257913289770e-13
1.103593011129721287e-13
1.094483723361980971e-13
1.085466378446552022e-13
1.076539736994955850e-13
1.067702812025891508e-13
1.058954625471583968e-13
1.050293986162000185e-13
1.041719943991992431e-13
1.033231449770727647e-13
1.024827469412581858e-13
1.016507088115755931e-13
1.008269193597061750e-13
1.000112896887899830e-13
9.920373169939736366e-14
9.840413842500748580e-14
9.761242424320278067e-14
9.682849475864761678e-14
9.605225691249661610e-14
9.528362821929340037e-14
9.452250868780020016e-14
9.376881812409718479e-14
9.302247704882316289e-14
9.228338924541862979e-14
9.155147743317216045e-14
9.082665654856852080e-14
9.010884271302918388e-14
8.939796143859940331e-14
8.869392268912951180e-14
8.799665401337837439e-14
8.730608360139740145e-14
8.662212476700647663e-14
8.594470765562415606e-14
8.527375549501736032e-14
8.460919256559855107e-14
8.395095178110710674e-14
8.329895331972233495e-14
8.265313325937216838e-14
8.201342822559736599e-14
8.137976156894326065e-14
8.075207160106298299e-14
8.013029044618057986e-14
7.951435113849104416e-14
7.890419413443592027e-14
7.829974753067639260e-14
7.770095334994873029e-14
7.710775410860449987e-14
7.652008048139673490e-14
7.593787649067366031e-14
7.536108063955291282e-14
7.478963224296436810e-14
7.422347724440273701e-14
7.366255055016568775e-14
7.310679950439222835e-14
7.255617189678323373e-14
7.201060493568389171e-14
7.147004775826806675e-14
7.093444456996185082e-14
7.040374030172012737e-14
6.987788581438629536e-14
6.935682209583301740e-14
6.884050126155194941e-14
6.832887582975967476e-14
6.782188884747799977e-14
6.731949404059158901e-14
6.682164072075588725e-14
6.632827884915479440e-14
6.583936370062737589e-14
6.535484170383830970e-14
6.487466925934522104e-14
6.439880313218077892e-14
6.392719159599586773e-14
6.345979249995189648e-14
6.299655973573255349e-14
6.253744777747472981e-14
6.208241586842478470e-14
6.163141531294508674e-14
6.118440636592306394e-14
6.074134961251279661e-14
6.030219801286832936e-14
5.986691312689862194e-14
5.943545296090461058e-14
5.900777604432901195e-14
5.858384519363689969e-14
5.816361608957917640e-14
5.774705276186794745e-14
5.733412074111054571e-14
5.692477897678772665e-14
5.651899412529547795e-14
5.611672961926091021e-14
5.571794933439898799e-14
5.532262097878467720e-14
5.493070581035302148e-14
5.454217230488961600e-14
5.415698918441370420e-14
5.377511896896227461e-14
5.339653112141525879e-14
5.302119220149664982e-14
5.264907227011175299e-14
5.228012937517141187e-14
5.191434660798629192e-14
5.155168278951634645e-14
5.119210936834269594e-14
5.083560383228535415e-14
5.048212061752727749e-14
5.013163794656509789e-14
4.978413396350387157e-14
4.943956462618386940e-14
4.909790878756467252e-14
4.875913983679188784e-14
4.842322072335732679e-14
4.809013616594722316e-14
4.775984978808523269e-14
4.743233619185693148e-14
4.710757017511126445e-14
4.678551673182322757e-14
4.646616129866990779e-14
4.614946950150932615e-14
4.583541727613620516e-14
4.552398549939142539e-14
4.521513620588761645e-14
4.490885087381514105e-14
4.460511092729120960e-14
4.430387963688644179e-14
4.400513900745886087e-14
4.370886657740579900e-14
4.341503133304041144e-14
4.312362009768551208e-14
4.283460241061364096e-14
4.254795680837665622e-14
4.226366199125349345e-14
4.198168861484828732e-14
4.170202411291466907e-14
4.142463966035786145e-14
4.114951489552813910e-14
4.087663359146985012e-14
4.060596431697606664e-14
4.033749168507394578e-14
4.007120026617438429e-14
3.980705969166980443e-14
3.954505499847742885e-14
3.928516754693792258e-14
3.902737164891390603e-14
3.877165630273542575e-14
3.851799626509366285e-14
3.826637369953522558e-14
3.801677090167755621e-14
3.776916352634887122e-14
3.752354106506098816e-14
3.727987959115757875e-14
3.703816215649700510e-14
3.679837516774677885e-14
3.656049223634502184e-14
3.632450016832632672e-14
3.609038574082758203e-14
3.585812337981891379e-14
3.562770024882651994e-14
3.539910047437975455e-14
3.517230234936592030e-14
3.494729632459878099e-14
3.472406106184322741e-14
3.450258135564989951e-14
3.428284211207019305e-14
3.406482273256560593e-14
3.384851409049682766e-14
3.363389593493018665e-14
3.342095380185014050e-14
3.320967601427539065e-14
3.300004027455105102e-14
3.279203523778130458e-14
3.258564954008204209e-14
3.238086155631481999e-14
3.217766024413466602e-14
3.197603204021628779e-14
3.177595852978837544e-14
3.157743141114324541e-14
3.138043257682472335e-14
3.118494902158963183e-14
3.099096783465432980e-14
3.079847152077691698e-14
3.060745214102135677e-14
3.041789249016958348e-14
3.022978018446587992e-14
3.004310516624168843e-14
2.985784852083948140e-14
2.967400052728584408e-14
2.949155168842586183e-14
2.931048399755014969e-14
2.913078827662733692e-14
2.895245324058607232e-14
2.877546354664625187e-14
2.859981229823774623e-14
2.842548440083199953e-14
2.825246901976749106e-14
2.808075539635227089e-14
2.791032893219757426e-14
2.774118302123625422e-14
2.757330329973886928e-14
2.740667943504826800e-14
2.724130304041237997e-14
2.707715830587387437e-14
2.691423706938836284e-14
2.675253115822223081e-14
2.659202521568080195e-14
2.643271128695503802e-14
2.627457965222289203e-14
2.611761718680776537e-14
2.596181785484439470e-14
2.580716874041915124e-14
2.565366050348454725e-14
2.550128386890000545e-14
2.535002633531592906e-14
2.519988211817372546e-14
2.505083891372053626e-14
2.490288780650710915e-14
2.475602151932739512e-14
2.461022653025004739e-14
2.446549575147234305e-14
2.432182208880527892e-14
2.417919239986498282e-14
2.403759977426763888e-14
2.389703581678261014e-14
2.375748926309993814e-14
2.361895482344304975e-14
2.348142140975008196e-14
2.334488094822348350e-14
2.320932542068170957e-14
2.307474408693046883e-14
2.294113187497631540e-14
2.280847821165745409e-14
2.267677538360319565e-14
2.254601573034344663e-14
2.241619164418369699e-14
2.228729296107719940e-14
2.215931484133950857e-14
2.203224476024921849e-14
2.190608072059655579e-14
2.178081058779870308e-14
2.165642991436393117e-14
2.153293174464434906e-14
2.141030431625907569e-14
2.128854331876066836e-14
2.116764438710331474e-14
2.104759604422987829e-14
2.092839171028734707e-14
2.081002715443337774e-14
2.069249124823297296e-14
2.057578212998612201e-14
2.045988885088161976e-14
2.034480732874139041e-14
2.023052905031111448e-14
2.011704780270316617e-14
2.000435741405676097e-14
1.989245175344942655e-14
1.978132262614762504e-14
1.967096612964118912e-14
1.956137419178518692e-14
1.945254090551932073e-14
1.934446040279857350e-14
1.923712485289463714e-14
1.913053050694396585e-14
1.902466965069115972e-14
1.891953662890948774e-14
1.881512582357018495e-14
1.871143165375407794e-14
1.860844669009190809e-14
1.850616734826393685e-14
1.840458446052031112e-14
1.830369636247086881e-14
1.820349403079613219e-14
1.810397400451899668e-14
1.800513100939529530e-14
1.790695628715168524e-14
1.780944647918086631e-14
1.771259819148401327e-14
1.761640287078462071e-14
1.752085551538951319e-14
1.742595283148746604e-14
1.733168651477961164e-14
1.723805499557958717e-14
1.714505009896064063e-14
1.705266864354012032e-14
1.696090422463635562e-14
1.686975211156573158e-14
1.677920760439015569e-14
1.668926606493618572e-14
1.659992147382067413e-14
1.651117097171195070e-14
1.642300865597677670e-14
1.633543020162415617e-14
1.624843131088695122e-14
1.616200624968121578e-14
1.607615226585258855e-14
1.599086370671487770e-14
1.590613642321793087e-14
1.582196629232549892e-14
1.573834921695717572e-14
1.565527974381837777e-14
1.557275523577053124e-14
1.549076896051761824e-14
1.540931968712670525e-14
1.532840078463073678e-14
1.524800970232316687e-14
1.516814255804563490e-14
1.508879290702215092e-14
1.500995827042470710e-14
1.493163614445566122e-14
1.485382022851435048e-14
1.477650683207417146e-14
1.469969352176050857e-14
1.462337417235728525e-14
1.454754761904055732e-14
1.447220782780304657e-14
1.439735244440263340e-14
1.432297673602574999e-14
1.424907720313964245e-14
1.417565036790450287e-14
1.410269277411968635e-14
1.403019985182835387e-14
1.395816934414247377e-14
1.388659674452305260e-14
1.381547871306784343e-14
1.374481193057690487e-14
1.367459201424428312e-14
1.360481679016335322e-14
1.353548193604123175e-14
1.346658424370587095e-14
1.339812052479778022e-14
1.333008761071763472e-14
1.326248132619715072e-14
1.319529958696748510e-14
1.312853726734813189e-14
1.306219332911311006e-14
1.299626272128130160e-14
1.293074342614117657e-14
1.286563246012984840e-14
1.280092502428517333e-14
1.273661929320137663e-14
1.267271342333283809e-14
1.260920274117703349e-14
1.254608451577543105e-14
1.248335695304948770e-14
1.242101550410778417e-14
1.235905931962148504e-14
1.229748391545282636e-14
1.223628755304648096e-14
1.217546671646782995e-14
1.211501880960789867e-14
1.205494125164781366e-14
1.199523147702474444e-14
1.193588608559311837e-14
1.187690340700205517e-14
1.181828008613778829e-14
1.176001363992627237e-14
1.170210159991827902e-14
1.164454069921991079e-14
1.158732932583037531e-14
1.153046425591136315e-14
1.147394309992205016e-14
1.141776348234569421e-14
1.136192304165615439e-14
1.130641865900322915e-14
1.125124878545466410e-14
1.119640958522692936e-14
1.114190029436247241e-14
1.108771713055906805e-14
1.103385859197112916e-14
1.098032243219624996e-14
1.092710496691468089e-14
1.087420473327734532e-14
1.082162025610654709e-14
1.076934792749924638e-14
1.071738560322482039e-14
1.066573184634445044e-14
1.061438314169483112e-14
1.056333876610007325e-14
1.051259525294101598e-14
1.046215120865304642e-14
1.041200389739970350e-14
1.036215127822921112e-14
1.031259132204330235e-14
1.026332201156663371e-14
1.021434069810686252e-14
1.016564604208083733e-14
1.011723542900327378e-14
1.006910692188528586e-14
1.002125866429869408e-14
9.973688211178382362e-15
9.926394370926822386e-15
9.879374729193361498e-15
9.832627503198677388e-15
9.786150920060884784e-15
9.739943216775353231e-15
9.694002054315111524e-15
9.648326285079267321e-15
9.602913023243908777e-15
9.557761716432898595e-15
9.512869517308092217e-15
9.468235311402307798e-15
9.423857417608324141e-15
9.379733059405202930e-15
9.335861697761214228e-15
9.292240592995304456e-15
9.248868128397468800e-15
9.205743764638564136e-15
9.162864816367622787e-15
9.120229693547071595e-15
9.077835772679049712e-15
9.035683574310657326e-15
8.993769458643567383e-15
8.952092912581534054e-15
8.910652389489570027e-15
8.869445351433393236e-15
8.828470293740987863e-15
8.787726703510554402e-15
8.747212092638939325e-15
8.706924981114895321e-15
8.666863897035158458e-15
8.627027376586121369e-15
8.587413964024924258e-15
8.548021275334522163e-15
8.508848822434321039e-15
8.469895173462659895e-15
8.431157990896395156e-15
8.392635881091243704e-15
8.354328356824829049e-15
8.316232234462536676e-15
8.278347933543562876e-15
8.240673191791990703e-15
8.203206653283175234e-15
8.165946106413196986e-15
8.128891087177788621e-15
8.092040261752208766e-15
8.055391461256140160e-15
8.018944222616037226e-15
7.982696417209597009e-15
7.946646821401327426e-15
7.910794230118838872e-15
7.875138253757825626e-15
7.839676074839536558e-15
7.804407322756168606e-15
7.769330817375439476e-15
7.734444601075154572e-15
7.699748302290553133e-15
7.665240759298048444e-15
7.630920051389990021e-15
7.596785047375086081e-15
7.562835374938386499e-15
7.529068402410709406e-15
7.495483775086408056e-15
7.462081120296362177e-15
7.428857859326772075e-15
7.395813636891509285e-15
7.362947362256890763e-15
7.330257237993251277e-15
7.297742201620145697e-15
7.265401897343064148e-15
7.233234561208012054e-15
7.201239147077413523e-15
7.169415299110993705e-15
7.137760606720837089e-15
7.106274730194974208e-15
7.074956644843151480e-15
7.043805331309252348e-15
7.012819116954986248e-15
6.981997661910445869e-15
6.951339314214221954e-15
6.920843090696485391e-15
6.890508651568159503e-15
6.860334375397637954e-15
6.830319294139771097e-15
6.800461821066665900e-15
6.770762250214258554e-15
6.741218385851904904e-15
6.711829903311608166e-15
6.682595859200018638e-15
6.653514715066323732e-15
6.624585551189065666e-15
6.595808043297399676e-15
6.567180681115432978e-15
6.538702558984578896e-15
6.510372775874289428e-15
6.482190435372067474e-15
6.454154645673170626e-15
6.426263955398625318e-15
6.398518062673459905e-15
6.370916129032975352e-15
6.343456776787707635e-15
6.316139196334632218e-15
6.288963124997560613e-15
6.261926670831681241e-15
6.235030117928772966e-15
6.208272129380004054e-15
6.181651915178435038e-15
6.155168166443501587e-15
6.128820631569942013e-15
6.102608532064096611e-15
6.076530582287436350e-15
6.050586530157354288e-15
6.024775105296988921e-15
5.999095555855002957e-15
5.973547133614208768e-15
5.948129586061923486e-15
5.922841184389355002e-15
5.897681687042908068e-15
5.872650360280784408e-15
5.847745996460969948e-15
5.822968353675810525e-15
5.798316708878949490e-15
5.773789875714126110e-15
5.749387148723430425e-15
5.725108285804090624e-15
5.700951664924391006e-15
5.676917054194011046e-15
5.653004211472837414e-15
5.629211545280686506e-15
5.605538823566921539e-15
5.581985364480723490e-15
5.558550052900409189e-15
5.535232223336037756e-15
5.512031643662448720e-15
5.488947218189223325e-15
5.465978291002691945e-15
5.443124630100240495e-15
5.420384741262482607e-15
5.397758401896311042e-15
5.375244968668015507e-15
5.352843801373408148e-15
5.330553857388740149e-15
5.308374914227429680e-15
5.286305941329403038e-15
5.264346319626551189e-15
5.242495826818118743e-15
5.220753450174706315e-15
5.199118579537508426e-15
5.177590227282637409e-15
5.156168586733016755e-15
5.134852317652000266e-15
5.113641235464303588e-15
5.092534772993163760e-15
5.071531994237869874e-15
5.050632345414264153e-15
5.029835641393237712e-15
5.009140962010920640e-15
4.988547761107977017e-15
4.968055495037428821e-15
4.947663622660863879e-15
4.927371605344457635e-15
4.907178556379992701e-15
4.887084297744745812e-15
4.867088298232091201e-15
4.847189686046977613e-15
4.827387942331521903e-15
4.807682888764317559e-15
4.788073332428006494e-15
4.768559435505688661e-15
4.749140350436134011e-15
4.729815570179615758e-15
4.710584263766083630e-15
4.691446259751482016e-15
4.672401058048527491e-15
4.653447841544979653e-15
4.634586438696479228e-15
4.615816041498928070e-15
4.597136165795030085e-15
4.578546329630514206e-15
4.560046361437929622e-15
4.541635165103642379e-15
4.523312575645569117e-15
4.505078119884867894e-15
4.486931027256562981e-15
4.468871132739460870e-15
4.450897969644101632e-15
4.433010780167728870e-15
4.415209108145808843e-15
4.397492788655854265e-15
4.379860789275396543e-15
4.362312951246892421e-15
4.344849109780325658e-15
4.327468250745376140e-15
4.310170215446864011e-15
4.292954562098260001e-15
4.275820575650577556e-15
4.258767824151861695e-15
4.241796149064905112e-15
4.224904849732536311e-15
4.208093513386727649e-15
4.191361997593827479e-15
4.174709362330798866e-15
4.158135470621044340e-15
4.141639919573370612e-15
4.125222308087671778e-15
4.108881980095095072e-15
4.092618798377304488e-15
4.076432113928956716e-15
4.060321537987911058e-15
4.044286933221933405e-15
4.028327661076815795e-15
4.012443337906346164e-15
3.996633337139819731e-15
3.980897769405620985e-15
3.965235768543002791e-15
3.949647202208443228e-15
3.934131695123222817e-15
3.918688637350758196e-15
3.903317661808949679e-15
3.888018636114768402e-15
3.872790960074038727e-15
3.857634271410213855e-15
3.842548209431204089e-15
3.827532415026841440e-15
3.812586530666258240e-15
3.797710200395174249e-15
3.782902625417741606e-15
3.768163903378909147e-15
3.753493682967839390e-15
3.738891614439362869e-15
3.724356917136509264e-15
3.709889682767423530e-15
3.695489566197896035e-15
3.681155376336971806e-15
3.666888051005965157e-15
3.652686404964107277e-15
3.638550107662852750e-15
3.624478829965493935e-15
3.610472653803563843e-15
3.596530430785674706e-15
3.582652652601271462e-15
3.568838987597875956e-15
3.555088308127280753e-15
3.541400697708291416e-15
3.527775837087708815e-15
3.514213408405704756e-15
3.500713095193259361e-15
3.487274582369537717e-15
3.473897174669322940e-15
3.460580955125082716e-15
3.447325621351092672e-15
3.434130872273867788e-15
3.420996035218666029e-15
3.407921189599050942e-15
3.394905670237127810e-15
3.381949554083452631e-15
3.369052183374934100e-15
3.356213632664911665e-15
3.343432893215742817e-15
3.330710400297145727e-15
3.318045864263292960e-15
3.305438294259325714e-15
3.292888114981233485e-15
3.280394347275754898e-15
3.267957408919938614e-15
3.255576332316968305e-15
3.243251528454427541e-15
3.230982378741317068e-15
3.218768274724103742e-15
3.206609284268663607e-15
3.194505136578973737e-15
3.182455233200697532e-15
3.170459965455348516e-15
3.158518410507126123e-15
3.146630308560390338e-15
3.134795721183750435e-15
3.123014066215163602e-15
3.111285403220038467e-15
3.099609156421241829e-15
3.087985383434743725e-15
3.076413204793833218e-15
3.064892990252423505e-15
3.053424482542954863e-15
3.042006817523003267e-15
3.030640356086420632e-15
3.019324244121639618e-15
3.008058538588427363e-15
2.996843289688044757e-15
2.985677658126361534e-15
2.974561990499090993e-15
2.963495457239730495e-15
2.952477822144055116e-15
2.941509423501731916e-15
2.930589446075183749e-15
2.919717939676689714e-15
2.908894385235810069e-15
2.898118830866272673e-15
2.887390763099742180e-15
2.876710229195834519e-15
2.866076999338376412e-15
2.855490300745499712e-15
2.844950458072600731e-15
2.834456976258528636e-15
2.824009635267957883e-15
2.813608481441657362e-15
2.803253027671846437e-15
2.792942794539413572e-15
2.782678091504658338e-15
2.772458180469650335e-15
2.762283366000792900e-15
2.752152918403575312e-15
2.742067137439346976e-15
2.732025301716201215e-15
2.722027204928795727e-15
2.712073139759300923e-15
2.702162397049516320e-15
2.692295018944020236e-15
2.682470553395108519e-15
2.672689041102319346e-15
2.662950034805527649e-15
2.653253573797632427e-15
2.643599215556137025e-15
2.633986761213284463e-15
2.624416012702943228e-15
2.614887006584468862e-15
2.605399309631186839e-15
2.595952726205335495e-15
2.586547061465309457e-15
2.577182121364274799e-15
2.567857712648766838e-15
2.558573868031210033e-15
2.549329944086019012e-15
2.540125754150714810e-15
2.530961554258804563e-15
2.521836711727273049e-15
2.512751260373121177e-15
2.503705012425519227e-15
2.494697780894881538e-15
2.485728951183610901e-15
2.476798984429774380e-15
2.467907268872961131e-15
2.459053624537386456e-15
2.450238081095722772e-15
2.441460248490586829e-15
2.432719948923734807e-15
2.424017005311183973e-15
2.415351445094193373e-15
2.406722886286559227e-15
2.398131154508489533e-15
2.389576078252292060e-15
2.381057487239919797e-15
2.372575211877198322e-15
2.364129083252592421e-15
2.355718933135945092e-15
2.347344399983883566e-15
2.339005513297422943e-15
2.330702106858085543e-15
2.322434015123712539e-15
2.314200883942868261e-15
2.306002740720186520e-15
2.297839421910152122e-15
2.289710392964582092e-15
2.281616052588630995e-15
2.273555868665892009e-15
2.265529683655964440e-15
2.257537340637539322e-15
2.249578863554239601e-15
2.241653735131114764e-15
2.233762159711554035e-15
2.225903979599669078e-15
2.218078685935755664e-15
2.210286303577123838e-15
2.202526679928437027e-15
2.194799663004601336e-15
2.187105101429575162e-15
2.179442844435175642e-15
2.171812572234428017e-15
2.164214306942212755e-15
2.156647899585650053e-15
2.149113201794902854e-15
2.141609900226351137e-15
2.134138015278581068e-15
2.126697236771298939e-15
2.119287584268976612e-15
2.111908750723189678e-15
2.104560754886575101e-15
2.097243133108306780e-15
2.089956064965513429e-15
2.082699407358716795e-15
2.075472704068646445e-15
2.068276130630988599e-15
2.061109235698432417e-15
2.053972192157977250e-15
2.046864553479612464e-15
2.039786489947484544e-15
2.032737711123342654e-15
2.025717930747826419e-15
2.018727165749488153e-15
2.011765281800464587e-15
2.004831999085487667e-15
1.997927482922680119e-15
1.991051308075472888e-15
1.984203347087724297e-15
1.977383617285161164e-15
1.970591846176484674e-15
1.963828050371006569e-15
1.957091960081574981e-15
1.950383591219968752e-15
1.943702536586592499e-15
1.937048953153834721e-15
1.930422714892977828e-15
1.923823421021699064e-15
1.917251225028541303e-15
1.910705730339367784e-15
1.904186952936701605e-15
1.897694906074592027e-15
1.891229199404281347e-15
1.884789980777364055e-15
1.878376863938064773e-15
1.871989731928771543e-15
1.865628729317820440e-15
1.859293475889216684e-15
1.852983985054104873e-15
1.846700011106404842e-15
1.840441566845137077e-15
1.834208408968156298e-15
1.828000549678626373e-15
1.821817873369148484e-15
1.815660015720920655e-15
1.809527114112272506e-15
1.803418931142737026e-15
1.797335355155792714e-15
1.791276396646801224e-15
1.785241821685439448e-15
1.779231399595167693e-15
1.773245261777403249e-15
1.767283058775222088e-15
1.761344920059976150e-15
1.755430499786293358e-15
1.749539925527927451e-15
1.743672855011777368e-15
1.737829182853306176e-15
1.732009033826407777e-15
1.726212070930831139e-15
1.720438303555239232e-15
1.714687513044859439e-15
1.708959708285996274e-15
1.703254672734279032e-15
1.697572415204574166e-15
1.691912723324433619e-15
1.686275497780204263e-15
1.680660639630062951e-15
1.675068158773770506e-15
1.669497847303341122e-15
1.663949607400395288e-15
1.658423341615620095e-15
1.652918952868069322e-15
1.647436344444468049e-15
1.641975524815408645e-15
1.636536187771599150e-15
1.631118239484554230e-15
1.625721792552145866e-15
1.620346545408876490e-15
1.614992507150913648e-15
1.609659583607013523e-15
1.604347680967714360e-15
1.599056505467008055e-15
1.593786266190077624e-15
1.588536670638266354e-15
1.583307628106310128e-15
1.578099146142752882e-15
1.572911035694629069e-15
1.567743207075144094e-15
1.562595570932204030e-15
1.557468133979637591e-15
1.552360710725538563e-15
1.547273212828318395e-15
1.542205552278455199e-15
1.537157641397836227e-15
1.532129392839091486e-15
1.527120719584918275e-15
1.522131534947398227e-15
1.517161661043833650e-15
1.512211104389027398e-15
1.507279779269404904e-15
1.502367600298043319e-15
1.497474392916505002e-15
1.492600162883641997e-15
1.487744825778758270e-15
1.482908121483053585e-15
1.478090144201854100e-15
1.473290810465247064e-15
1.468510037125003990e-15
1.463747569210075330e-15
1.459003498265949233e-15
1.454277571846287810e-15
1.449569880190059890e-15
1.444880341710576893e-15
1.440208708106199199e-15
1.435554903184267545e-15
1.430919017003134546e-15
1.426300971560585924e-15
1.421700525390921907e-15
1.417117603798472030e-15
1.412552294316115999e-15
1.408004359030835475e-15
1.403473884243090916e-15
1.398960634383267007e-15
1.394464536108410861e-15
1.389985516338118080e-15
1.385523658950754462e-15
1.381078577137364991e-15
1.376650666131244558e-15
1.372239386400674899e-15
1.367844822024587331e-15
1.363467053957875680e-15
1.359105705220154606e-15
1.354761008915390373e-15
1.350432741882360797e-15
1.346120833671358178e-15
1.341825065750516994e-15
1.337545665670572201e-15
1.333282414599712849e-15
1.329035243113971296e-15
1.324803936907287813e-15
1.320588718128273538e-15
1.316389228621132293e-15
1.312205687888627064e-15
1.308037741416029842e-15
1.303885464853370480e-15
1.299748650059237848e-15
1.295627511338349036e-15
1.291521701324340497e-15
1.287431293571116186e-15
1.283356221404245679e-15
1.279296281675191275e-15
1.275251546405669356e-15
1.271221814400943411e-15
1.267207156676986797e-15
1.263207507773528373e-15
1.259222669396314421e-15
1.255252711088953198e-15
1.251297436462127171e-15
1.247356914092860034e-15
1.243430949477610785e-15
1.239519610242043179e-15
1.235622703749420440e-15
1.231740168527436250e-15
1.227872071181926228e-15
1.224018223757840136e-15
1.220178567740968707e-15
1.216353170261568088e-15
1.212541846428029577e-15
1.208744538344007574e-15
1.204961311759382200e-15
1.201191861632107223e-15
1.197436376908541527e-15
1.193694677061919529e-15
1.189966705210257354e-15
1.186252404671008181e-15
1.182551718960707256e-15
1.178864710716228244e-15
1.175191085377016815e-15
1.171530906610994546e-15
1.167884235767343919e-15
1.164250782652782234e-15
1.160630609634080338e-15
1.157023661611017998e-15
1.153429883679463125e-15
1.149849221130977732e-15
1.146281619452418775e-15
1.142727024325533862e-15
1.139185269443756961e-15
1.135656414242495776e-15
1.132140404975276131e-15
1.128637077669233411e-15
1.125146600384361799e-15
1.121668699687443625e-15
1.118203324324794328e-15
1.114750639447942618e-15
1.111310375642875725e-15
1.107882482189458116e-15
1.104467014963088137e-15
1.101063921912368708e-15
1.097673045862163034e-15
1.094294336792662827e-15
1.090927849068284226e-15
1.087573531374352478e-15
1.084231229455252934e-15
1.080900893986360387e-15
1.077582577866992074e-15
1.074276128989201245e-15
1.070981498541602894e-15
1.067698738349251959e-15
1.064427698420637401e-15
1.061168330454687938e-15
1.057920586316759064e-15
1.054684516434549855e-15
1.051459973914901054e-15
1.048246912761896286e-15
1.045045287461750848e-15
1.041855052654398850e-15
1.038676259005105420e-15
1.035508669220577797e-15
1.032352429653662707e-15
1.029207305301318938e-15
1.026073346943872897e-15
1.022950603557525706e-15
1.019838843529970160e-15
1.016738209083798167e-15
1.013648470837770768e-15
1.010569677891797856e-15
1.007501786559128336e-15
1.004444753303454576e-15
1.001398534738618166e-15
9.983629979887379539e-16
9.953381905274066138e-16
9.923240694092127764e-16
9.893205918377557692e-16
9.863276273516085867e-16
9.833452221651042554e-16
9.803733339192942683e-16
9.774118339315515112e-16
9.744607674943777112e-16
9.715200926837600603e-16
9.685896825705301654e-16
9.656694968286295362e-16
9.627595795483254277e-16
9.598598893765571143e-16
9.569703016784477054e-16
9.540907766671322390e-16
9.512213572661803015e-16
9.483620026889883204e-16
9.455125088099076717e-16
9.426730002764172993e-16
9.398434367201692603e-16
9.370236169118049254e-16
9.342136634082530113e-16
9.314134565693208872e-16
9.286229577967047372e-16
9.258422075026802236e-16
9.230710876651184783e-16
9.203095600775283031e-16
9.175575866612778641e-16
9.148151294653682888e-16
9.120821506662060797e-16
9.093586125673668502e-16
9.066445537323733418e-16
9.039397843330964889e-16
9.012443448925784775e-16
8.985582747851679972e-16
8.958813881622053640e-16
8.932137250120708468e-16
8.905552500727723067e-16
8.879059281989910204e-16
8.852657243618747024e-16
8.826345308951325778e-16
8.800124588746616443e-16
8.773993284733626927e-16
8.747951778737260252e-16
8.721999726199856035e-16
8.696136074231058675e-16
8.670361197160774154e-16
8.644674753821658196e-16
8.619075705299704438e-16
8.593564418592502686e-16
8.568140555904921403e-16
8.542803092105713052e-16
8.517552387019037712e-16
8.492387424576883607e-16
8.467308559888583443e-16
8.442314785865820834e-16
8.417406452971401673e-16
8.392582563013915983e-16
8.367842797044711884e-16
8.343187498654966961e-16
8.318615682817781036e-16
8.294127688644234817e-16
8.269722539801038176e-16
8.245399922488071485e-16
8.221160169190344749e-16
8.197001674352158405e-16
8.172925414581229539e-16
8.148930434850562911e-16
8.125017059014754120e-16
8.101183710987369422e-16
8.077431346121875127e-16
8.053758402821949155e-16
8.030165825984484652e-16
8.006652685501233699e-16
7.983218678617329396e-16
7.959862892488213240e-16
7.936586251482485726e-16
7.913387841693704660e-16
7.890267364293606615e-16
7.867223922294207641e-16
7.844258420037231352e-16
7.821369366258411269e-16
7.798557067047688447e-16
7.775821825491009777e-16
7.753161597687604588e-16
7.730577865386741694e-16
7.708069182547745793e-16
7.685635854883371000e-16
7.663277604429698324e-16
7.640994154121664501e-16
7.618784660171015844e-16
7.596649420471317175e-16
7.574587598509246283e-16
7.552599488329035413e-16
7.530684817245558485e-16
7.508842759557805251e-16
7.487073052453689564e-16
7.465375982441502775e-16
7.443751280295529265e-16
7.422198134475985466e-16
7.400716285444150740e-16
7.379306012383796178e-16
7.357966514188434066e-16
7.336698066456868944e-16
7.315499874974383984e-16
7.294371684243898647e-16
7.273313239556221030e-16
7.252324809449575458e-16
7.231405613266762446e-16
7.210555398696068544e-16
7.189773914208781941e-16
7.169061421480248108e-16
7.148416643223600926e-16
7.127840352646763242e-16
7.107331788958336918e-16
7.086890704565770667e-16
7.066516852651926002e-16
7.046209987173776600e-16
7.025969862861143168e-16
7.005796235215383930e-16
6.985688860508082166e-16
6.965647495779720919e-16
6.945671898838333062e-16
6.925761344693688768e-16
6.905916562136260612e-16
6.886136346437468631e-16
6.866420941989596430e-16
6.846770110381387431e-16
6.827183613961100338e-16
6.807660746022091310e-16
6.788201744739547339e-16
6.768806374695900528e-16
6.749474402590424165e-16
6.730205140426586639e-16
6.710998828459224296e-16
6.691854785833175946e-16
6.672773249743000520e-16
6.653753997203237791e-16
6.634796355943799221e-16
6.615900110821360852e-16
6.597065493036415705e-16
6.578292282344916485e-16
6.559579817725925246e-16
6.540927886633352829e-16
6.522336714438088063e-16
6.503805648410676277e-16
6.485334911067364221e-16
6.466923855156962486e-16
6.448572271341567787e-16
6.430279950909094987e-16
6.412047110751782530e-16
6.393872691434098846e-16
6.375757755044532479e-16
6.357700826500312464e-16
6.339702123202142474e-16
6.321761855220568527e-16
6.303878986238479848e-16
6.286054140638115405e-16
6.268286700345717446e-16
6.250576462918953910e-16
6.232922821222706205e-16
6.215326386571870458e-16
6.197786551138020906e-16
6.180303114934453838e-16
6.162875480862923204e-16
6.145504247476059447e-16
6.128188423024732504e-16
6.110928599792373918e-16
6.093723794693802508e-16
6.076574205355725273e-16
6.059479249383857174e-16
6.042439506713886814e-16
6.025454011317288839e-16
6.008522955855552509e-16
5.991646146954188470e-16
5.974823014179546769e-16
5.958053746550994185e-16
5.941337778330796187e-16
5.924675296142583495e-16
5.908066109546686688e-16
5.891509659787539663e-16
5.875006129969890455e-16
5.858554966830870436e-16
5.842156355635104146e-16
5.825809752126510789e-16
5.809515340131937019e-16
5.793272579859699602e-16
5.777081295795651573e-16
5.760941668307762589e-16
5.744853164216718590e-16
5.728815609555876116e-16
5.712829181304395442e-16
5.696893352811020197e-16
5.681007951649788755e-16
5.665173151479591200e-16
5.649388088115838890e-16
5.633653280217240802e-16
5.617968211811780571e-16
5.602332713009296850e-16
5.586746614419617215e-16
5.571209747151821554e-16
5.555722277343782332e-16
5.540283366493634518e-16
5.524893183288533477e-16
5.509551890740944918e-16
5.494258661093809985e-16
5.479013659880602543e-16
5.463816721683774795e-16
5.448667681578847583e-16
5.433566375133584048e-16
5.418512638407189926e-16
5.403506307949474397e-16
5.388546584913307530e-16
5.373634581525277822e-16
5.358768866923694422e-16
5.343950542611724687e-16
5.329178190341317119e-16
5.314452279596566859e-16
5.299772650294415559e-16
5.285138527113861065e-16
5.270550985205719583e-16
5.256008637286632290e-16
5.241511940883820129e-16
5.227060738283261812e-16
5.212654270500623583e-16
5.198293587033165184e-16
5.183977330827807723e-16
5.169705354258165650e-16
5.155478691739759113e-16
5.141296003996627770e-16
5.127157730107758486e-16
5.113063133318221647e-16
5.099013228908267596e-16
5.085006126381786192e-16
5.071043416981398538e-16
5.057123799713674582e-16
5.043247703811951491e-16
5.029414414458299675e-16
5.015624356502396682e-16
5.001876821131290749e-16
4.988172228860688180e-16
4.974510433624447037e-16
4.960890735534928849e-16
4.947313548717752029e-16
4.933778179155751205e-16
4.920285036761991073e-16
4.906833433336992735e-16
4.893423774628848297e-16
4.880055378203470761e-16
4.866728645690975048e-16
4.853442900370853673e-16
4.840198539801658978e-16
4.826994892925122936e-16
4.813831825980965925e-16
4.800709730488266555e-16
4.787627943769274862e-16
4.774586853385211311e-16
4.761585802194638548e-16
4.748624658333504308e-16
4.735703803491975159e-16
4.722822588722869912e-16
4.709980883286362687e-16
4.697179063100229972e-16
4.684416487302038061e-16
4.671693026271242286e-16
4.659008550748076613e-16
4.646363429092943281e-16
4.633757031044336394e-16
4.621189228455156530e-16
4.608660384136792661e-16
4.596169875663104763e-16
4.583717575994346061e-16
4.571303358447907823e-16
4.558927096697841106e-16
4.546589144490995532e-16
4.534288414635369217e-16
4.522025739181810644e-16
4.509800513540891850e-16
4.497612613193762789e-16
4.485461913975017613e-16
4.473348759078272664e-16
4.461272088949017412e-16
4.449232249944160983e-16
4.437229581926501966e-16
4.425263041044666992e-16
4.413333426967896401e-16
4.401440159396101100e-16
4.389582666514704979e-16
4.377761736789240611e-16
4.365976797059413082e-16
4.354227282529964636e-16
4.342513970636411966e-16
4.330835852582296968e-16
4.319193698544794111e-16
4.307586508289812555e-16
4.296015044811232336e-16
4.284478316358311650e-16
4.272976645854963286e-16
4.261509917793194073e-16
4.250078016997466899e-16
4.238680828624125833e-16
4.227318238160816307e-16
4.215990131425919114e-16
4.204695972963526783e-16
4.193436074577513882e-16
4.182210323047808198e-16
4.171018605482902028e-16
4.159860809319250180e-16
4.148736409929996284e-16
4.137645711428442976e-16
4.126588602204888341e-16
4.115564564006568756e-16
4.104574301601937741e-16
4.093616892191546130e-16
4.082692632407750116e-16
4.071801012376329520e-16
4.060942325779208552e-16
4.050116463222815966e-16
4.039322921015256193e-16
4.028562381375881389e-16
4.017833557179873541e-16
4.007137518960933243e-16
3.996473378264027188e-16
3.985841032682869307e-16
3.975240764442876692e-16
3.964672466632804458e-16
3.954135651649382911e-16
3.943630597553183759e-16
3.933156820670454637e-16
3.922714596315068952e-16
3.912303819106534850e-16
3.901924011213720361e-16
3.891575073029688761e-16
3.881257275815254594e-16
3.870970149097570379e-16
3.860713961736155600e-16
3.850488247039252474e-16
3.840293271222907590e-16
3.830128571343884248e-16
3.819994411003475612e-16
3.809890330974687355e-16
3.799816235415137432e-16
3.789772384045914361e-16
3.779758323143463601e-16
3.769773957652894848e-16
3.759819543478129846e-16
3.749894632328496151e-16
3.739999129933132590e-16
3.730133288440709855e-16
3.720296664923814708e-16
3.710489165892043047e-16
3.700711039799648507e-16
3.690961849013760859e-16
3.681241500820776210e-16
3.671549902758230453e-16
3.661886962614457095e-16
3.652252922804710345e-16
3.642647354356496794e-16
3.633070165828943477e-16
3.623521266030456981e-16
3.614000892665869928e-16
3.604508296330681718e-16
3.595044042472033697e-16
3.585607712264290450e-16
3.576199215776659450e-16
3.566818463325309460e-16
3.557465365473003708e-16
3.548139833028717294e-16
3.538842094557295845e-16
3.529571424976090041e-16
3.520328369500548446e-16
3.511112208988903636e-16
3.501923483719801694e-16
3.492761480439616810e-16
3.483626425110762205e-16
3.474518538601804167e-16
3.465437116393582534e-16
3.456382686637370225e-16
3.447354550572436785e-16
3.438353231583592868e-16
3.429378036617503852e-16
3.420429184055380674e-16
3.411506588581429313e-16
3.402610166035689817e-16
3.393739832721486437e-16
3.384895505174998398e-16
3.376076806230261723e-16
3.367284242009341322e-16
3.358517143115927029e-16
3.349775720930652297e-16
3.341059893130489802e-16
3.332369577622924279e-16
3.323704406037347107e-16
3.315064585684405402e-16
3.306450035143557312e-16
3.297860673223205182e-16
3.289296418960263161e-16
3.280756911143208400e-16
3.272242352120278617e-16
3.263752661594731374e-16
3.255287482572310490e-16
3.246847014480123939e-16
3.238431177684442220e-16
3.230039619355692819e-16
3.221672536046207433e-16
3.213329848781877890e-16
3.205011208845908297e-16
3.196716809961407336e-16
3.188446573810436406e-16
3.180200155737729858e-16
3.171977746681938258e-16
3.163779004662140921e-16
3.155604118779981338e-16
3.147452749706737008e-16
3.139325084726465116e-16
3.131220787140689815e-16
3.123140042435071515e-16
3.115082774223817784e-16
3.107048649720578187e-16
3.099037596215612669e-16
3.091049795654516063e-16
3.083084919099615757e-16
3.075143146754380738e-16
3.067224152225417451e-16
3.059327863773563814e-16
3.051454459016103984e-16
3.043603863453582053e-16
3.035775508634338415e-16
3.027970064847834513e-16
3.020186720066083444e-16
3.012425894774930660e-16
3.004687272535571038e-16
2.996970783364713748e-16
2.989276599290708884e-16
2.981604408843886249e-16
2.973954382636620687e-16
2.966325973664589890e-16
2.958719590840631735e-16
2.951134927461061523e-16
2.943571915932420352e-16
2.936030722826158360e-16
2.928511044965328618e-16
2.921012815301760492e-16
2.913535966964019743e-16
2.906080433257154615e-16
2.898646376816433525e-16
2.891233500238068762e-16
2.883841737367997953e-16
2.876471022227515603e-16
2.869121289013012273e-16
2.861792472095703908e-16
2.854484506021368553e-16
2.847197548079848112e-16
2.839931087102061465e-16
2.832685502380168682e-16
2.825460286786673524e-16
2.818255816282600791e-16
2.811071587747531882e-16
2.803907973843474800e-16
2.796764691614633258e-16
2.789641461880556282e-16
2.782538652414244011e-16
2.775455983483658148e-16
2.768393179082595320e-16
2.761350602165435890e-16
2.754327765301072155e-16
2.747324818257141657e-16
2.740341907480306704e-16
2.733378551285936578e-16
2.726434897326686388e-16
2.719510883411468652e-16
2.712606447518028394e-16
2.705721322922594832e-16
2.698855858523436381e-16
2.692009583899001242e-16
2.685182642558034523e-16
2.678374973306617244e-16
2.671586515117900318e-16
2.664817207131795909e-16
2.658066789611500900e-16
2.651335402707736803e-16
2.644622986047813000e-16
2.637929283052845045e-16
2.631254433042311995e-16
2.624598377499498468e-16
2.617961058066621879e-16
2.611342223147926607e-16
2.604742009683739482e-16
2.598160359780630535e-16
2.591597024672634646e-16
2.585052139375380308e-16
2.578525646457447253e-16
2.572017299948757592e-16
2.565527232969717764e-16
2.559055201392114860e-16
2.552601337085573461e-16
2.546165583379966473e-16
2.539747698887489603e-16
2.533347813630617080e-16
2.526965688026877937e-16
2.520601450879658018e-16
2.514254864397454032e-16
2.507926056177003279e-16
2.501614790203522330e-16
2.495321192879408145e-16
2.489045029952463236e-16
2.482786426642911414e-16
2.476545150447130469e-16
2.470321148657536298e-16
2.464114544738811300e-16
2.457925108779411376e-16
2.451752963091717476e-16
2.445597879478300870e-16
2.439459979110947752e-16
2.433338862997521184e-16
2.427234996870631079e-16
2.421147811623235641e-16
2.415077598666466758e-16
2.409024134854835878e-16
2.402987537998094737e-16
2.396967418266807163e-16
2.390964062082456280e-16
2.384977416583362388e-16
2.379007096436196129e-16
2.373053384383745566e-16
2.367116063021490912e-16
2.361195082059479449e-16
2.355290554975741893e-16
2.349402103800943741e-16
2.343530005255147337e-16
2.337674045934489698e-16
2.331834176202255086e-16
2.326010507134564831e-16
2.320202669070325083e-16
2.314410934156858465e-16
2.308634935782308434e-16
2.302874943765142662e-16
2.297130751462093319e-16
2.291402311427248464e-16
2.285689576336220178e-16
2.279992498985962636e-16
2.274311032294582773e-16
2.268645129301145544e-16
2.262994743165493464e-16
2.257359827168046931e-16
2.251740486891805787e-16
2.246136370883000521e-16
2.240547585577883145e-16
2.234974084737249919e-16
2.229415822241509617e-16
2.223872752090482368e-16
2.218344828403200466e-16
2.212832005417711159e-16
2.207334090118080368e-16
2.201851332314835985e-16
2.196383392440636428e-16
2.190930518184744372e-16
2.185492372563764423e-16
2.180069056714425406e-16
2.174660525694696378e-16
2.169266734679979435e-16
2.163887496234933350e-16
2.158522909635851932e-16
2.153173071993534810e-16
2.147837514168447977e-16
2.142516616687963221e-16
2.137210053922917682e-16
2.131917922877727919e-16
2.126640179645333213e-16
2.121376780434303829e-16
2.116127543877015955e-16
2.110892565199417975e-16
2.105671800948582340e-16
2.100465071730474954e-16
2.095272471458556161e-16
2.090093957016687293e-16
2.084929350961650047e-16
2.079778745913929944e-16
2.074641965716045459e-16
2.069519102134889008e-16
2.064410112609481057e-16
2.059314822895868890e-16
2.054233323707404416e-16
2.049165443097625252e-16
2.044111271979045297e-16
2.039070639854800884e-16
2.034043636803173180e-16
2.029030222255557118e-16
2.024030227562928158e-16
2.019043613890419763e-16
2.014070469672473651e-16
2.009110628080166330e-16
2.004164176738151612e-16
1.999230950021473409e-16
1.994311034752973995e-16
1.989404266502445857e-16
1.984510607105481506e-16
1.979630142193813262e-16
1.974762709109101732e-16
1.969908392700856598e-16
1.965067031482804087e-16
1.960238587764256803e-16
1.955423023946381330e-16
1.950620423331057129e-16
1.945830747076961330e-16
1.941053716725425048e-16
1.936289535248038220e-16
1.931538045181639791e-16
1.926799209487832960e-16
1.922073109206632060e-16
1.917359471043048067e-16
1.912658493746687600e-16
1.907970139263945832e-16
1.903294137351036047e-16
1.898630684272466151e-16
1.893979511794406865e-16
1.889340814539497074e-16
1.884714440603662743e-16
1.880100467751145196e-16
1.875498631725852096e-16
1.870909010918765387e-16
1.866331682030237512e-16
1.861766495857392721e-16
1.857213305051177652e-16
1.852672297819551054e-16
1.848143326552557132e-16
1.843626355844411069e-16
1.839121350377731498e-16
1.834628274923403933e-16
1.830147094340437045e-16
1.825677773575821902e-16
1.821220277664390960e-16
1.816774571905398904e-16
1.812340622391177296e-16
1.807918395474410884e-16
1.803507857590937011e-16
1.799108975259614467e-16
1.794721715082194070e-16
1.790345833106483417e-16
1.785981718192618661e-16
1.781629125730496667e-16
1.777287814463936309e-16
1.772958168592872027e-16
1.768639739639817775e-16
1.764332908731453569e-16
1.760037230777919705e-16
1.755752879683899794e-16
1.751479822862771095e-16
1.747218027809380726e-16
1.742967462099914266e-16
1.738728093391753515e-16
1.734499889423337208e-16
1.730282618544410430e-16
1.726076449670416265e-16
1.721881548699543622e-16
1.717697487062786657e-16
1.713524431588925880e-16
1.709362350490266061e-16
1.705211017178630066e-16
1.701070790541353386e-16
1.696941250016910951e-16
1.692822559008484373e-16
1.688714686118254437e-16
1.684617600027868569e-16
1.680531079093127542e-16
1.676455284029501249e-16
1.672390372685019463e-16
1.668335747234483308e-16
1.664291943559740768e-16
1.660258741869118562e-16
1.656235925347238932e-16
1.652223650771434414e-16
1.648221702904900045e-16
1.644230421127769622e-16
1.640249406455158551e-16
1.636278813093859866e-16
1.632318610719103139e-16
1.628368588000180195e-16
1.624428897243614045e-16
1.620499508348196946e-16
1.616580212287041173e-16
1.612671337806584666e-16
1.608772497858700578e-16
1.604883665423268485e-16
1.601005166219510811e-16
1.597136442650567716e-16
1.593277994803970869e-16
1.589429443518611196e-16
1.585590935805714843e-16
1.581762443157161409e-16
1.577943764886360170e-16
1.574135046201020297e-16
1.570336258802014309e-16
1.566547204183113722e-16
1.562768025772272453e-16
1.558998526500093519e-16
1.555238848618378918e-16
1.551488964171349426e-16
1.547748678228077098e-16
1.544018131299472655e-16
1.540297129863848747e-16
1.536585978420465112e-16
1.532884153937601540e-16
1.529191960407487528e-16
1.525509370348780085e-16
1.521836193719409245e-16
1.518172567051442652e-16
1.514518463067393764e-16
1.510873693782372003e-16
1.507238233897799437e-16
1.503612217724421103e-16
1.499995618249845934e-16
1.496388250190230764e-16
1.492790088481210466e-16
1.489201265250925254e-16
1.485621753750333441e-16
1.482051371355306661e-16
1.478490093234452599e-16
1.474938204131826466e-16
1.471395213278398619e-16
1.467861404950649893e-16
1.464336752791235899e-16
1.460820925667759586e-16
1.457314356361161509e-16
1.453816714442496295e-16
1.450327975542479934e-16
1.446848265466587953e-16
1.443377408693638226e-16
1.439915381022826479e-16
1.436462306726682666e-16
1.433018160024346662e-16
1.429582767905289463e-16
1.426156106510240920e-16
1.422738298669527837e-16
1.419329173904262472e-16
1.415928709083317695e-16
1.412537025656277315e-16
1.409153954970042572e-16
1.405779474052157820e-16
1.402413702877270182e-16
1.399056474597263673e-16
1.395707908216342042e-16
1.392367838080443437e-16
1.389036241482344259e-16
1.385713235983048925e-16
1.382398657699290853e-16
1.379092484080807330e-16
1.375794692627389362e-16
1.372505399002677553e-16
1.369224441651069832e-16
1.365951935302990021e-16
1.362687719556585060e-16
1.359431772173568726e-16
1.356184070965323456e-16
1.352944728813680833e-16
1.349713587591827147e-16
1.346490625265938077e-16
1.343275819851601824e-16
1.340069282413840693e-16
1.336870724566603206e-16
1.333680521979291271e-16
1.330498255370663842e-16
1.327324166520092346e-16
1.324157971228907462e-16
1.320999909398014706e-16
1.317849957977550226e-16
1.314707835868234575e-16
1.311573780188371692e-16
1.308447511880972511e-16
1.305329266224587178e-16
1.302218893318308727e-16
1.299116498533525065e-16
1.296021806856243328e-16
1.292935049936879902e-16
1.289856079991470328e-16
1.286784875937312484e-16
1.283721416739848429e-16
1.280665681412597101e-16
1.277617772387417961e-16
1.274577421571648633e-16
1.271544854405518083e-16
1.268519804738003060e-16
1.265502496353692954e-16
1.262492786545917721e-16
1.259490655190459728e-16
1.256496202387111095e-16
1.253509167297348765e-16
1.250529650562574570e-16
1.247557751078240490e-16
1.244593210829208911e-16
1.241636247199314703e-16
1.238686604037560447e-16
1.235744497051690464e-16
1.232809671940500126e-16
1.229882342749430029e-16
1.226962372783449152e-16
1.224049742466963775e-16
1.221144432269232596e-16
1.218246308222091915e-16
1.215355580274793236e-16
1.212472114120808725e-16
1.209595890408171939e-16
1.206726889829445418e-16
1.203864980752894462e-16
1.201010369115131713e-16
1.198162922953829603e-16
1.195322623139015284e-16
1.192489339876915411e-16
1.189663275952964031e-16
1.186844301248876059e-16
1.184032287331444303e-16
1.181227434656494498e-16
1.178429505801987345e-16
1.175638591420753594e-16
1.172854780594110519e-16
1.170077838454125607e-16
1.167307854570823845e-16
1.164544810291989230e-16
1.161788687008877171e-16
1.159039466156149902e-16
1.156297023722820604e-16
1.153561552598550144e-16
1.150832823757195388e-16
1.148111028612969236e-16
1.145395939781550488e-16
1.142687643661622499e-16
1.139986121985168932e-16
1.137291356527037931e-16
1.134603226696657036e-16
1.131921919549104225e-16
1.129247212546287713e-16
1.126579190037550770e-16
1.123917834064488940e-16
1.121263026410949810e-16
1.118614950925490720e-16
1.115973389368695028e-16
1.113338424764405212e-16
1.110710039645891384e-16
1.108088216587325356e-16
1.105472839875921351e-16
1.102863991219736618e-16
1.100261653310942999e-16
1.097665808882357535e-16
1.095076343820130085e-16
1.092493435069228487e-16
1.089916775887900082e-16
1.087346638758517180e-16
1.084782910081272855e-16
1.082225477709119026e-16
1.079674420470735136e-16
1.077129626993228659e-16
1.074591175477859997e-16
1.072059049047785041e-16
1.069533230866090469e-16
1.067013611095307456e-16
1.064500266701680917e-16
1.061993180963637497e-16
1.059492245179531627e-16
1.056997535401909710e-16
1.054509035024004892e-16
1.052026727478516044e-16
1.049550505560189947e-16
1.047080353777428528e-16
1.044616346684068686e-16
1.042158467862181461e-16
1.039706700932983514e-16
1.037260940528190245e-16
1.034821260027457798e-16
1.032387554787153515e-16
1.029959897605293821e-16
1.027538272290140708e-16
1.025122575277043277e-16
1.022712791410525007e-16
1.020309079113534913e-16
1.017911248476981680e-16
1.015519284446106974e-16
1.013133257823101119e-16
1.010753067162394892e-16
1.008378867906308712e-16
1.006010388593929274e-16
1.003647784424421597e-16
1.001291039610119358e-16
9.989400544935697703e-17
9.965948982159547693e-17
9.942554720794054075e-17
9.919218447344845228e-17
9.895939181595920515e-17
9.872717604636222026e-17
9.849552742963370810e-17
9.826445272294686349e-17
9.803394225792721406e-17
9.780400273847834706e-17
9.757462456239180671e-17
9.734581438074437017e-17
9.711756265701397081e-17
9.688986798254895881e-17
9.666273692983721187e-17
9.643616005982751559e-17
9.621014389327129125e-17
9.598467905562336816e-17
9.575977201632812271e-17
9.553541346487920036e-17
9.531160201398715673e-17
9.508834405676675400e-17
9.486563812701717675e-17
9.464346731976930638e-17
9.442184573026762257e-17
9.420077190226528003e-17
9.398022910817549888e-17
9.376023128442521378e-17
9.354077698467451378e-17
9.332185721141741631e-17
9.310347060743993455e-17
9.288562331841338844e-17
9.266829896561921141e-17
9.245151861930772633e-17
9.223525851540613964e-17
9.201953217612471183e-17
9.180433081616980757e-17
9.158966043747970142e-17
9.137550500249812630e-17
9.116187783107935642e-17
9.094877751603123324e-17
9.073618818754603719e-17
9.052412301589021934e-17
9.031258060353738594e-17
9.010154524656829246e-17
8.989102996743836514e-17
8.968102627491897949e-17
8.947153286142275963e-17
8.926254842215810206e-17
8.905407868180555602e-17
8.884611526383771081e-17
8.863865687244317057e-17
8.843170221465461720e-17
8.822525692613698072e-17
8.801931274368305228e-17
8.781386838292777077e-17
8.760892256226998485e-17
8.740447400286869354e-17
8.720052823061769791e-17
8.699707034373622310e-17
8.679411265129258882e-17
8.659164708375165608e-17
8.638967908086253045e-17
8.618819394729345281e-17
8.598720380889204461e-17
8.578669407227539259e-17
8.558667677262579362e-17
8.538714400263387796e-17
8.518809451412169266e-17
8.498952706162491698e-17
8.479144691653266785e-17
8.459383978711208836e-17
8.439671097364717339e-17
8.420006568570818925e-17
8.400389620086103856e-17
8.380820129010710937e-17
8.361297335204692485e-17
8.341822393609229442e-17
8.322394542324787830e-17
8.303013659523558561e-17
8.283679623644758270e-17
8.264392939554699691e-17
8.245152231660711874e-17
8.225958007613643570e-17
8.206810146916927913e-17
8.187709146574773082e-17
8.168653649938862248e-17
8.149644156760874234e-17
8.130681158232560646e-17
8.111763311732801404e-17
8.092891111173356537e-17
8.074064437904825060e-17
8.055283775479363334e-17
8.036547799740888582e-17
8.017856996925380293e-17
7.999211844936901121e-17
7.980611033291887012e-17
7.962055042551402477e-17
7.943543755893516775e-17
7.925077056755749352e-17
7.906654830400733175e-17
7.888276968603597883e-17
7.869943364935123910e-17
7.851653334487108955e-17
7.833407930759208262e-17
7.815206467223119865e-17
7.797048265819459117e-17
7.778934368360219164e-17
7.760863526727692611e-17
7.742836208584398868e-17
7.724852309282517906e-17
7.706911724398435056e-17
7.689014349732414373e-17
7.671159522903400672e-17
7.653348258956458976e-17
7.635579339525176819e-17
7.617853219684567740e-17
7.600169796327125488e-17
7.582528966567360085e-17
7.564930627741481050e-17
7.547374132764584199e-17
7.529859927930967246e-17
7.512388451994453030e-17
7.494957980823716262e-17
7.477570035165978438e-17
7.460223972882633766e-17
7.442919159699900116e-17
7.425656031612046553e-17
7.408434487892851937e-17
7.391254428034647807e-17
7.374115226148339965e-17
7.357017311492369352e-17
7.339960584191604533e-17
7.322944424563468555e-17
7.305969775060805953e-17
7.289035498240401113e-17
7.272142015098165855e-17
7.255288714132786116e-17
7.238476523940984032e-17
7.221704322567207001e-17
7.204972017254614894e-17
7.188280526343284853e-17
7.171628739342065178e-17
7.155016564056370187e-17
7.138444908688558970e-17
7.121912674088186106e-17
7.105420265199369949e-17
7.088967090469107948e-17
7.072553551700476475e-17
7.056179552566972014e-17
7.039844503123100721e-17
7.023548779344468995e-17
7.007292260182232150e-17
6.991074340463074249e-17
6.974895387565166606e-17
6.958754800297577607e-17
6.942653422464187531e-17
6.926589696530998085e-17
6.910564941071328349e-17
6.894578083492753402e-17
6.878629010060219319e-17
6.862718078193699449e-17
6.846845169677110406e-17
6.831009698994697056e-17
6.815212019390254885e-17
6.799451549194886779e-17
6.783728638890356931e-17
6.768042710628196938e-17
6.752394112150549515e-17
6.736782727188186988e-17
6.721207983583090324e-17
6.705670225018516901e-17
6.690168883091499550e-17
6.674703847430543034e-17
6.659275457691377841e-17
6.643883599244815653e-17
6.628527711121050746e-17
6.613207683965160880e-17
6.597923852150251004e-17
6.582676102129889999e-17
6.567463880266008255e-17
6.552287078212933687e-17
6.537146025145964275e-17
6.522040608592935980e-17
6.506969847937853777e-17
6.491934938466219920e-17
6.476934470445900321e-17
6.461969200873261537e-17
6.447039018598671003e-17
6.432143386109310318e-17
6.417282197295179878e-17
6.402455769930450799e-17
6.387663571762675716e-17
6.372905918089856688e-17
6.358182280142149078e-17
6.343492553032155798e-17
6.328837048372623977e-17
6.314215242565277695e-17
6.299627031447715083e-17
6.285072722991542919e-17
6.270551815158147501e-17
6.256064695618576236e-17
6.241610539950927250e-17
6.227190565876081971e-17
6.212803545548204442e-17
6.198450284677611847e-17
6.184130371866923988e-17
6.169843801792971574e-17
6.155590968141929276e-17
6.141371463553244949e-17
6.127185282487316681e-17
6.113032814237910809e-17
6.098913655439106574e-17
6.084827800339161343e-17
6.070775243111506564e-17
6.056756367266167769e-17
6.042770774693340316e-17
6.028818459359994729e-17
6.014899800499985628e-17
6.001014019908370482e-17
5.987161880677331259e-17
5.973343372473793433e-17
5.959557724960757834e-17
5.945805692994577785e-17
5.932086511426413563e-17
5.918400929663883495e-17
5.904748937112256521e-17
5.891129776349407993e-17
5.877544188701513834e-17
5.863991421841247154e-17
5.850472211748353049e-17
5.836986179365049417e-17
5.823533684586421097e-17
5.810113985178548687e-17
5.796727806563977512e-17
5.783374774599416747e-17
5.770054520163449296e-17
5.756767760855032058e-17
5.743514485487121462e-17
5.730293966684821561e-17
5.717106557496096818e-17
5.703952605914413639e-17
5.690831391865723357e-17
5.677743617582693506e-17
5.664688919708627618e-17
5.651667290415846286e-17
5.638678721816382639e-17
5.625723205962414986e-17
5.612800734846683432e-17
5.599911300402917587e-17
5.587054836718459581e-17
5.574231047033582999e-17
5.561439919981064741e-17
5.548680417303306893e-17
5.535952870746478620e-17
5.523256248839411862e-17
5.510590880637768910e-17
5.497955741410670586e-17
5.485351157547168011e-17
5.472776111011112326e-17
5.460230592672567609e-17
5.447714589772501279e-17
5.435227094232725163e-17
5.422768425877131084e-17
5.410337583210843216e-17
5.397934883470978632e-17
5.385559331702397913e-17
5.373211242577193758e-17
5.360889627636919082e-17
5.348594476353524373e-17
5.336325453151206732e-17
5.324082223430448886e-17
5.311864453565360483e-17
5.299671810901028628e-17
5.287503963750848083e-17
5.275360581393889673e-17
5.263241334072248363e-17
5.251145579150581891e-17
5.239073617550369475e-17
5.227024495789693634e-17
5.214998512355398674e-17
5.202994719996008416e-17
5.191012797890529959e-17
5.179053040897638473e-17
5.167115123655532577e-17
5.155197500751386574e-17
5.143301686603047640e-17
5.131425533508182142e-17
5.119569940880261232e-17
5.107734588070966882e-17
5.095918555380286148e-17
5.084121530295251570e-17
5.072343797046978934e-17
5.060584444945297622e-17
5.048843164195926639e-17
5.037120235554913900e-17
5.025415344867151012e-17
5.013727007780540477e-17
5.002056091266500195e-17
4.990402283908560257e-17
