# te
3.069117069244384766e+00
3.803976297378540039e+00
3.894130468368530273e+00
3.605567216873168945e+00
3.143376588821411133e+00
2.634842634201049805e+00
2.157470464706420898e+00
1.752981185913085938e+00
1.438505649566650391e+00
1.218215703964233398e+00
1.089487195014953613e+00
1.036487936973571777e+00
1.038806438446044922e+00
1.077659487724304199e+00
1.136316776275634766e+00
1.201436400413513184e+00
1.264017462730407715e+00
1.322271823883056641e+00
1.373348474502563477e+00
1.417271614074707031e+00
1.454552769660949707e+00
1.489682078361511230e+00
1.527197003364562988e+00
1.567771673202514648e+00
1.612350225448608398e+00
1.659610509872436523e+00
1.708478689193725586e+00
1.756013751029968262e+00
1.797785162925720215e+00
1.831587433815002441e+00
1.856044173240661621e+00
1.871013641357421875e+00
1.876840233802795410e+00
1.871526360511779785e+00
1.852525353431701660e+00
1.821295499801635742e+00
1.781791090965270996e+00
1.735100865364074707e+00
1.681392550468444824e+00
1.620372414588928223e+00
1.550717830657958984e+00
1.470867395401000977e+00
1.380151033401489258e+00
1.277973771095275879e+00
1.161981344223022461e+00
1.032668948173522949e+00
8.939001560211181641e-01
7.489442229270935059e-01
5.942860245704650879e-01
4.251828789710998535e-01
2.376156002283096313e-01
2.959691546857357025e-02
-1.928897798061370850e-01
-4.237451851367950439e-01
-6.634065508842468262e-01
-9.121425151824951172e-01
-1.171411991119384766e+00
-1.442696690559387207e+00
-1.726043820381164551e+00
-2.021232366561889648e+00
-2.329348325729370117e+00
-2.651432037353515625e+00
-2.988746881484985352e+00
-3.341961860656738281e+00
-3.709251880645751953e+00
-4.087880611419677734e+00
-4.476185321807861328e+00
-4.872427940368652344e+00
-5.278289318084716797e+00
-5.696144580841064453e+00
-6.127204418182373047e+00
-6.571887969970703125e+00
-7.029128551483154297e+00
-7.497263908386230469e+00
-7.975508213043212891e+00
-8.463677406311035156e+00
-8.963205337524414062e+00
-9.470323562622070312e+00
-9.986468315124511719e+00
-1.051220321655273438e+01
-1.104684925079345703e+01
-1.159034442901611328e+01
-1.214113807678222656e+01
-1.270065689086914062e+01
-1.326807785034179688e+01
-1.384251976013183594e+01
-1.442382621765136719e+01
-1.501332950592041016e+01
-1.560790157318115234e+01
-1.620816802978515625e+01
-1.681342315673828125e+01
-1.742374229431152344e+01
-1.803771400451660156e+01
-1.865615463256835938e+01
-1.927839660644531250e+01
-1.990377426147460938e+01
-2.053012847900390625e+01
-2.116051101684570312e+01
-2.179053497314453125e+01
-2.242324829101562500e+01
-2.305649948120117188e+01
-2.369110488891601562e+01
-2.432416725158691406e+01
-2.495724678039550781e+01
-2.558967781066894531e+01
-2.622004699707031250e+01
-2.684917449951171875e+01
-2.747564888000488281e+01
-2.809806060791015625e+01
-2.871795082092285156e+01
-2.933459091186523438e+01
-2.994647407531738281e+01
-3.055284500122070312e+01
-3.115369987487792969e+01
-3.174827957153320312e+01
-3.233583450317382812e+01
-3.291708755493164062e+01
-3.348981094360351562e+01
-3.405398178100585938e+01
-3.460959625244140625e+01
-3.515589904785156250e+01
-3.569287872314453125e+01
-3.621754837036132812e+01
-3.673213958740234375e+01
-3.723588562011718750e+01
-3.772803878784179688e+01
-3.820784378051757812e+01
-3.867454910278320312e+01
-3.912739944458007812e+01
-3.956787490844726562e+01
-3.999302291870117188e+01
-4.040507888793945312e+01
-4.079961395263671875e+01
-4.117960739135742188e+01
-4.154136276245117188e+01
-4.188713836669921875e+01
-4.221545028686523438e+01
-4.252558517456054688e+01
-4.281829833984375000e+01
-4.309138107299804688e+01
-4.334559249877929688e+01
-4.358094787597656250e+01
-4.379673004150390625e+01
-4.399221038818359375e+01
-4.416740417480468750e+01
-4.432085037231445312e+01
-4.445404815673828125e+01
-4.456553268432617188e+01
-4.465309143066406250e+01
-4.471970367431640625e+01
-4.476384353637695312e+01
-4.478322219848632812e+01
-4.478002166748046875e+01
-4.475344085693359375e+01
-4.470343017578125000e+01
-4.462844085693359375e+01
-4.452916336059570312e+01
-4.440554809570312500e+01
-4.425605392456054688e+01
-4.408211135864257812e+01
-4.388367080688476562e+01
-4.365918731689453125e+01
-4.341009521484375000e+01
-4.313410949707031250e+01
-4.283266448974609375e+01
-4.250645446777343750e+01
-4.215318679809570312e+01
-4.177281570434570312e+01
-4.136676788330078125e+01
-4.093276596069335938e+01
-4.047223663330078125e+01
-3.998513412475585938e+01
-3.947139358520507812e+01
-3.893023300170898438e+01
-3.836158370971679688e+01
-3.776688003540039062e+01
-3.714456939697265625e+01
-3.649459457397460938e+01
-3.581837463378906250e+01
-3.511585235595703125e+01
-3.438547515869140625e+01
-3.362866973876953125e+01
-3.284463119506835938e+01
-3.203553009033203125e+01
-3.119832611083984375e+01
-3.033444404602050781e+01
-2.944531440734863281e+01
-2.852938270568847656e+01
-2.758881759643554688e+01
-2.662058830261230469e+01
-2.562685966491699219e+01
-2.460905265808105469e+01
-2.356488227844238281e+01
-2.249651145935058594e+01
-2.140313339233398438e+01
-2.028617668151855469e+01
-1.914483451843261719e+01
-1.797978782653808594e+01
-1.679171562194824219e+01
-1.557981491088867188e+01
-1.434551620483398438e+01
-1.308802318572998047e+01
-1.181025218963623047e+01
-1.050992107391357422e+01
-9.188239097595214844e+00
-7.845595359802246094e+00
-6.482458114624023438e+00
-5.099142551422119141e+00
-3.696486234664916992e+00
-2.274493932723999023e+00
-8.340466618537902832e-01
6.249547600746154785e-01
2.101361751556396484e+00
3.594486474990844727e+00
5.104904651641845703e+00
6.630664348602294922e+00
8.172044754028320312e+00
9.730068206787109375e+00
1.130033016204833984e+01
1.288511753082275391e+01
1.448299884796142578e+01
1.609477424621582031e+01
1.771678352355957031e+01
1.935205650329589844e+01
2.099693298339843750e+01
2.265295791625976562e+01
2.431869888305664062e+01
2.599272918701171875e+01
2.767584800720214844e+01
2.936736869812011719e+01
3.106586456298828125e+01
3.276990890502929688e+01
3.448029327392578125e+01
3.619560241699218750e+01
3.791588592529296875e+01
3.963971328735351562e+01
4.136714935302734375e+01
4.309750747680664062e+01
4.482861709594726562e+01
4.656127929687500000e+01
4.829481124877929688e+01
5.002778244018554688e+01
5.176100158691406250e+01
5.349155044555664062e+01
5.522097396850585938e+01
5.694711303710937500e+01
5.867001342773437500e+01
6.038899612426757812e+01
6.210264205932617188e+01
6.381172943115234375e+01
6.551472473144531250e+01
6.721008300781250000e+01
6.889772033691406250e+01
7.057759094238281250e+01
7.224961090087890625e+01
7.390555572509765625e+01
7.555798339843750000e+01
7.719197082519531250e+01
7.882231140136718750e+01
8.042664337158203125e+01
8.202719879150390625e+01
8.361648559570312500e+01
8.518700408935546875e+01
8.673125457763671875e+01
8.827146911621093750e+01
8.978528594970703125e+01
9.128752136230468750e+01
9.277064514160156250e+01
9.423462677001953125e+01
9.567938995361328125e+01
9.709743499755859375e+01
9.850357055664062500e+01
9.987542724609375000e+01
1.012352371215820312e+02
1.025606613159179688e+02
1.038739089965820312e+02
1.051526260375976562e+02
1.064041900634765625e+02
1.076434020996093750e+02
1.088478851318359375e+02
1.100250320434570312e+02
1.111747741699218750e+02
1.122970428466796875e+02
1.133917846679687500e+02
1.144514999389648438e+02
1.154909820556640625e+02
1.164953079223632812e+02
1.174718627929687500e+02
1.184205780029296875e+02
1.193265304565429688e+02
1.202119369506835938e+02
1.210544509887695312e+02
1.218763122558593750e+02
1.226551666259765625e+02
1.234057998657226562e+02
1.241281738281250000e+02
1.248073272705078125e+02
1.254506759643554688e+02
1.260581207275390625e+02
1.266370391845703125e+02
1.271872711181640625e+02
1.276937942504882812e+02
1.281564483642578125e+02
1.285899200439453125e+02
1.289866180419921875e+02
1.293389587402343750e+02
1.296690368652343750e+02
1.299470062255859375e+02
1.301949768066406250e+02
1.303979187011718750e+02
1.305705261230468750e+02
1.306977844238281250e+02
1.307943725585937500e+02
1.308452911376953125e+02
1.308577880859375000e+02
1.308317108154296875e+02
1.307668762207031250e+02
1.306631164550781250e+02
1.305277252197265625e+02
1.303456573486328125e+02
1.301241760253906250e+02
1.298631286621093750e+02
1.295549011230468750e+02
1.292216491699218750e+02
1.288334503173828125e+02
1.284124603271484375e+02
1.279584960937500000e+02
1.274565277099609375e+02
1.269138336181640625e+02
1.263376617431640625e+02
1.257278518676757812e+02
1.250768280029296875e+02
1.243843917846679688e+02
1.236503982543945312e+02
1.228820953369140625e+02
1.220644760131835938e+02
1.212196350097656250e+02
1.203325729370117188e+02
1.194179611206054688e+02
1.184533462524414062e+02
1.174534378051757812e+02
1.164180450439453125e+02
1.153470153808593750e+02
1.142401657104492188e+02
1.131047744750976562e+02
1.119257812500000000e+02
1.107104949951171875e+02
1.094586944580078125e+02
1.081776885986328125e+02
1.068598480224609375e+02
1.055051345825195312e+02
1.041283187866210938e+02
1.027070693969726562e+02
1.012561645507812500e+02
9.978298187255859375e+01
9.827259826660156250e+01
9.673981475830078125e+01
9.516970062255859375e+01
9.357334136962890625e+01
9.194621276855468750e+01
9.029122161865234375e+01
8.861054229736328125e+01
8.690039062500000000e+01
8.516664123535156250e+01
8.340625762939453125e+01
8.162140655517578125e+01
7.981351470947265625e+01
7.798027038574218750e+01
7.612682342529296875e+01
7.424938201904296875e+01
7.235235595703125000e+01
7.043268585205078125e+01
6.849402618408203125e+01
6.653631591796875000e+01
6.455947113037109375e+01
6.256641006469726562e+01
6.055408859252929688e+01
5.852689743041992188e+01
5.648253631591796875e+01
5.442391204833984375e+01
5.235169219970703125e+01
5.026432418823242188e+01
4.816544723510742188e+01
4.605351257324218750e+01
4.393067550659179688e+01
4.179686355590820312e+01
3.965349197387695312e+01
3.750049209594726562e+01
3.534001922607421875e+01
3.317051315307617188e+01
3.099487113952636719e+01
2.881228446960449219e+01
2.662490272521972656e+01
2.443116760253906250e+01
2.223457717895507812e+01
2.003371429443359375e+01
1.782984161376953125e+01
1.562375736236572266e+01
1.341626834869384766e+01
1.120794486999511719e+01
8.999842643737792969e+00
6.792739868164062500e+00
4.588379859924316406e+00
2.386129140853881836e+00
1.883999407291412354e-01
-2.006110906600952148e+00
-4.192762374877929688e+00
-6.373601436614990234e+00
-8.547702789306640625e+00
-1.071265602111816406e+01
-1.286902046203613281e+01
-1.501513099670410156e+01
-1.715080451965332031e+01
-1.927363395690917969e+01
-2.138492202758789062e+01
-2.348374557495117188e+01
-2.556695175170898438e+01
-2.763510322570800781e+01
-2.968802452087402344e+01
-3.172404289245605469e+01
-3.374372482299804688e+01
-3.574465942382812500e+01
-3.772742080688476562e+01
-3.968958663940429688e+01
-4.163172531127929688e+01
-4.355440902709960938e+01
-4.545373535156250000e+01
-4.733100891113281250e+01
-4.918606185913085938e+01
-5.101722335815429688e+01
-5.282505416870117188e+01
-5.460641479492187500e+01
-5.636408996582031250e+01
-5.809568023681640625e+01
-5.980099868774414062e+01
-6.147838211059570312e+01
-6.312766265869140625e+01
-6.475013732910156250e+01
-6.634265899658203125e+01
-6.790727996826171875e+01
-6.944159698486328125e+01
-7.094616699218750000e+01
-7.241932678222656250e+01
-7.386165618896484375e+01
-7.527146911621093750e+01
-7.665084075927734375e+01
-7.799807739257812500e+01
-7.931153869628906250e+01
-8.059326934814453125e+01
-8.184083557128906250e+01
-8.305622100830078125e+01
-8.423690032958984375e+01
-8.538408660888671875e+01
-8.649748992919921875e+01
-8.757015228271484375e+01
-8.861590576171875000e+01
-8.961589050292968750e+01
-9.058542633056640625e+01
-9.151830291748046875e+01
-9.241496276855468750e+01
-9.326918792724609375e+01
-9.409928131103515625e+01
-9.487522125244140625e+01
-9.562645721435546875e+01
-9.633042144775390625e+01
-9.700167083740234375e+01
-9.763250732421875000e+01
-9.823007965087890625e+01
-9.878666687011718750e+01
-9.930198669433593750e+01
-9.978318786621093750e+01
-1.002225494384765625e+02
-1.006272277832031250e+02
-1.009894943237304688e+02
-1.013113021850585938e+02
-1.016020278930664062e+02
-1.018427963256835938e+02
-1.020578536987304688e+02
-1.022275924682617188e+02
-1.023554306030273438e+02
-1.024470367431640625e+02
-1.025043487548828125e+02
-1.025211410522460938e+02
-1.024986038208007812e+02
-1.024386749267578125e+02
-1.023410797119140625e+02
-1.022047729492187500e+02
-1.020309524536132812e+02
-1.018185882568359375e+02
-1.015703582763671875e+02
-1.012852325439453125e+02
-1.009614410400390625e+02
-1.006023864746093750e+02
-1.002063064575195312e+02
-9.977439880371093750e+01
-9.930561828613281250e+01
-9.880265045166015625e+01
-9.826222229003906250e+01
-9.768849945068359375e+01
-9.707974243164062500e+01
-9.643582916259765625e+01
-9.575890350341796875e+01
-9.504739379882812500e+01
-9.430493927001953125e+01
-9.352922821044921875e+01
-9.272238159179687500e+01
-9.188359832763671875e+01
-9.101574707031250000e+01
-9.011800384521484375e+01
-8.919028472900390625e+01
-8.823398590087890625e+01
-8.725049591064453125e+01
-8.623974609375000000e+01
-8.520162200927734375e+01
-8.413754272460937500e+01
-8.304815673828125000e+01
-8.193410491943359375e+01
-8.079456329345703125e+01
-7.963240814208984375e+01
-7.844754791259765625e+01
-7.723989105224609375e+01
-7.601084136962890625e+01
-7.476103210449218750e+01
-7.348963165283203125e+01
-7.219877624511718750e+01
-7.088912200927734375e+01
-6.956204223632812500e+01
-6.821596527099609375e+01
-6.685451507568359375e+01
-6.547460937500000000e+01
-6.407987976074218750e+01
-6.267022323608398438e+01
-6.124628067016601562e+01
-5.980870437622070312e+01
-5.835738372802734375e+01
-5.689371871948242188e+01
-5.541834259033203125e+01
-5.393190383911132812e+01
-5.243503952026367188e+01
-5.092765808105468750e+01
-4.941187286376953125e+01
-4.788714218139648438e+01
-4.635433959960937500e+01
-4.481393814086914062e+01
-4.326688766479492188e+01
-4.171337890625000000e+01
-4.015434646606445312e+01
-3.859038162231445312e+01
-3.702196502685546875e+01
-3.544965744018554688e+01
-3.387476730346679688e+01
-3.229778289794921875e+01
-3.071980285644531250e+01
-2.914191627502441406e+01
-2.756455039978027344e+01
-2.598976516723632812e+01
-2.441723632812500000e+01
-2.284798240661621094e+01
-2.128376388549804688e+01
-1.972485351562500000e+01
-1.817227172851562500e+01
-1.662479972839355469e+01
-1.508791446685791016e+01
-1.355817317962646484e+01
-1.203882122039794922e+01
-1.052938652038574219e+01
-9.031627655029296875e+00
-7.543586730957031250e+00
-6.070736885070800781e+00
-4.611120223999023438e+00
-3.165008306503295898e+00
-1.734900712966918945e+00
-3.195824027061462402e-01
1.078446507453918457e+00
2.460402011871337891e+00
3.824527263641357422e+00
5.169808387756347656e+00
6.496718883514404297e+00
7.802759170532226562e+00
9.089887619018554688e+00
1.035560607910156250e+01
1.159890079498291016e+01
1.282098674774169922e+01
1.402010917663574219e+01
1.519599819183349609e+01
1.634838294982910156e+01
1.747550964355468750e+01
1.857858848571777344e+01
1.965661239624023438e+01
2.070856666564941406e+01
2.173343467712402344e+01
2.273317718505859375e+01
2.370455360412597656e+01
2.464951896667480469e+01
2.556557464599609375e+01
2.645393562316894531e+01
2.731359100341796875e+01
2.814500808715820312e+01
2.894643020629882812e+01
2.971830749511718750e+01
3.045952606201171875e+01
3.117190933227539062e+01
3.185283470153808594e+01
3.250264739990234375e+01
3.312094879150390625e+01
3.370734024047851562e+01
3.426142501831054688e+01
3.478279495239257812e+01
3.527106475830078125e+01
3.572656631469726562e+01
3.614964675903320312e+01
3.653767776489257812e+01
3.689174652099609375e+01
3.721218872070312500e+01
3.749860763549804688e+01
3.775059890747070312e+01
3.796701812744140625e+01
3.815043258666992188e+01
3.829821014404296875e+01
3.841069412231445312e+01
3.848747634887695312e+01
3.853038406372070312e+01
3.853752136230468750e+01
3.850849151611328125e+01
3.844436645507812500e+01
3.834474182128906250e+01
3.820920944213867188e+01
3.803810882568359375e+01
3.783028411865234375e+01
3.758830261230468750e+01
3.730952453613281250e+01
3.699576568603515625e+01
3.664662551879882812e+01
3.626205062866210938e+01
3.584230422973632812e+01
3.538638305664062500e+01
3.489602661132812500e+01
3.436985397338867188e+01
3.380905151367187500e+01
3.321316909790039062e+01
3.258256530761718750e+01
3.191730880737304688e+01
3.121765518188476562e+01
3.048348236083984375e+01
2.971504402160644531e+01
2.891206550598144531e+01
2.807606124877929688e+01
2.720586776733398438e+01
2.630255317687988281e+01
2.536574363708496094e+01
2.439600372314453125e+01
2.339468765258789062e+01
2.236241149902343750e+01
2.129829788208007812e+01
2.020369911193847656e+01
1.907997322082519531e+01
1.792623901367187500e+01
1.674384689331054688e+01
1.553341102600097656e+01
1.429627609252929688e+01
1.303082275390625000e+01
1.173839855194091797e+01
1.042109489440917969e+01
9.078031539916992188e+00
7.710553646087646484e+00
6.318521976470947266e+00
4.902538776397705078e+00
3.463950157165527344e+00
2.004098892211914062e+00
5.213566422462463379e-01
-9.829334616661071777e-01
-2.506686210632324219e+00
-4.050789356231689453e+00
-5.614645957946777344e+00
-7.196171283721923828e+00
-8.796255111694335938e+00
-1.041430282592773438e+01
-1.204897499084472656e+01
-1.370042133331298828e+01
-1.536656093597412109e+01
-1.704903030395507812e+01
-1.874723434448242188e+01
-2.045909881591796875e+01
-2.218477249145507812e+01
-2.391549301147460938e+01
-2.566255569458007812e+01
-2.742388916015625000e+01
-2.919221115112304688e+01
-3.097511291503906250e+01
-3.276531600952148438e+01
-3.456297302246093750e+01
-3.637567901611328125e+01
-3.818872070312500000e+01
-4.000969314575195312e+01
-4.185361099243164062e+01
-4.369091033935546875e+01
-4.553660964965820312e+01
-4.738344573974609375e+01
-4.923899459838867188e+01
-5.110335540771484375e+01
-5.296144104003906250e+01
-5.484268569946289062e+01
-5.670963668823242188e+01
-5.857686233520507812e+01
-6.045150375366210938e+01
-6.232583999633789062e+01
-6.418471527099609375e+01
-6.605755615234375000e+01
-6.792179870605468750e+01
-6.977712249755859375e+01
-7.163813018798828125e+01
-7.348221588134765625e+01
-7.532396697998046875e+01
-7.716307830810546875e+01
-7.899184417724609375e+01
-8.080254364013671875e+01
-8.261716461181640625e+01
-8.440572357177734375e+01
-8.619763183593750000e+01
-8.796288299560546875e+01
-8.971605682373046875e+01
-9.146430206298828125e+01
-9.319988250732421875e+01
-9.491509246826171875e+01
-9.660964965820312500e+01
-9.829811859130859375e+01
-9.996535491943359375e+01
-1.016184921264648438e+02
-1.032498321533203125e+02
-1.048590698242187500e+02
-1.064459304809570312e+02
-1.080249862670898438e+02
-1.095662307739257812e+02
-1.111065139770507812e+02
-1.126084213256835938e+02
-1.141013641357421875e+02
-1.155553588867187500e+02
-1.169923858642578125e+02
-1.184121780395507812e+02
-1.198069992065429688e+02
-1.211691436767578125e+02
-1.225131835937500000e+02
-1.238239669799804688e+02
-1.251235046386718750e+02
-1.263743438720703125e+02
-1.276133651733398438e+02
-1.288254089355468750e+02
-1.300176239013671875e+02
-1.311748504638671875e+02
-1.323042144775390625e+02
-1.333978118896484375e+02
-1.344700164794921875e+02
-1.355054931640625000e+02
-1.365186157226562500e+02
-1.375014495849609375e+02
-1.384460906982421875e+02
-1.393594512939453125e+02
-1.402485198974609375e+02
-1.411053466796875000e+02
-1.419294433593750000e+02
-1.427203216552734375e+02
-1.434774780273437500e+02
-1.442078857421875000e+02
-1.448961486816406250e+02
-1.455566711425781250e+02
-1.461815185546875000e+02
-1.467627563476562500e+02
-1.473221740722656250e+02
-1.478444519042968750e+02
-1.483290710449218750e+02
-1.487681121826171875e+02
-1.491833496093750000e+02
-1.495668945312500000e+02
-1.499107818603515625e+02
-1.502219696044921875e+02
-1.504925231933593750e+02
-1.507219543457031250e+02
-1.509245758056640625e+02
-1.510850830078125000e+02
-1.512178039550781250e+02
-1.513222351074218750e+02
-1.513756103515625000e+02
-1.513922576904296875e+02
-1.513791198730468750e+02
-1.513059539794921875e+02
-1.512094268798828125e+02
-1.510815887451171875e+02
-1.509219360351562500e+02
-1.507151031494140625e+02
-1.504680023193359375e+02
-1.501949768066406250e+02
-1.498732299804687500e+02
-1.495245819091796875e+02
-1.491335906982421875e+02
-1.487146453857421875e+02
-1.482523651123046875e+02
-1.477610778808593750e+02
-1.472328643798828125e+02
-1.466671752929687500e+02
-1.460709991455078125e+02
-1.454217987060546875e+02
-1.447565155029296875e+02
-1.440452270507812500e+02
-1.433026275634765625e+02
-1.425284881591796875e+02
-1.417226104736328125e+02
-1.408773803710937500e+02
-1.400074615478515625e+02
-1.390977630615234375e+02
-1.381562500000000000e+02
-1.371872253417968750e+02
-1.361896972656250000e+02
-1.351612396240234375e+02
-1.341038818359375000e+02
-1.330173950195312500e+02
-1.319023590087890625e+02
-1.307592468261718750e+02
-1.295886230468750000e+02
-1.283902740478515625e+02
-1.271669540405273438e+02
-1.259169616699218750e+02
-1.246408309936523438e+02
-1.233390808105468750e+02
-1.220137176513671875e+02
-1.206637878417968750e+02
-1.192912979125976562e+02
-1.178953018188476562e+02
-1.164770355224609375e+02
-1.150385208129882812e+02
-1.135780639648437500e+02
-1.120969085693359375e+02
-1.105955734252929688e+02
-1.090738372802734375e+02
-1.075329742431640625e+02
-1.059727401733398438e+02
-1.043943939208984375e+02
-1.027977218627929688e+02
-1.011824951171875000e+02
-9.955068969726562500e+01
-9.790358734130859375e+01
-9.623797607421875000e+01
-9.455957794189453125e+01
-9.286443328857421875e+01
-9.115528106689453125e+01
-8.943242645263671875e+01
-8.769532775878906250e+01
-8.594567871093750000e+01
-8.418264007568359375e+01
-8.240707397460937500e+01
-8.061943054199218750e+01
-7.882026672363281250e+01
-7.701054382324218750e+01
-7.519192504882812500e+01
-7.336365509033203125e+01
-7.152784729003906250e+01
-6.968546295166015625e+01
-6.783673858642578125e+01
-6.598116302490234375e+01
-6.412194061279296875e+01
-6.225930404663085938e+01
-6.039273452758789062e+01
-5.852469253540039062e+01
-5.665467453002929688e+01
-5.478513336181640625e+01
-5.291555023193359375e+01
-5.104690551757812500e+01
-4.917942047119140625e+01
-4.731407546997070312e+01
-4.545183944702148438e+01
-4.359368133544921875e+01
-4.173908996582031250e+01
-3.988977432250976562e+01
-3.804671096801757812e+01
-3.620864105224609375e+01
-3.437727355957031250e+01
-3.255432128906250000e+01
-3.073927688598632812e+01
-2.893235969543457031e+01
-2.713453865051269531e+01
-2.534753036499023438e+01
-2.357081985473632812e+01
-2.180611610412597656e+01
-2.005141830444335938e+01
-1.830992317199707031e+01
-1.658111381530761719e+01
-1.486521911621093750e+01
-1.316320610046386719e+01
-1.147529983520507812e+01
-9.803215026855468750e+00
-8.144946098327636719e+00
-6.501464366912841797e+00
-4.874479770660400391e+00
-3.264219760894775391e+00
-1.668681025505065918e+00
-9.106173366308212280e-02
1.469897747039794922e+00
3.013227939605712891e+00
4.537959098815917969e+00
6.045351028442382812e+00
7.533647060394287109e+00
9.003145217895507812e+00
1.045261669158935547e+01
1.188157176971435547e+01
1.328952121734619141e+01
1.467597866058349609e+01
1.604045295715332031e+01
1.738320159912109375e+01
1.870224380493164062e+01
1.999932098388671875e+01
2.127171516418457031e+01
2.252042007446289062e+01
2.374420166015625000e+01
2.494405364990234375e+01
2.611874198913574219e+01
2.726703262329101562e+01
2.839065551757812500e+01
2.948689079284667969e+01
3.055673217773437500e+01
3.159894180297851562e+01
3.261376571655273438e+01
3.360144805908203125e+01
3.456149673461914062e+01
3.549266815185546875e+01
3.639520645141601562e+01
3.727010345458984375e+01
3.811536407470703125e+01
3.893124389648437500e+01
3.971871566772460938e+01
4.047579956054687500e+01
4.120347213745117188e+01
4.190123748779296875e+01
4.256932449340820312e+01
4.320797729492187500e+01
4.381446075439453125e+01
4.439123916625976562e+01
4.493706130981445312e+01
4.545215988159179688e+01
4.593602752685546875e+01
4.638889312744140625e+01
4.681024932861328125e+01
4.720032501220703125e+01
4.755934906005859375e+01
4.788606643676757812e+01
4.818144607543945312e+01
4.844496917724609375e+01
4.867761230468750000e+01
4.887810134887695312e+01
4.904741668701171875e+01
4.918428802490234375e+01
4.928972625732421875e+01
4.936414718627929688e+01
4.940653991699218750e+01
4.941810989379882812e+01
4.939857101440429688e+01
4.934765243530273438e+01
4.926729583740234375e+01
4.915573120117187500e+01
4.901416397094726562e+01
4.884453964233398438e+01
4.864433670043945312e+01
4.841550445556640625e+01
4.815775680541992188e+01
4.787228775024414062e+01
4.755805969238281250e+01
4.721627807617187500e+01
4.684664916992187500e+01
4.644961929321289062e+01
4.602637863159179688e+01
4.557515716552734375e+01
4.509788131713867188e+01
4.459500122070312500e+01
4.406547164916992188e+01
4.350973892211914062e+01
4.292973327636718750e+01
4.232441711425781250e+01
4.169496536254882812e+01
4.104093170166015625e+01
4.036335372924804688e+01
3.966177749633789062e+01
3.893663406372070312e+01
3.818866729736328125e+01
3.741766357421875000e+01
3.662405395507812500e+01
3.580798721313476562e+01
3.497015762329101562e+01
3.411018753051757812e+01
3.322895050048828125e+01
3.232746887207031250e+01
3.140402221679687500e+01
3.046030235290527344e+01
2.949598884582519531e+01
2.851151084899902344e+01
2.750803947448730469e+01
2.648451042175292969e+01
2.544209289550781250e+01
2.437972259521484375e+01
2.330005073547363281e+01
2.220127296447753906e+01
2.108380508422851562e+01
1.994964027404785156e+01
1.879812240600585938e+01
1.762942695617675781e+01
1.644521141052246094e+01
1.524713325500488281e+01
1.403387546539306641e+01
1.280709457397460938e+01
1.156770324707031250e+01
1.031586933135986328e+01
9.052504539489746094e+00
7.778518676757812500e+00
6.492590427398681641e+00
5.198602199554443359e+00
3.894490480422973633e+00
2.582648038864135742e+00
1.262496232986450195e+00
-6.505838781595230103e-02
-1.399109601974487305e+00
-2.739495277404785156e+00
-4.085309505462646484e+00
-5.436391830444335938e+00
-6.791837215423583984e+00
-8.148511886596679688e+00
-9.509972572326660156e+00
-1.087085723876953125e+01
-1.223546409606933594e+01
-1.360140323638916016e+01
-1.496703147888183594e+01
-1.633441925048828125e+01
-1.770117759704589844e+01
-1.906566238403320312e+01
-2.043291664123535156e+01
-2.179758071899414062e+01
-2.315949821472167969e+01
-2.451999473571777344e+01
-2.587817192077636719e+01
-2.723312950134277344e+01
-2.858470726013183594e+01
-2.992903518676757812e+01
-3.127115631103515625e+01
-3.260571289062500000e+01
-3.393700027465820312e+01
-3.526041030883789062e+01
-3.657949829101562500e+01
-3.789410400390625000e+01
-3.919663619995117188e+01
-4.050180816650390625e+01
-4.179459762573242188e+01
-4.307483673095703125e+01
-4.434980773925781250e+01
-4.561930465698242188e+01
-4.687551116943359375e+01
-4.812542724609375000e+01
-4.936861801147460938e+01
-5.059722518920898438e+01
-5.181824111938476562e+01
-5.302381134033203125e+01
-5.422092437744140625e+01
-5.540172958374023438e+01
-5.657321166992187500e+01
-5.772751617431640625e+01
-5.887162780761718750e+01
-5.999769210815429688e+01
-6.112013626098632812e+01
-6.222365570068359375e+01
-6.330781173706054688e+01
-6.437218475341796875e+01
-6.542374420166015625e+01
-6.646950531005859375e+01
-6.749415588378906250e+01
-6.849726867675781250e+01
-6.947840118408203125e+01
-7.044453430175781250e+01
-7.139523315429687500e+01
-7.233005523681640625e+01
-7.324113464355468750e+01
-7.414289093017578125e+01
-7.500514984130859375e+01
-7.586463165283203125e+01
-7.670602416992187500e+01
-7.752144622802734375e+01
-7.831788635253906250e+01
-7.909491729736328125e+01
-7.985205841064453125e+01
-8.058145141601562500e+01
-8.130493927001953125e+01
-8.198490905761718750e+01
-8.265807342529296875e+01
-8.330168151855468750e+01
-8.393757629394531250e+01
-8.453557586669921875e+01
-8.511752319335937500e+01
-8.567553710937500000e+01
-8.621659088134765625e+01
-8.674021911621093750e+01
-8.723110198974609375e+01
-8.769622039794921875e+01
-8.814253997802734375e+01
-8.856960296630859375e+01
-8.896950531005859375e+01
-8.934703063964843750e+01
-8.969963073730468750e+01
-9.002999114990234375e+01
-9.033634948730468750e+01
-9.062065887451171875e+01
-9.088113403320312500e+01
-9.111897277832031250e+01
-9.133465576171875000e+01
-9.152712249755859375e+01
-9.169758605957031250e+01
-9.184500122070312500e+01
-9.197132110595703125e+01
-9.207402038574218750e+01
-9.215576171875000000e+01
-9.221627044677734375e+01
-9.225449371337890625e+01
-9.227162933349609375e+01
-9.226589202880859375e+01
-9.223995208740234375e+01
-9.219276428222656250e+01
-9.212328338623046875e+01
-9.203418731689453125e+01
-9.192442321777343750e+01
-9.179368591308593750e+01
-9.164167785644531250e+01
-9.147030639648437500e+01
-9.127853393554687500e+01
-9.106753540039062500e+01
-9.083551025390625000e+01
-9.058438110351562500e+01
-9.031458282470703125e+01
-9.002430725097656250e+01
-8.971546936035156250e+01
-8.938702392578125000e+01
-8.903939056396484375e+01
-8.867447662353515625e+01
-8.828899383544921875e+01
-8.788635253906250000e+01
-8.746398162841796875e+01
-8.702455139160156250e+01
-8.656624603271484375e+01
-8.609022521972656250e+01
-8.559692382812500000e+01
-8.508600616455078125e+01
-8.455715179443359375e+01
-8.401077270507812500e+01
-8.344728851318359375e+01
-8.286637115478515625e+01
-8.226918029785156250e+01
-8.165464019775390625e+01
-8.102323913574218750e+01
-8.037574005126953125e+01
-7.971298980712890625e+01
-7.903357696533203125e+01
-7.833983612060546875e+01
-7.763259887695312500e+01
-7.691046142578125000e+01
-7.617575073242187500e+01
-7.542781066894531250e+01
-7.466896820068359375e+01
-7.389706420898437500e+01
-7.311442565917968750e+01
-7.232113647460937500e+01
-7.151728820800781250e+01
-7.070294952392578125e+01
-6.987970733642578125e+01
-6.904764556884765625e+01
-6.820610046386718750e+01
-6.735811614990234375e+01
-6.650081634521484375e+01
-6.563725280761718750e+01
-6.476676177978515625e+01
-6.388942337036132812e+01
-6.300642776489257812e+01
-6.211779403686523438e+01
-6.122433471679687500e+01
-6.032568359375000000e+01
-5.942259216308593750e+01
-5.851534652709960938e+01
-5.760434341430664062e+01
-5.668994522094726562e+01
-5.577252578735351562e+01
-5.485230636596679688e+01
-5.392977523803710938e+01
-5.300506973266601562e+01
-5.207871246337890625e+01
-5.115090560913085938e+01
-5.022209548950195312e+01
-4.929228210449218750e+01
-4.836198425292968750e+01
-4.743120574951171875e+01
-4.650046157836914062e+01
-4.556983566284179688e+01
-4.463946914672851562e+01
-4.370973205566406250e+01
-4.278115081787109375e+01
-4.185349655151367188e+01
-4.092826080322265625e+01
-4.000328063964843750e+01
-3.908019256591796875e+01
-3.815986633300781250e+01
-3.724112319946289062e+01
-3.632580566406250000e+01
-3.541352462768554688e+01
-3.450538635253906250e+01
-3.360100555419921875e+01
-3.270222091674804688e+01
-3.180716323852539062e+01
-3.091767692565917969e+01
-3.003486633300781250e+01
-2.915834617614746094e+01
-2.828772735595703125e+01
-2.742337608337402344e+01
-2.656713104248046875e+01
-2.571861457824707031e+01
-2.487818717956542969e+01
-2.404546165466308594e+01
-2.322228813171386719e+01
-2.240680122375488281e+01
-2.160158538818359375e+01
-2.080552482604980469e+01
-2.002046203613281250e+01
-1.924379348754882812e+01
-1.847959327697753906e+01
-1.772599983215332031e+01
-1.698263359069824219e+01
-1.625134658813476562e+01
-1.553101825714111328e+01
-1.482350254058837891e+01
-1.412693500518798828e+01
-1.344317245483398438e+01
-1.277109622955322266e+01
-1.211330413818359375e+01
-1.146719360351562500e+01
-1.083462142944335938e+01
-1.021521568298339844e+01
-9.610092163085937500e+00
-9.018878936767578125e+00
-8.441949844360351562e+00
-7.878193378448486328e+00
-7.329470157623291016e+00
-6.793926715850830078e+00
-6.275133609771728516e+00
-5.769680023193359375e+00
-5.279576778411865234e+00
-4.803495407104492188e+00
-4.343374252319335938e+00
-3.898926496505737305e+00
-3.469640970230102539e+00
-3.056048631668090820e+00
-2.658366441726684570e+00
-2.276669025421142578e+00
-1.910568594932556152e+00
-1.560272932052612305e+00
-1.225916147232055664e+00
-9.071651697158813477e-01
-6.042602062225341797e-01
-3.170707523822784424e-01
-4.561582207679748535e-02
2.101960480213165283e-01
4.502844512462615967e-01
6.748801469802856445e-01
8.836926817893981934e-01
1.076727986335754395e+00
1.254213929176330566e+00
1.416302800178527832e+00
1.562700510025024414e+00
1.693483233451843262e+00
1.809172034263610840e+00
1.908577561378479004e+00
1.993036985397338867e+00
2.062250137329101562e+00
2.115917444229125977e+00
2.154480218887329102e+00
2.178379058837890625e+00
2.186567783355712891e+00
2.180228233337402344e+00
2.158311367034912109e+00
2.121997356414794922e+00
2.069492340087890625e+00
2.003460168838500977e+00
1.922105550765991211e+00
1.825860738754272461e+00
1.714414238929748535e+00
1.588939666748046875e+00
1.448380470275878906e+00
1.293908357620239258e+00
1.123721718788146973e+00
9.404762983322143555e-01
7.416252493858337402e-01
5.283364653587341309e-01
3.002904057502746582e-01
5.716676265001296997e-02
-1.976403295993804932e-01
-4.689118564128875732e-01
-7.525123357772827148e-01
-1.051738381385803223e+00
-1.364685773849487305e+00
-1.692423701286315918e+00
-2.033792734146118164e+00
-2.389060735702514648e+00
-2.757511138916015625e+00
-3.140598535537719727e+00
-3.536062240600585938e+00
-3.945357561111450195e+00
-4.365482807159423828e+00
-4.797152519226074219e+00
-5.242567539215087891e+00
-5.697242259979248047e+00
-6.164122581481933594e+00
-6.640954017639160156e+00
-7.127710819244384766e+00
-7.625112533569335938e+00
-8.130907058715820312e+00
-8.646556854248046875e+00
-9.170554161071777344e+00
-9.703620910644531250e+00
-1.024425029754638672e+01
-1.079390811920166016e+01
-1.135034656524658203e+01
-1.191503334045410156e+01
-1.248572158813476562e+01
-1.306313419342041016e+01
-1.364800071716308594e+01
-1.423807334899902344e+01
-1.483482360839843750e+01
-1.543749427795410156e+01
-1.604383850097656250e+01
-1.665682029724121094e+01
-1.727418899536132812e+01
-1.789593505859375000e+01
-1.852279090881347656e+01
-1.915251159667968750e+01
-1.978731536865234375e+01
-2.042570686340332031e+01
-2.106618690490722656e+01
-2.171097373962402344e+01
-2.235857200622558594e+01
-2.300971221923828125e+01
-2.366438865661621094e+01
-2.432035827636718750e+01
-2.497910118103027344e+01
-2.563986396789550781e+01
-2.630263710021972656e+01
-2.696667289733886719e+01
-2.763418769836425781e+01
-2.830220031738281250e+01
-2.897145080566406250e+01
-2.964192581176757812e+01
-3.031362342834472656e+01
-3.098648643493652344e+01
-3.165953636169433594e+01
-3.233323669433593750e+01
-3.300731277465820312e+01
-3.368072891235351562e+01
-3.435470581054687500e+01
-3.502597808837890625e+01
-3.569427490234375000e+01
-3.636302566528320312e+01
-3.702823638916015625e+01
-3.769185256958007812e+01
-3.835136795043945312e+01
-3.901021957397460938e+01
-3.966366195678710938e+01
-4.031290054321289062e+01
-4.095988845825195312e+01
-4.160210800170898438e+01
-4.223927688598632812e+01
-4.287112045288085938e+01
-4.349883651733398438e+01
-4.412065887451171875e+01
-4.473704910278320312e+01
-4.534771728515625000e+01
-4.595163726806640625e+01
-4.655001831054687500e+01
-4.714108276367187500e+01
-4.772603607177734375e+01
-4.830384445190429688e+01
-4.887422561645507812e+01
-4.943763732910156250e+01
-4.999230575561523438e+01
-5.053868484497070312e+01
-5.107797241210937500e+01
-5.160839843750000000e+01
-5.213041305541992188e+01
-5.264373016357421875e+01
-5.314805603027343750e+01
-5.364384841918945312e+01
-5.412932205200195312e+01
-5.460716629028320312e+01
-5.507485580444335938e+01
-5.553284454345703125e+01
-5.598083496093750000e+01
-5.642001724243164062e+01
-5.684786987304687500e+01
-5.726707077026367188e+01
-5.767509841918945312e+01
-5.807239151000976562e+01
-5.845940017700195312e+01
-5.883583068847656250e+01
-5.920137786865234375e+01
-5.955652236938476562e+01
-5.990026473999023438e+01
-6.023306655883789062e+01
-6.055468368530273438e+01
-6.086632156372070312e+01
-6.116622543334960938e+01
-6.145487976074218750e+01
-6.173200988769531250e+01
-6.199883270263671875e+01
-6.225359344482421875e+01
-6.249676895141601562e+01
-6.272882843017578125e+01
-6.294874954223632812e+01
-6.315775680541992188e+01
-6.335556030273437500e+01
-6.354264450073242188e+01
-6.371649169921875000e+01
-6.387980651855468750e+01
-6.403156280517578125e+01
-6.417148590087890625e+01
-6.430004119873046875e+01
-6.441693115234375000e+01
-6.452190399169921875e+01
-6.461539459228515625e+01
-6.469713592529296875e+01
-6.476683807373046875e+01
-6.482570648193359375e+01
-6.487121582031250000e+01
-6.490680694580078125e+01
-6.492921447753906250e+01
-6.494038391113281250e+01
-6.493927001953125000e+01
-6.492634582519531250e+01
-6.490204620361328125e+01
-6.486682891845703125e+01
-6.481816101074218750e+01
-6.475948333740234375e+01
-6.468677520751953125e+01
-6.460345458984375000e+01
-6.450922393798828125e+01
-6.440229797363281250e+01
-6.428238677978515625e+01
-6.415142059326171875e+01
-6.400908660888671875e+01
-6.385359954833984375e+01
-6.368466567993164062e+01
-6.350643539428710938e+01
-6.331488800048828125e+01
-6.311119842529296875e+01
-6.289661026000976562e+01
-6.267103958129882812e+01
-6.243222808837890625e+01
-6.218163681030273438e+01
-6.192073059082031250e+01
-6.165021133422851562e+01
-6.136782836914062500e+01
-6.107503128051757812e+01
-6.077104949951171875e+01
-6.045807647705078125e+01
-6.013608169555664062e+01
-5.980428314208984375e+01
-5.946265411376953125e+01
-5.911189270019531250e+01
-5.875270843505859375e+01
-5.838432693481445312e+01
-5.800818634033203125e+01
-5.762351226806640625e+01
-5.723100280761718750e+01
-5.682988357543945312e+01
-5.642233657836914062e+01
-5.600683593750000000e+01
-5.558481979370117188e+01
-5.515477371215820312e+01
-5.471812820434570312e+01
-5.427558898925781250e+01
-5.382561874389648438e+01
-5.336966705322265625e+01
-5.290790557861328125e+01
-5.243984222412109375e+01
-5.196588134765625000e+01
-5.148619842529296875e+01
-5.100103378295898438e+01
-5.051042175292968750e+01
-5.001461410522460938e+01
-4.951347732543945312e+01
-4.900741958618164062e+01
-4.849638366699218750e+01
-4.798069000244140625e+01
-4.746026229858398438e+01
-4.693537902832031250e+01
-4.640600967407226562e+01
-4.587234878540039062e+01
-4.533446884155273438e+01
-4.479244232177734375e+01
-4.424628448486328125e+01
-4.369617080688476562e+01
-4.314219665527343750e+01
-4.258430480957031250e+01
-4.202266693115234375e+01
-4.145719909667968750e+01
-4.088857269287109375e+01
-4.031684112548828125e+01
-3.974212646484375000e+01
-3.916500854492187500e+01
-3.858559799194335938e+01
-3.800417709350585938e+01
-3.742131423950195312e+01
-3.683706283569335938e+01
-3.625190734863281250e+01
-3.566530990600585938e+01
-3.507970046997070312e+01
-3.449229431152343750e+01
-3.390553283691406250e+01
-3.331811523437500000e+01
-3.273247146606445312e+01
-3.214657211303710938e+01
-3.156061553955078125e+01
-3.097776794433593750e+01
-3.039526176452636719e+01
-2.981402587890625000e+01
-2.923501205444335938e+01
-2.865767097473144531e+01
-2.808294296264648438e+01
-2.751028251647949219e+01
-2.693989372253417969e+01
-2.637345504760742188e+01
-2.580893898010253906e+01
-2.524728584289550781e+01
-2.468943977355957031e+01
-2.413559722900390625e+01
-2.358447647094726562e+01
-2.303627204895019531e+01
-2.249415969848632812e+01
-2.195462608337402344e+01
-2.142009925842285156e+01
-2.089003753662109375e+01
-2.036389923095703125e+01
-1.984263229370117188e+01
-1.932569313049316406e+01
-1.881477355957031250e+01
-1.830784606933593750e+01
-1.780734443664550781e+01
-1.731124305725097656e+01
-1.682049369812011719e+01
-1.633604049682617188e+01
-1.585660552978515625e+01
-1.538313674926757812e+01
-1.491510200500488281e+01
-1.445344829559326172e+01
-1.399839019775390625e+01
-1.354866027832031250e+01
-1.310448455810546875e+01
-1.266757678985595703e+01
-1.223667526245117188e+01
-1.181275177001953125e+01
-1.139528942108154297e+01
-1.098377513885498047e+01
-1.057992267608642578e+01
-1.018322086334228516e+01
-9.793154716491699219e+00
-9.410698890686035156e+00
-9.034601211547851562e+00
-8.665834426879882812e+00
-8.304633140563964844e+00
-7.949744224548339844e+00
-7.603633403778076172e+00
-7.264452457427978516e+00
-6.932885646820068359e+00
-6.608796596527099609e+00
-6.291829109191894531e+00
-5.983409404754638672e+00
-5.682588577270507812e+00
-5.389678955078125000e+00
-5.104624748229980469e+00
-4.827591896057128906e+00
-4.558599948883056641e+00
-4.297593116760253906e+00
-4.044740676879882812e+00
-3.800063848495483398e+00
-3.563583850860595703e+00
-3.335397243499755859e+00
-3.115527391433715820e+00
-2.904146671295166016e+00
-2.701131343841552734e+00
-2.506543397903442383e+00
-2.320683956146240234e+00
-2.143423795700073242e+00
-1.974775791168212891e+00
-1.814819812774658203e+00
-1.663592696189880371e+00
-1.521072030067443848e+00
-1.387585520744323730e+00
-1.262941479682922363e+00
-1.147023558616638184e+00
-1.040161490440368652e+00
-9.423146247863769531e-01
-8.533687591552734375e-01
-7.736561298370361328e-01
-7.031382322311401367e-01
-6.417444944381713867e-01
-5.893475413322448730e-01
-5.461592078208923340e-01
-5.120950341224670410e-01
-4.859567284584045410e-01
-4.691474437713623047e-01
-4.609905183315277100e-01
-4.600669741630554199e-01
-4.679310619831085205e-01
-4.839083850383758545e-01
-5.073253512382507324e-01
-5.389955043792724609e-01
-5.782467126846313477e-01
-6.251507997512817383e-01
-6.790372729301452637e-01
-7.399795651435852051e-01
-8.080517053604125977e-01
-8.833284974098205566e-01
-9.658856987953186035e-01
-1.055056333541870117e+00
-1.150917530059814453e+00
-1.253547072410583496e+00
-1.363023400306701660e+00
-1.477939248085021973e+00
-1.599861025810241699e+00
-1.728125691413879395e+00
-1.862071871757507324e+00
-2.002523899078369141e+00
-2.148078441619873047e+00
-2.300304651260375977e+00
-2.457799911499023438e+00
-2.621391773223876953e+00
-2.790421962738037109e+00
-2.964975833892822266e+00
-3.145139217376708984e+00
-3.330255985260009766e+00
-3.521898984909057617e+00
-3.717926979064941406e+00
-3.919170618057250977e+00
-4.126461505889892578e+00
-4.338402271270751953e+00
-4.554339885711669922e+00
-4.776593208312988281e+00
-5.005252361297607422e+00
-5.237435817718505859e+00
-5.474720478057861328e+00
-5.715711116790771484e+00
-5.963473320007324219e+00
-6.215868473052978516e+00
-6.472246646881103516e+00
-6.734893321990966797e+00
-7.000749111175537109e+00
-7.270432472229003906e+00
-7.546794891357421875e+00
-7.824510097503662109e+00
-8.107171058654785156e+00
-8.393169403076171875e+00
-8.683127403259277344e+00
-8.975435256958007812e+00
-9.270715713500976562e+00
-9.569588661193847656e+00
-9.871191024780273438e+00
-1.017391395568847656e+01
-1.047912406921386719e+01
-1.078669834136962891e+01
-1.109726238250732422e+01
-1.140771961212158203e+01
-1.172092437744140625e+01
-1.203452396392822266e+01
-1.234914493560791016e+01
-1.266615009307861328e+01
-1.298319053649902344e+01
-1.330088996887207031e+01
-1.361912822723388672e+01
-1.393778514862060547e+01
-1.425673961639404297e+01
-1.457587146759033203e+01
-1.489506340026855469e+01
-1.521419239044189453e+01
-1.553239631652832031e+01
-1.585029888153076172e+01
-1.616926574707031250e+01
-1.648620605468750000e+01
-1.680322456359863281e+01
-1.711946487426757812e+01
-1.743331336975097656e+01
-1.774688339233398438e+01
-1.806005477905273438e+01
-1.837047386169433594e+01
-1.868025207519531250e+01
-1.898927116394042969e+01
-1.929591941833496094e+01
-1.960082054138183594e+01
-1.990534210205078125e+01
-2.020638465881347656e+01
-2.050680351257324219e+01
-2.080498886108398438e+01
-2.110156250000000000e+01
-2.139491462707519531e+01
-2.168715286254882812e+01
-2.197665786743164062e+01
-2.226400947570800781e+01
-2.254977416992187500e+01
-2.283228874206542969e+01
-2.311212539672851562e+01
-2.338910102844238281e+01
-2.366453361511230469e+01
-2.393601226806640625e+01
-2.420484733581542969e+01
-2.447011756896972656e+01
-2.473164367675781250e+01
-2.499073600769042969e+01
-2.524647140502929688e+01
-2.549792480468750000e+01
-2.574714851379394531e+01
-2.599172782897949219e+01
-2.623297309875488281e+01
-2.647069931030273438e+01
-2.670398330688476562e+01
-2.693412399291992188e+01
-2.715945816040039062e+01
-2.738128089904785156e+01
-2.759866905212402344e+01
-2.781217765808105469e+01
-2.802087974548339844e+01
-2.822607040405273438e+01
-2.842608261108398438e+01
-2.862220764160156250e+01
-2.881352043151855469e+01
-2.899908638000488281e+01
-2.918168640136718750e+01
-2.935815620422363281e+01
-2.953053665161132812e+01
-2.969789123535156250e+01
-2.985928535461425781e+01
-3.001749992370605469e+01
-3.016936683654785156e+01
-3.031617927551269531e+01
-3.045848083496093750e+01
-3.059533691406250000e+01
-3.072580909729003906e+01
-3.085267257690429688e+01
-3.097275161743164062e+01
-3.108808326721191406e+01
-3.119772338867187500e+01
-3.130147552490234375e+01
-3.139987754821777344e+01
-3.149273490905761719e+01
-3.157835578918457031e+01
-3.165950965881347656e+01
-3.173527908325195312e+01
-3.180333709716796875e+01
-3.186732101440429688e+01
-3.192493438720703125e+01
-3.197683525085449219e+01
-3.202296066284179688e+01
-3.206396484375000000e+01
-3.209978103637695312e+01
-3.213032531738281250e+01
-3.215477752685546875e+01
-3.217454910278320312e+01
-3.218881607055664062e+01
-3.219749832153320312e+01
-3.220200347900390625e+01
-3.220075607299804688e+01
-3.219517135620117188e+01
-3.218368148803710938e+01
-3.216768264770507812e+01
-3.214783859252929688e+01
-3.212183761596679688e+01
-3.209181976318359375e+01
-3.205770874023437500e+01
-3.201718139648437500e+01
-3.197387123107910156e+01
-3.192546272277832031e+01
-3.187186622619628906e+01
-3.181522369384765625e+01
-3.175321769714355469e+01
-3.168724822998046875e+01
-3.161647796630859375e+01
-3.154155921936035156e+01
-3.146240615844726562e+01
-3.137892341613769531e+01
-3.129027557373046875e+01
-3.119860267639160156e+01
-3.110231971740722656e+01
-3.100133705139160156e+01
-3.089778709411621094e+01
-3.078860092163085938e+01
-3.067591476440429688e+01
-3.055963325500488281e+01
-3.043816757202148438e+01
-3.031291389465332031e+01
-3.018376541137695312e+01
-3.005063247680664062e+01
-2.991266822814941406e+01
-2.977125740051269531e+01
-2.962481307983398438e+01
-2.947472763061523438e+01
-2.932089424133300781e+01
-2.916220092773437500e+01
-2.899987602233886719e+01
-2.883413314819335938e+01
-2.866363525390625000e+01
-2.849000549316406250e+01
-2.831286430358886719e+01
-2.813250160217285156e+01
-2.794876098632812500e+01
-2.776208114624023438e+01
-2.757252693176269531e+01
-2.738008880615234375e+01
-2.718512725830078125e+01
-2.698756408691406250e+01
-2.678760719299316406e+01
-2.658532142639160156e+01
-2.638099861145019531e+01
-2.617440223693847656e+01
-2.596589279174804688e+01
-2.575561141967773438e+01
-2.554354667663574219e+01
-2.532983589172363281e+01
-2.511461830139160156e+01
-2.489795684814453125e+01
-2.467984008789062500e+01
-2.446063041687011719e+01
-2.424016952514648438e+01
-2.401859474182128906e+01
-2.379611778259277344e+01
-2.357265281677246094e+01
-2.334833908081054688e+01
-2.312331771850585938e+01
-2.289764785766601562e+01
-2.267124557495117188e+01
-2.244454956054687500e+01
-2.221710205078125000e+01
-2.198948669433593750e+01
-2.176147079467773438e+01
-2.153326797485351562e+01
-2.130479240417480469e+01
-2.107625770568847656e+01
-2.084758186340332031e+01
-2.061889839172363281e+01
-2.039027786254882812e+01
-2.016163253784179688e+01
-1.993317604064941406e+01
-1.970475196838378906e+01
-1.947672080993652344e+01
-1.924877548217773438e+01
-1.902112960815429688e+01
-1.879377365112304688e+01
-1.856678390502929688e+01
-1.834028053283691406e+01
-1.811424446105957031e+01
-1.788895416259765625e+01
-1.766431999206542969e+01
-1.744039535522460938e+01
-1.721746253967285156e+01
-1.699550247192382812e+01
-1.677472114562988281e+01
-1.655495071411132812e+01
-1.633654594421386719e+01
-1.611934089660644531e+01
-1.590346908569335938e+01
-1.568913173675537109e+01
-1.547631549835205078e+01
-1.526515007019042969e+01
-1.505547142028808594e+01
-1.484770870208740234e+01
-1.464162158966064453e+01
-1.443756675720214844e+01
-1.423530483245849609e+01
-1.403519153594970703e+01
-1.383706283569335938e+01
-1.364112758636474609e+01
-1.344736957550048828e+01
-1.325577545166015625e+01
-1.306655502319335938e+01
-1.287969207763671875e+01
-1.269510173797607422e+01
-1.251314163208007812e+01
-1.233357715606689453e+01
-1.215654373168945312e+01
-1.198218059539794922e+01
-1.181047630310058594e+01
-1.164156818389892578e+01
-1.147529983520507812e+01
-1.131203269958496094e+01
-1.115153503417968750e+01
-1.099402332305908203e+01
-1.083956241607666016e+01
-1.068799877166748047e+01
-1.053969764709472656e+01
-1.039435577392578125e+01
-1.025211811065673828e+01
-1.011320304870605469e+01
-9.977607727050781250e+00
-9.845328330993652344e+00
-9.716587066650390625e+00
-9.591158866882324219e+00
-9.469341278076171875e+00
-9.351193428039550781e+00
-9.236507415771484375e+00
-9.125057220458984375e+00
-9.016620635986328125e+00
-8.912462234497070312e+00
-8.811914443969726562e+00
-8.713567733764648438e+00
-8.619727134704589844e+00
-8.528242111206054688e+00
-8.440675735473632812e+00
-8.357107162475585938e+00
-8.275385856628417969e+00
-8.197077751159667969e+00
-8.122262001037597656e+00
-8.051019668579101562e+00
-7.982687950134277344e+00
-7.918092250823974609e+00
-7.856569766998291016e+00
-7.798202991485595703e+00
-7.743073940277099609e+00
-7.690523624420166016e+00
-7.641376972198486328e+00
-7.594973564147949219e+00
-7.552142143249511719e+00
-7.512965679168701172e+00
-7.476042270660400391e+00
-7.443685531616210938e+00
-7.411521911621093750e+00
-7.384837627410888672e+00
-7.360003948211669922e+00
-7.338591575622558594e+00
-7.319942951202392578e+00
-7.304888725280761719e+00
-7.292772293090820312e+00
-7.283679485321044922e+00
-7.277696609497070312e+00
-7.274168968200683594e+00
-7.273928165435791016e+00
-7.277060508728027344e+00
-7.283655166625976562e+00
-7.292314052581787109e+00
-7.304613590240478516e+00
-7.320641040802001953e+00
-7.339001655578613281e+00
-7.359785079956054688e+00
-7.385311126708984375e+00
-7.412698745727539062e+00
-7.444268703460693359e+00
-7.477883338928222656e+00
-7.515864849090576172e+00
-7.556054592132568359e+00
-7.599924087524414062e+00
-7.646695137023925781e+00
-7.696333408355712891e+00
-7.749545574188232422e+00
-7.804811954498291016e+00
-7.862842559814453125e+00
-7.923605442047119141e+00
-7.987066745758056641e+00
-8.053194999694824219e+00
-8.121215820312500000e+00
-8.191099166870117188e+00
-8.262815475463867188e+00
-8.337076187133789062e+00
-8.413111686706542969e+00
-8.491636276245117188e+00
-8.571877479553222656e+00
-8.653808593750000000e+00
-8.737403869628906250e+00
-8.822634696960449219e+00
-8.909477233886718750e+00
-8.997161865234375000e+00
-9.087149620056152344e+00
-9.178672790527343750e+00
-9.271707534790039062e+00
-9.365484237670898438e+00
-9.460724830627441406e+00
-9.556661605834960938e+00
-9.654013633728027344e+00
-9.752758979797363281e+00
-9.852128982543945312e+00
-9.952845573425292969e+00
-1.005488586425781250e+01
-1.015748405456542969e+01
-1.026135826110839844e+01
-1.036574459075927734e+01
-1.047136116027832031e+01
-1.057744407653808594e+01
-1.068322372436523438e+01
-1.079165267944335938e+01
-1.089973354339599609e+01
-1.100892639160156250e+01
-1.111846733093261719e+01
-1.122907447814941406e+01
-1.134072113037109375e+01
-1.145264148712158203e+01
-1.156406784057617188e+01
-1.167645835876464844e+01
-1.179053211212158203e+01
-1.190403461456298828e+01
-1.201841259002685547e+01
-1.213358402252197266e+01
-1.224871158599853516e+01
-1.236444473266601562e+01
-1.247994613647460938e+01
-1.259660434722900391e+01
-1.271209812164306641e+01
-1.282855892181396484e+01
-1.294366264343261719e+01
-1.305954265594482422e+01
-1.317535877227783203e+01
-1.329101562500000000e+01
-1.340641689300537109e+01
-1.351997756958007812e+01
-1.363531875610351562e+01
-1.374862861633300781e+01
-1.386203575134277344e+01
-1.397470474243164062e+01
-1.408504867553710938e+01
-1.419668769836425781e+01
-1.430655193328857422e+01
-1.441602897644042969e+01
-1.452428340911865234e+01
-1.463195705413818359e+01
-1.473821163177490234e+01
-1.484369468688964844e+01
-1.494756507873535156e+01
-1.505046749114990234e+01
-1.515231132507324219e+01
-1.525299358367919922e+01
-1.535242271423339844e+01
-1.545050048828125000e+01
-1.554713153839111328e+01
-1.564222145080566406e+01
-1.573567295074462891e+01
-1.582813453674316406e+01
-1.591876506805419922e+01
-1.600821304321289062e+01
-1.609489822387695312e+01
-1.618095397949218750e+01
-1.626479530334472656e+01
-1.634781646728515625e+01
-1.642769050598144531e+01
-1.650654792785644531e+01
-1.658355522155761719e+01
-1.665935325622558594e+01
-1.673310661315917969e+01
-1.680397224426269531e+01
-1.687408065795898438e+01
-1.694110870361328125e+01
-1.700719070434570312e+01
-1.707077598571777344e+01
-1.713179779052734375e+01
-1.719168281555175781e+01
-1.724962615966796875e+01
-1.730555915832519531e+01
-1.735868072509765625e+01
-1.741115188598632812e+01
-1.746067619323730469e+01
-1.750793266296386719e+01
-1.755359840393066406e+01
-1.759760475158691406e+01
-1.763913726806640625e+01
-1.767887115478515625e+01
-1.771673774719238281e+01
-1.775340461730957031e+01
-1.778732109069824219e+01
-1.781989288330078125e+01
-1.784956550598144531e+01
-1.787849235534667969e+01
-1.790511131286621094e+01
-1.792934799194335938e+01
-1.795186805725097656e+01
-1.797259521484375000e+01
-1.799070930480957031e+01
-1.800687026977539062e+01
-1.802174949645996094e+01
-1.803377342224121094e+01
-1.804435348510742188e+01
-1.805192375183105469e+01
-1.805862617492675781e+01
-1.806215286254882812e+01
-1.806539726257324219e+01
-1.806530189514160156e+01
-1.806252670288085938e+01
-1.805773353576660156e+01
-1.805158233642578125e+01
-1.804324531555175781e+01
-1.803190040588378906e+01
-1.801894569396972656e+01
-1.800355720520019531e+01
-1.798639297485351562e+01
-1.796514320373535156e+01
-1.794269371032714844e+01
-1.791822242736816406e+01
-1.789178848266601562e+01
-1.786234855651855469e+01
-1.783100891113281250e+01
-1.779612159729003906e+01
-1.775991249084472656e+01
-1.772082519531250000e+01
-1.767922782897949219e+01
-1.763535308837890625e+01
-1.758913993835449219e+01
-1.754067039489746094e+01
-1.749003028869628906e+01
-1.743730926513671875e+01
-1.738251304626464844e+01
-1.732565498352050781e+01
-1.726689529418945312e+01
-1.720624351501464844e+01
-1.714371299743652344e+01
-1.707953643798828125e+01
-1.701357650756835938e+01
-1.694591522216796875e+01
-1.687664222717285156e+01
-1.680598449707031250e+01
-1.673358345031738281e+01
-1.665982055664062500e+01
-1.658455276489257812e+01
-1.650801467895507812e+01
-1.643006324768066406e+01
-1.635085296630859375e+01
-1.627032089233398438e+01
-1.618854522705078125e+01
-1.610560226440429688e+01
-1.602157402038574219e+01
-1.593631649017333984e+01
-1.584997749328613281e+01
-1.576256465911865234e+01
-1.567414951324462891e+01
-1.558458614349365234e+01
-1.549417304992675781e+01
-1.540275859832763672e+01
-1.531019401550292969e+01
-1.521692180633544922e+01
-1.512257003784179688e+01
-1.502735424041748047e+01
-1.493120002746582031e+01
-1.483410072326660156e+01
-1.473619747161865234e+01
-1.463733863830566406e+01
-1.453766250610351562e+01
-1.443694305419921875e+01
-1.433554363250732422e+01
-1.423311233520507812e+01
-1.412983512878417969e+01
-1.402568149566650391e+01
-1.392058944702148438e+01
-1.381459903717041016e+01
-1.370770835876464844e+01
-1.359993171691894531e+01
-1.349136829376220703e+01
-1.338204383850097656e+01
-1.327200222015380859e+01
-1.316128444671630859e+01
-1.304996013641357422e+01
-1.293806266784667969e+01
-1.282564163208007812e+01
-1.271274375915527344e+01
-1.259941291809082031e+01
-1.248570632934570312e+01
-1.237166023254394531e+01
-1.225732326507568359e+01
-1.214274311065673828e+01
-1.202797126770019531e+01
-1.191305065155029297e+01
-1.179802513122558594e+01
-1.168293190002441406e+01
-1.156781291961669922e+01
-1.145270824432373047e+01
-1.133766078948974609e+01
-1.122271442413330078e+01
-1.110790729522705078e+01
-1.099328708648681641e+01
-1.087889289855957031e+01
-1.076476383209228516e+01
-1.065094661712646484e+01
-1.053748607635498047e+01
-1.042441940307617188e+01
-1.031179428100585938e+01
-1.019965076446533203e+01
-1.008799839019775391e+01
-9.976907730102539062e+00
-9.866398811340332031e+00
-9.756501197814941406e+00
-9.647265434265136719e+00
-9.538707733154296875e+00
-9.430877685546875000e+00
-9.323798179626464844e+00
-9.217519760131835938e+00
-9.112071990966796875e+00
-9.007478713989257812e+00
-8.903780937194824219e+00
-8.801059722900390625e+00
-8.699234008789062500e+00
-8.598349571228027344e+00
-8.498471260070800781e+00
-8.399665832519531250e+00
-8.301923751831054688e+00
-8.205160140991210938e+00
-8.109724044799804688e+00
-8.015075683593750000e+00
-7.921634197235107422e+00
-7.829229831695556641e+00
-7.737984657287597656e+00
-7.647726535797119141e+00
-7.558503627777099609e+00
-7.470512866973876953e+00
-7.383728981018066406e+00
-7.297976016998291016e+00
-7.213450431823730469e+00
-7.129977226257324219e+00
-7.047528266906738281e+00
-6.966375350952148438e+00
-6.886268138885498047e+00
-6.807253360748291016e+00
-6.729453563690185547e+00
-6.652768135070800781e+00
-6.577246665954589844e+00
-6.502936363220214844e+00
-6.429590702056884766e+00
-6.357408046722412109e+00
-6.286438941955566406e+00
-6.216512680053710938e+00
-6.147756099700927734e+00
-6.080222129821777344e+00
-6.013891696929931641e+00
-5.948522090911865234e+00
-5.884542465209960938e+00
-5.821638584136962891e+00
-5.760018348693847656e+00
-5.699518203735351562e+00
-5.640275001525878906e+00
-5.582350254058837891e+00
-5.525586128234863281e+00
-5.470195770263671875e+00
-5.416319847106933594e+00
-5.363506317138671875e+00
-5.311972141265869141e+00
-5.261936187744140625e+00
-5.213320732116699219e+00
-5.165901184082031250e+00
-5.120121955871582031e+00
-5.075834274291992188e+00
-5.033113002777099609e+00
-4.991959571838378906e+00
-4.952376365661621094e+00
-4.914292335510253906e+00
-4.878081321716308594e+00
-4.843366146087646484e+00
-4.810471057891845703e+00
-4.779190540313720703e+00
-4.749542236328125000e+00
-4.721469879150390625e+00
-4.695064544677734375e+00
-4.670195579528808594e+00
-4.646805286407470703e+00
-4.625208377838134766e+00
-4.604974746704101562e+00
-4.586121082305908203e+00
-4.568736076354980469e+00
-4.552908897399902344e+00
-4.538208007812500000e+00
-4.525017261505126953e+00
-4.513275623321533203e+00
-4.502548217773437500e+00
-4.493737697601318359e+00
-4.486556529998779297e+00
-4.480417728424072266e+00
-4.475331306457519531e+00
-4.471302509307861328e+00
-4.468338012695312500e+00
-4.467186450958251953e+00
-4.467108249664306641e+00
-4.467365264892578125e+00
-4.469445228576660156e+00
-4.473351478576660156e+00
-4.477599143981933594e+00
-4.483675956726074219e+00
-4.490095615386962891e+00
-4.497602939605712891e+00
-4.506197929382324219e+00
-4.515136241912841797e+00
-4.525906085968017578e+00
-4.537764549255371094e+00
-4.549967765808105469e+00
-4.563260555267333984e+00
-4.577643871307373047e+00
-4.592377185821533203e+00
-4.608948230743408203e+00
-4.625874519348144531e+00
-4.643903255462646484e+00
-4.662296295166015625e+00
-4.681803226470947266e+00
-4.701687812805175781e+00
-4.723444938659667969e+00
-4.745598316192626953e+00
-4.768158912658691406e+00
-4.791882514953613281e+00
-4.816773891448974609e+00
-4.842805862426757812e+00
-4.868456363677978516e+00
-4.895178318023681641e+00
-4.922938823699951172e+00
-4.950964927673339844e+00
-4.980712890625000000e+00
-5.009925842285156250e+00
-5.040063381195068359e+00
-5.070355892181396484e+00
-5.101523399353027344e+00
-5.133542537689208984e+00
-5.165647029876708984e+00
-5.197817802429199219e+00
-5.230775356292724609e+00
-5.264501094818115234e+00
-5.298232078552246094e+00
-5.333436012268066406e+00
-5.368607997894287109e+00
-5.403729438781738281e+00
-5.438782215118408203e+00
-5.474490165710449219e+00
-5.510835170745849609e+00
-5.547797679901123047e+00
-5.584613800048828125e+00
-5.622749805450439453e+00
-5.659955024719238281e+00
-5.697692394256591797e+00
-5.735938549041748047e+00
-5.774669170379638672e+00
-5.813114643096923828e+00
-5.852733612060546875e+00
-5.892010688781738281e+00
-5.931658744812011719e+00
-5.971645832061767578e+00
-6.011937618255615234e+00
-6.051012992858886719e+00
-6.091806411743164062e+00
-6.132050037384033203e+00
-6.170959949493408203e+00
-6.213695526123046875e+00
-6.254269123077392578e+00
-6.294863224029541016e+00
-6.335431575775146484e+00
-6.376668453216552734e+00
-6.417781352996826172e+00
-6.457975864410400391e+00
-6.499429225921630859e+00
-6.539859771728515625e+00
-6.580698490142822266e+00
-6.620404720306396484e+00
-6.659663200378417969e+00
-6.699900627136230469e+00
-6.739571571350097656e+00
-6.779359817504882812e+00
-6.817718982696533203e+00
-6.856076717376708984e+00
-6.895116806030273438e+00
-6.932552337646484375e+00
-6.969810962677001953e+00
-7.006835937500000000e+00
-7.042829036712646484e+00
-7.078478813171386719e+00
-7.113731384277343750e+00
-7.148536205291748047e+00
-7.182097434997558594e+00
-7.215111732482910156e+00
-7.247530937194824219e+00
-7.280053138732910156e+00
-7.311891078948974609e+00
-7.341516971588134766e+00
-7.371120929718017578e+00
-7.400663375854492188e+00
-7.428176879882812500e+00
-7.455930233001708984e+00
-7.483519077301025391e+00
-7.509426593780517578e+00
-7.535035133361816406e+00
-7.559869289398193359e+00
-7.584127426147460938e+00
-7.607410907745361328e+00
-7.630142688751220703e+00
-7.651851654052734375e+00
-7.673110485076904297e+00
-7.693673610687255859e+00
-7.713521003723144531e+00
-7.732629299163818359e+00
-7.751126289367675781e+00
-7.768915653228759766e+00
-7.786198139190673828e+00
-7.802729129791259766e+00
-7.818706512451171875e+00
-7.834033012390136719e+00
-7.848681449890136719e+00
-7.862847328186035156e+00
-7.876280784606933594e+00
-7.889171600341796875e+00
-7.901413917541503906e+00
-7.913047790527343750e+00
-7.923961639404296875e+00
-7.934271812438964844e+00
-7.943967342376708984e+00
-7.952969551086425781e+00
-7.961491107940673828e+00
-7.969449043273925781e+00
-7.976828098297119141e+00
-7.983612060546875000e+00
-7.989855766296386719e+00
-7.995686531066894531e+00
-8.000856399536132812e+00
-8.005636215209960938e+00
-8.009697914123535156e+00
-8.013382911682128906e+00
-8.016431808471679688e+00
-8.018959999084472656e+00
-8.020927429199218750e+00
-8.022145271301269531e+00
-8.022945404052734375e+00
-8.023061752319335938e+00
-8.022523880004882812e+00
-8.021289825439453125e+00
-8.019312858581542969e+00
-8.016696929931640625e+00
-8.013248443603515625e+00
-8.009071350097656250e+00
-8.004119873046875000e+00
-7.998275279998779297e+00
-7.991645336151123047e+00
-7.984188079833984375e+00
-7.975788116455078125e+00
-7.966481685638427734e+00
-7.956232547760009766e+00
-7.945081233978271484e+00
-7.932919979095458984e+00
-7.919795513153076172e+00
-7.905680179595947266e+00
-7.890623569488525391e+00
-7.874457359313964844e+00
-7.857385158538818359e+00
-7.839243412017822266e+00
-7.820169925689697266e+00
-7.800080299377441406e+00
-7.778893947601318359e+00
-7.756757736206054688e+00
-7.733746051788330078e+00
-7.709638118743896484e+00
-7.684588909149169922e+00
-7.658754825592041016e+00
-7.631923675537109375e+00
-7.604108333587646484e+00
-7.575553417205810547e+00
-7.546154975891113281e+00
-7.515968799591064453e+00
-7.485123157501220703e+00
-7.453673362731933594e+00
-7.421603202819824219e+00
-7.389117240905761719e+00
-7.356197834014892578e+00
-7.322977066040039062e+00
-7.289287090301513672e+00
-7.255405426025390625e+00
-7.221312522888183594e+00
-7.186984539031982422e+00
-7.152694702148437500e+00
-7.118268966674804688e+00
-7.083826065063476562e+00
-7.049407958984375000e+00
-7.015128612518310547e+00
-6.980949401855468750e+00
-6.946977138519287109e+00
-6.913091659545898438e+00
-6.879392623901367188e+00
-6.845826148986816406e+00
-6.812557220458984375e+00
-6.779524326324462891e+00
-6.746810436248779297e+00
-6.714270114898681641e+00
-6.681903839111328125e+00
-6.649855613708496094e+00
-6.617819309234619141e+00
-6.586155414581298828e+00
-6.554549694061279297e+00
-6.523131370544433594e+00
-6.491878032684326172e+00
-6.460540771484375000e+00
-6.429313182830810547e+00
-6.398164272308349609e+00
-6.366838455200195312e+00
-6.335448265075683594e+00
-6.303958415985107422e+00
-6.272181987762451172e+00
-6.240303993225097656e+00
-6.207989692687988281e+00
-6.175424098968505859e+00
-6.142421722412109375e+00
-6.109019756317138672e+00
-6.075111389160156250e+00
-6.040662765502929688e+00
-6.005719184875488281e+00
-5.970105171203613281e+00
0.000000000000000000e+00
0.000000000000000000e+00
0.000000000000000000e+00
0.000000000000000000e+00
0.000000000000000000e+00
0.000000000000000000e+00
0.000000000000000000e+00
0.000000000000000000e+00
0.000000000000000000e+00
0.000000000000000000e+00
0.000000000000000000e+00
0.000000000000000000e+00
0.000000000000000000e+00
0.000000000000000000e+00
0.000000000000000000e+00
0.000000000000000000e+00
0.000000000000000000e+00
0.000000000000000000e+00
0.000000000000000000e+00
0.000000000000000000e+00
0.000000000000000000e+00
0.000000000000000000e+00
0.000000000000000000e+00
0.000000000000000000e+00
0.000000000000000000e+00
0.000000000000000000e+00
0.000000000000000000e+00
0.000000000000000000e+00
0.000000000000000000e+00
0.000000000000000000e+00
0.000000000000000000e+00
0.000000000000000000e+00
0.000000000000000000e+00
0.000000000000000000e+00
0.000000000000000000e+00
0.000000000000000000e+00
0.000000000000000000e+00
0.000000000000000000e+00
0.000000000000000000e+00
0.000000000000000000e+00
0.000000000000000000e+00
0.000000000000000000e+00
0.000000000000000000e+00
0.000000000000000000e+00
0.000000000000000000e+00
0.000000000000000000e+00
0.000000000000000000e+00
0.000000000000000000e+00
0.000000000000000000e+00
0.000000000000000000e+00
0.000000000000000000e+00
0.000000000000000000e+00
0.000000000000000000e+00
0.000000000000000000e+00
0.000000000000000000e+00
0.000000000000000000e+00
0.000000000000000000e+00
0.000000000000000000e+00
0.000000000000000000e+00
0.000000000000000000e+00
0.000000000000000000e+00
0.000000000000000000e+00
0.000000000000000000e+00
0.000000000000000000e+00
0.000000000000000000e+00
0.000000000000000000e+00
0.000000000000000000e+00
0.000000000000000000e+00
0.000000000000000000e+00
0.000000000000000000e+00
0.000000000000000000e+00
0.000000000000000000e+00
0.000000000000000000e+00
0.000000000000000000e+00
0.000000000000000000e+00
0.000000000000000000e+00
0.000000000000000000e+00
0.000000000000000000e+00
0.000000000000000000e+00
0.000000000000000000e+00
0.000000000000000000e+00
0.000000000000000000e+00
0.000000000000000000e+00
0.000000000000000000e+00
0.000000000000000000e+00
0.000000000000000000e+00
0.000000000000000000e+00
0.000000000000000000e+00
0.000000000000000000e+00
0.000000000000000000e+00
0.000000000000000000e+00
0.000000000000000000e+00
0.000000000000000000e+00
0.000000000000000000e+00
0.000000000000000000e+00
0.000000000000000000e+00
0.000000000000000000e+00
0.000000000000000000e+00
0.000000000000000000e+00
0.000000000000000000e+00
