# tt
1.075476806640625000e+03
1.017487976074218750e+03
9.597463378906250000e+02
9.147409667968750000e+02
8.822737426757812500e+02
8.602357788085937500e+02
8.458975830078125000e+02
8.374656982421875000e+02
8.338349609375000000e+02
8.336887207031250000e+02
8.372249755859375000e+02
8.426368408203125000e+02
8.489776611328125000e+02
8.566590576171875000e+02
8.661989746093750000e+02
8.774810791015625000e+02
8.895007934570312500e+02
9.030903930664062500e+02
9.165906372070312500e+02
9.303615722656250000e+02
9.446833496093750000e+02
9.593558959960937500e+02
9.744334716796875000e+02
9.899080200195312500e+02
1.005637207031250000e+03
1.021824035644531250e+03
1.038273193359375000e+03
1.055005126953125000e+03
1.071915893554687500e+03
1.088931274414062500e+03
1.106349609375000000e+03
1.124147216796875000e+03
1.142124877929687500e+03
1.160296752929687500e+03
1.178631958007812500e+03
1.197075561523437500e+03
1.215861450195312500e+03
1.234990600585937500e+03
1.254238647460937500e+03
1.273749145507812500e+03
1.293279296875000000e+03
1.312954589843750000e+03
1.332602783203125000e+03
1.352572143554687500e+03
1.372773681640625000e+03
1.393078735351562500e+03
1.413441406250000000e+03
1.433964843750000000e+03
1.454900634765625000e+03
1.476044555664062500e+03
1.497600219726562500e+03
1.519166625976562500e+03
1.540640502929687500e+03
1.562215454101562500e+03
1.584094360351562500e+03
1.606218872070312500e+03
1.628613891601562500e+03
1.651155761718750000e+03
1.673869506835937500e+03
1.697071899414062500e+03
1.720165893554687500e+03
1.743366943359375000e+03
1.766964355468750000e+03
1.790578857421875000e+03
1.814496337890625000e+03
1.838541870117187500e+03
1.862983398437500000e+03
1.887568603515625000e+03
1.912416015625000000e+03
1.937363891601562500e+03
1.962463623046875000e+03
1.987708618164062500e+03
2.013166381835937500e+03
2.038978759765625000e+03
2.065116210937500000e+03
2.091606201171875000e+03
2.118453369140625000e+03
2.145439208984375000e+03
2.172642822265625000e+03
2.199936767578125000e+03
2.227410156250000000e+03
2.255019287109375000e+03
2.282870117187500000e+03
2.310844726562500000e+03
2.339042480468750000e+03
2.367685302734375000e+03
2.396319824218750000e+03
2.425310302734375000e+03
2.454500488281250000e+03
2.483810546875000000e+03
2.513389404296875000e+03
2.543239990234375000e+03
2.573141113281250000e+03
2.603318359375000000e+03
2.633477050781250000e+03
2.664064941406250000e+03
2.694862060546875000e+03
2.725721679687500000e+03
2.756869140625000000e+03
2.788158691406250000e+03
2.819963378906250000e+03
2.851691894531250000e+03
2.883643310546875000e+03
2.915745849609375000e+03
2.948076416015625000e+03
2.980339843750000000e+03
3.012984619140625000e+03
3.045790039062500000e+03
3.078684082031250000e+03
3.111743164062500000e+03
3.144967529296875000e+03
3.178430908203125000e+03
3.211985351562500000e+03
3.245778564453125000e+03
3.279587890625000000e+03
3.313709960937500000e+03
3.347996337890625000e+03
3.382298095703125000e+03
3.416763671875000000e+03
3.451244384765625000e+03
3.485814208984375000e+03
3.520473144531250000e+03
3.555220703125000000e+03
3.589982910156250000e+03
3.624833251953125000e+03
3.659697753906250000e+03
3.694576171875000000e+03
3.729542480468750000e+03
3.764522460937500000e+03
3.799515869140625000e+03
3.834599121093750000e+03
3.869625488281250000e+03
3.904671386718750000e+03
3.939739257812500000e+03
3.974682128906250000e+03
4.009650878906250000e+03
4.044572998046875000e+03
4.079302978515625000e+03
4.114139160156250000e+03
4.148786621093750000e+03
4.183470214843750000e+03
4.218118652343750000e+03
4.252583984375000000e+03
4.286943847656250000e+03
4.321422851562500000e+03
4.355576660156250000e+03
4.389631347656250000e+03
4.423662597656250000e+03
4.457449707031250000e+03
4.491143066406250000e+03
4.524592773437500000e+03
4.557945312500000000e+03
4.591125000000000000e+03
4.624130859375000000e+03
4.656811035156250000e+03
4.689461425781250000e+03
4.721858398437500000e+03
4.753999023437500000e+03
4.785956542968750000e+03
4.817729003906250000e+03
4.849240234375000000e+03
4.880637207031250000e+03
4.911621093750000000e+03
4.942487304687500000e+03
4.973085449218750000e+03
5.003488769531250000e+03
5.033471679687500000e+03
5.063181152343750000e+03
5.092616210937500000e+03
5.121626464843750000e+03
5.150283203125000000e+03
5.178512207031250000e+03
5.206459472656250000e+03
5.234048828125000000e+03
5.261130859375000000e+03
5.287855957031250000e+03
5.314152343750000000e+03
5.340021972656250000e+03
5.365616210937500000e+03
5.390714843750000000e+03
5.415394042968750000e+03
5.439582519531250000e+03
5.463430664062500000e+03
5.486867187500000000e+03
5.509521972656250000e+03
5.532067871093750000e+03
5.554134277343750000e+03
5.575649414062500000e+03
5.597062500000000000e+03
5.617631835937500000e+03
5.637880859375000000e+03
5.657588378906250000e+03
5.676980468750000000e+03
5.695835937500000000e+03
5.714157714843750000e+03
5.732096191406250000e+03
5.749580566406250000e+03
5.766611816406250000e+03
5.783193359375000000e+03
5.799252441406250000e+03
5.814861816406250000e+03
5.829944824218750000e+03
5.844424804687500000e+03
5.858448730468750000e+03
5.871865234375000000e+03
5.884821289062500000e+03
5.897091796875000000e+03
5.908821777343750000e+03
5.920010742187500000e+03
5.930655273437500000e+03
5.940604980468750000e+03
5.950081054687500000e+03
5.958932128906250000e+03
5.967230468750000000e+03
5.974899414062500000e+03
5.982085449218750000e+03
5.988637695312500000e+03
5.994627929687500000e+03
6.000055175781250000e+03
6.004916015625000000e+03
6.009208496093750000e+03
6.012782226562500000e+03
6.015931640625000000e+03
6.018432128906250000e+03
6.020355957031250000e+03
6.021625488281250000e+03
6.022388671875000000e+03
6.022567871093750000e+03
6.022086914062500000e+03
6.020943847656250000e+03
6.019285156250000000e+03
6.017033691406250000e+03
6.014039062500000000e+03
6.010522460937500000e+03
6.006332519531250000e+03
6.001541503906250000e+03
5.996147460937500000e+03
5.990221679687500000e+03
5.983540039062500000e+03
5.976397460937500000e+03
5.968642578125000000e+03
5.960273437500000000e+03
5.951288085937500000e+03
5.941684570312500000e+03
5.931534179687500000e+03
5.920835937500000000e+03
5.909512207031250000e+03
5.897709472656250000e+03
5.885277832031250000e+03
5.872363281250000000e+03
5.858741210937500000e+03
5.844783203125000000e+03
5.830189941406250000e+03
5.815034667968750000e+03
5.799391113281250000e+03
5.783257324218750000e+03
5.766558593750000000e+03
5.749367675781250000e+03
5.731757812500000000e+03
5.713578613281250000e+03
5.694830078125000000e+03
5.675881835937500000e+03
5.656287597656250000e+03
5.636119628906250000e+03
5.615599609375000000e+03
5.594504394531250000e+03
5.572980468750000000e+03
5.550878417968750000e+03
5.528494628906250000e+03
5.505604980468750000e+03
5.482430175781250000e+03
5.458747070312500000e+03
5.434703125000000000e+03
5.410222167968750000e+03
5.385452148437500000e+03
5.360168945312500000e+03
5.334593750000000000e+03
5.308651367187500000e+03
5.282340820312500000e+03
5.255809082031250000e+03
5.228757324218750000e+03
5.201482910156250000e+03
5.173909179687500000e+03
5.146035156250000000e+03
5.117786132812500000e+03
5.089233886718750000e+03
5.060451660156250000e+03
5.031364746093750000e+03
5.002045898437500000e+03
4.972493164062500000e+03
4.942409667968750000e+03
4.912386718750000000e+03
4.881978515625000000e+03
4.851554687500000000e+03
4.820743164062500000e+03
4.789765625000000000e+03
4.758470703125000000e+03
4.727082031250000000e+03
4.695449218750000000e+03
4.663644531250000000e+03
4.631743652343750000e+03
4.599671875000000000e+03
4.567429199218750000e+03
4.535090820312500000e+03
4.502582519531250000e+03
4.469978515625000000e+03
4.437279296875000000e+03
4.404560058593750000e+03
4.371671386718750000e+03
4.338762695312500000e+03
4.305834472656250000e+03
4.272812011718750000e+03
4.239770019531250000e+03
4.206709472656250000e+03
4.173629882812500000e+03
4.140531738281250000e+03
4.107415527343750000e+03
4.074355468750000000e+03
4.041351318359375000e+03
4.008330566406250000e+03
3.975365966796875000e+03
3.942458984375000000e+03
3.909609130859375000e+03
3.876891601562500000e+03
3.844157226562500000e+03
3.811555908203125000e+03
3.779086425781250000e+03
3.746676025390625000e+03
3.714398437500000000e+03
3.682328857421875000e+03
3.650318115234375000e+03
3.618441162109375000e+03
3.586771972656250000e+03
3.555163085937500000e+03
3.523762451171875000e+03
3.492570556640625000e+03
3.461513671875000000e+03
3.430739501953125000e+03
3.400100830078125000e+03
3.369597412109375000e+03
3.339377685546875000e+03
3.309367919921875000e+03
3.279642578125000000e+03
3.250052978515625000e+03
3.220748046875000000e+03
3.191653564453125000e+03
3.162843994140625000e+03
3.134245361328125000e+03
3.105931884765625000e+03
3.078052978515625000e+03
3.050239013671875000e+03
3.022788818359375000e+03
2.995556640625000000e+03
2.968693359375000000e+03
2.942126464843750000e+03
2.915858642578125000e+03
2.889966064453125000e+03
2.864302490234375000e+03
2.839018798828125000e+03
2.814042968750000000e+03
2.789451416015625000e+03
2.765172363281250000e+03
2.741281982421875000e+03
2.717708251953125000e+03
2.694528076171875000e+03
2.671743408203125000e+03
2.649207763671875000e+03
2.627221191406250000e+03
2.605562255859375000e+03
2.584233886718750000e+03
2.563312255859375000e+03
2.542799560546875000e+03
2.522698486328125000e+03
2.502936523437500000e+03
2.483664794921875000e+03
2.464811279296875000e+03
2.446303710937500000e+03
2.428218994140625000e+03
2.410633544921875000e+03
2.393400878906250000e+03
2.376523681640625000e+03
2.360152343750000000e+03
2.344289550781250000e+03
2.328714355468750000e+03
2.313652099609375000e+03
2.298956542968750000e+03
2.284703857421875000e+03
2.270896728515625000e+03
2.257537597656250000e+03
2.244628173828125000e+03
2.232096923828125000e+03
2.220094726562500000e+03
2.208474853515625000e+03
2.197239746093750000e+03
2.186540771484375000e+03
2.176156738281250000e+03
2.166312988281250000e+03
2.156863281250000000e+03
2.147809814453125000e+03
2.139229003906250000e+03
2.131122558593750000e+03
2.123417480468750000e+03
2.116114990234375000e+03
2.109290527343750000e+03
2.102797607421875000e+03
2.096785156250000000e+03
2.091181152343750000e+03
2.086060546875000000e+03
2.081276611328125000e+03
2.076979003906250000e+03
2.073020507812500000e+03
2.069477050781250000e+03
2.066275146484375000e+03
2.063565429687500000e+03
2.061200439453125000e+03
2.059181152343750000e+03
2.057583984375000000e+03
2.056409423828125000e+03
2.055585205078125000e+03
2.055187011718750000e+03
2.055141601562500000e+03
2.055376464843750000e+03
2.055966796875000000e+03
2.056988769531250000e+03
2.058369384765625000e+03
2.060035400390625000e+03
2.062062988281250000e+03
2.064379150390625000e+03
2.067133789062500000e+03
2.070179931640625000e+03
2.073444335937500000e+03
2.077151855468750000e+03
2.081080810546875000e+03
2.085306884765625000e+03
2.089905761718750000e+03
2.094804931640625000e+03
2.099931396484375000e+03
2.105435058593750000e+03
2.111168945312500000e+03
2.117208740234375000e+03
2.123407470703125000e+03
2.129989501953125000e+03
2.136807861328125000e+03
2.143863525390625000e+03
2.151084228515625000e+03
2.158619873046875000e+03
2.166323242187500000e+03
2.174344726562500000e+03
2.182611328125000000e+03
2.191049804687500000e+03
2.199660644531250000e+03
2.208591552734375000e+03
2.217619140625000000e+03
2.226817871093750000e+03
2.236335937500000000e+03
2.245875244140625000e+03
2.255658691406250000e+03
2.265611816406250000e+03
2.275733642578125000e+03
2.285949951171875000e+03
2.296334716796875000e+03
2.306813232421875000e+03
2.317384765625000000e+03
2.328049804687500000e+03
2.338881103515625000e+03
2.349879150390625000e+03
2.360895019531250000e+03
2.372002197265625000e+03
2.383274902343750000e+03
2.394415283203125000e+03
2.405794921875000000e+03
2.417190185546875000e+03
2.428675292968750000e+03
2.440249511718750000e+03
2.451764404296875000e+03
2.463293701171875000e+03
2.474910888671875000e+03
2.486541992187500000e+03
2.498186279296875000e+03
2.509843505859375000e+03
2.521587402343750000e+03
2.533195068359375000e+03
2.544740234375000000e+03
2.556445556640625000e+03
2.568087646484375000e+03
2.579666259765625000e+03
2.591181152343750000e+03
2.602706054687500000e+03
2.614240478515625000e+03
2.625561523437500000e+03
2.636966308593750000e+03
2.648305419921875000e+03
2.659578369140625000e+03
2.670710937500000000e+03
2.681777099609375000e+03
2.692776123046875000e+03
2.703708251953125000e+03
2.714646972656250000e+03
2.725443847656250000e+03
2.736023437500000000e+03
2.746681152343750000e+03
2.757117187500000000e+03
2.767403320312500000e+03
2.777760742187500000e+03
2.787814697265625000e+03
2.797860351562500000e+03
2.807672363281250000e+03
2.817396972656250000e+03
2.826883056640625000e+03
2.836351318359375000e+03
2.845575927734375000e+03
2.854703613281250000e+03
2.863657958984375000e+03
2.872435546875000000e+03
2.881034667968750000e+03
2.889378906250000000e+03
2.897613525390625000e+03
2.905736816406250000e+03
2.913597900390625000e+03
2.921193847656250000e+03
2.928596679687500000e+03
2.935878417968750000e+03
2.942962402343750000e+03
2.949697509765625000e+03
2.956304443359375000e+03
2.962854736328125000e+03
2.969049072265625000e+03
2.975033447265625000e+03
2.980731201171875000e+03
2.986437011718750000e+03
2.991702880859375000e+03
2.996749023437500000e+03
3.001573242187500000e+03
3.006172851562500000e+03
3.010545410156250000e+03
3.014763183593750000e+03
3.018600341796875000e+03
3.022277343750000000e+03
3.025717773437500000e+03
3.028844482421875000e+03
3.031804199218750000e+03
3.034445068359375000e+03
3.036913574218750000e+03
3.039058837890625000e+03
3.041026855468750000e+03
3.042666015625000000e+03
3.044123291015625000e+03
3.045321289062500000e+03
3.046257568359375000e+03
3.047004394531250000e+03
3.047411132812500000e+03
3.047624755859375000e+03
3.047569335937500000e+03
3.047243164062500000e+03
3.046644775390625000e+03
3.045846679687500000e+03
3.044772949218750000e+03
3.043422119140625000e+03
3.041940917968750000e+03
3.040030273437500000e+03
3.038060546875000000e+03
3.035806884765625000e+03
3.033342041015625000e+03
3.030589599609375000e+03
3.027622802734375000e+03
3.024439697265625000e+03
3.021038330078125000e+03
3.017343505859375000e+03
3.013501220703125000e+03
3.009361816406250000e+03
3.004997558593750000e+03
3.000481445312500000e+03
2.995737060546875000e+03
2.990762939453125000e+03
2.985631591796875000e+03
2.980192871093750000e+03
2.974593505859375000e+03
2.968832031250000000e+03
2.962906250000000000e+03
2.956592285156250000e+03
2.950184814453125000e+03
2.943608398437500000e+03
2.936861328125000000e+03
2.929941406250000000e+03
2.922772949218750000e+03
2.915502929687500000e+03
2.907980957031250000e+03
2.900279296875000000e+03
2.892396484375000000e+03
2.884405029296875000e+03
2.876228759765625000e+03
2.867866210937500000e+03
2.859241210937500000e+03
2.850500244140625000e+03
2.841716552734375000e+03
2.832739013671875000e+03
2.823789306640625000e+03
2.814568115234375000e+03
2.805148193359375000e+03
2.795602050781250000e+03
2.785930908203125000e+03
2.776060302734375000e+03
2.766214599609375000e+03
2.756171386718750000e+03
2.746080322265625000e+03
2.735644531250000000e+03
2.725311035156250000e+03
2.714931640625000000e+03
2.704358886718750000e+03
2.693741699218750000e+03
2.683081298828125000e+03
2.672229492187500000e+03
2.661410156250000000e+03
2.650475341796875000e+03
2.639500000000000000e+03
2.628559570312500000e+03
2.617505859375000000e+03
2.606339355468750000e+03
2.595284179687500000e+03
2.584043457031250000e+03
2.572841064453125000e+03
2.561677734375000000e+03
2.550405517578125000e+03
2.539099853515625000e+03
2.527834960937500000e+03
2.516612060546875000e+03
2.505357421875000000e+03
2.494145996093750000e+03
2.482830322265625000e+03
2.471559082031250000e+03
2.460407958984375000e+03
2.449154052734375000e+03
2.438021728515625000e+03
2.426936767578125000e+03
2.415751464843750000e+03
2.404689697265625000e+03
2.393677734375000000e+03
2.382716308593750000e+03
2.371805664062500000e+03
2.360947265625000000e+03
2.350067138671875000e+03
2.339314697265625000e+03
2.328690429687500000e+03
2.318046875000000000e+03
2.307458740234375000e+03
2.297075439453125000e+03
2.286600341796875000e+03
2.276331542968750000e+03
2.266121093750000000e+03
2.255970458984375000e+03
2.245881103515625000e+03
2.236004638671875000e+03
2.226120849609375000e+03
2.216306396484375000e+03
2.206712890625000000e+03
2.197193603515625000e+03
2.187677490234375000e+03
2.178464111328125000e+03
2.169333251953125000e+03
2.160287109375000000e+03
2.151402832031250000e+03
2.142608886718750000e+03
2.133982177734375000e+03
2.125450683593750000e+03
2.117091308593750000e+03
2.108906982421875000e+03
2.100751464843750000e+03
2.092924560546875000e+03
2.085131591796875000e+03
2.077598388671875000e+03
2.070104248046875000e+03
2.062875000000000000e+03
2.055764404296875000e+03
2.048849121093750000e+03
2.042058105468750000e+03
2.035467651367187500e+03
2.029080810546875000e+03
2.022825683593750000e+03
2.016853393554687500e+03
2.011017822265625000e+03
2.005322143554687500e+03
1.999916748046875000e+03
1.994582275390625000e+03
1.989394775390625000e+03
1.984431640625000000e+03
1.979769653320312500e+03
1.975188598632812500e+03
1.970839721679687500e+03
1.966651000976562500e+03
1.962699829101562500e+03
1.958914184570312500e+03
1.955371459960937500e+03
1.951925048828125000e+03
1.948801147460937500e+03
1.945853149414062500e+03
1.943084228515625000e+03
1.940496948242187500e+03
1.938093627929687500e+03
1.935951538085937500e+03
1.933998901367187500e+03
1.932237548828125000e+03
1.930669555664062500e+03
1.929296508789062500e+03
1.928046020507812500e+03
1.927068969726562500e+03
1.926217895507812500e+03
1.925718383789062500e+03
1.925274780273437500e+03
1.925111572265625000e+03
1.925082763671875000e+03
1.925263793945312500e+03
1.925731445312500000e+03
1.926189941406250000e+03
1.926938842773437500e+03
1.927905517578125000e+03
1.929017822265625000e+03
1.930277465820312500e+03
1.931760864257812500e+03
1.933321166992187500e+03
1.935257934570312500e+03
1.937201049804687500e+03
1.939375732421875000e+03
1.941709472656250000e+03
1.944204589843750000e+03
1.946937011718750000e+03
1.949760009765625000e+03
1.952750366210937500e+03
1.955909667968750000e+03
1.959165893554687500e+03
1.962743530273437500e+03
1.966347900390625000e+03
1.970203369140625000e+03
1.974163818359375000e+03
1.978305297851562500e+03
1.982481079101562500e+03
1.986916625976562500e+03
1.991390502929687500e+03
1.996053466796875000e+03
2.000833374023437500e+03
2.005806640625000000e+03
2.010900878906250000e+03
2.016118041992187500e+03
2.021534545898437500e+03
2.027003784179687500e+03
2.032527954101562500e+03
2.038183227539062500e+03
2.044046142578125000e+03
2.050044189453125000e+03
2.056105468750000000e+03
2.062305664062500000e+03
2.068645019531250000e+03
2.075048095703125000e+03
2.081514892578125000e+03
2.088193115234375000e+03
2.094785156250000000e+03
2.101662353515625000e+03
2.108452148437500000e+03
2.115451660156250000e+03
2.122437011718750000e+03
2.129482421875000000e+03
2.136736083984375000e+03
2.143899902343750000e+03
2.151196533203125000e+03
2.158476806640625000e+03
2.165888671875000000e+03
2.173283447265625000e+03
2.180734619140625000e+03
2.188241455078125000e+03
2.195729736328125000e+03
2.203273437500000000e+03
2.210796875000000000e+03
2.218375000000000000e+03
2.225932128906250000e+03
2.233616943359375000e+03
2.241131347656250000e+03
2.248698242187500000e+03
2.256465820312500000e+03
2.263987304687500000e+03
2.271559814453125000e+03
2.279183105468750000e+03
2.286707519531250000e+03
2.294281982421875000e+03
2.301831054687500000e+03
2.309280517578125000e+03
2.316778320312500000e+03
2.324175537109375000e+03
2.331545898437500000e+03
2.338889160156250000e+03
2.346279296875000000e+03
2.353566894531250000e+03
2.360825927734375000e+03
2.367981933593750000e+03
2.375034423828125000e+03
2.382057128906250000e+03
2.389198486328125000e+03
2.396086425781250000e+03
2.402943359375000000e+03
2.409769042968750000e+03
2.416562744140625000e+03
2.423249755859375000e+03
2.429753662109375000e+03
2.436369140625000000e+03
2.442796875000000000e+03
2.449257080078125000e+03
2.455524414062500000e+03
2.461671142578125000e+03
2.467694580078125000e+03
2.473740966796875000e+03
2.479584960937500000e+03
2.485298583984375000e+03
2.490954101562500000e+03
2.496473876953125000e+03
2.502004882812500000e+03
2.507321289062500000e+03
2.512421142578125000e+03
2.517450439453125000e+03
2.522481201171875000e+03
2.527287841796875000e+03
2.532016601562500000e+03
2.536516601562500000e+03
2.540933837890625000e+03
2.545191650390625000e+03
2.549213623046875000e+03
2.553219726562500000e+03
2.556984863281250000e+03
2.560581054687500000e+03
2.564153808593750000e+03
2.567478759765625000e+03
2.570701171875000000e+03
2.573744873046875000e+03
2.576607421875000000e+03
2.579360107421875000e+03
2.581852539062500000e+03
2.584304687500000000e+03
2.586416992187500000e+03
2.588484375000000000e+03
2.590355712890625000e+03
2.591953857421875000e+03
2.593499755859375000e+03
2.594842041015625000e+03
2.595978271484375000e+03
2.596980468750000000e+03
2.597697509765625000e+03
2.598349365234375000e+03
2.598859619140625000e+03
2.599226074218750000e+03
2.599371337890625000e+03
2.599218750000000000e+03
2.599063476562500000e+03
2.598605224609375000e+03
2.597990966796875000e+03
2.597218261718750000e+03
2.596211181640625000e+03
2.594967285156250000e+03
2.593707519531250000e+03
2.592132568359375000e+03
2.590389160156250000e+03
2.588474853515625000e+03
2.586462158203125000e+03
2.584200195312500000e+03
2.581761474609375000e+03
2.579143554687500000e+03
2.576344482421875000e+03
2.573213378906250000e+03
2.570268554687500000e+03
2.566913085937500000e+03
2.563442626953125000e+03
2.559780273437500000e+03
2.555923828125000000e+03
2.551945800781250000e+03
2.547769531250000000e+03
2.543393066406250000e+03
2.538888183593750000e+03
2.534178710937500000e+03
2.529262451171875000e+03
2.524360107421875000e+03
2.519098144531250000e+03
2.513770996093750000e+03
2.508302978515625000e+03
2.502617187500000000e+03
2.496785888671875000e+03
2.490880859375000000e+03
2.484677246093750000e+03
2.478321289062500000e+03
2.471885253906250000e+03
2.465218261718750000e+03
2.458541015625000000e+03
2.451479248046875000e+03
2.444403076171875000e+03
2.437235351562500000e+03
2.429899902343750000e+03
2.422319824218750000e+03
2.414716064453125000e+03
2.406863281250000000e+03
2.398907714843750000e+03
2.390773193359375000e+03
2.382605468750000000e+03
2.374253906250000000e+03
2.365716308593750000e+03
2.357139404296875000e+03
2.348374023437500000e+03
2.339345947265625000e+03
2.330427001953125000e+03
2.321245361328125000e+03
2.311949951171875000e+03
2.302614746093750000e+03
2.293240234375000000e+03
2.283677246093750000e+03
2.273926513671875000e+03
2.264135986328125000e+03
2.254231689453125000e+03
2.243990722656250000e+03
2.234007324218750000e+03
2.223761474609375000e+03
2.213550537109375000e+03
2.203151367187500000e+03
2.192787109375000000e+03
2.182308837890625000e+03
2.171716796875000000e+03
2.161159423828125000e+03
2.150413574218750000e+03
2.139628417968750000e+03
2.128803466796875000e+03
2.118013183593750000e+03
2.107034179687500000e+03
2.096090087890625000e+03
2.085105957031250000e+03
2.074007812500000000e+03
2.062944091796875000e+03
2.051765869140625000e+03
2.040621948242187500e+03
2.029438232421875000e+03
2.018214233398437500e+03
2.006950073242187500e+03
1.995719970703125000e+03
1.984375366210937500e+03
1.973064575195312500e+03
1.961787719726562500e+03
1.950396118164062500e+03
1.939038330078125000e+03
1.927639892578125000e+03
1.916349487304687500e+03
1.905018310546875000e+03
1.893646240234375000e+03
1.882307617187500000e+03
1.870927978515625000e+03
1.859432983398437500e+03
1.848119873046875000e+03
1.836765625000000000e+03
1.825444702148437500e+03
1.814158447265625000e+03
1.802834716796875000e+03
1.791549316406250000e+03
1.780229614257812500e+03
1.768952026367187500e+03
1.757792236328125000e+03
1.746529541015625000e+03
1.735462524414062500e+03
1.724370239257812500e+03
1.713254394531250000e+03
1.702265502929687500e+03
1.691330932617187500e+03
1.680452636718750000e+03
1.669557861328125000e+03
1.658796997070312500e+03
1.648023437500000000e+03
1.637312988281250000e+03
1.626742065429687500e+03
1.616237915039062500e+03
1.605728149414062500e+03
1.595288818359375000e+03
1.584921630859375000e+03
1.574702880859375000e+03
1.564559692382812500e+03
1.554494384765625000e+03
1.544508544921875000e+03
1.534529541015625000e+03
1.524782104492187500e+03
1.515045410156250000e+03
1.505395385742187500e+03
1.495833740234375000e+03
1.486436767578125000e+03
1.477057617187500000e+03
1.467846801757812500e+03
1.458657470703125000e+03
1.449565795898437500e+03
1.440647827148437500e+03
1.431831176757812500e+03
1.423117797851562500e+03
1.414509277343750000e+03
1.406007690429687500e+03
1.397540405273437500e+03
1.389258056640625000e+03
1.381162475585937500e+03
1.373106811523437500e+03
1.365167236328125000e+03
1.357345703125000000e+03
1.349644042968750000e+03
1.342064086914062500e+03
1.334607788085937500e+03
1.327202758789062500e+03
1.319999511718750000e+03
1.312925781250000000e+03
1.306057861328125000e+03
1.299249023437500000e+03
1.292501464843750000e+03
1.285668212890625000e+03
1.279197387695312500e+03
1.272867797851562500e+03
1.266607299804687500e+03
1.260492065429687500e+03
1.254524291992187500e+03
1.248705932617187500e+03
1.242890014648437500e+03
1.237302001953125000e+03
1.231869140625000000e+03
1.226519409179687500e+03
1.221254760742187500e+03
1.216225830078125000e+03
1.211285888671875000e+03
1.206437011718750000e+03
1.201755737304687500e+03
1.197169555664062500e+03
1.192680541992187500e+03
1.188588134765625000e+03
1.184374023437500000e+03
1.180263305664062500e+03
1.176332275390625000e+03
1.172508544921875000e+03
1.168645996093750000e+03
1.165117797851562500e+03
1.161628906250000000e+03
1.158404418945312500e+03
1.155223388671875000e+03
1.152162353515625000e+03
1.149223144531250000e+03
1.146482421875000000e+03
1.143867919921875000e+03
1.141233032226562500e+03
1.138877197265625000e+03
1.136579467773437500e+03
1.134416503906250000e+03
1.132464599609375000e+03
1.130503051757812500e+03
1.128756835937500000e+03
1.127153686523437500e+03
1.125547363281250000e+03
1.124162841796875000e+03
1.122853637695312500e+03
1.121696044921875000e+03
1.120690429687500000e+03
1.119688720703125000e+03
1.118839599609375000e+03
1.118069213867187500e+03
1.117452026367187500e+03
1.116988159179687500e+03
1.116752807617187500e+03
1.116522827148437500e+03
1.116372924804687500e+03
1.116303588867187500e+03
1.116389404296875000e+03
1.116407592773437500e+03
1.116655883789062500e+03
1.116986083984375000e+03
1.117324096679687500e+03
1.117893310546875000e+03
1.118470825195312500e+03
1.119131713867187500e+03
1.119950439453125000e+03
1.120704345703125000e+03
1.121616943359375000e+03
1.122688476562500000e+03
1.123696411132812500e+03
1.124864135742187500e+03
1.126043212890625000e+03
1.127382812500000000e+03
1.128660400390625000e+03
1.130024780273437500e+03
1.131550903320312500e+03
1.133015991210937500e+03
1.134569335937500000e+03
1.136211181640625000e+03
1.137941772460937500e+03
1.139687377929687500e+03
1.141522827148437500e+03
1.143373901367187500e+03
1.145241333007812500e+03
1.147199584960937500e+03
1.149174926757812500e+03
1.151241943359375000e+03
1.153401123046875000e+03
1.155504150390625000e+03
1.157551513671875000e+03
1.159840942382812500e+03
1.162075683593750000e+03
1.164330078125000000e+03
1.166679199218750000e+03
1.169049072265625000e+03
1.171439941406250000e+03
1.173852294921875000e+03
1.176433471679687500e+03
1.178884765625000000e+03
1.181428100585937500e+03
1.183913330078125000e+03
1.186487792968750000e+03
1.189075927734375000e+03
1.191676391601562500e+03
1.194213378906250000e+03
1.196834350585937500e+03
1.199389404296875000e+03
1.202099975585937500e+03
1.204667846679687500e+03
1.207239868164062500e+03
1.209889282226562500e+03
1.212540405273437500e+03
1.215117675781250000e+03
1.217693969726562500e+03
1.220342407226562500e+03
1.222912963867187500e+03
1.225478637695312500e+03
1.228038085937500000e+03
1.230515747070312500e+03
1.233058837890625000e+03
1.235517456054687500e+03
1.237964599609375000e+03
1.240398925781250000e+03
1.242819091796875000e+03
1.245223876953125000e+03
1.247463256835937500e+03
1.249833129882812500e+03
1.252109252929687500e+03
1.254290283203125000e+03
1.256523559570312500e+03
1.258659179687500000e+03
1.260769775390625000e+03
1.262854492187500000e+03
1.264911865234375000e+03
1.266940185546875000e+03
1.268864379882812500e+03
1.270756958007812500e+03
1.272616821289062500e+03
1.274442382812500000e+03
1.276083984375000000e+03
1.277837402343750000e+03
1.279478271484375000e+03
1.281079345703125000e+03
1.282565429687500000e+03
1.284083496093750000e+03
1.285483520507812500e+03
1.286912841796875000e+03
1.288146972656250000e+03
1.289481567382812500e+03
1.290692138671875000e+03
1.291851318359375000e+03
1.292883544921875000e+03
1.293861328125000000e+03
1.294857299804687500e+03
1.295795776367187500e+03
1.296526489257812500e+03
1.297345092773437500e+03
1.298026977539062500e+03
1.298645019531250000e+03
1.299271850585937500e+03
1.299757202148437500e+03
1.300099487304687500e+03
1.300520019531250000e+03
1.300794189453125000e+03
1.301069213867187500e+03
1.301268920898437500e+03
1.301317504882812500e+03
1.301361938476562500e+03
1.301326171875000000e+03
1.301208618164062500e+03
1.301007690429687500e+03
1.300647338867187500e+03
1.300348876953125000e+03
1.299887695312500000e+03
1.299485107421875000e+03
1.298916503906250000e+03
1.298328735351562500e+03
1.297571655273437500e+03
1.296792114257812500e+03
1.295914184570312500e+03
1.295010375976562500e+03
1.294004638671875000e+03
1.292969848632812500e+03
1.291829833984375000e+03
1.290582763671875000e+03
1.289301391601562500e+03
1.287909790039062500e+03
1.286480346679687500e+03
1.284937133789062500e+03
1.283352783203125000e+03
1.281725463867187500e+03
1.279904907226562500e+03
1.278112182617187500e+03
1.276197143554687500e+03
1.274232177734375000e+03
1.272141235351562500e+03
1.270071533203125000e+03
1.267799438476562500e+03
1.265547363281250000e+03
1.263166503906250000e+03
1.260730590820312500e+03
1.258239257812500000e+03
1.255766479492187500e+03
1.253163085937500000e+03
1.250428710937500000e+03
1.247711425781250000e+03
1.244862304687500000e+03
1.242029663085937500e+03
1.239064086914062500e+03
1.236114013671875000e+03
1.233104370117187500e+03
1.230035156250000000e+03
1.226757080078125000e+03
1.223566650390625000e+03
1.220240844726562500e+03
1.216927612304687500e+03
1.213552368164062500e+03
1.210114501953125000e+03
1.206613403320312500e+03
1.203048706054687500e+03
1.199494262695312500e+03
1.195875122070312500e+03
1.192265258789062500e+03
1.188515502929687500e+03
1.184774047851562500e+03
1.180817260742187500e+03
1.176941894531250000e+03
1.172999023437500000e+03
1.169136596679687500e+03
1.165131225585937500e+03
1.161353759765625000e+03
1.157358032226562500e+03
1.153291870117187500e+03
1.149229370117187500e+03
1.145095458984375000e+03
1.140889648437500000e+03
1.136760131835937500e+03
1.132483276367187500e+03
1.128207153320312500e+03
1.123931396484375000e+03
1.119655273437500000e+03
1.115303955078125000e+03
1.110876953125000000e+03
1.106447998046875000e+03
1.102016357421875000e+03
1.097581787109375000e+03
1.093069458007812500e+03
1.088628784179687500e+03
1.084037719726562500e+03
1.079445800781250000e+03
1.074854003906250000e+03
1.070337646484375000e+03
1.065749023437500000e+03
1.061088989257812500e+03
1.056432861328125000e+03
1.051781616210937500e+03
1.047136108398437500e+03
1.042497314453125000e+03
1.037866333007812500e+03
1.033169555664062500e+03
1.028556640625000000e+03
1.023879882812500000e+03
1.019214599609375000e+03
1.014569152832031250e+03
1.009944335937500000e+03
1.005304077148437500e+03
1.000686584472656250e+03
9.960627441406250000e+02
9.914337768554687500e+02
9.868303222656250000e+02
9.822382812500000000e+02
9.776513671875000000e+02
9.730852050781250000e+02
9.685334472656250000e+02
9.640045166015625000e+02
9.594992065429687500e+02
9.550109863281250000e+02
9.505485229492187500e+02
9.461050415039062500e+02
9.416890258789062500e+02
9.372866210937500000e+02
9.329135131835937500e+02
9.285708618164062500e+02
9.242593994140625000e+02
9.199727172851562500e+02
9.157117919921875000e+02
9.114850463867187500e+02
9.072858886718750000e+02
9.031154174804687500e+02
8.989894409179687500e+02
8.948864746093750000e+02
8.908150634765625000e+02
8.867835083007812500e+02
8.827854614257812500e+02
8.788142089843750000e+02
8.748933105468750000e+02
8.710088500976562500e+02
8.671545410156250000e+02
8.633392333984375000e+02
8.595640869140625000e+02
8.558304443359375000e+02
8.521248779296875000e+02
8.484782104492187500e+02
8.448695678710937500e+02
8.412929077148437500e+02
8.377717285156250000e+02
8.342850341796875000e+02
8.308713378906250000e+02
8.274800415039062500e+02
8.241420288085937500e+02
8.208438110351562500e+02
8.176017456054687500e+02
8.144094848632812500e+02
8.112536010742187500e+02
8.081503906250000000e+02
8.050936889648437500e+02
8.020848388671875000e+02
7.991326293945312500e+02
7.962309570312500000e+02
7.933812866210937500e+02
7.905774536132812500e+02
7.878356933593750000e+02
7.851277465820312500e+02
7.824919433593750000e+02
7.799001464843750000e+02
7.773611450195312500e+02
7.748836059570312500e+02
7.724467163085937500e+02
7.700742797851562500e+02
7.677526245117187500e+02
7.654832763671875000e+02
7.632750854492187500e+02
7.611220092773437500e+02
7.590180053710937500e+02
7.569793701171875000e+02
7.549926757812500000e+02
7.530593261718750000e+02
7.511807861328125000e+02
7.493659057617187500e+02
7.476087036132812500e+02
7.458957519531250000e+02
7.442508544921875000e+02
7.426679077148437500e+02
7.411336059570312500e+02
7.396716308593750000e+02
7.382537841796875000e+02
7.369036254882812500e+02
7.355996093750000000e+02
7.343643188476562500e+02
7.331761474609375000e+02
7.320578613281250000e+02
7.309949951171875000e+02
7.299807739257812500e+02
7.290081176757812500e+02
7.280924682617187500e+02
7.272121582031250000e+02
7.264047241210937500e+02
7.256260986328125000e+02
7.249066162109375000e+02
7.242097167968750000e+02
7.236472167968750000e+02
7.230562744140625000e+02
7.225117187500000000e+02
7.220884399414062500e+02
7.216383056640625000e+02
7.212362670898437500e+02
7.208826904296875000e+02
7.205783691406250000e+02
7.203237304687500000e+02
7.201193237304687500e+02
7.199657592773437500e+02
7.198635864257812500e+02
7.198134155273437500e+02
7.198157348632812500e+02
7.197968750000000000e+02
7.198317260742187500e+02
7.199208984375000000e+02
7.199162597656250000e+02
7.201157226562500000e+02
7.202225341796875000e+02
7.203860473632812500e+02
7.206068115234375000e+02
7.208110351562500000e+02
7.212223510742187500e+02
7.215440673828125000e+02
7.218511352539062500e+02
7.222927856445312500e+02
7.227209472656250000e+02
7.232106323242187500e+02
7.236881103515625000e+02
7.242282714843750000e+02
7.248318481445312500e+02
7.254249877929687500e+02
7.260084228515625000e+02
7.266571655273437500e+02
7.273717651367187500e+02
7.280782470703125000e+02
7.288507080078125000e+02
7.296140747070312500e+02
7.303678588867187500e+02
7.312600097656250000e+02
7.320669555664062500e+02
7.328625488281250000e+02
7.338689575195312500e+02
7.347141723632812500e+02
7.356947021484375000e+02
7.366614990234375000e+02
7.376138305664062500e+02
7.384768676757812500e+02
7.394729003906250000e+02
7.404527587890625000e+02
7.414901733398437500e+02
7.424359130859375000e+02
7.434379882812500000e+02
7.444215698242187500e+02
7.454603881835937500e+02
7.464794311523437500e+02
7.475524902343750000e+02
7.485304565429687500e+02
7.496355590820312500e+02
7.506442871093750000e+02
7.516304321289062500e+02
7.527419433593750000e+02
7.537554321289062500e+02
7.547445678710937500e+02
7.557829589843750000e+02
7.567958984375000000e+02
7.577826538085937500e+02
7.588914184570312500e+02
7.598984375000000000e+02
7.608776855468750000e+02
7.619027099609375000e+02
7.628243408203125000e+02
7.637906494140625000e+02
7.647267456054687500e+02
7.657062377929687500e+02
7.666543579101562500e+02
7.675704345703125000e+02
7.684539184570312500e+02
7.693784790039062500e+02
7.701948852539062500e+02
7.711254272460937500e+02
7.718724365234375000e+02
7.727323608398437500e+02
7.735560913085937500e+02
7.743429565429687500e+02
7.751666259765625000e+02
7.758775024414062500e+02
7.766231689453125000e+02
7.774024658203125000e+02
7.781400756835937500e+02
7.788350830078125000e+02
7.794119262695312500e+02
7.800925292968750000e+02
7.807272338867187500e+02
7.813149414062500000e+02
7.819289550781250000e+02
7.824938964843750000e+02
7.829343261718750000e+02
7.834720458984375000e+02
7.838832397460937500e+02
7.843895263671875000e+02
7.847671508789062500e+02
7.851633911132812500e+02
7.855773925781250000e+02
7.857850341796875000e+02
7.861567382812500000e+02
7.864685668945312500e+02
7.867194213867187500e+02
7.868338012695312500e+02
7.870336914062500000e+02
7.871693115234375000e+02
7.873137817382812500e+02
7.873917846679687500e+02
7.874765625000000000e+02
7.874926147460937500e+02
7.874462280273437500e+02
7.874107055664062500e+02
7.873180541992187500e+02
7.872190551757812500e+02
7.870606689453125000e+02
7.868640747070312500e+02
7.866280517578125000e+02
7.863738403320312500e+02
7.860557861328125000e+02
7.857097167968750000e+02
7.853272705078125000e+02
7.849145507812500000e+02
7.844556884765625000e+02
7.839569091796875000e+02
7.834245605468750000e+02
7.828499145507812500e+02
7.822319946289062500e+02
7.815842895507812500e+02
7.808909301757812500e+02
7.801582031250000000e+02
7.793849487304687500e+02
7.785704956054687500e+02
7.777218627929687500e+02
7.768309326171875000e+02
7.758972778320312500e+02
7.749277343750000000e+02
7.739216918945312500e+02
7.728787231445312500e+02
7.717907714843750000e+02
7.706795043945312500e+02
7.695147094726562500e+02
7.683179931640625000e+02
7.670814819335937500e+02
7.658193969726562500e+02
7.645385742187500000e+02
7.632013549804687500e+02
7.618367309570312500e+02
7.604368286132812500e+02
7.590009155273437500e+02
7.575433349609375000e+02
7.560411376953125000e+02
7.545012817382812500e+02
7.529378051757812500e+02
7.513353881835937500e+02
7.497008056640625000e+02
7.480408325195312500e+02
7.463474121093750000e+02
7.446199951171875000e+02
7.428652954101562500e+02
7.410827636718750000e+02
7.392642822265625000e+02
7.374240722656250000e+02
7.355466308593750000e+02
7.336461791992187500e+02
7.317146606445312500e+02
7.297514038085937500e+02
7.277705688476562500e+02
7.257642211914062500e+02
7.236943969726562500e+02
7.216199340820312500e+02
7.195179443359375000e+02
7.173876342773437500e+02
7.152210083007812500e+02
7.130322265625000000e+02
7.108206176757812500e+02
7.085706787109375000e+02
7.062965698242187500e+02
7.040050048828125000e+02
7.016804809570312500e+02
6.993372192382812500e+02
6.969523925781250000e+02
6.945558471679687500e+02
6.921255493164062500e+02
6.896767578125000000e+02
6.871948242187500000e+02
6.847023925781250000e+02
6.821848754882812500e+02
6.796499633789062500e+02
6.771054687500000000e+02
6.745367431640625000e+02
6.719292602539062500e+02
6.693056030273437500e+02
6.666734008789062500e+02
6.640331420898437500e+02
6.613848876953125000e+02
6.587141723632812500e+02
6.560212402343750000e+02
6.533213500976562500e+02
6.506220092773437500e+02
6.479088745117187500e+02
6.451894531250000000e+02
6.424492187500000000e+02
6.397033691406250000e+02
6.369670410156250000e+02
6.342106933593750000e+02
6.314495239257812500e+02
6.286837768554687500e+02
6.259137573242187500e+02
6.231472167968750000e+02
6.203620605468750000e+02
6.175734252929687500e+02
6.147964477539062500e+02
6.120016479492187500e+02
6.092191162109375000e+02
6.064193115234375000e+02
6.036323242187500000e+02
6.008433837890625000e+02
5.980603637695312500e+02
5.952685546875000000e+02
5.924757690429687500e+02
5.896970214843750000e+02
5.869103393554687500e+02
5.841308593750000000e+02
5.813439331054687500e+02
5.785722045898437500e+02
5.758084716796875000e+02
5.730381469726562500e+02
5.702763671875000000e+02
5.675159301757812500e+02
5.647645874023437500e+02
5.620151977539062500e+02
5.592611083984375000e+02
5.565327148437500000e+02
5.538009643554687500e+02
5.510816040039062500e+02
5.483678588867187500e+02
5.456604614257812500e+02
5.429602050781250000e+02
5.402826538085937500e+02
5.376137695312500000e+02
5.349467773437500000e+02
5.323048706054687500e+02
5.296589355468750000e+02
5.270394897460937500e+02
5.244324340820312500e+02
5.218310546875000000e+02
5.192510986328125000e+02
5.166857910156250000e+02
5.141210937500000000e+02
5.115948181152343750e+02
5.090781555175781250e+02
5.065791931152343750e+02
5.040913085937500000e+02
5.016301574707031250e+02
4.991890258789062500e+02
4.967613220214843750e+02
4.943478393554687500e+02
4.919566650390625000e+02
4.895887756347656250e+02
4.872447814941406250e+02
4.849032287597656250e+02
4.826021118164062500e+02
4.803199157714843750e+02
4.780722351074218750e+02
4.758302612304687500e+02
4.736169433593750000e+02
4.714257507324218750e+02
4.692499694824218750e+02
4.671128234863281250e+02
4.649927062988281250e+02
4.628905334472656250e+02
4.608218994140625000e+02
4.587727966308593750e+02
4.567440490722656250e+02
4.547438354492187500e+02
4.527656555175781250e+02
4.508251037597656250e+02
4.489081726074218750e+02
4.470157470703125000e+02
4.451486206054687500e+02
4.433075256347656250e+02
4.415004882812500000e+02
4.397131958007812500e+02
4.379534912109375000e+02
4.362293395996093750e+02
4.345263977050781250e+02
4.328377685546875000e+02
4.311936340332031250e+02
4.295722656250000000e+02
4.279667358398437500e+02
4.263998413085937500e+02
4.248497924804687500e+02
4.233320007324218750e+02
4.218321533203125000e+02
4.203656311035156250e+02
4.189254760742187500e+02
4.175048522949218750e+02
4.161191406250000000e+02
4.147540283203125000e+02
4.134100341796875000e+02
4.121025695800781250e+02
4.108173217773437500e+02
4.095474243164062500e+02
4.083157043457031250e+02
4.070929565429687500e+02
4.059095458984375000e+02
4.047510681152343750e+02
4.036033020019531250e+02
4.024890747070312500e+02
4.014015197753906250e+02
4.003411865234375000e+02
3.992937927246093750e+02
3.982822265625000000e+02
3.972922058105468750e+02
3.963316955566406250e+02
3.953938598632812500e+02
3.944718933105468750e+02
3.935886535644531250e+02
3.927149353027343750e+02
3.918663024902343750e+02
3.910507202148437500e+02
3.902613830566406250e+02
3.894913940429687500e+02
3.887414245605468750e+02
3.880268859863281250e+02
3.873335876464843750e+02
3.866546325683593750e+02
3.860129699707031250e+02
3.853943176269531250e+02
3.847993469238281250e+02
3.842210388183593750e+02
3.836817932128906250e+02
3.831591491699218750e+02
3.826604614257812500e+02
3.821855773925781250e+02
3.817270202636718750e+02
3.812995605468750000e+02
3.808881835937500000e+02
3.805002746582031250e+02
3.801282653808593750e+02
3.797721252441406250e+02
3.794465637207031250e+02
3.791292724609375000e+02
3.788275146484375000e+02
3.785412597656250000e+02
3.782853088378906250e+02
3.780372009277343750e+02
3.777969360351562500e+02
3.775792846679687500e+02
3.773840942382812500e+02
3.771965332031250000e+02
3.770313720703125000e+02
3.768735961914062500e+02
3.767231750488281250e+02
3.765874938964843750e+02
3.764664916992187500e+02
3.763600158691406250e+02
3.762606506347656250e+02
3.761831665039062500e+02
3.760977478027343750e+02
3.760340576171875000e+02
3.759772033691406250e+02
3.759345092773437500e+02
3.758984985351562500e+02
3.758690795898437500e+02
3.758536682128906250e+02
3.758447570800781250e+02
3.758422241210937500e+02
3.758609313964843750e+02
3.758710632324218750e+02
3.759097595214843750e+02
3.759396972656250000e+02
3.759832153320312500e+02
3.760327758789062500e+02
3.760882873535156250e+02
3.761497497558593750e+02
3.762244873046875000e+02
3.762975769042968750e+02
3.763764343261718750e+02
3.764609069824218750e+02
3.765509643554687500e+02
3.766535339355468750e+02
3.767607116699218750e+02
3.768720092773437500e+02
3.769869079589843750e+02
3.771123657226562500e+02
3.772330017089843750e+02
3.773483276367187500e+02
3.774801025390625000e+02
3.776055603027343750e+02
3.777316589355468750e+02
3.778578491210937500e+02
3.779910888671875000e+02
3.781308898925781250e+02
3.782543945312500000e+02
3.783834533691406250e+02
3.785101013183593750e+02
3.786338500976562500e+02
3.787616271972656250e+02
3.788780517578125000e+02
3.789974975585937500e+02
3.791194458007812500e+02
3.792210998535156250e+02
3.793316650390625000e+02
3.794357604980468750e+02
3.795403747558593750e+02
3.796226196289062500e+02
3.797117004394531250e+02
3.797923583984375000e+02
3.798713684082031250e+02
3.799483032226562500e+02
3.800003356933593750e+02
3.800566711425781250e+02
3.801167602539062500e+02
3.801578369140625000e+02
3.801942138671875000e+02
3.802253723144531250e+02
3.802507934570312500e+02
3.802624816894531250e+02
3.802599487304687500e+02
3.802575378417968750e+02
3.802472229003906250e+02
3.802136840820312500e+02
3.801860656738281250e+02
3.801489868164062500e+02
3.800721740722656250e+02
3.800219726562500000e+02
3.799458007812500000e+02
3.798580017089843750e+02
3.797654418945312500e+02
3.796676330566406250e+02
3.795641174316406250e+02
3.794396667480468750e+02
3.792938537597656250e+02
3.791411743164062500e+02
3.789886779785156250e+02
3.788136291503906250e+02
3.786304626464843750e+02
3.784388732910156250e+02
3.782383422851562500e+02
3.780136413574218750e+02
3.777866821289062500e+02
3.775495605468750000e+02
3.772944946289062500e+02
3.770358581542968750e+02
3.767658691406250000e+02
3.764766235351562500e+02
3.761751403808593750e+02
3.758461303710937500e+02
3.755263366699218750e+02
3.752004699707031250e+02
3.748531799316406250e+02
3.745212402343750000e+02
3.741521606445312500e+02
3.737752990722656250e+02
3.733826904296875000e+02
3.729888305664062500e+02
3.725708923339843750e+02
3.721433715820312500e+02
3.717058105468750000e+02
3.712577209472656250e+02
3.707912597656250000e+02
3.703208007812500000e+02
3.698384704589843750e+02
3.693363952636718750e+02
3.688215026855468750e+02
3.683008117675781250e+02
3.677664489746093750e+02
3.672104187011718750e+02
3.666546325683593750e+02
3.660837707519531250e+02
3.654973144531250000e+02
3.648948059082031250e+02
3.642832031250000000e+02
3.636769104003906250e+02
3.630308532714843750e+02
3.623816833496093750e+02
3.617141418457031250e+02
3.610350952148437500e+02
3.603440856933593750e+02
3.596184692382812500e+02
3.589100952148437500e+02
3.581670532226562500e+02
3.574190063476562500e+02
3.566585998535156250e+02
3.558932189941406250e+02
3.551080627441406250e+02
3.543104858398437500e+02
3.535080261230468750e+02
3.526857604980468750e+02
3.518659973144531250e+02
3.510338745117187500e+02
3.501744995117187500e+02
3.493250732421875000e+02
3.484558105468750000e+02
3.475890502929687500e+02
3.466950683593750000e+02
3.458034973144531250e+02
3.449069824218750000e+02
3.439980468750000000e+02
3.430766601562500000e+02
3.421577148437500000e+02
3.412262573242187500e+02
3.402897644042968750e+02
3.393481750488281250e+02
3.383941040039062500e+02
3.374348754882812500e+02
3.364630737304687500e+02
3.354935302734375000e+02
3.345187988281250000e+02
3.335388793945312500e+02
3.325462036132812500e+02
3.315557556152343750e+02
3.305599365234375000e+02
3.295588073730468750e+02
3.285448608398437500e+02
3.275254821777343750e+02
3.265155334472656250e+02
3.254852600097656250e+02
3.244568786621093750e+02
3.234303588867187500e+02
3.223908386230468750e+02
3.213456726074218750e+02
3.203022460937500000e+02
3.192457275390625000e+02
3.181908264160156250e+02
3.171376037597656250e+02
3.160710754394531250e+02
3.150061035156250000e+02
3.139277954101562500e+02
3.128510131835937500e+02
3.117760009765625000e+02
3.106882629394531250e+02
3.096178588867187500e+02
3.085130920410156250e+02
3.074188537597656250e+02
3.063280639648437500e+02
3.052335815429687500e+02
3.041283874511718750e+02
3.030275878906250000e+02
3.019315490722656250e+02
3.008331909179687500e+02
2.997402648925781250e+02
2.986381835937500000e+02
2.975422363281250000e+02
2.964378051757812500e+02
2.953475646972656250e+02
2.942495422363281250e+02
2.931589050292968750e+02
2.920686035156250000e+02
2.909714965820312500e+02
2.898902587890625000e+02
2.888028869628906250e+02
2.877097778320312500e+02
2.866408996582031250e+02
2.855595092773437500e+02
2.844733276367187500e+02
2.834124755859375000e+02
2.823400573730468750e+02
2.812787780761718750e+02
2.802289428710937500e+02
2.791760559082031250e+02
2.781278381347656250e+02
2.770846862792968750e+02
2.760469055175781250e+02
2.750148925781250000e+02
2.739814758300781250e+02
2.729619750976562500e+02
2.719491882324218750e+02
2.709360961914062500e+02
2.699378967285156250e+02
2.689326782226562500e+02
2.679430541992187500e+02
2.669619140625000000e+02
2.659748229980468750e+02
2.650043334960937500e+02
2.640285644531250000e+02
2.630776062011718750e+02
2.621220397949218750e+02
2.611771545410156250e+02
2.602432250976562500e+02
2.593132019042968750e+02
2.583947753906250000e+02
2.574808349609375000e+02
2.565717163085937500e+02
2.556677398681640625e+02
2.548063049316406250e+02
2.538986663818359375e+02
2.530267791748046875e+02
2.521538543701171875e+02
2.512950592041015625e+02
2.504433135986328125e+02
2.495989074707031250e+02
2.487621765136718750e+02
2.479408721923828125e+02
2.471204528808593750e+02
2.463161010742187500e+02
2.455058593750000000e+02
2.447198028564453125e+02
2.439285278320312500e+02
2.431546325683593750e+02
2.423836059570312500e+02
2.416232299804687500e+02
2.408812408447265625e+02
2.401357421875000000e+02
2.394018554687500000e+02
2.386799926757812500e+02
2.379630126953125000e+02
2.372587280273437500e+02
2.365674591064453125e+02
2.358747253417968750e+02
2.351957092285156250e+02
2.345307769775390625e+02
2.338728485107421875e+02
2.332296905517578125e+02
2.325868530273437500e+02
2.319520568847656250e+02
2.313331298828125000e+02
2.307230072021484375e+02
2.301294555664062500e+02
2.295305786132812500e+02
2.289415893554687500e+02
2.283702850341796875e+02
2.278096466064453125e+02
2.272674255371093750e+02
2.267217254638671875e+02
2.261877593994140625e+02
2.256733856201171875e+02
2.251640625000000000e+02
2.246602325439453125e+02
2.241770324707031250e+02
2.236997375488281250e+02
2.232357940673828125e+02
2.227852630615234375e+02
2.223333282470703125e+02
2.219023132324218750e+02
2.214700012207031250e+02
2.210587310791015625e+02
2.206536865234375000e+02
2.202474975585937500e+02
2.198625030517578125e+02
2.194839019775390625e+02
2.191043090820312500e+02
2.187460937500000000e+02
2.183944549560546875e+02
2.180568695068359375e+02
2.177111358642578125e+02
2.173795776367187500e+02
2.170548400878906250e+02
2.167444000244140625e+02
2.164409484863281250e+02
2.161370391845703125e+02
2.158402404785156250e+02
2.155580291748046875e+02
2.152681732177734375e+02
2.150004730224609375e+02
2.147401275634765625e+02
2.144723663330078125e+02
2.142269744873046875e+02
2.139743041992187500e+02
2.137292633056640625e+02
2.134993896484375000e+02
2.132698974609375000e+02
2.130557098388671875e+02
2.128345947265625000e+02
2.126215209960937500e+02
2.124239807128906250e+02
2.122123413085937500e+02
2.120238342285156250e+02
2.118436431884765625e+02
2.116570129394531250e+02
2.114863281250000000e+02
2.113093414306640625e+02
2.111559143066406250e+02
2.109963378906250000e+02
2.108530273437500000e+02
2.107037658691406250e+02
2.105635070800781250e+02
2.104323272705078125e+02
2.103028717041015625e+02
2.101677703857421875e+02
2.100565490722656250e+02
2.099393005371093750e+02
2.098306579589843750e+02
2.097229766845703125e+02
2.096234741210937500e+02
2.095319671630859375e+02
2.094407806396484375e+02
2.093571319580078125e+02
2.092734069824218750e+02
2.091968078613281250e+02
2.091197204589843750e+02
2.090493469238281250e+02
2.089706115722656250e+02
2.088981933593750000e+02
2.088393096923828125e+02
2.087714538574218750e+02
2.087018585205078125e+02
2.086451721191406250e+02
2.085789184570312500e+02
2.085177307128906250e+02
2.084614257812500000e+02
2.084023742675781250e+02
2.083477783203125000e+02
2.082900085449218750e+02
2.082288818359375000e+02
2.081790466308593750e+02
2.081254577636718750e+02
2.080530090332031250e+02
2.080061035156250000e+02
2.079474029541015625e+02
2.078915405273437500e+02
2.078383331298828125e+02
2.077726898193359375e+02
2.077241363525390625e+02
2.076627655029296875e+02
2.076032104492187500e+02
2.075378417968750000e+02
2.074813232421875000e+02
2.074111328125000000e+02
2.073568115234375000e+02
2.072883911132812500e+02
2.072131195068359375e+02
2.071456451416015625e+02
2.070783233642578125e+02
2.070035095214843750e+02
2.069284210205078125e+02
2.068528137207031250e+02
2.067765045166015625e+02
2.066992645263671875e+02
2.066134490966796875e+02
2.065262298583984375e+02
2.064373931884765625e+02
2.063540802001953125e+02
2.062537689208984375e+02
2.061585083007812500e+02
2.060606079101562500e+02
2.059524078369140625e+02
2.058559112548828125e+02
2.057485961914062500e+02
2.056376495361328125e+02
2.055227813720703125e+02
2.054037475585937500e+02
2.052877197265625000e+02
2.051596069335937500e+02
2.050413970947265625e+02
2.049105529785156250e+02
2.047742462158203125e+02
2.046396484375000000e+02
2.044916229248046875e+02
2.043447723388671875e+02
2.041913909912109375e+02
2.040386657714843750e+02
2.038863220214843750e+02
2.037192077636718750e+02
2.035593719482421875e+02
2.033842468261718750e+02
2.032158660888671875e+02
2.030316314697265625e+02
2.028461761474609375e+02
2.026592102050781250e+02
2.024704589843750000e+02
2.022722320556640625e+02
2.020716705322265625e+02
2.018610839843750000e+02
2.016476440429687500e+02
2.014310455322265625e+02
2.012036132812500000e+02
2.009799041748046875e+02
2.007448120117187500e+02
2.005128936767578125e+02
2.002616119384765625e+02
2.000055236816406250e+02
1.997443695068359375e+02
1.994852905273437500e+02
1.992131500244140625e+02
1.989350891113281250e+02
1.986657104492187500e+02
1.983824310302734375e+02
1.980849456787109375e+02
1.977879180908203125e+02
1.974837646484375000e+02
1.971724548339843750e+02
1.968538970947265625e+02
1.965354766845703125e+02
1.962096710205078125e+02
1.958764190673828125e+02
1.955430908203125000e+02
1.951947326660156250e+02
1.948461608886718750e+02
1.944898223876953125e+02
1.941331024169921875e+02
1.937684783935546875e+02
1.933958587646484375e+02
1.930226135253906250e+02
1.926486358642578125e+02
1.922589721679687500e+02
1.918684234619140625e+02
1.914842987060546875e+02
1.910916595458984375e+02
1.906829681396484375e+02
1.902804412841796875e+02
1.898765258789062500e+02
1.894637145996093750e+02
1.890418701171875000e+02
1.886183624267578125e+02
1.882079162597656250e+02
1.877807006835937500e+02
1.873440551757812500e+02
1.869052886962890625e+02
1.864642944335937500e+02
1.860209503173828125e+02
1.855677337646484375e+02
1.851119384765625000e+02
1.846534576416015625e+02
1.841921691894531250e+02
1.837353973388671875e+02
1.832607116699218750e+02
1.827902984619140625e+02
1.823240356445312500e+02
1.818395080566406250e+02
1.813589019775390625e+02
1.808672027587890625e+02
1.803791809082031250e+02
1.798798370361328125e+02
1.793839111328125000e+02
1.788838653564453125e+02
1.783721313476562500e+02
1.778560333251953125e+02
1.773428802490234375e+02
1.768251495361328125e+02
1.762954711914062500e+02
1.757762908935546875e+02
1.752379760742187500e+02
1.747103576660156250e+02
1.741712646484375000e+02
1.736282501220703125e+02
1.730888366699218750e+02
1.725383148193359375e+02
1.719916381835937500e+02
1.714414978027343750e+02
1.708880157470703125e+02
1.703313140869140625e+02
1.697714996337890625e+02
1.692086944580078125e+02
1.686430206298828125e+02
1.680820312500000000e+02
1.675109710693359375e+02
1.669522705078125000e+02
1.663837585449218750e+02
1.658055114746093750e+02
1.652400054931640625e+02
1.646724395751953125e+02
1.640955505371093750e+02
1.635168609619140625e+02
1.629439239501953125e+02
1.623694152832031250e+02
1.617934570312500000e+02
1.612236175537109375e+02
1.606451263427734375e+02
1.600729522705078125e+02
1.594923858642578125e+02
1.589183654785156250e+02
1.583510131835937500e+02
1.577830200195312500e+02
1.572144775390625000e+02
1.566380767822265625e+02
1.560613555908203125e+02
1.554918212890625000e+02
1.549073486328125000e+02
1.543302612304687500e+02
1.537681427001953125e+02
1.532210845947265625e+02
1.526520233154296875e+02
1.520833740234375000e+02
1.515151977539062500e+02
1.509550628662109375e+02
1.503881835937500000e+02
1.498221130371093750e+02
1.492643432617187500e+02
1.487001495361328125e+02
1.481370849609375000e+02
1.475827636718750000e+02
1.470298919677734375e+02
1.464712066650390625e+02
1.459217224121093750e+02
1.453667297363281250e+02
1.448138275146484375e+02
1.442705993652343750e+02
1.437223358154296875e+02
1.431766510009765625e+02
1.426336822509765625e+02
1.420936126708984375e+02
1.415491485595703125e+02
1.410004882812500000e+02
1.404626464843750000e+02
1.399357910156250000e+02
1.394052124023437500e+02
1.388711242675781250e+02
1.383410797119140625e+02
1.378227386474609375e+02
1.373013916015625000e+02
1.367771911621093750e+02
1.362652282714843750e+02
1.357433624267578125e+02
1.352415161132812500e+02
1.347375946044921875e+02
1.342243347167968750e+02
1.337242431640625000e+02
1.332226409912109375e+02
1.327271423339843750e+02
1.322305297851562500e+02
1.317330017089843750e+02
1.312496185302734375e+02
1.307657165527343750e+02
1.302666625976562500e+02
1.297749328613281250e+02
1.293130035400390625e+02
1.288365478515625000e+02
1.283680419921875000e+02
1.279151153564453125e+02
1.274779968261718750e+02
1.270197448730468750e+02
1.265702743530273438e+02
1.261298217773437500e+02
1.256762771606445312e+02
1.252470397949218750e+02
1.248199996948242188e+02
1.243879623413085938e+02
1.239734115600585938e+02
1.235394058227539062e+02
1.231231918334960938e+02
1.227248535156250000e+02
1.223147583007812500e+02
1.219152755737304688e+02
1.215190734863281250e+02
1.211039276123046875e+02
1.207219314575195312e+02
1.203583297729492188e+02
1.199834518432617188e+02
1.196048202514648438e+02
1.192373733520507812e+02
1.188663253784179688e+02
1.185066146850585938e+02
1.181509017944335938e+02
1.177918167114257812e+02
1.174442977905273438e+02
1.171010055541992188e+02
1.167545471191406250e+02
1.164198989868164062e+02
1.160971221923828125e+02
1.157639999389648438e+02
1.154280242919921875e+02
1.151115875244140625e+02
1.147924652099609375e+02
1.144781417846679688e+02
1.141687393188476562e+02
1.138791580200195312e+02
1.135797729492187500e+02
1.132781143188476562e+02
1.129742355346679688e+02
1.126830978393554688e+02
1.123973617553710938e+02
1.120947952270507812e+02
1.118126907348632812e+02
1.115362472534179688e+02
1.112581253051757812e+02
1.109858779907226562e+02
1.107121582031250000e+02
1.104444885253906250e+02
1.101978759765625000e+02
1.099352188110351562e+02
1.096789627075195312e+02
1.094292144775390625e+02
1.091860656738281250e+02
1.089496459960937500e+02
1.087200851440429688e+02
1.084826507568359375e+02
1.082671508789062500e+02
1.080291671752929688e+02
1.077985076904296875e+02
1.075825958251953125e+02
1.073665313720703125e+02
1.071651306152343750e+02
1.069560852050781250e+02
1.067542266845703125e+02
1.065520782470703125e+02
1.063570404052734375e+02
1.061616668701171875e+02
1.059733505249023438e+02
1.057920684814453125e+02
1.056103439331054688e+02
1.054281692504882812e+02
1.052529373168945312e+02
1.050846176147460938e+02
1.049083251953125000e+02
1.047463073730468750e+02
1.045836944580078125e+02
1.044204254150390625e+02
1.042564849853515625e+02
1.041067047119140625e+02
1.039561614990234375e+02
1.037974090576171875e+02
1.036526947021484375e+02
1.034996719360351562e+02
1.033605957031250000e+02
1.032131347656250000e+02
1.030795288085937500e+02
1.029374313354492188e+02
1.028090972900390625e+02
1.026795959472656250e+02
1.025488815307617188e+02
1.024169006347656250e+02
1.022910156250000000e+02
1.021637420654296875e+02
1.020424423217773438e+02
1.019196395874023438e+02
1.017952575683593750e+02
1.016766662597656250e+02
1.015637969970703125e+02
1.014417266845703125e+02
1.013252487182617188e+02
1.012217407226562500e+02
1.011013946533203125e+02
1.009938812255859375e+02
1.008842620849609375e+02
1.007799072265625000e+02
1.006658935546875000e+02
1.005718841552734375e+02
1.004680786132812500e+02
1.003618469238281250e+02
1.002679367065429688e+02
1.001639328002929688e+02
1.000645675659179688e+02
9.996228790283203125e+01
9.987184143066406250e+01
9.977081298828125000e+01
9.967395019531250000e+01
9.957372283935546875e+01
9.948485565185546875e+01
9.939239501953125000e+01
9.928880310058593750e+01
9.919625854492187500e+01
9.909980773925781250e+01
9.900677490234375000e+01
9.891706848144531250e+01
9.882314300537109375e+01
9.873236083984375000e+01
9.863717651367187500e+01
9.854492950439453125e+01
9.844810485839843750e+01
9.836147308349609375e+01
9.826264190673828125e+01
9.816639709472656250e+01
9.808007812500000000e+01
9.798130035400390625e+01
9.788483428955078125e+01
9.779801940917968750e+01
9.769847869873046875e+01
9.760841369628906250e+01
9.750543975830078125e+01
9.741918182373046875e+01
9.731240081787109375e+01
9.722214508056640625e+01
9.712602233886718750e+01
9.703136444091796875e+01
9.693807220458984375e+01
9.683860778808593750e+01
9.674028778076171875e+01
9.665044403076171875e+01
9.654665374755859375e+01
9.645110321044921875e+01
9.634881591796875000e+01
9.624708557128906250e+01
9.614579772949218750e+01
9.604481506347656250e+01
9.594401550292968750e+01
9.583583068847656250e+01
9.573497009277343750e+01
9.562645721435546875e+01
9.551757049560546875e+01
9.540079498291015625e+01
9.529833221435546875e+01
9.518780517578125000e+01
9.507656097412109375e+01
9.496450042724609375e+01
9.485153198242187500e+01
9.473013305664062500e+01
9.462249755859375000e+01
9.450624084472656250e+01
9.438126373291015625e+01
9.426976776123046875e+01
9.414936065673828125e+01
9.402738189697265625e+01
9.391115570068359375e+01
9.378574371337890625e+01
9.365845489501953125e+01
9.352922821044921875e+01
9.339794921875000000e+01
9.326453399658203125e+01
9.313633728027343750e+01
9.300582885742187500e+01
9.287292480468750000e+01
9.273754119873046875e+01
9.259960174560546875e+01
9.246646881103515625e+01
9.232318878173828125e+01
9.218454742431640625e+01
9.203562927246093750e+01
9.189864349365234375e+01
9.174380493164062500e+01
9.160076904296875000e+01
9.144717407226562500e+01
9.129559326171875000e+01
9.114671325683593750e+01
9.099526214599609375e+01
9.083969879150390625e+01
9.068591308593750000e+01
9.052716064453125000e+01
9.036857604980468750e+01
9.020862579345703125e+01
9.004501342773437500e+01
8.988214874267578125e+01
8.971773529052734375e+01
8.955096435546875000e+01
8.938253021240234375e+01
8.921310424804687500e+01
8.904113769531250000e+01
8.886952972412109375e+01
8.869449615478515625e+01
0.000000000000000000e+00
0.000000000000000000e+00
0.000000000000000000e+00
0.000000000000000000e+00
0.000000000000000000e+00
0.000000000000000000e+00
0.000000000000000000e+00
0.000000000000000000e+00
0.000000000000000000e+00
0.000000000000000000e+00
0.000000000000000000e+00
0.000000000000000000e+00
0.000000000000000000e+00
0.000000000000000000e+00
0.000000000000000000e+00
0.000000000000000000e+00
0.000000000000000000e+00
0.000000000000000000e+00
0.000000000000000000e+00
0.000000000000000000e+00
0.000000000000000000e+00
0.000000000000000000e+00
0.000000000000000000e+00
0.000000000000000000e+00
0.000000000000000000e+00
0.000000000000000000e+00
0.000000000000000000e+00
0.000000000000000000e+00
0.000000000000000000e+00
0.000000000000000000e+00
0.000000000000000000e+00
0.000000000000000000e+00
0.000000000000000000e+00
0.000000000000000000e+00
0.000000000000000000e+00
0.000000000000000000e+00
0.000000000000000000e+00
0.000000000000000000e+00
0.000000000000000000e+00
0.000000000000000000e+00
0.000000000000000000e+00
0.000000000000000000e+00
0.000000000000000000e+00
0.000000000000000000e+00
0.000000000000000000e+00
0.000000000000000000e+00
0.000000000000000000e+00
0.000000000000000000e+00
0.000000000000000000e+00
0.000000000000000000e+00
0.000000000000000000e+00
0.000000000000000000e+00
0.000000000000000000e+00
0.000000000000000000e+00
0.000000000000000000e+00
0.000000000000000000e+00
0.000000000000000000e+00
0.000000000000000000e+00
0.000000000000000000e+00
0.000000000000000000e+00
0.000000000000000000e+00
0.000000000000000000e+00
0.000000000000000000e+00
0.000000000000000000e+00
0.000000000000000000e+00
0.000000000000000000e+00
0.000000000000000000e+00
0.000000000000000000e+00
0.000000000000000000e+00
0.000000000000000000e+00
0.000000000000000000e+00
0.000000000000000000e+00
0.000000000000000000e+00
0.000000000000000000e+00
0.000000000000000000e+00
0.000000000000000000e+00
0.000000000000000000e+00
0.000000000000000000e+00
0.000000000000000000e+00
0.000000000000000000e+00
0.000000000000000000e+00
0.000000000000000000e+00
0.000000000000000000e+00
0.000000000000000000e+00
0.000000000000000000e+00
0.000000000000000000e+00
0.000000000000000000e+00
0.000000000000000000e+00
0.000000000000000000e+00
0.000000000000000000e+00
0.000000000000000000e+00
0.000000000000000000e+00
0.000000000000000000e+00
0.000000000000000000e+00
0.000000000000000000e+00
0.000000000000000000e+00
0.000000000000000000e+00
0.000000000000000000e+00
0.000000000000000000e+00
0.000000000000000000e+00
