# bb
1.964577677426859736e-06
3.929743797925766557e-06
6.550866601173765957e-06
9.828726433624979109e-06
1.376426644128514454e-05
1.835860348364803940e-05
2.361301267228554934e-05
2.952891736640594900e-05
3.610787825891748071e-05
4.335157063906081021e-05
5.126176984049379826e-05
5.984034214634448290e-05
6.908923387527465820e-05
7.901041681179776788e-05
8.960590639617294073e-05
1.008777326205745339e-04
1.128279182012192905e-04
1.254584494745358825e-04
1.387712836731225252e-04
1.527682907180860639e-04
1.674512750469148159e-04
1.828218955779448152e-04
1.988817530218511820e-04
2.156322734663262963e-04
2.330747374799102545e-04
2.512102364562451839e-04
2.700397453736513853e-04
2.895639918278902769e-04
3.097834996879100800e-04
3.306986473035067320e-04
3.523095219861716032e-04
3.746160364244133234e-04
3.976178704760968685e-04
4.213144420646131039e-04
4.457051109056919813e-04
4.707887128461152315e-04
4.965641419403254986e-04
5.230299429967999458e-04
5.501845735125243664e-04
5.780261126346886158e-04
6.065526977181434631e-04
6.357620586641132832e-04
6.656519253738224506e-04
6.962197367101907730e-04
7.274631061591207981e-04
7.593791815452277660e-04
7.919651689007878304e-04
8.252182160504162312e-04
8.591355290263891220e-04
8.937141392379999161e-04
9.289509034715592861e-04
9.648430859670042992e-04
1.001387485302984715e-03
1.038581482134759426e-03
1.076422166079282761e-03
1.114906626753509045e-03
1.154032419435679913e-03
1.193797099404036999e-03
1.234197756275534630e-03
1.275232643820345402e-03
1.316899433732032776e-03
1.359196146950125694e-03
1.402121037244796753e-03
1.445672591216862202e-03
1.489849528297781944e-03
1.534650451503694057e-03
1.580074545927345753e-03
1.626120880246162415e-03
1.672789221629500389e-03
1.720078988000750542e-03
1.767990062944591045e-03
1.816522679291665554e-03
1.865677186287939548e-03
1.915454166010022163e-03
1.965853851288557053e-03
2.016877522692084312e-03
2.068526344373822212e-03
2.120801480486989021e-03
2.173704095184803009e-03
2.227236283943057060e-03
2.281399443745613098e-03
2.336195437237620354e-03
2.391626127064228058e-03
2.447693608701229095e-03
2.504400676116347313e-03
2.561748959124088287e-03
2.619741018861532211e-03
2.678379649296402931e-03
2.737666713073849678e-03
2.797605469822883606e-03
2.858198247849941254e-03
2.919447608292102814e-03
2.981356345117092133e-03
3.043927252292633057e-03
3.107163123786449432e-03
3.171066986396908760e-03
3.235641401261091232e-03
3.300889162346720695e-03
3.366813296452164650e-03
3.433417063206434250e-03
3.500702790915966034e-03
3.568674437701702118e-03
3.637334331870079041e-03
3.706686198711395264e-03
3.776732599362730980e-03
3.847477491945028305e-03
3.918923903256654739e-03
3.991075325757265091e-03
4.063935484737157822e-03
4.137507639825344086e-03
4.211796913295984268e-03
4.286806099116802216e-03
4.362539853900671005e-03
4.439002368599176407e-03
4.516197834163904190e-03
4.594131372869014740e-03
4.672807641327381134e-03
4.752231761813163757e-03
4.832408856600522995e-03
4.913344513624906540e-03
4.995044786483049393e-03
5.077515263110399246e-03
5.160761531442403793e-03
5.244790576398372650e-03
5.329609382897615433e-03
5.415224004536867142e-03
5.501641891896724701e-03
5.588870029896497726e-03
5.676915403455495834e-03
5.765785928815603256e-03
5.855489987879991531e-03
5.946034565567970276e-03
6.037428043782711029e-03
6.129678804427385330e-03
6.222794298082590103e-03
6.316783372312784195e-03
6.411654874682426453e-03
6.507415790110826492e-03
6.604075431823730469e-03
6.701641716063022614e-03
6.800123956054449081e-03
6.899528671056032181e-03
6.999865174293518066e-03
7.101140916347503662e-03
7.203363347798585892e-03
7.306540384888648987e-03
7.410679012537002563e-03
7.515786681324243546e-03
7.621869910508394241e-03
7.728934288024902344e-03
7.836987264454364777e-03
7.946032099425792694e-03
8.056077174842357635e-03
8.167124353349208832e-03
8.279180154204368591e-03
8.392247371375560760e-03
8.506327867507934570e-03
8.621427230536937714e-03
8.737546391785144806e-03
8.854687213897705078e-03
8.972850628197193146e-03
9.092037566006183624e-03
9.212247096002101898e-03
9.333480149507522583e-03
9.455736726522445679e-03
9.579012170433998108e-03
9.703305549919605255e-03
9.828614071011543274e-03
9.954934939742088318e-03
1.008226349949836731e-02
1.021059695631265640e-02
1.033992785960435867e-02
1.047025341540575027e-02
1.060156524181365967e-02
1.073385868221521378e-02
1.086712628602981567e-02
1.100136060267686844e-02
1.113655511289834976e-02
1.127270050346851349e-02
1.140978839248418808e-02
1.154781226068735123e-02
1.168675906956195831e-02
1.182662229984998703e-02
1.196739263832569122e-02
1.210905797779560089e-02
1.225160993635654449e-02
1.239503733813762665e-02
1.253933086991310120e-02
1.268447842448949814e-02
1.283046882599592209e-02
1.297729276120662689e-02
1.312493719160556793e-02
1.327339280396699905e-02
1.342264469712972641e-02
1.357268635183572769e-02
1.372350286692380905e-02
1.387508120387792587e-02
1.402741298079490662e-02
1.418048329651355743e-02
1.433428190648555756e-02
1.448879577219486237e-02
1.464401371777057648e-02
1.479992177337408066e-02
1.495650876313447952e-02
1.511375978589057922e-02
1.527166366577148438e-02
1.543020829558372498e-02
1.558937784284353256e-02
1.574916020035743713e-02
1.590954326093196869e-02
1.607051119208335876e-02
1.623205095529556274e-02
1.639414578676223755e-02
1.655678451061248779e-02
1.671995222568511963e-02
1.688363216817378998e-02
1.704780757427215576e-02
1.721246540546417236e-02
1.737758703529834747e-02
1.754315756261348724e-02
1.770916208624839783e-02
1.787557825446128845e-02
1.804239489138126373e-02
1.820958964526653290e-02
1.837714388966560364e-02
1.854504272341728210e-02
1.871326379477977753e-02
1.888179220259189606e-02
1.905060373246669769e-02
1.921967975795269012e-02
1.938900351524353027e-02
1.955854892730712891e-02
1.972829923033714294e-02
1.989823393523693085e-02
2.006833069026470184e-02
2.023856714367866516e-02
2.040892280638217926e-02
2.057937718927860260e-02
2.074990794062614441e-02
2.092049270868301392e-02
2.109111100435256958e-02
2.126173861324787140e-02
2.143235690891742706e-02
2.160294353961944580e-02
2.177347429096698761e-02
2.194393239915370941e-02
2.211429364979267120e-02
2.228453941643238068e-02
2.245464920997619629e-02
2.262459881603717804e-02
2.279437519609928131e-02
2.296395041048526764e-02
2.313331328332424164e-02
2.330244146287441254e-02
2.347131818532943726e-02
2.363992482423782349e-02
2.380824461579322815e-02
2.397626265883445740e-02
2.414396032691001892e-02
2.431132458150386810e-02
2.447834052145481110e-02
2.464499324560165405e-02
2.481127157807350159e-02
2.497716061770915985e-02
2.514265105128288269e-02
2.530772797763347626e-02
2.547238394618034363e-02
2.563660778105258942e-02
2.580039016902446747e-02
2.596372365951538086e-02
2.612660080194473267e-02
2.628901042044162750e-02
2.645095065236091614e-02
2.661241404712200165e-02
2.677339315414428711e-02
2.693388424813747406e-02
2.709388360381126404e-02
2.725338935852050781e-02
2.741239592432975769e-02
2.757090143859386444e-02
2.772889845073223114e-02
2.788639813661575317e-02
2.804338559508323669e-02
2.819987013936042786e-02
2.835584618151187897e-02
2.851131372153759003e-02
2.866627462208271027e-02
2.882072702050209045e-02
2.897467464208602905e-02
2.912811934947967529e-02
2.928106114268302917e-02
2.943350188434123993e-02
2.958544343709945679e-02
2.973688952624797821e-02
2.988784201443195343e-02
3.003830276429653168e-02
3.018827922642230988e-02
3.033777140080928802e-02
3.048678115010261536e-02
3.063531592488288879e-02
3.078337945044040680e-02
3.093097731471061707e-02
3.107810765504837036e-02
3.122478537261486053e-02
3.137101233005523682e-02
3.151679039001464844e-02
3.166212514042854309e-02
3.180703148245811462e-02
3.195150941610336304e-02
3.209557011723518372e-02
3.223921731114387512e-02
3.238246217370033264e-02
3.252530843019485474e-02
3.266777470707893372e-02
3.280986100435256958e-02
3.295158222317695618e-02
3.309294581413269043e-02
3.323396667838096619e-02
3.337465599179267883e-02
3.351502120494842529e-02
3.365508094429969788e-02
3.379484638571739197e-02
3.393432870507240295e-02
3.407355025410652161e-02
3.421251848340034485e-02
3.435125574469566345e-02
3.448977321386337280e-02
3.462808951735496521e-02
3.476622328162193298e-02
3.490419313311576843e-02
3.504201397299766541e-02
3.517971187829971313e-02
3.531730175018310547e-02
3.545480966567993164e-02
3.559225052595138550e-02
3.572965040802955627e-02
3.586702793836593628e-02
3.600440546870231628e-02
3.614180907607078552e-02
3.627926483750343323e-02
3.641678765416145325e-02
3.655440360307693481e-02
3.669213876128196716e-02
3.683002293109893799e-02
3.696807101368904114e-02
3.710630908608436584e-02
3.724476695060729980e-02
3.738346695899963379e-02
3.752243146300315857e-02
3.766169026494026184e-02
3.780126199126243591e-02
3.794117271900177002e-02
3.808144479990005493e-02
3.822211176156997681e-02
3.836318477988243103e-02
3.850469365715980530e-02
3.864666074514389038e-02
3.878911212086677551e-02
3.893206268548965454e-02
3.907554224133491516e-02
3.921956568956375122e-02
3.936415910720825195e-02
3.950934112071990967e-02
3.965513035655021667e-02
3.980155289173126221e-02
3.994861990213394165e-02
4.009635373950004578e-02
4.024476930499076843e-02
4.039388895034790039e-02
4.054372757673263550e-02
4.069430381059646606e-02
4.084562882781028748e-02
4.099772125482559204e-02
4.115059599280357361e-02
4.130426421761512756e-02
4.145874455571174622e-02
4.161404445767402649e-02
4.177017882466316223e-02
4.192716628313064575e-02
4.208501055836677551e-02
4.224372655153274536e-02
4.240332543849945068e-02
4.256381466984748840e-02
4.272520914673805237e-02
4.288751631975173950e-02
4.305074363946914673e-02
4.321490228176116943e-02
4.337999969720840454e-02
4.354605078697204590e-02
4.371305182576179504e-02
4.388101771473884583e-02
4.404995590448379517e-02
4.421987384557723999e-02
4.439077153801918030e-02
4.456266760826110840e-02
4.473555833101272583e-02
4.490945115685462952e-02
4.508435353636741638e-02
4.526026919484138489e-02
4.543720930814743042e-02
4.561517015099525452e-02
4.579415544867515564e-02
4.597417637705802917e-02
4.615523293614387512e-02
4.633732885122299194e-02
4.652046412229537964e-02
4.670464247465133667e-02
4.688986390829086304e-02
4.707613587379455566e-02
4.726345092058181763e-02
4.745181649923324585e-02
4.764122888445854187e-02
4.783168807625770569e-02
4.802318662405014038e-02
4.821573197841644287e-02
4.840931296348571777e-02
4.860393330454826355e-02
4.879958182573318481e-02
4.899625852704048157e-02
4.919395223259925842e-02
4.939266294240951538e-02
4.959237948060035706e-02
4.979309067130088806e-02
4.999478906393051147e-02
5.019747093319892883e-02
5.040111392736434937e-02
5.060571804642677307e-02
5.081126466393470764e-02
5.101773887872695923e-02
5.122512578964233398e-02
5.143341794610023499e-02
5.164258927106857300e-02
5.185262486338615417e-02
5.206350982189178467e-02
5.227522552013397217e-02
5.248774960637092590e-02
5.270106345415115356e-02
5.291514471173286438e-02
5.312997102737426758e-02
5.334551632404327393e-02
5.356176570057868958e-02
5.377868190407752991e-02
5.399625375866889954e-02
5.421445146203041077e-02
5.443324893712997437e-02
5.465261265635490417e-02
5.487252026796340942e-02
5.509294569492340088e-02
5.531385913491249084e-02
5.553523078560829163e-02
5.575703829526901245e-02
5.597924441099166870e-02
5.620181933045387268e-02
5.642474070191383362e-02
5.664797127246856689e-02
5.687148496508598328e-02
5.709525197744369507e-02
5.731924250721931458e-02
5.754341930150985718e-02
5.776775628328323364e-02
5.799222737550735474e-02
5.821679905056953430e-02
5.844143405556678772e-02
5.866611003875732422e-02
5.889079347252845764e-02
5.911545455455780029e-02
5.934006348252296448e-02
5.956459045410156250e-02
5.978900194168090820e-02
6.001327186822891235e-02
6.023737043142318726e-02
6.046126782894134521e-02
6.068494170904159546e-02
6.090834736824035645e-02
6.113146245479583740e-02
6.135426834225654602e-02
6.157672405242919922e-02
6.179879978299140930e-02
6.202047690749168396e-02
6.224172562360763550e-02
6.246250495314598083e-02
6.268280744552612305e-02
6.290259212255477905e-02
6.312183290719985962e-02
6.334049999713897705e-02
6.355856359004974365e-02
6.377601623535156250e-02
6.399279832839965820e-02
6.420890986919403076e-02
6.442430615425109863e-02
6.463897228240966797e-02
6.485287845134735107e-02
6.506598740816116333e-02
6.527828425168991089e-02
6.548973172903060913e-02
6.570032238960266113e-02
6.591000407934188843e-02
6.611876189708709717e-02
6.632657349109649658e-02
6.653340905904769897e-02
6.673923134803771973e-02
6.694403290748596191e-02
6.714778393507003784e-02
6.735044717788696289e-02
6.755200028419494629e-02
6.775242835283279419e-02
6.795169413089752197e-02
6.814978271722793579e-02
6.834666430950164795e-02
6.854230910539627075e-02
6.873670965433120728e-02
6.892982870340347290e-02
6.912165135145187378e-02
6.931215524673461914e-02
6.950131803750991821e-02
6.968910992145538330e-02
6.987551599740982056e-02
7.006052881479263306e-02
7.024411112070083618e-02
7.042625546455383301e-02
7.060694694519042969e-02
7.078615576028823853e-02
7.096387445926666260e-02
7.114008814096450806e-02
7.131477445363998413e-02
7.148793339729309082e-02
7.165954262018203735e-02
7.182959467172622681e-02
7.199808955192565918e-02
7.216499745845794678e-02
7.233031094074249268e-02
7.249403744935989380e-02
7.265616208314895630e-02
7.281668484210968018e-02
7.297559082508087158e-02
7.313288003206253052e-02
7.328855991363525391e-02
7.344261556863784790e-02
7.359505444765090942e-02
7.374587655067443848e-02
7.389506697654724121e-02
7.404266297817230225e-02
7.418862730264663696e-02
7.433299720287322998e-02
7.447575777769088745e-02
7.461692392826080322e-02
7.475649565458297729e-02
7.489448785781860352e-02
7.503090798854827881e-02
7.516575604677200317e-02
7.529905438423156738e-02
7.543079555034637451e-02
7.556102424860000610e-02
7.568971812725067139e-02
7.581690698862075806e-02
7.594260573387145996e-02
7.606681436300277710e-02
7.618956267833709717e-02
7.631085813045501709e-02
7.643071562051773071e-02
7.654915750026702881e-02
7.666619867086410522e-02
7.678185403347015381e-02
7.689613103866577148e-02
7.700906693935394287e-02
7.712066918611526489e-02
7.723095268011093140e-02
7.733993977308273315e-02
7.744766026735305786e-02
7.755411416292190552e-02
7.765934616327285767e-02
7.776335626840591431e-02
7.786617428064346313e-02
7.796782255172729492e-02
7.806832343339920044e-02
7.816769182682037354e-02
7.826595753431320190e-02
7.836314290761947632e-02
7.845926284790039062e-02
7.855434715747833252e-02
7.864842563867568970e-02
7.874151319265365601e-02
7.883363962173461914e-02
7.892482727766036987e-02
7.901510596275329590e-02
7.910449802875518799e-02
7.919302582740783691e-02
7.928072661161422729e-02
7.936763018369674683e-02
7.945375144481658936e-02
7.953912019729614258e-02
7.962377369403839111e-02
7.970773428678512573e-02
7.979103177785873413e-02
7.987369596958160400e-02
7.995577156543731689e-02
8.003727346658706665e-02
8.011823147535324097e-02
8.019868284463882446e-02
8.027865737676620483e-02
8.035819977521896362e-02
8.043733239173889160e-02
8.051607757806777954e-02
8.059448748826980591e-02
8.067259192466735840e-02
8.075042068958282471e-02
8.082800358533859253e-02
8.090538531541824341e-02
8.098259568214416504e-02
8.105966448783874512e-02
8.113664388656616211e-02
8.121354877948760986e-02
8.129041641950607300e-02
8.136729896068572998e-02
8.144421875476837158e-02
8.152121305465698242e-02
8.159831166267395020e-02
8.167555183172225952e-02
8.175297826528549194e-02
8.183061331510543823e-02
8.190849423408508301e-02
8.198665827512741089e-02
8.206513524055480957e-02
8.214395493268966675e-02
8.222316205501556396e-02
8.230277150869369507e-02
8.238282799720764160e-02
8.246336132287979126e-02
8.254439383745193481e-02
8.262596279382705688e-02
8.270809799432754517e-02
8.279082179069519043e-02
8.287417888641357422e-02
8.295817673206329346e-02
8.304285258054733276e-02
8.312822878360748291e-02
8.321432769298553467e-02
8.330118656158447266e-02
8.338882029056549072e-02
8.347725123167037964e-02
8.356650918722152710e-02
8.365660905838012695e-02
8.374756574630737305e-02
8.383941650390625000e-02
8.393216878175735474e-02
8.402583748102188110e-02
8.412045985460281372e-02
8.421602845191955566e-02
8.431258052587509155e-02
8.441011607646942139e-02
8.450866490602493286e-02
8.460822701454162598e-02
8.470883220434188843e-02
8.481048047542572021e-02
8.491318672895431519e-02
8.501695841550827026e-02
8.512181788682937622e-02
8.522777259349822998e-02
8.533482998609542847e-02
8.544299006462097168e-02
8.555227518081665039e-02
8.566269278526306152e-02
8.577423542737960815e-02
8.588692545890808105e-02
8.600076287984848022e-02
8.611575514078140259e-02
8.623189479112625122e-02
8.634921163320541382e-02
8.646768331527709961e-02
8.658732473850250244e-02
8.670815080404281616e-02
8.683013916015625000e-02
8.695330470800399780e-02
8.707764744758605957e-02
8.720316737890243530e-02
8.732985705137252808e-02
8.745773136615753174e-02
8.758676797151565552e-02
8.771698176860809326e-02
8.784835785627365112e-02
8.798089623451232910e-02
8.811459690332412720e-02
8.824945241212844849e-02
8.838544785976409912e-02
8.852259069681167603e-02
8.866086602210998535e-02
8.880025893449783325e-02
8.894077688455581665e-02
8.908239006996154785e-02
8.922510594129562378e-02
8.936890214681625366e-02
8.951377123594284058e-02
8.965969830751419067e-02
8.980666846036911011e-02
8.995466679334640503e-02
9.010367840528488159e-02
9.025369584560394287e-02
9.040468186140060425e-02
9.055662900209426880e-02
9.070952236652374268e-02
9.086333960294723511e-02
9.101805090904235840e-02
9.117364138364791870e-02
9.133008867502212524e-02
9.148737043142318726e-02
9.164545685052871704e-02
9.180432558059692383e-02
9.196394681930541992e-02
9.212430566549301147e-02
9.228536486625671387e-02
9.244710206985473633e-02
9.260948002338409424e-02
9.277247637510299683e-02
9.293606132268905640e-02
9.310019016265869141e-02
9.326485544443130493e-02
9.343000501394271851e-02
9.359562397003173828e-02
9.376166015863418579e-02
9.392809122800827026e-02
9.409487992525100708e-02
9.426199644804000854e-02
9.442940354347229004e-02
9.459706395864486694e-02
9.476494789123535156e-02
9.493300318717956543e-02
9.510122239589691162e-02
9.526954591274261475e-02
9.543795138597488403e-02
9.560639411211013794e-02
9.577484428882598877e-02
9.594325721263885498e-02
9.611160308122634888e-02
9.627984464168548584e-02
9.644794464111328125e-02
9.661586582660675049e-02
9.678357094526290894e-02
9.695102274417877197e-02
9.711819142103195190e-02
9.728503227233886719e-02
9.745151549577713013e-02
9.761759638786315918e-02
9.778325259685516357e-02
9.794843941926956177e-02
9.811311960220336914e-02
9.827725589275360107e-02
9.844082593917846680e-02
9.860377758741378784e-02
9.876608848571777344e-02
9.892772138118743896e-02
9.908863902091979980e-02
9.924880415201187134e-02
9.940819442272186279e-02
9.956676512956619263e-02
9.972448647022247314e-02
9.988132119178771973e-02
1.000372394919395447e-01
1.001922041177749634e-01
1.003461852669715881e-01
1.004991531372070312e-01
1.006510704755783081e-01
1.008019000291824341e-01
1.009516268968582153e-01
1.011002063751220703e-01
1.012476086616516113e-01
1.013937965035438538e-01
1.015387475490570068e-01
1.016824319958686829e-01
1.018248200416564941e-01
1.019658595323562622e-01
1.021055504679679871e-01
1.022438555955886841e-01
1.023807302117347717e-01
1.025161519646644592e-01
1.026501059532165527e-01
1.027825549244880676e-01
1.029134616255760193e-01
1.030428111553192139e-01
1.031705662608146667e-01
1.032967120409011841e-01
1.034212186932563782e-01
1.035440564155578613e-01
1.036651954054832458e-01
1.037846207618713379e-01
1.039023026823997498e-01
1.040182262659072876e-01
1.041323617100715637e-01
1.042446866631507874e-01
1.043551862239837646e-01
1.044638305902481079e-01
1.045706123113632202e-01
1.046754941344261169e-01
1.047784686088562012e-01
1.048795208334922791e-01
1.049786284565925598e-01
1.050757765769958496e-01
1.051709577441215515e-01
1.052641421556472778e-01
1.053553298115730286e-01
1.054445058107376099e-01
1.055316478013992310e-01
1.056167706847190857e-01
1.056998297572135925e-01
1.057808473706245422e-01
1.058597937226295471e-01
1.059366762638092041e-01
1.060114875435829163e-01
1.060842126607894897e-01
1.061548665165901184e-01
1.062234193086624146e-01
1.062899008393287659e-01
1.063542813062667847e-01
1.064165830612182617e-01
1.064767986536026001e-01
1.065349206328392029e-01
1.065909489989280701e-01
1.066449210047721863e-01
1.066968068480491638e-01
1.067466214299201965e-01
1.067943722009658813e-01
1.068400815129280090e-01
1.068837270140647888e-01
1.069253459572792053e-01
1.069649383425712585e-01
1.070025041699409485e-01
1.070380657911300659e-01
1.070716306567192078e-01
1.071032136678695679e-01
1.071328371763229370e-01
1.071605086326599121e-01
1.071862205862998962e-01
1.072100177407264709e-01
1.072319075465202332e-01
1.072519123554229736e-01
1.072700396180152893e-01
1.072863191366195679e-01
1.073007583618164062e-01
1.073133721947669983e-01
1.073241829872131348e-01
1.073332205414772034e-01
1.073405146598815918e-01
1.073460653424263000e-01
1.073498874902725220e-01
1.073520407080650330e-01
1.073525100946426392e-01
1.073513403534889221e-01
1.073485463857650757e-01
1.073441654443740845e-01
1.073381975293159485e-01
1.073306798934936523e-01
1.073216572403907776e-01
1.073111146688461304e-01
1.072991192340850830e-01
1.072856858372688293e-01
1.072708293795585632e-01
1.072545945644378662e-01
1.072369962930679321e-01
1.072180643677711487e-01
1.071978285908699036e-01
1.071763411164283752e-01
1.071536093950271606e-01
1.071296632289886475e-01
1.071045324206352234e-01
1.070782616734504700e-01
1.070508807897567749e-01
1.070224195718765259e-01
1.069929078221321106e-01
1.069623827934265137e-01
1.069308742880821228e-01
1.068984195590019226e-01
1.068650484085083008e-01
1.068307906389236450e-01
1.067957058548927307e-01
1.067598164081573486e-01
1.067231446504592896e-01
1.066857427358627319e-01
1.066476404666900635e-01
1.066088750958442688e-01
1.065694838762283325e-01
1.065295189619064331e-01
1.064889952540397644e-01
1.064479574561119080e-01
1.064064353704452515e-01
1.063644886016845703e-01
1.063221395015716553e-01
1.062794327735900879e-01
1.062363982200622559e-01
1.061930954456329346e-01
1.061495244503021240e-01
1.061057671904563904e-01
1.060618162155151367e-01
1.060177609324455261e-01
1.059735864400863647e-01
1.059293746948242188e-01
1.058851256966590881e-01
1.058409139513969421e-01
1.057967394590377808e-01
1.057526618242263794e-01
1.057087332010269165e-01
1.056649461388587952e-01
1.056213602423667908e-01
1.055780276656150818e-01
1.055349558591842651e-01
1.054921895265579224e-01
1.054497584700584412e-01
1.054077148437500000e-01
1.053660660982131958e-01
1.053248569369316101e-01
1.052841246128082275e-01
1.052438989281654358e-01
1.052041947841644287e-01
1.051650717854499817e-01
1.051265373826026917e-01
1.050886288285255432e-01
1.050513684749603271e-01
1.050147935748100281e-01
1.049789339303970337e-01
1.049438044428825378e-01
1.049094349145889282e-01
1.048758625984191895e-01
1.048431098461151123e-01
1.048111841082572937e-01
1.047801226377487183e-01
1.047499552369117737e-01
1.047206968069076538e-01
1.046923622488975525e-01
1.046649888157844543e-01
1.046385914087295532e-01
1.046131849288940430e-01
1.045887917280197144e-01
1.045654341578483582e-01
1.045431271195411682e-01
1.045218929648399353e-01
1.045017465949058533e-01
1.044827029109001160e-01
1.044647842645645142e-01
1.044480055570602417e-01
1.044323667883872986e-01
1.044179052114486694e-01
1.044046133756637573e-01
1.043925210833549500e-01
1.043816357851028442e-01
1.043719649314880371e-01
1.043635234236717224e-01
1.043563261628150940e-01
1.043503731489181519e-01
1.043456792831420898e-01
1.043422594666481018e-01
1.043401136994361877e-01
1.043392568826675415e-01
1.043396890163421631e-01
1.043414175510406494e-01
1.043444499373435974e-01
1.043487936258316040e-01
1.043544560670852661e-01
1.043614298105239868e-01
1.043697223067283630e-01
1.043793335556983948e-01
1.043902784585952759e-01
1.044025421142578125e-01
1.044161245226860046e-01
1.044310405850410461e-01
1.044472754001617432e-01
1.044648289680480957e-01
1.044837012887001038e-01
1.045038774609565735e-01
1.045253649353981018e-01
1.045481562614440918e-01
1.045722514390945435e-01
1.045976355671882629e-01
1.046242862939834595e-01
1.046522259712219238e-01
1.046814247965812683e-01
1.047118678689002991e-01
1.047435700893402100e-01
1.047764867544174194e-01
1.048106253147125244e-01
1.048459783196449280e-01
1.048825085163116455e-01
1.049202233552932739e-01
1.049591004848480225e-01
1.049991101026535034e-01
1.050402522087097168e-01
1.050825044512748718e-01
1.051258444786071777e-01
1.051702573895454407e-01
1.052157208323478699e-01
1.052622124552726746e-01
1.053097173571586609e-01
1.053582057356834412e-01
1.054076701402664185e-01
1.054580658674240112e-01
1.055093854665756226e-01
1.055616065859794617e-01
1.056146919727325439e-01
1.056686192750930786e-01
1.057233810424804688e-01
1.057789400219917297e-01
1.058352589607238770e-01
1.058923229575157166e-01
1.059501096606254578e-01
1.060085669159889221e-01
1.060677096247673035e-01
1.061274856328964233e-01
1.061878576874732971e-01
1.062488108873367310e-01
1.063103228807449341e-01
1.063723489642143250e-01
1.064348742365837097e-01
1.064978539943695068e-01
1.065612807869911194e-01
1.066251173615455627e-01
1.066893190145492554e-01
1.067538782954216003e-01
1.068187579512596130e-01
1.068839207291603088e-01
1.069493442773818970e-01
1.070149913430213928e-01
1.070808395743370056e-01
1.071468740701675415e-01
1.072130352258682251e-01
1.072793155908584595e-01
1.073456704616546631e-01
1.074120923876762390e-01
1.074785217642784119e-01
1.075449511408805847e-01
1.076113358139991760e-01
1.076776534318923950e-01
1.077438816428184509e-01
1.078099831938743591e-01
1.078759282827377319e-01
1.079416796565055847e-01
1.080072149634361267e-01
1.080725118517875671e-01
1.081375330686569214e-01
1.082022488117218018e-01
1.082666292786598206e-01
1.083306595683097839e-01
1.083942800760269165e-01
1.084574908018112183e-01
1.085202470421791077e-01
1.085825040936470032e-01
1.086442843079566956e-01
1.087054982781410217e-01
1.087661683559417725e-01
1.088262274861335754e-01
1.088856682181358337e-01
1.089444607496261597e-01
1.090025678277015686e-01
1.090599745512008667e-01
1.091166362166404724e-01
1.091725453734397888e-01
1.092276573181152344e-01
1.092819496989250183e-01
1.093353927135467529e-01
1.093879714608192444e-01
1.094396486878395081e-01
1.094904094934463501e-01
1.095402240753173828e-01
1.095890551805496216e-01
1.096368953585624695e-01
1.096837073564529419e-01
1.097294837236404419e-01
1.097741872072219849e-01
1.098177954554557800e-01
1.098602935671806335e-01
1.099016442894935608e-01
1.099418401718139648e-01
1.099808663129806519e-01
1.100187003612518311e-01
1.100552901625633240e-01
1.100906655192375183e-01
1.101247817277908325e-01
1.101576164364814758e-01
1.101891621947288513e-01
1.102194115519523621e-01
1.102483272552490234e-01
1.102759093046188354e-01
1.103021502494812012e-01
1.103270128369331360e-01
1.103504970669746399e-01
1.103725954890251160e-01
1.103932857513427734e-01
1.104125753045082092e-01
1.104304417967796326e-01
1.104468703269958496e-01
1.104618608951568604e-01
1.104753911495208740e-01
1.104874759912490845e-01
1.104980930685997009e-01
1.105072423815727234e-01
1.105149239301681519e-01
1.105211153626441956e-01
1.105258390307426453e-01
1.105290576815605164e-01
1.105308085680007935e-01
1.105310618877410889e-01
1.105298176407814026e-01
1.105270832777023315e-01
1.105228662490844727e-01
1.105171516537666321e-01
1.105099394917488098e-01
1.105012372136116028e-01
1.104910671710968018e-01
1.104793995618820190e-01
1.104662567377090454e-01
1.104516237974166870e-01
1.104355230927467346e-01
1.104179620742797852e-01
1.103989407420158386e-01
1.103784590959548950e-01
1.103565320372581482e-01
1.103331521153450012e-01
1.103083491325378418e-01
1.102821081876754761e-01
1.102544590830802917e-01
1.102253943681716919e-01
1.101949140429496765e-01
1.101630628108978271e-01
1.101298183202743530e-01
1.100952029228210449e-01
1.100592315196990967e-01
1.100219115614891052e-01
1.099832504987716675e-01
1.099432632327079773e-01
1.099019721150398254e-01
1.098593845963478088e-01
1.098155006766319275e-01
1.097703576087951660e-01
1.097239553928375244e-01
1.096763089299201965e-01
1.096274405717849731e-01
1.095773577690124512e-01
1.095260977745056152e-01
1.094736531376838684e-01
1.094200536608695984e-01
1.093652993440628052e-01
1.093094348907470703e-01
1.092524677515029907e-01
1.091944128274917603e-01
1.091352924704551697e-01
1.090751290321350098e-01
1.090139523148536682e-01
1.089517623186111450e-01
1.088886037468910217e-01
1.088244765996932983e-01
1.087594181299209595e-01
1.086934432387351990e-01
1.086265668272972107e-01
1.085588410496711731e-01
1.084902584552764893e-01
1.084208562970161438e-01
1.083506718277931213e-01
1.082797124981880188e-01
1.082080006599426270e-01
1.081355810165405273e-01
1.080624684691429138e-01
1.079886704683303833e-01
1.079142466187477112e-01
1.078392043709754944e-01
1.077635809779167175e-01
1.076873987913131714e-01
1.076106652617454529e-01
1.075334325432777405e-01
1.074557229876518250e-01
1.073775589466094971e-01
1.072989702224731445e-01
1.072199717164039612e-01
1.071406155824661255e-01
1.070609018206596375e-01
1.069808900356292725e-01
1.069005727767944336e-01
1.068199947476387024e-01
1.067391857504844666e-01
1.066581606864929199e-01
1.065769642591476440e-01
1.064956039190292358e-01
1.064141318202018738e-01
1.063325256109237671e-01
1.062508672475814819e-01
1.061691492795944214e-01
1.060874164104461670e-01
1.060056611895561218e-01
1.059239506721496582e-01
1.058422699570655823e-01
1.057606711983680725e-01
1.056791841983795166e-01
1.055978015065193176e-01
1.055165678262710571e-01
1.054355129599571228e-01
1.053546294569969177e-01
1.052739769220352173e-01
1.051935628056526184e-01
1.051133945584297180e-01
1.050335094332695007e-01
1.049539297819137573e-01
1.048746779561042786e-01
1.047957688570022583e-01
1.047172173857688904e-01
1.046390458941459656e-01
1.045612916350364685e-01
1.044839546084403992e-01
1.044070646166801453e-01
1.043306291103363037e-01
1.042546778917312622e-01
1.041792258620262146e-01
1.041042879223823547e-01
1.040298864245414734e-01
1.039560362696647644e-01
1.038827523589134216e-01
1.038100570440292358e-01
1.037379652261734009e-01
1.036664918065071106e-01
1.035956442356109619e-01
1.035254597663879395e-01
1.034559309482574463e-01
1.033870801329612732e-01
1.033189296722412109e-01
1.032514870166778564e-01
1.031847596168518066e-01
1.031187772750854492e-01
1.030535399913787842e-01
1.029890626668930054e-01
1.029253602027893066e-01
1.028624475002288818e-01
1.028003245592117310e-01
1.027390137314796448e-01
1.026785224676132202e-01
1.026188656687736511e-01
1.025600358843803406e-01
1.025020703673362732e-01
1.024449542164802551e-01
1.023887023329734802e-01
1.023333296179771423e-01
1.022788286209106445e-01
1.022252291440963745e-01
1.021725162863731384e-01
1.021207049489021301e-01
1.020698025822639465e-01
1.020198017358779907e-01
1.019707173109054565e-01
1.019225567579269409e-01
1.018753126263618469e-01
1.018289923667907715e-01
1.017835959792137146e-01
1.017391234636306763e-01
1.016955748200416565e-01
1.016529574990272522e-01
1.016112640500068665e-01
1.015704944729804993e-01
1.015306338667869568e-01
1.014917045831680298e-01
1.014536917209625244e-01
1.014165878295898438e-01
1.013803929090499878e-01
1.013450995087623596e-01
1.013107001781463623e-01
1.012772023677825928e-01
1.012445762753486633e-01
1.012128293514251709e-01
1.011819615960121155e-01
1.011519432067871094e-01
1.011227816343307495e-01
1.010944619774818420e-01
1.010669693350791931e-01
1.010403111577033997e-01
1.010144576430320740e-01
1.009894162416458130e-01
1.009651571512222290e-01
1.009416729211807251e-01
1.009189561009407043e-01
1.008969917893409729e-01
1.008757650852203369e-01
1.008552759885787964e-01
1.008354872465133667e-01
1.008164137601852417e-01
1.007980108261108398e-01
1.007802858948707581e-01
1.007632166147232056e-01
1.007467880845069885e-01
1.007309854030609131e-01
1.007157936692237854e-01
1.007011979818344116e-01
1.006871834397315979e-01
1.006737276911735535e-01
1.006608307361602783e-01
1.006484553217887878e-01
1.006365939974784851e-01
1.006252318620681763e-01
1.006143540143966675e-01
1.006039455533027649e-01
1.005939841270446777e-01
1.005844473838806152e-01
1.005753278732299805e-01
1.005666032433509827e-01
1.005582585930824280e-01
1.005502790212631226e-01
1.005426347255706787e-01
1.005353257060050964e-01
1.005283147096633911e-01
1.005216017365455627e-01
1.005151569843292236e-01
1.005089655518531799e-01
1.005030050873756409e-01
1.004972532391548157e-01
1.004917100071907043e-01
1.004863306879997253e-01
1.004811227321624756e-01
1.004760488867759705e-01
1.004710942506790161e-01
1.004662439227104187e-01
1.004614681005477905e-01
1.004567593336105347e-01
1.004520878195762634e-01
1.004474386572837830e-01
1.004427820444107056e-01
1.004381105303764343e-01
1.004334017634391785e-01
1.004286333918571472e-01
1.004237830638885498e-01
1.004188284277915955e-01
1.004137471318244934e-01
1.004085317254066467e-01
1.004031449556350708e-01
1.003975793719291687e-01
1.003918051719665527e-01
1.003858074545860291e-01
1.003795638680458069e-01
1.003730446100234985e-01
1.003662496805191040e-01
1.003591418266296387e-01
1.003517061471939087e-01
1.003439202904701233e-01
1.003357619047164917e-01
1.003272086381912231e-01
1.003182530403137207e-01
1.003088802099227905e-01
1.002990379929542542e-01
1.002887412905693054e-01
1.002779528498649597e-01
1.002666577696800232e-01
1.002548485994338989e-01
1.002424880862236023e-01
1.002295762300491333e-01
1.002160757780075073e-01
1.002019941806793213e-01
1.001872867345809937e-01
1.001719683408737183e-01
1.001559942960739136e-01
1.001393720507621765e-01
1.001220643520355225e-01
1.001040786504745483e-01
1.000853851437568665e-01
1.000659689307212830e-01
1.000458300113677979e-01
1.000249460339546204e-01
1.000033095479011536e-01
9.998089820146560669e-02
9.995771199464797974e-02
9.993373602628707886e-02
9.990895539522171021e-02
9.988337010145187378e-02
9.985695034265518188e-02
9.982971101999282837e-02
9.980162233114242554e-02
9.977269917726516724e-02
9.974290430545806885e-02
9.971225261688232422e-02
9.968072175979614258e-02
9.964831918478012085e-02
9.961502999067306519e-02
9.958084672689437866e-02
9.954576939344406128e-02
9.950978308916091919e-02
9.947289526462554932e-02
9.943509101867675781e-02
9.939637035131454468e-02
9.935673326253890991e-02
9.931616485118865967e-02
9.927466511726379395e-02
9.923224151134490967e-02
9.918887913227081299e-02
9.914457798004150391e-02
9.909933805465698242e-02
9.905315935611724854e-02
9.900604188442230225e-02
9.895797818899154663e-02
9.890896081924438477e-02
9.885900467634201050e-02
9.880809485912322998e-02
9.875623881816864014e-02
9.870344400405883789e-02
9.864969551563262939e-02
9.859500080347061157e-02
9.853935986757278442e-02
9.848277270793914795e-02
9.842524677515029907e-02
9.836678206920623779e-02
9.830737859010696411e-02
9.824702143669128418e-02
9.818574786186218262e-02
9.812353551387786865e-02
9.806039929389953613e-02
9.799633175134658813e-02
9.793134778738021851e-02
9.786545485258102417e-02
9.779863804578781128e-02
9.773091971874237061e-02
9.766230732202529907e-02
9.759279340505599976e-02
9.752239286899566650e-02
9.745112061500549316e-02
9.737896174192428589e-02
9.730593860149383545e-02
9.723205864429473877e-02
9.715733677148818970e-02
9.708176553249359131e-02
9.700535982847213745e-02
9.692813456058502197e-02
9.685009717941284180e-02
9.677126258611679077e-02
9.669163078069686890e-02
9.661122411489486694e-02
9.653005748987197876e-02
9.644812345504760742e-02
9.636545181274414062e-02
9.628205001354217529e-02
9.619793295860290527e-02
9.611310809850692749e-02
9.602759778499603271e-02
9.594141691923141479e-02
9.585457295179367065e-02
9.576708823442459106e-02
9.567896276712417603e-02
9.559024125337600708e-02
9.550090879201889038e-02
9.541099518537521362e-02
9.532051533460617065e-02
9.522949904203414917e-02
9.513793885707855225e-02
9.504586458206176758e-02
9.495328366756439209e-02
9.486023336648941040e-02
9.476671367883682251e-02
9.467274695634841919e-02
9.457834810018539429e-02
9.448353201150894165e-02
9.438832849264144897e-02
9.429273754358291626e-02
9.419679641723632812e-02
9.410050511360168457e-02
9.400388598442077637e-02
9.390695393085479736e-02
9.380973875522613525e-02
9.371224790811538696e-02
9.361449629068374634e-02
9.351650625467300415e-02
9.341828525066375732e-02
9.331986308097839355e-02
9.322124719619750977e-02
9.312245249748229980e-02
9.302350133657455444e-02
9.292440861463546753e-02
9.282518923282623291e-02
9.272586554288864136e-02
9.262643754482269287e-02
9.252693504095077515e-02
9.242737293243408203e-02
9.232776612043380737e-02
9.222811460494995117e-02
9.212845563888549805e-02
9.202878922224044800e-02
9.192913025617599487e-02
9.182950109243392944e-02
9.172991663217544556e-02
9.163039177656173706e-02
9.153092652559280396e-02
9.143155813217163086e-02
9.133227914571762085e-02
9.123311936855316162e-02
9.113408625125885010e-02
9.103519469499588013e-02
9.093645960092544556e-02
9.083789587020874023e-02
9.073951840400695801e-02
9.064133465290069580e-02
9.054335951805114746e-02
9.044561535120010376e-02
9.034810960292816162e-02
9.025086462497711182e-02
9.015387296676635742e-02
9.005717188119888306e-02
8.996076136827468872e-02
8.986465632915496826e-02
8.976887166500091553e-02
8.967342227697372437e-02
8.957832306623458862e-02
8.948358148336410522e-02
8.938921988010406494e-02
8.929524570703506470e-02
8.920166641473770142e-02
8.910850435495376587e-02
8.901575952768325806e-02
8.892346173524856567e-02
8.883160352706909180e-02
8.874020725488662720e-02
8.864929527044296265e-02
8.855886012315750122e-02
8.846893161535263062e-02
8.837949484586715698e-02
8.829057961702346802e-02
8.820220082998275757e-02
8.811435848474502563e-02
8.802706748247146606e-02
8.794033527374267578e-02
8.785416185855865479e-02
8.776856958866119385e-02
8.768355846405029297e-02
8.759914338588714600e-02
8.751533180475234985e-02
8.743212372064590454e-02
8.734951913356781006e-02
8.726754784584045410e-02
8.718619495630264282e-02
8.710547536611557007e-02
8.702538907527923584e-02
8.694595098495483398e-02
8.686715364456176758e-02
8.678899705410003662e-02
8.671149611473083496e-02
8.663465082645416260e-02
8.655845373868942261e-02
8.648291975259780884e-02
8.640804141759872437e-02
8.633381873369216919e-02
8.626025915145874023e-02
8.618735522031784058e-02
8.611511439085006714e-02
8.604352176189422607e-02
8.597259223461151123e-02
8.590231090784072876e-02
8.583268523216247559e-02
8.576370775699615479e-02
8.569538593292236328e-02
8.562768995761871338e-02
8.556064963340759277e-02
8.549424260854721069e-02
8.542846888303756714e-02
8.536332100629806519e-02
8.529879897832870483e-02
8.523489534854888916e-02
8.517161756753921509e-02
8.510894328355789185e-02
8.504687249660491943e-02
8.498540520668029785e-02
8.492453396320343018e-02
8.486424386501312256e-02
8.480454981327056885e-02
8.474543690681457520e-02
8.468688279390335083e-02
8.462890237569808960e-02
8.457148820161819458e-02
8.451462537050247192e-02
8.445831388235092163e-02
8.440254628658294678e-02
8.434731513261795044e-02
8.429261296987533569e-02
8.423843979835510254e-02
8.418478816747665405e-02
8.413164317607879639e-02
8.407901227474212646e-02
8.402687311172485352e-02
8.397522568702697754e-02
8.392407000064849854e-02
8.387339860200881958e-02
8.382318913936614990e-02
8.377346396446228027e-02
8.372417837381362915e-02
8.367535471916198730e-02
8.362697064876556396e-02
8.357902616262435913e-02
8.353151381015777588e-02
8.348442614078521729e-02
8.343773335218429565e-02
8.339145779609680176e-02
8.334558457136154175e-02
8.330008387565612793e-02
8.325497061014175415e-02
8.321022987365722656e-02
8.316583931446075439e-02
8.312179893255233765e-02
8.307810127735137939e-02
8.303473144769668579e-02
8.299168199300765991e-02
8.294893056154251099e-02
8.290648460388183594e-02
8.286432176828384399e-02
8.282242715358734131e-02
8.278080075979232788e-02
8.273941278457641602e-02
8.269826322793960571e-02
8.265734463930130005e-02
8.261663466691970825e-02
8.257611840963363647e-02
8.253578096628189087e-02
8.249561488628387451e-02
8.245561271905899048e-02
8.241575211286544800e-02
8.237601071596145630e-02
8.233638852834701538e-02
8.229687064886093140e-02
8.225742727518081665e-02
8.221805840730667114e-02
8.217874914407730103e-02
8.213949203491210938e-02
8.210024982690811157e-02
8.206102997064590454e-02
8.202180266380310059e-02
8.198256790637969971e-02
8.194330334663391113e-02
8.190399408340454102e-02
8.186464011669158936e-02
8.182521164417266846e-02
8.178570121526718140e-02
8.174609392881393433e-02
8.170638233423233032e-02
8.166655153036117554e-02
8.162659406661987305e-02
8.158648759126663208e-02
8.154623955488204956e-02
8.150581270456314087e-02
8.146521449089050293e-02
8.142443001270294189e-02
8.138345927000045776e-02
8.134227246046066284e-02
8.130086958408355713e-02
8.125925064086914062e-02
8.121739327907562256e-02
8.117529749870300293e-02
8.113294839859008789e-02
8.109034597873687744e-02
8.104748278856277466e-02
8.100433647632598877e-02
8.096092939376831055e-02
8.091722428798675537e-02
8.087324351072311401e-02
8.082894980907440186e-02
8.078436553478240967e-02
8.073947578668594360e-02
8.069425821304321289e-02
8.064873516559600830e-02
8.060288429260253906e-02
8.055670559406280518e-02
8.051019161939620972e-02
8.046334236860275269e-02
8.041615784168243408e-02
8.036861568689346313e-02
8.032071590423583984e-02
8.027247339487075806e-02
8.022385835647583008e-02
8.017488569021224976e-02
8.012553304433822632e-02
8.007581532001495361e-02
8.002571016550064087e-02
7.997522503137588501e-02
7.992435246706008911e-02
7.987308502197265625e-02
7.982140779495239258e-02
7.976933568716049194e-02
7.971686124801635742e-02
7.966396212577819824e-02
7.961064577102661133e-02
7.955690473318099976e-02
7.950273901224136353e-02
7.944813370704650879e-02
7.939309626817703247e-02
7.933760434389114380e-02
7.928167283535003662e-02
7.922527939081192017e-02
7.916843891143798828e-02
7.911112904548645020e-02
7.905334234237670898e-02
7.899509370326995850e-02
7.893636822700500488e-02
7.887715846300125122e-02
7.881747186183929443e-02
7.875729352235794067e-02
7.869662344455718994e-02
7.863546907901763916e-02
7.857380807399749756e-02
7.851165533065795898e-02
7.844900339841842651e-02
7.838585227727890015e-02
7.832220196723937988e-02
7.825804501771926880e-02
7.819338887929916382e-02
7.812823355197906494e-02
7.806257903575897217e-02
7.799642533063888550e-02
7.792977243661880493e-02
7.786262780427932739e-02
7.779499888420104980e-02
7.772687077522277832e-02
7.765826582908630371e-02
7.758918404579162598e-02
7.751962542533874512e-02
7.744959741830825806e-02
7.737910747528076172e-02
7.730816304683685303e-02
7.723676413297653198e-02
7.716491818428039551e-02
7.709264755249023438e-02
7.701994478702545166e-02
7.694681733846664429e-02
7.687328010797500610e-02
7.679934054613113403e-02
7.672500610351562500e-02
7.665028423070907593e-02
7.657519727945327759e-02
7.649973034858703613e-02
7.642390578985214233e-02
7.634773850440979004e-02
7.627122849225997925e-02
7.619439065456390381e-02
7.611723244190216064e-02
7.603976130485534668e-02
7.596199214458465576e-02
7.588392496109008789e-02
7.580558210611343384e-02
7.572695612907409668e-02
7.564806938171386719e-02
7.556892186403274536e-02
7.548952847719192505e-02
7.540988922119140625e-02
7.533001154661178589e-02
7.524991780519485474e-02
7.516960054636001587e-02
7.508906722068786621e-02
7.500834017992019653e-02
7.492739707231521606e-02
7.484627515077590942e-02
7.476495951414108276e-02
7.468346506357192993e-02
7.460179924964904785e-02
7.451995462179183960e-02
7.443795353174209595e-02
7.435578852891921997e-02
7.427346706390380859e-02
7.419099658727645874e-02
7.410837709903717041e-02
7.402562350034713745e-02
7.394272089004516602e-02
7.385969907045364380e-02
7.377654314041137695e-02
7.369326800107955933e-02
7.360987365245819092e-02
7.352636754512786865e-02
7.344274967908859253e-02
7.335903495550155640e-02
7.327521592378616333e-02
7.319130748510360718e-02
7.310730963945388794e-02
7.302323728799819946e-02
7.293908298015594482e-02
7.285486906766891479e-02
7.277059555053710938e-02
7.268626242876052856e-02
7.260189205408096313e-02
7.251747697591781616e-02
7.243303954601287842e-02
7.234857976436614990e-02
7.226411253213882446e-02
7.217964529991149902e-02
7.209517806768417358e-02
7.201073318719863892e-02
7.192631065845489502e-02
7.184193283319473267e-02
7.175759971141815186e-02
7.167333364486694336e-02
7.158914208412170410e-02
7.150502502918243408e-02
7.142100483179092407e-02
7.133709639310836792e-02
7.125329971313476562e-02
7.116962969303131104e-02
7.108610868453979492e-02
7.100273668766021729e-02
7.091952860355377197e-02
7.083649933338165283e-02
7.075365632772445679e-02
7.067100703716278076e-02
7.058856636285781860e-02
7.050634920597076416e-02
7.042435556650161743e-02
7.034260779619216919e-02
7.026109844446182251e-02
7.017984986305236816e-02
7.009886205196380615e-02
7.001815736293792725e-02
6.993772834539413452e-02
6.985758244991302490e-02
6.977772712707519531e-02
6.969817727804183960e-02
6.961892545223236084e-02
6.953998655080795288e-02
6.946136802434921265e-02
6.938305497169494629e-02
6.930506229400634766e-02
6.922738999128341675e-02
6.915004551410675049e-02
6.907302886247634888e-02
6.899633258581161499e-02
6.891996413469314575e-02
6.884391605854034424e-02
6.876818835735321045e-02
6.869279593229293823e-02
6.861772388219833374e-02
6.854296475648880005e-02
6.846853345632553101e-02
6.839441508054733276e-02
6.832060962915420532e-02
6.824711710214614868e-02
6.817393004894256592e-02
6.810104846954345703e-02
6.802847236394882202e-02
6.795619428157806396e-02
6.788422167301177979e-02
6.781253963708877563e-02
6.774114817380905151e-02
6.767004728317260742e-02
6.759923696517944336e-02
6.752870976924896240e-02
6.745846569538116455e-02
6.738851219415664673e-02
6.731883436441421509e-02
6.724943965673446655e-02
6.718032807111740112e-02
6.711149215698242188e-02
6.704293936491012573e-02
6.697466969490051270e-02
6.690667569637298584e-02
6.683896481990814209e-02
6.677155196666717529e-02
6.670442223548889160e-02
6.663757562637329102e-02
6.657101958990097046e-02
6.650476157665252686e-02
6.643880158662796021e-02
6.637314707040786743e-02
6.630779057741165161e-02
6.624273955821990967e-02
6.617800146341323853e-02
6.611357629299163818e-02
6.604947894811630249e-02
6.598568707704544067e-02
6.592223048210144043e-02
6.585909426212310791e-02
6.579629331827163696e-02
6.573382019996643066e-02
6.567168980836868286e-02
6.560988724231719971e-02
6.554842740297317505e-02
6.548731029033660889e-02
6.542653590440750122e-02
6.536610424518585205e-02
6.530600041151046753e-02
6.524624675512313843e-02
6.518682837486267090e-02
6.512775272130966187e-02
6.506900489330291748e-02
6.501058489084243774e-02
6.495250016450881958e-02
6.489473581314086914e-02
6.483729183673858643e-02
6.478015333414077759e-02
6.472332030534744263e-02
6.466678529977798462e-02
6.461054086685180664e-02
6.455457955598831177e-02
6.449889391660690308e-02
6.444346904754638672e-02
6.438829749822616577e-02
6.433337181806564331e-02
6.427868455648422241e-02
6.422421336174011230e-02
6.416995823383331299e-02
6.411590427160263062e-02
6.406203657388687134e-02
6.400834769010543823e-02
6.395482271909713745e-02
6.390145421028137207e-02
6.384822726249694824e-02
6.379512697458267212e-02
6.374215334653854370e-02
6.368929147720336914e-02
6.363651901483535767e-02
6.358383595943450928e-02
6.353122740983963013e-02
6.347868591547012329e-02
6.342619657516479492e-02
6.337376683950424194e-02
6.332136690616607666e-02
6.326900422573089600e-02
6.321667134761810303e-02
6.316434592008590698e-02
6.311204284429550171e-02
6.305973976850509644e-02
6.300744414329528809e-02
6.295514851808547974e-02
6.290284544229507446e-02
6.285052746534347534e-02
6.279820203781127930e-02
6.274586915969848633e-02
6.269351392984390259e-02
6.264115124940872192e-02
6.258876621723175049e-02
6.253636628389358521e-02
6.248395889997482300e-02
6.243153288960456848e-02
6.237909197807312012e-02
6.232664361596107483e-02
6.227418407797813416e-02
6.222171336412429810e-02
6.216924637556076050e-02
6.211676076054573059e-02
6.206427887082099915e-02
6.201179698109626770e-02
6.195931509137153625e-02
6.190683320164680481e-02
6.185434758663177490e-02
6.180187314748764038e-02
6.174939498305320740e-02
6.169692054390907288e-02
6.164444983005523682e-02
6.159197911620140076e-02
6.153950467705726624e-02
6.148702651262283325e-02
6.143454462289810181e-02
6.138205528259277344e-02
6.132954731583595276e-02
6.127702817320823669e-02
6.122447550296783447e-02
6.117190420627593994e-02
6.111929193139076233e-02
6.106663122773170471e-02
6.101392954587936401e-02
6.096116453409194946e-02
6.090833619236946106e-02
6.085542961955070496e-02
6.080243736505508423e-02
6.074935197830200195e-02
6.069615855813026428e-02
6.064285710453987122e-02
6.058942154049873352e-02
6.053585186600685120e-02
6.048213690519332886e-02
6.042826175689697266e-02
6.037422269582748413e-02
6.032000482082366943e-02
6.026559695601463318e-02
6.021098420023918152e-02
6.015617400407791138e-02
6.010114401578903198e-02
6.004588305950164795e-02
5.999038740992546082e-02
5.993465706706047058e-02
5.987866595387458801e-02
5.982242524623870850e-02
5.976592749357223511e-02
5.970915779471397400e-02
5.965212732553482056e-02
5.959481745958328247e-02
5.953722819685935974e-02
5.947937071323394775e-02
5.942123010754585266e-02
5.936281010508537292e-02
5.930411443114280701e-02
5.924514308571815491e-02
5.918590724468231201e-02
5.912639200687408447e-02
5.906662344932556152e-02
5.900658667087554932e-02
5.894630029797554016e-02
5.888576060533523560e-02
5.882498621940612793e-02
5.876397714018821716e-02
5.870273709297180176e-02
5.864128470420837402e-02
5.857962369918823242e-02
5.851775780320167542e-02
5.845570936799049377e-02
5.839347466826438904e-02
5.833106487989425659e-02
5.826849490404129028e-02
5.820577219128608704e-02
5.814289674162864685e-02
5.807988718152046204e-02
5.801675096154212952e-02
5.795349925756454468e-02
5.789012461900711060e-02
5.782665312290191650e-02
5.776307359337806702e-02
5.769940465688705444e-02
5.763565003871917725e-02
5.757180601358413696e-02
5.750788748264312744e-02
5.744388699531555176e-02
5.737981572747230530e-02
5.731566995382308960e-02
5.725145339965820312e-02
5.718716233968734741e-02
5.712280794978141785e-02
5.705837160348892212e-02
5.699386075139045715e-02
5.692928284406661987e-02
5.686461180448532104e-02
5.679986253380775452e-02
5.673502385616302490e-02
5.667009204626083374e-02
5.660505592823028564e-02
5.653992295265197754e-02
5.647467449307441711e-02
5.640931427478790283e-02
5.634383484721183777e-02
5.627822875976562500e-02
5.621248483657836914e-02
5.614659935235977173e-02
5.608057230710983276e-02
5.601439997553825378e-02
5.594806373119354248e-02
5.588156729936599731e-02
5.581491068005561829e-02
5.574809014797210693e-02
5.568109080195426941e-02
5.561392381787300110e-02
5.554658174514770508e-02
5.547906085848808289e-02
5.541136488318443298e-02
5.534349381923675537e-02
5.527545511722564697e-02
5.520724505186080933e-02
5.513886362314224243e-02
5.507032200694084167e-02
5.500162392854690552e-02
5.493277683854103088e-02
5.486378446221351624e-02
5.479466170072555542e-02
5.472540855407714844e-02
5.465603992342948914e-02
5.458656698465347290e-02
5.451699718832969666e-02
5.444734171032905579e-02
5.437761917710304260e-02
5.430784076452255249e-02
5.423801764845848083e-02
5.416816100478172302e-02
5.409828573465347290e-02
5.402840673923492432e-02
5.395853891968727112e-02
5.388870090246200562e-02
5.381889641284942627e-02
5.374915152788162231e-02
5.367946624755859375e-02
5.360986292362213135e-02
5.354035273194313049e-02
5.347094312310218811e-02
5.340165644884109497e-02
5.333249270915985107e-02
5.326346680521965027e-02
5.319459363818168640e-02
5.312587320804595947e-02
5.305731669068336487e-02
5.298893153667449951e-02
5.292072147130966187e-02
5.285269021987915039e-02
5.278484895825386047e-02
5.271719768643379211e-02
5.264973267912864685e-02
5.258246138691902161e-02
5.251538008451461792e-02
5.244848877191543579e-02
5.238178744912147522e-02
5.231527239084243774e-02
5.224893987178802490e-02
5.218278616666793823e-02
5.211680009961128235e-02
5.205098539590835571e-02
5.198533087968826294e-02
5.191982910037040710e-02
5.185447260737419128e-02
5.178925767540931702e-02
5.172417312860488892e-02
5.165921151638031006e-02
5.159436538815498352e-02
5.152962729334831238e-02
5.146498978137969971e-02
5.140044540166854858e-02
5.133598297834396362e-02
5.127159878611564636e-02
5.120728909969329834e-02
5.114304646849632263e-02
5.107886344194412231e-02
5.101473629474639893e-02
5.095066130161285400e-02
5.088663846254348755e-02
5.082266405224800110e-02
5.075873434543609619e-02
5.069485306739807129e-02
5.063101649284362793e-02
5.056723207235336304e-02
5.050349980592727661e-02
5.043982714414596558e-02
5.037620663642883301e-02
5.031266063451766968e-02
5.024918168783187866e-02
5.018578469753265381e-02
5.012247711420059204e-02
5.005926638841629028e-02
4.999616369605064392e-02
4.993317648768424988e-02
4.987032338976860046e-02
4.980760440230369568e-02
4.974503815174102783e-02
4.968263581395149231e-02
4.962040856480598450e-02
4.955837130546569824e-02
4.949653148651123047e-02
4.943490773439407349e-02
4.937351122498512268e-02
4.931234568357467651e-02
4.925143346190452576e-02
4.919077828526496887e-02
4.913039132952690125e-02
4.907028749585151672e-02
4.901046678423881531e-02
4.895094782114028931e-02
4.889172688126564026e-02
4.883281886577606201e-02
4.877422749996185303e-02
4.871594905853271484e-02
4.865799844264984131e-02
4.860036820173263550e-02
4.854306578636169434e-02
4.848608747124671936e-02
4.842942953109741211e-02
4.837309196591377258e-02
4.831706732511520386e-02
4.826135933399200439e-02
4.820594936609268188e-02
4.815084487199783325e-02
4.809602349996566772e-02
4.804147779941558838e-02
4.798720777034759521e-02
4.793319478631019592e-02
4.787943139672279358e-02
4.782589897513389587e-02
4.777259007096290588e-02
4.771948978304862976e-02
4.766658321022987366e-02
4.761385917663574219e-02
4.756130278110504150e-02
4.750890284776687622e-02
4.745664075016975403e-02
4.740450158715248108e-02
4.735247790813446045e-02
4.730055853724479675e-02
4.724872112274169922e-02
4.719696566462516785e-02
4.714526981115341187e-02
4.709363356232643127e-02
4.704204201698303223e-02
4.699048772454261780e-02
4.693895950913429260e-02
4.688746109604835510e-02
4.683597385883331299e-02
4.678450524806976318e-02
4.673304408788681030e-02
4.668159410357475281e-02
4.663015529513359070e-02
4.657872021198272705e-02
4.652730002999305725e-02
4.647588729858398438e-02
4.642449319362640381e-02
4.637312144041061401e-02
4.632177203893661499e-02
4.627045989036560059e-02
4.621918871998786926e-02
4.616796597838401794e-02
4.611679911613464355e-02
4.606570303440093994e-02
4.601468145847320557e-02
4.596374928951263428e-02
4.591291397809982300e-02
4.586218670010566711e-02
4.581157863140106201e-02
4.576110094785690308e-02
4.571076110005378723e-02
4.566057398915290833e-02
4.561054706573486328e-02
4.556068778038024902e-02
4.551101103425025940e-02
4.546151310205459595e-02
4.541220888495445251e-02
4.536310583353042603e-02
4.531420394778251648e-02
4.526551067829132080e-02
4.521702602505683899e-02
4.516875743865966797e-02
4.512069746851921082e-02
4.507285356521606445e-02
4.502521827816963196e-02
4.497779160737991333e-02
4.493056610226631165e-02
4.488353803753852844e-02
4.483669996261596680e-02
4.479004815220832825e-02
4.474356770515441895e-02
4.469725117087364197e-02
4.465108364820480347e-02
4.460505396127700806e-02
4.455915465950965881e-02
4.451336339116096497e-02
4.446767270565032959e-02
4.442206770181655884e-02
4.437652602791786194e-02
4.433103650808334351e-02
4.428558051586151123e-02
4.424014315009117126e-02
4.419470950961112976e-02
4.414926096796989441e-02
4.410378262400627136e-02
4.405825585126876831e-02
4.401267319917678833e-02
4.396700859069824219e-02
4.392125830054283142e-02
4.387540370225906372e-02
4.382943734526634216e-02
4.378334060311317444e-02
4.373711347579956055e-02
4.369074106216430664e-02
4.364421218633651733e-02
4.359752684831619263e-02
4.355067759752273560e-02
4.350365698337554932e-02
4.345646873116493225e-02
4.340910911560058594e-02
4.336158186197280884e-02
4.331388324499130249e-02
4.326601326465606689e-02
4.321798682212829590e-02
4.316980019211769104e-02
4.312146455049514771e-02
4.307299107313156128e-02
4.302437603473663330e-02
4.297564551234245300e-02
4.292679950594902039e-02
4.287785291671752930e-02
4.282881692051887512e-02
4.277970641851425171e-02
4.273052886128425598e-02
4.268130287528038025e-02
4.263203963637351990e-02
4.258275404572486877e-02
4.253346100449562073e-02
4.248416796326637268e-02
4.243489354848861694e-02
4.238564521074295044e-02
4.233644157648086548e-02
4.228729009628295898e-02
4.223819822072982788e-02
4.218918085098266602e-02
4.214024171233177185e-02
4.209139198064804077e-02
4.204263538122177124e-02
4.199397563934326172e-02
4.194542393088340759e-02
4.189697280526161194e-02
4.184863343834877014e-02
4.180039837956428528e-02
4.175226762890815735e-02
4.170423746109008789e-02
4.165630415081977844e-02
4.160846397280693054e-02
4.156071320176124573e-02
4.151303693652153015e-02
4.146542400121688843e-02
4.141787439584732056e-02
4.137036949396133423e-02
4.132290184497833252e-02
4.127545282244682312e-02
4.122801125049591064e-02
4.118056222796440125e-02
4.113309830427169800e-02
4.108559340238571167e-02
4.103804007172584534e-02
4.099041596055030823e-02
4.094271361827850342e-02
4.089491814374923706e-02
4.084700718522071838e-02
4.079897701740264893e-02
4.075080528855323792e-02
4.070248082280158997e-02
4.065399616956710815e-02
4.060533642768859863e-02
4.055649414658546448e-02
4.050745815038681030e-02
4.045822098851203918e-02
4.040877893567085266e-02
4.035912826657295227e-02
4.030925780534744263e-02
4.025917500257492065e-02
4.020887240767478943e-02
4.015835374593734741e-02
4.010762274265289307e-02
4.005667939782142639e-02
4.000553116202354431e-02
3.995418548583984375e-02
3.990264981985092163e-02
3.985093533992767334e-02
3.979905322194099426e-02
3.974701464176177979e-02
3.969482704997062683e-02
3.964251279830932617e-02
3.959008306264877319e-02
3.953755646944046021e-02
3.948494046926498413e-02
3.943226113915443420e-02
3.937953338027000427e-02
3.932677581906318665e-02
3.927399963140487671e-02
3.922122716903686523e-02
3.916847705841064453e-02
3.911576047539710999e-02
3.906310349702835083e-02
3.901051357388496399e-02
3.895800560712814331e-02
3.890559822320938110e-02
3.885330632328987122e-02
3.880113363265991211e-02
3.874909877777099609e-02
3.869720920920372009e-02
3.864547237753868103e-02
3.859389945864677429e-02
3.854248672723770142e-02
3.849125280976295471e-02
3.844018653035163879e-02
3.838929533958435059e-02
3.833858296275138855e-02
3.828803822398185730e-02
3.823766484856605530e-02
3.818745166063308716e-02
3.813740238547325134e-02
3.808750212192535400e-02
3.803773969411849976e-02
3.798811510205268860e-02
3.793860971927642822e-02
3.788920864462852478e-02
3.783990442752838135e-02
3.779068589210510254e-02
3.774153813719749451e-02
3.769243881106376648e-02
3.764338046312332153e-02
3.759434446692466736e-02
3.754531964659690857e-02
3.749628737568855286e-02
3.744722902774810791e-02
3.739814460277557373e-02
3.734900429844856262e-02
3.729980066418647766e-02
3.725052624940872192e-02
3.720116242766380310e-02
3.715169802308082581e-02
3.710213303565979004e-02
3.705244883894920349e-02
3.700264915823936462e-02
3.695271909236907959e-02
3.690265864133834839e-02
3.685246780514717102e-02
3.680214285850524902e-02
3.675168380141258240e-02
3.670109435915946960e-02
3.665037825703620911e-02
3.659953922033309937e-02
3.654859215021133423e-02
3.649752959609031677e-02
3.644637763500213623e-02
3.639513999223709106e-02
3.634382784366607666e-02
3.629245609045028687e-02
3.624103963375091553e-02
3.618959710001945496e-02
3.613813966512680054e-02
3.608668595552444458e-02
3.603525832295417786e-02
3.598386794328689575e-02
3.593253716826438904e-02
3.588128462433815002e-02
3.583012521266937256e-02
3.577908128499984741e-02
3.572817146778106689e-02
3.567740693688392639e-02
3.562681376934051514e-02
3.557639569044113159e-02
3.552617877721786499e-02
3.547617048025131226e-02
3.542639315128326416e-02
3.537684679031372070e-02
3.532755002379417419e-02
3.527850285172462463e-02
3.522972390055656433e-02
3.518121317028999329e-02
3.513297438621520996e-02
3.508501499891281128e-02
3.503732755780220032e-02
3.498991951346397400e-02
3.494278714060783386e-02
3.489591926336288452e-02
3.484931960701942444e-02
3.480297699570655823e-02
3.475688397884368896e-02
3.471102938055992126e-02
3.466540202498435974e-02
3.461998701095581055e-02
3.457477688789367676e-02
3.452974930405616760e-02
3.448489680886268616e-02
3.444019705057144165e-02
3.439563512802124023e-02
3.435119614005088806e-02
3.430685773491859436e-02
3.426260501146316528e-02
3.421841934323310852e-02
3.417428582906723022e-02
3.413018211722373962e-02
3.408610075712203979e-02
3.404201567173004150e-02
3.399791568517684937e-02
3.395378589630126953e-02
3.390961512923240662e-02
3.386538848280906677e-02
3.382109478116035461e-02
3.377672657370567322e-02
3.373227640986442566e-02
3.368773683905601501e-02
3.364309668540954590e-02
3.359836339950561523e-02
3.355352953076362610e-02
3.350859507918357849e-02
3.346356004476547241e-02
3.341843187808990479e-02
3.337321057915687561e-02
3.332790732383728027e-02
3.328252583742141724e-02
3.323707729578018188e-02
3.319157287478446960e-02
3.314602375030517578e-02
3.310044482350349426e-02
3.305484727025032043e-02
3.300924971699714661e-02
3.296366706490516663e-02
3.291811421513557434e-02
3.287261351943016052e-02
3.282717242836952209e-02
3.278181701898574829e-02
3.273656964302062988e-02
3.269143402576446533e-02
3.264643624424934387e-02
3.260159119963645935e-02
3.255691751837730408e-02
3.251243010163307190e-02
3.246813639998435974e-02
3.242406249046325684e-02
3.238021209836006165e-02
3.233659639954566956e-02
3.229323402047157288e-02
3.225012123584747314e-02
3.220727667212486267e-02
3.216469660401344299e-02
3.212238848209381104e-02
3.208035230636596680e-02
3.203859180212020874e-02
3.199709951877593994e-02
3.195588290691375732e-02
3.191492334008216858e-02
3.187422081828117371e-02
3.183377161622047424e-02
3.179355710744857788e-02
3.175356611609458923e-02
3.171379491686820984e-02
3.167421743273735046e-02
3.163482621312141418e-02
3.159560635685920715e-02
3.155653551220893860e-02
3.151759505271911621e-02
3.147876635193824768e-02
3.144003078341484070e-02
3.140137344598770142e-02
3.136276453733444214e-02
3.132419288158416748e-02
0.000000000000000000e+00
0.000000000000000000e+00
0.000000000000000000e+00
0.000000000000000000e+00
0.000000000000000000e+00
0.000000000000000000e+00
0.000000000000000000e+00
0.000000000000000000e+00
0.000000000000000000e+00
0.000000000000000000e+00
0.000000000000000000e+00
0.000000000000000000e+00
0.000000000000000000e+00
0.000000000000000000e+00
0.000000000000000000e+00
0.000000000000000000e+00
0.000000000000000000e+00
0.000000000000000000e+00
0.000000000000000000e+00
0.000000000000000000e+00
0.000000000000000000e+00
0.000000000000000000e+00
0.000000000000000000e+00
0.000000000000000000e+00
0.000000000000000000e+00
0.000000000000000000e+00
0.000000000000000000e+00
0.000000000000000000e+00
0.000000000000000000e+00
0.000000000000000000e+00
0.000000000000000000e+00
0.000000000000000000e+00
0.000000000000000000e+00
0.000000000000000000e+00
0.000000000000000000e+00
0.000000000000000000e+00
0.000000000000000000e+00
0.000000000000000000e+00
0.000000000000000000e+00
0.000000000000000000e+00
0.000000000000000000e+00
0.000000000000000000e+00
0.000000000000000000e+00
0.000000000000000000e+00
0.000000000000000000e+00
0.000000000000000000e+00
0.000000000000000000e+00
0.000000000000000000e+00
0.000000000000000000e+00
0.000000000000000000e+00
0.000000000000000000e+00
0.000000000000000000e+00
0.000000000000000000e+00
0.000000000000000000e+00
0.000000000000000000e+00
0.000000000000000000e+00
0.000000000000000000e+00
0.000000000000000000e+00
0.000000000000000000e+00
0.000000000000000000e+00
0.000000000000000000e+00
0.000000000000000000e+00
0.000000000000000000e+00
0.000000000000000000e+00
0.000000000000000000e+00
0.000000000000000000e+00
0.000000000000000000e+00
0.000000000000000000e+00
0.000000000000000000e+00
0.000000000000000000e+00
0.000000000000000000e+00
0.000000000000000000e+00
0.000000000000000000e+00
0.000000000000000000e+00
0.000000000000000000e+00
0.000000000000000000e+00
0.000000000000000000e+00
0.000000000000000000e+00
0.000000000000000000e+00
0.000000000000000000e+00
0.000000000000000000e+00
0.000000000000000000e+00
0.000000000000000000e+00
0.000000000000000000e+00
0.000000000000000000e+00
0.000000000000000000e+00
0.000000000000000000e+00
0.000000000000000000e+00
0.000000000000000000e+00
0.000000000000000000e+00
0.000000000000000000e+00
0.000000000000000000e+00
0.000000000000000000e+00
0.000000000000000000e+00
0.000000000000000000e+00
0.000000000000000000e+00
0.000000000000000000e+00
0.000000000000000000e+00
0.000000000000000000e+00
0.000000000000000000e+00
