# pp
9.133222272875314554e-09
5.593806266945590373e-09
3.887242890396070787e-09
2.902092507338468281e-09
2.268635838681873025e-09
1.832041805611809964e-09
1.515757185662759149e-09
1.277992515811871965e-09
1.093797223314027273e-09
9.479729411960930859e-10
8.300356772896707045e-10
7.331084290268706068e-10
6.524259017393959360e-10
5.844541508440570228e-10
5.265898749364658079e-10
4.768988631584189413e-10
4.338972076546039752e-10
3.963907419109428814e-10
3.634482276238715217e-10
3.343639033088087600e-10
3.085689781838942622e-10
2.855742745943632372e-10
2.649779301510987880e-10
2.464579015457646607e-10
2.297475023197914375e-10
2.146195341950020718e-10
2.008795069749116008e-10
1.883537982972218231e-10
1.768969573995306389e-10
1.663974657072899001e-10
1.567593600109016999e-10
1.478907318532918171e-10
1.397105000739535456e-10
1.321497898431006905e-10
1.251486767315206260e-10
1.186541035439211893e-10
1.126190626231365806e-10
1.070012451833218808e-10
1.017630672215920047e-10
9.687126886323916587e-11
9.229645283414455659e-11
8.801242967698278691e-11
8.399575985178368640e-11
8.022540734287377807e-11
7.668236446811802146e-11
7.334918727764968653e-11
7.021005660035299557e-11
6.725066464374542363e-11
6.445804191958052847e-11
6.182035515234159904e-11
5.932663676601790896e-11
5.696685165156109812e-11
5.473184745145834509e-11
5.261326166510125530e-11
5.060340980902432949e-11
4.869513131723756617e-11
4.688183025762129210e-11
4.515744872333692962e-11
4.351641444099956257e-11
4.195361736225851012e-11
4.046443162126612287e-11
3.904459995391824089e-11
3.769017809901096721e-11
3.639750711783257655e-11
3.516316201550097141e-11
3.398385612817848425e-11
3.285651079331104171e-11
3.177826348545200131e-11
3.074644969117749792e-11
2.975856803711891871e-11
2.881221408435593093e-11
2.790512906411730867e-11
2.703520612223471467e-11
2.620047820565171681e-11
2.539912069210635811e-11
2.462947944606229542e-11
2.389001623222083747e-11
2.317928680640149548e-11
2.249593403552501799e-11
2.183867700632803618e-11
2.120629236782061175e-11
2.059762428624803234e-11
2.001158418833588159e-11
1.944714608654945371e-11
1.890333820534988944e-11
1.837922754831040972e-11
1.787392970340732717e-11
1.738660957063034018e-11
1.691647809153232407e-11
1.646278688202209231e-11
1.602481880749705746e-11
1.560189311313286269e-11
1.519336539376605235e-11
1.479862529250932827e-11
1.441709436745103908e-11
1.404822411256055346e-11
1.369149412019696347e-11
1.334641037376501217e-11
1.301250366009401375e-11
1.268932809204532568e-11
1.237645973269222494e-11
1.207349531317321952e-11
1.178005103700384619e-11
1.149576146425114410e-11
1.122027846953538583e-11
1.095327026833190159e-11
1.069442050650679805e-11
1.044342740843909954e-11
1.020000297946251688e-11
9.963870956115674814e-12
9.734762384074627087e-12
9.512419177987108631e-12
9.296594820305434207e-12
9.087053749158695806e-12
8.883570783531261265e-12
8.685930583178065172e-12
8.493927140904202338e-12
8.307363305016885698e-12
8.126050329923021032e-12
7.949807452997373941e-12
7.778461495985422699e-12
7.611846489332665616e-12
7.449803317949709745e-12
7.292179387030325983e-12
7.138828306639058643e-12
6.989609593876530471e-12
6.844388391514850712e-12
6.703035202073289570e-12
6.565425636376170257e-12
6.431439731883979367e-12
6.300960449942819221e-12
6.173874884172405291e-12
6.050074507534127082e-12
5.929454972773551684e-12
5.811915923314568418e-12
5.697360813987059033e-12
5.585696741010564671e-12
5.476834280694277251e-12
5.370687336348696749e-12
5.267172992936778034e-12
5.166211379022746171e-12
5.067725535604705563e-12
4.971641291443417512e-12
4.877887144523882086e-12
4.786394149308996154e-12
4.697095809465646104e-12
4.609927975763259473e-12
4.524828748863121736e-12
4.441738386733874336e-12
4.360599189669541018e-12
4.281355338719607918e-12
4.203952900620277753e-12
4.128339778469563064e-12
4.054465638444507474e-12
3.982281839877026801e-12
3.911741368514583745e-12
3.842798772801864299e-12
3.775410103029061513e-12
3.709532853201122203e-12
3.645125905490587309e-12
3.582149477144349556e-12
3.520565069721930751e-12
3.460335420549654769e-12
3.401424456281512237e-12
3.343797248463467964e-12
3.287419971003620786e-12
3.232259859455941139e-12
3.178285172030236841e-12
3.125465152245726738e-12
3.073769993149991875e-12
3.023170803029228692e-12
2.973639572539605387e-12
2.925149143193254963e-12
2.877673177135850226e-12
2.831186063882106040e-12
2.785662705488522705e-12
2.741078692517807568e-12
2.697410343461330840e-12
2.654634679451147573e-12
2.612729399978247303e-12
2.571672859571895463e-12
2.531444045397137609e-12
2.492022555729704384e-12
2.453388579269570578e-12
2.415522875256300615e-12
2.378406754351150465e-12
2.342022060252573833e-12
2.306351152013402867e-12
2.271376887029521823e-12
2.237082604671255206e-12
2.203452110530105595e-12
2.170469661254759102e-12
2.138119949951492958e-12
2.106388092125309623e-12
2.075259612139220776e-12
2.044720430170139381e-12
2.014756849640860624e-12
1.985355545108527820e-12
1.956503550590915154e-12
1.928188275650954690e-12
1.900397574395459082e-12
1.873119649314677429e-12
1.846343013532609493e-12
1.820056481296406943e-12
1.794249158799107985e-12
1.768910435322529869e-12
1.744029974687724553e-12
1.719597707000951509e-12
1.695603820683644691e-12
1.672038754775362646e-12
1.648893191499167722e-12
1.626158049079354536e-12
1.603824474801861854e-12
1.581883838308127301e-12
1.560327725113526274e-12
1.539147930341918839e-12
1.518336452668177635e-12
1.497885488460916504e-12
1.477787426117955434e-12
1.458034840587378898e-12
1.438620488067326409e-12
1.419537300877949715e-12
1.400778382499221741e-12
1.382337002768565866e-12
1.364206593232490235e-12
1.346380742646671107e-12
1.328853192619132994e-12
1.311617833391406401e-12
1.294668699752730787e-12
1.277999967082580377e-12
1.261605947516966569e-12
1.245481086234160098e-12
1.229619957855636470e-12
1.214017262958218625e-12
1.198667824693549311e-12
1.183566585511165814e-12
1.168708603981607196e-12
1.154089051716107592e-12
1.139703210379573105e-12
1.125546468793654746e-12
1.111614320126861734e-12
1.097902359168765502e-12
1.084406279685461476e-12
1.071121871853561920e-12
1.058045019770088858e-12
1.045171699035746160e-12
1.032497974409128829e-12
1.020019997529527488e-12
1.007734004706070697e-12
9.956363329130757920e-13
9.837234709797030609e-13
9.719920011695648496e-13
9.604385788798186487e-13
9.490599308285532528e-13
9.378528532935402899e-13
9.268142650007820696e-13
9.159409324606708798e-13
9.052299622494408629e-13
8.946785139497706720e-13
8.842836003329042523e-13
8.740423036197030760e-13
8.639519633897963181e-13
8.540099673813319287e-13
8.442135692464756159e-13
8.345600855868146279e-13
8.250470674974202778e-13
8.156721098857388957e-13
8.064326850433085828e-13
7.973263223982597875e-13
7.883507653143965133e-13
7.795037970654979495e-13
7.707830886625758336e-13
7.621863630468057922e-13
7.537115385843780507e-13
7.453565700421768870e-13
7.371193092821973415e-13
7.289976554261069899e-13
7.209896863291016716e-13
7.130935130866598275e-13
7.053071523591018619e-13
6.976286638704091266e-13
6.900562710057658145e-13
6.825882275403504289e-13
6.752227004902118164e-13
6.679578961598292662e-13
6.607921708859339177e-13
6.537239088210918115e-13
6.467514143244685687e-13
6.398730276422053221e-13
6.330872267123570621e-13
6.263925149609009511e-13
6.197873223496164814e-13
6.132701116583518404e-13
6.068394721706643254e-13
6.004940165500640839e-13
5.942322897538782376e-13
5.880528667849259711e-13
5.819544389931175473e-13
5.759357191970810439e-13
5.699953660979150144e-13
5.641320988674567998e-13
5.583447509359316768e-13
5.526321741866487955e-13
5.469931615754586367e-13
5.414265301052889267e-13
5.359311943048758264e-13
5.305060857006588042e-13
5.251500813765835596e-13
5.198620805182297618e-13
5.146410722950679312e-13
5.094860615489410450e-13
5.043960027765924413e-13
4.993698708089653799e-13
4.944067235807301676e-13
4.895056334906398263e-13
4.846656263395810282e-13
4.798857466550517021e-13
4.751651157849543258e-13
4.705028684384598752e-13
4.658980961573924206e-13
4.613499077463146917e-13
4.568574830858222495e-13
4.524200144101370542e-13
4.480366539298738111e-13
4.437065697838998058e-13
4.394289959299860886e-13
4.352031777578712235e-13
4.310283235174721423e-13
4.269036561691035827e-13
4.228284596758563485e-13
4.188020285889034783e-13
4.148236229674992122e-13
4.108925164687019269e-13
4.070080393358119838e-13
4.031695316267617048e-13
3.993763013412027271e-13
3.956276690591109615e-13
3.919230078926425424e-13
3.882617000589939977e-13
3.846430979558974499e-13
3.810665656299736330e-13
3.775315159351122778e-13
3.740373701786142608e-13
3.705835219098136163e-13
3.671693754734252744e-13
3.637943805957266034e-13
3.604579948574460688e-13
3.571596499812961607e-13
3.538987877025198485e-13
3.506748957893735186e-13
3.474874843601546510e-13
3.443360427620301612e-13
3.412200691324261589e-13
3.381391004385434500e-13
3.350926799611157067e-13
3.320803280213348138e-13
3.291015731113467646e-13
3.261559799141002291e-13
3.232431189978806719e-13
3.203625395050678928e-13
3.175137981790854735e-13
3.146964855182624624e-13
3.119101975110055044e-13
3.091545101375691718e-13
3.064290064543373097e-13
3.037333010223289434e-13
3.010670135274783191e-13
2.984297449592006551e-13
2.958211028991532136e-13
2.932407243531892755e-13
2.906882511144438147e-13
2.881633074939021248e-13
2.856655239483522103e-13
2.831945584338527252e-13
2.807500733813135976e-13
2.783317148646486211e-13
2.759391346913462372e-13
2.735720103857662544e-13
2.712300236577851137e-13
2.689128409035369520e-13
2.666201338717855586e-13
2.643515983765011786e-13
2.621069341490182131e-13
2.598858265749407079e-13
2.576879660401904671e-13
2.555130654642449315e-13
2.533608414352402459e-13
2.512309970944143030e-13
2.491232402572415837e-13
2.470372998513652081e-13
2.449729082422481745e-13
2.429297851836360276e-13
2.409076548014783996e-13
2.389062610138937962e-13
2.369253509624100749e-13
2.349646599534092788e-13
2.330239273855149680e-13
2.311029112228135552e-13
2.292013724535117200e-13
2.273190627361101319e-13
2.254557446221960675e-13
2.236111996775465083e-13
2.217852120993242379e-13
2.199775554413468050e-13
2.181880066491462630e-13
2.164163588352597222e-13
2.146624075860354448e-13
2.129259384858986289e-13
2.112067403013879030e-13
2.095046290621657071e-13
2.078193748425320388e-13
2.061507990305261138e-13
2.044987245415822581e-13
2.028629304124119586e-13
2.012432446922611694e-13
1.996394748781290634e-13
1.980514312728037271e-13
1.964789483008757139e-13
1.949218197131374006e-13
1.933798846716395580e-13
1.918529837046117569e-13
1.903409184741705562e-13
1.888435340506259006e-13
1.873606572971986108e-13
1.858921175565732965e-13
1.844377655578958233e-13
1.829974159575910028e-13
1.815709236822818786e-13
1.801581448826663044e-13
1.787589012138888957e-13
1.773730528537133862e-13
1.760004438179774553e-13
1.746409203182935481e-13
1.732943475654097484e-13
1.719605587147070152e-13
1.706394227036446752e-13
1.693308095682381397e-13
1.680345586682403284e-13
1.667505436173875161e-13
1.654786236550070570e-13
1.642186599689715333e-13
1.629705306580418463e-13
1.617340852810186581e-13
1.605092052519709833e-13
1.592957729724326664e-13
1.580936435124956343e-13
1.569027024584391552e-13
1.557228225878433453e-13
1.545538784108685507e-13
1.533957596607524389e-13
1.522483311796334341e-13
1.511114863508109095e-13
1.499851194317234812e-13
1.488691002692918809e-13
1.477633259323409152e-13
1.466676820412154412e-13
1.455820557458937712e-13
1.445063476548873726e-13
1.434404356150606573e-13
1.423842228469374811e-13
1.413376133595121377e-13
1.403004893346071791e-13
1.392727572935910557e-13
1.382543135198691980e-13
1.372450556622781475e-13
1.362448934143248727e-13
1.352537160947993125e-13
1.342714357342075794e-13
1.332979650752537247e-13
1.323331973098031726e-13
1.313770474296671394e-13
1.304294212554789808e-13
1.294902258288979718e-13
1.285593789892265344e-13
1.276367803068460142e-13
1.267223497155819766e-13
1.258160077934337552e-13
1.249176575772448384e-13
1.240272216618526252e-13
1.231446144128458570e-13
1.222697512895838647e-13
1.214025574470766116e-13
1.205429416327238283e-13
1.196908308818439350e-13
1.188461528131607035e-13
1.180088192818563521e-13
1.171787597181671431e-13
1.163558961563302218e-13
1.155401516119891620e-13
1.147314578207873211e-13
1.139297317590277301e-13
1.131349068530501322e-13
1.123469170582255224e-13
1.115656821416265264e-13
1.107911376882830876e-13
1.100232126256907038e-13
1.092618367633459160e-13
1.085069477653707072e-13
1.077584699988146110e-13
1.070163430800550341e-13
1.062805088109068406e-13
1.055508965956344296e-13
1.048274500564341987e-13
1.041101067739721502e-13
1.033988050837611252e-13
1.026934903685425922e-13
1.019940959756375239e-13
1.013005685857158998e-13
1.006128552792487553e-13
9.993089155420874524e-14
9.925462574398378242e-14
9.858400072799828637e-14
9.791896583523386415e-14
9.725944799120718469e-14
9.660542064405923420e-14
9.595681203705781563e-14
9.531357384626720335e-14
9.467566894245927130e-14
9.404301721303293705e-14
9.341558278141300564e-14
9.279332958565040077e-14
9.217618015970670591e-14
9.156409965061766731e-14
9.095704297471707781e-14
9.035494551904330173e-14
8.975778323097555971e-14
8.916549264743159115e-14
8.857803073781379274e-14
8.799535478979267697e-14
8.741740372567308552e-14
8.684415460769280949e-14
8.627554743635004113e-14
8.571154142570592417e-14
8.515210498685709930e-14
8.459717124197001779e-14
8.404670962849400124e-14
8.350068944844617564e-14
8.295904597690609273e-14
8.242174950736703429e-14
8.188876193200455778e-14
8.136002907390894089e-14
8.083553013213301152e-14
8.031521187405128453e-14
7.979903788286930905e-14
7.928697200826746253e-14
7.877896296361750504e-14
7.827499089845372982e-14
7.777500541313818892e-14
7.727897194682033242e-14
7.678686362002258041e-14
7.629862476737149695e-14
7.581422977374343665e-14
7.533365291806405762e-14
7.485684036053746366e-14
7.438376718319028077e-14
7.391440152536193205e-14
7.344869822864725624e-14
7.298663973483932473e-14
7.252818165147761103e-14
7.207329349068317986e-14
7.162194498201679734e-14
7.117409330961202975e-14
7.072972169459744030e-14
7.028878804186512591e-14
6.985126337361730430e-14
6.941712501064850133e-14
6.898632610685510667e-14
6.855884467096120643e-14
6.813465863432594726e-14
6.771372258167837228e-14
6.729601511012469741e-14
6.688150905648943425e-14
6.647016620460600875e-14
6.606197128106878333e-14
6.565688670542235537e-14
6.525488645705472811e-14
6.485594469905974293e-14
6.446002515126266421e-14
6.406711320924793717e-14
6.367717319199480746e-14
6.329018034013075213e-14
6.290611514747510315e-14
6.252493796422432714e-14
6.214662985672639437e-14
6.177117183517675487e-14
6.139852543277926843e-14
6.102867221422061147e-14
6.066158894192782290e-14
6.029724314774397005e-14
5.993562152471353934e-14
5.957669213475739704e-14
5.922043269554270876e-14
5.886682108048311471e-14
5.851582642917552830e-14
5.816743601006205408e-14
5.782161946308044062e-14
5.747835556383371042e-14
5.713762748915001774e-14
5.679940154867370124e-14
5.646366149201192531e-14
5.613039140244145064e-14
5.579955912795187256e-14
5.547114929563972028e-14
5.514514250338682373e-14
5.482151159856427885e-14
5.450024549617192118e-14
5.418131747339860238e-14
5.386470890190040199e-14
5.355040127896294449e-14
5.323836875859626853e-14
5.292860071741472700e-14
5.262107171578190733e-14
5.231576398296175026e-14
5.201266344515539294e-14
5.171174183690876659e-14
5.141298547362703027e-14
5.111638063578397000e-14
5.082189985951209285e-14
5.052952980283759236e-14
5.023925373472418124e-14
4.995104839474277701e-14
4.966490405965546711e-14
4.938079783079068165e-14
4.909871363002317356e-14
4.881863548664627307e-14
4.854054123563115998e-14
4.826442155379372199e-14
4.799025461857261055e-14
4.771802507771576781e-14
4.744772070271008360e-14
4.717931728030187234e-14
4.691280291031629620e-14
4.664816566742713889e-14
4.638538201050511870e-14
4.612444033294029016e-14
4.586532616563788796e-14
4.560801951634863818e-14
4.535251184459457785e-14
4.509878346380516180e-14
4.484682045791643613e-14
4.459660900298117369e-14
4.434813002886320002e-14
4.410137534237955593e-14
4.385632616314094825e-14
4.361296919169600057e-14
4.337129121621216774e-14
4.313127911234315669e-14
4.289291482195123461e-14
4.265619051777940954e-14
4.242108355860320935e-14
4.218759152338308934e-14
4.195569245169874840e-14
4.172537917227288472e-14
4.149663967193318314e-14
4.126945265961175226e-14
4.104381119053541373e-14
4.081970820648491503e-14
4.059712292314013257e-14
4.037604398377219689e-14
4.015646455244290353e-14
3.993836447216978794e-14
3.972174145581340688e-14
3.950657566556462000e-14
3.929286050611683532e-14
3.908058081452595094e-14
3.886972585732516652e-14
3.866028496893318261e-14
3.845224755156820859e-14
3.824559900596923303e-14
3.804033301864771694e-14
3.783643520344216383e-14
3.763389534843356252e-14
3.743270330631986805e-14
3.723284512027373003e-14
3.703431472144339498e-14
3.683709835550814009e-14
3.664118624204458547e-14
3.644656866223986124e-14
3.625323595879867974e-14
3.606117488200923160e-14
3.587037962171804496e-14
3.568083353610854025e-14
3.549253451704163284e-14
3.530546617976889735e-14
3.511962291409475567e-14
3.493499558466557178e-14
3.475156828497696003e-14
3.456933557438167049e-14
3.438829193677517505e-14
3.420842183069245765e-14
3.402971659782288444e-14
3.385217088833180633e-14
3.367576961027003439e-14
3.350051074534948233e-14
3.332637943210250235e-14
3.315337050321261876e-14
3.298147251700402798e-14
3.281067727622008049e-14
3.264097663458535454e-14
3.247236254924067257e-14
3.230482424885225731e-14
3.213835709450564532e-14
3.197295051677087727e-14
3.180859700793811082e-14
3.164528910542105420e-14
3.148301654088938543e-14
3.132177484583252363e-14
3.116155389391962202e-14
3.100234647969006682e-14
3.084414544080612366e-14
3.068694365799545807e-14
3.053073135961587322e-14
3.037550425761092910e-14
3.022125006926263608e-14
3.006796723526153171e-14
2.991564365405296582e-14
2.976427517766481497e-14
2.961385505344259971e-14
2.946437151750787806e-14
2.931582054104985382e-14
2.916819804140800282e-14
2.902149251258913310e-14
2.887569753858427301e-14
2.873080915372719314e-14
2.858681617028192473e-14
2.844371708898298275e-14
2.830150088531348417e-14
2.816016372206692182e-14
2.801969710403529277e-14
2.788009494090025013e-14
2.774135117835429418e-14
2.760345979804286993e-14
2.746641259488923927e-14
2.733020588493803219e-14
2.719483157393902694e-14
2.706028384495653267e-14
2.692655691545607601e-14
2.679364291278405494e-14
2.666153828554723602e-14
2.653023526686425761e-14
2.639972826652555035e-14
2.627001172724955200e-14
2.614108012462352081e-14
2.601292595391710419e-14
2.588554580519129591e-14
2.575893029670705379e-14
2.563307805949205399e-14
2.550797984569235799e-14
2.538363235363475455e-14
2.526003037424151922e-14
2.513716510082443211e-14
2.501503355237363503e-14
2.489363270851564391e-14
2.477295398518321653e-14
2.465299260799262687e-14
2.453374563894596344e-14
2.441520472141373060e-14
2.429736876475445684e-14
2.418022952884385073e-14
2.406378416592355728e-14
2.394802632872098060e-14
2.383295147365205187e-14
2.371855508257727829e-14
2.360483266276784405e-14
2.349177807431686424e-14
2.337938857676256228e-14
2.326765810925917624e-14
2.315658232255857495e-14
2.304615689177697498e-14
2.293637591491518298e-14
2.282723674476204517e-14
2.271873355492630938e-14
2.261086215780404826e-14
2.250361838916014290e-14
2.239699810809294495e-14
2.229099567639132691e-14
2.218560854634362800e-14
2.208082965703774641e-14
2.197665800058268461e-14
2.187308661243553905e-14
2.177011302160113215e-14
2.166773328469783251e-14
2.156594061643257715e-14
2.146473261081002046e-14
2.136410683443091234e-14
2.126405663975758074e-14
2.116457826413916656e-14
2.106566933804704774e-14
2.096732338368509141e-14
2.086953943386570204e-14
2.077231109833966226e-14
2.067563607837649582e-14
2.057950941929608591e-14
2.048392753561602659e-14
2.038888686164220058e-14
2.029438385143449853e-14
2.020041370672813760e-14
2.010697421428660335e-14
2.001406063602524775e-14
1.992166956296910306e-14
1.982979771389964801e-14
1.973844063249308564e-14
1.964759633973882460e-14
1.955726043374512358e-14
1.946742975939681183e-14
1.937810117822414754e-14
1.928927156838319731e-14
1.920093666418327709e-14
1.911309455658076592e-14
1.902573989045082515e-14
1.893887193032319520e-14
1.885248539102366578e-14
1.876657841797603459e-14
1.868114803116522862e-14
1.859618907603877196e-14
1.851170083073014725e-14
1.842767820766524311e-14
1.834411834267946771e-14
1.826102050608285139e-14
1.817837970911808607e-14
1.809619313253585229e-14
1.801445590361376511e-14
1.793316938592912864e-14
1.785232668450479191e-14
1.777192710682900455e-14
1.769196790683336619e-14
1.761244436743295224e-14
1.753335382003768637e-14
1.745469556348017133e-14
1.737646497136075177e-14
1.729865941664121747e-14
1.722127628594998844e-14
1.714431297956268999e-14
1.706776691138134575e-14
1.699163364769828660e-14
1.691591252066980871e-14
1.684060098453321106e-14
1.676569469022587733e-14
1.669119116260676517e-14
1.661708972714302786e-14
1.654338434396796822e-14
1.647007613779255607e-14
1.639716089661198266e-14
1.632463620895227916e-14
1.625249795806909737e-14
1.618074550278968522e-14
1.610937646898951387e-14
1.603838681774731348e-14
1.596777590384211553e-14
1.589753975720943138e-14
1.582767618113807617e-14
1.575818300753638528e-14
1.568905969117494939e-14
1.562030084841829451e-14
1.555190596824941653e-14
1.548387292539126866e-14
1.541619804318793077e-14
1.534888080423748478e-14
1.528191911491156691e-14
1.521530936657507917e-14
1.514904952261569039e-14
1.508313905827845007e-14
1.501757294136543328e-14
1.495235067883818298e-14
1.488747174093586138e-14
1.482293119523685729e-14
1.475872854331820158e-14
1.469486181808364898e-14
1.463132764029543855e-14
1.456812409564173105e-14
1.450525067916951510e-14
1.444270407336398712e-14
1.438048239197991238e-14
1.431858512591585874e-14
1.425700766104214495e-14
1.419574951733567008e-14
1.413480884543817282e-14
1.407418380518221145e-14
1.401387124947342474e-14
1.395387069277112514e-14
1.389417902612425998e-14
1.383479447547686968e-14
1.377571655162983748e-14
1.371694220197084156e-14
1.365846967847259934e-14
1.360029599441402275e-14
1.354242192291264734e-14
1.348484325642019362e-14
1.342755952812424506e-14
1.337056903246950306e-14
1.331386887182826220e-14
1.325745738493264503e-14
1.320133410097691227e-14
1.314549617435051683e-14
1.308994196800198918e-14
1.303466985285216691e-14
1.297967820778269486e-14
1.292496541962389548e-14
1.287052875321892557e-14
1.281636776908971924e-14
1.276248093200424677e-14
1.270886562036573264e-14
1.265552034938086423e-14
1.260244472928308603e-14
1.254963510458102753e-14
1.249709217938859819e-14
1.244481340843729312e-14
1.239279734145862060e-14
1.234104148691400887e-14
1.228954547193579713e-14
1.223830786655901265e-14
1.218732622274933632e-14
1.213660016427901900e-14
1.208612727168846558e-14
1.203590616448942819e-14
1.198593546859575274e-14
1.193621480377486418e-14
1.188674082651030517e-14
1.183751317670039950e-14
1.178853050579846587e-14
1.173979051300065857e-14
1.169129283522346397e-14
1.164303614281267948e-14
1.159501817483452455e-14
1.154723763495891128e-14
1.149969415673595838e-14
1.145238460119990565e-14
1.140530862066156340e-14
1.135846584640958963e-14
1.131185319780940467e-14
1.126547032469820505e-14
1.121931597242864101e-14
1.117338801461990579e-14
1.112768522763396875e-14
1.108220725834669937e-14
1.103695201679187392e-14
1.099191829623399308e-14
1.094710574172448197e-14
1.090251145908694583e-14
1.085813511067261777e-14
1.081397551197610354e-14
1.077003148403018952e-14
1.072630103735241772e-14
1.068278383184660082e-14
1.063947790064675418e-14
1.059638210408492376e-14
1.055349610048158215e-14
1.051081795640817612e-14
1.046834654794870095e-14
1.042607998660095771e-14
1.038401874612499502e-14
1.034216020785933519e-14
1.030050407985293749e-14
1.025904929919713785e-14
1.021779405938531562e-14
1.017673732323335889e-14
1.013587879594900870e-14
1.009521670118391514e-14
1.005475001561260999e-14
1.001447772047687726e-14
9.974398801580813302e-15
9.934512249285546203e-15
9.894816351605789471e-15
9.855310824915035980e-15
9.815994673090422085e-15
9.776866212552322916e-15
9.737924470908871361e-15
9.699169162303808658e-15
9.660597953602078925e-15
9.622211245020292253e-15
9.584007399149416825e-15
9.545985465096110435e-15
9.508143837662549935e-15
9.470482242286314152e-15
9.432999740729349329e-15
9.395694754197394936e-15
9.358567006766140333e-15
9.321614936998801880e-15
9.284837636822241920e-15
9.248234202170400143e-15
9.211804355552479055e-15
9.175545951415327409e-15
9.139458724632944445e-15
9.103541787117574911e-15
9.067793649350522046e-15
9.032214045024502173e-15
8.996802097877051643e-15
8.961556342718147540e-15
8.926475923530507336e-15
8.891560572758806293e-15
8.856808268439285991e-15
8.822218754592546474e-15
8.787791762864464029e-15
8.753525306692046025e-15
8.719419129171437453e-15
8.685472400477361690e-15
8.651683737460754090e-15
8.618052329219126370e-15
8.584577917791903321e-15
8.551259145675419744e-15
8.518095229076218813e-15
8.485085929058458156e-15
8.452229391793584719e-15
8.419525388761230231e-15
8.386973152886063508e-15
8.354571920433596648e-15
8.322320410958298599e-15
8.290218394530023034e-15
8.258264604341613700e-15
8.226458300364613361e-15
8.194799251757201765e-15
8.163286211894503165e-15
8.131918450284776514e-15
8.100694743783388961e-15
8.069615363136953128e-15
8.038678598987892401e-15
8.007884229117967818e-15
7.977231538639577199e-15
7.946719336532431730e-15
7.916346923849454163e-15
7.886114077423046149e-15
7.856019625051277807e-15
7.826062876745791272e-15
7.796243145472343951e-15
7.766559747146927329e-15
7.737012000631680671e-15
7.707599227730637481e-15
7.678319851136364907e-15
7.649174112649701401e-15
7.620161342736347963e-15
7.591280874786637982e-15
7.562531166945273436e-15
7.533912448319361558e-15
7.505424060909598874e-15
7.477063628181585875e-15
7.448833097283020479e-15
7.420730102984807651e-15
7.392754015671528239e-15
7.364904208356703590e-15
7.337180889185193142e-15
7.309581765892098760e-15
7.282107878935866774e-15
7.254758595510386527e-15
7.227531664299480294e-15
7.200427295656818044e-15
7.173444881027894412e-15
7.146583814458603541e-15
7.119843492591146473e-15
7.093223314659811535e-15
7.066721905227604743e-15
7.040339467503424474e-15
7.014075419582687662e-15
6.987929182050569065e-15
6.961899419085004072e-15
6.935986325071333530e-15
6.910188578939404751e-15
6.884506369863311098e-15
6.858938391364826077e-15
6.833484827539572693e-15
6.808143656729541601e-15
6.782915797204333108e-15
6.757800691227795098e-15
6.732796352606446854e-15
6.707903678001637958e-15
6.683120704429529999e-15
6.658448314406965394e-15
6.633884567874506189e-15
6.609430333463436747e-15
6.585084381806712459e-15
6.560845503753962770e-15
6.536713868401835416e-15
6.512688954522536334e-15
6.488769572654418342e-15
6.464956551178292217e-15
6.441248038852393408e-15
6.417643536028221070e-15
6.394143198396410276e-15
6.370745868581592975e-15
6.347451698000415018e-15
6.324259541854155262e-15
6.301169547394356020e-15
6.278179949621640811e-15
6.255291532469566580e-15
6.232503800375091834e-15
6.209815018768877351e-15
6.187225953411748572e-15
6.164734889655992153e-15
6.142341972583160508e-15
6.120047333566340962e-15
6.097849287390050150e-15
6.075748570468082877e-15
6.053743516910034784e-15
6.031833672423500775e-15
6.010019756362033661e-15
5.988300131305546532e-15
5.966674927017428424e-15
5.945143110673211172e-15
5.923704808387306721e-15
5.902358998378389233e-15
5.881105804533154279e-15
5.859944783097789177e-15
5.838874379628596551e-15
5.817895283358017770e-15
5.797006507352603055e-15
5.776207626865492424e-15
5.755498761918822081e-15
5.734878941294278575e-15
5.714347209160868899e-15
5.693904223551711053e-15
5.673548499075822961e-15
5.653280683710019254e-15
5.633099308798773981e-15
5.613005012440861248e-15
5.592996342517394613e-15
5.573072900963550135e-15
5.553235311319393079e-15
5.533482145836124467e-15
5.513813514907415057e-15
5.494228516800083173e-15
5.474727258804083140e-15
5.455308848651391106e-15
5.435973390606208877e-15
5.416720001767856408e-15
5.397548298219333294e-15
5.378457897568272971e-15
5.359448898190657730e-15
5.340520435568070742e-15
5.321672131931050208e-15
5.302903611025383085e-15
5.284214498109734565e-15
5.265604419953220749e-15
5.247073466615294911e-15
5.228620341473344555e-15
5.210244684333446436e-15
5.191947043024758584e-15
5.173726142349128048e-15
5.155582074147230782e-15
5.137514475630464851e-15
5.119522985499489633e-15
5.101606364736464001e-15
5.083765581879839937e-15
5.065999403469724219e-15
5.048307482029210419e-15
5.030689900410609718e-15
5.013145879672891502e-15
4.995675076482232618e-15
4.978277148863439804e-15
4.960952174812954654e-15
4.943699391365157281e-15
4.926518461773228080e-15
4.909409055076569608e-15
4.892370842732399709e-15
4.875403497496767309e-15
4.858506693422430380e-15
4.841680105856684206e-15
4.824923012689495598e-15
4.808235495415504312e-15
4.791617233202962288e-15
4.775067906505952121e-15
4.758586807845377568e-15
4.742174014142111764e-15
4.725829209645281458e-15
4.709551315410024594e-15
4.693341171827876351e-15
4.677197704716773666e-15
4.661120610163426920e-15
4.645109585428841685e-15
4.629164699857086417e-15
4.613284909012483997e-15
4.597470653300159385e-15
4.581721628092372942e-15
4.566036805770456112e-15
4.550416257134728782e-15
4.534859687659948007e-15
4.519366803980052247e-15
4.503937313886116634e-15
4.488570926324271171e-15
4.473267002017290844e-15
4.458025605740943509e-15
4.442846449851930661e-15
4.427729247853645952e-15
4.412673373234315668e-15
4.397678886983348866e-15
4.382745168856923740e-15
4.367872278001141737e-15
4.353059600378463760e-15
4.338307193337450198e-15
4.323614119746563554e-15
4.308980768322170082e-15
4.294406862587803841e-15
4.279891480280763429e-15
4.265435001689947784e-15
4.251036514301849800e-15
4.236696392879770118e-15
4.222413734551210752e-15
4.208188908646741116e-15
4.194021334054604653e-15
4.179910438083469169e-15
4.165856273503183855e-15
4.151858581111816459e-15
4.137916801998500001e-15
4.124031296040392996e-15
4.110201204133249524e-15
4.096426281637500966e-15
4.082706582753587874e-15
4.069041563257537274e-15
4.055431275739821641e-15
4.041875181324756401e-15
4.028373331031956886e-15
4.014924901911217565e-15
4.001530236177819148e-15
3.988189091489309428e-15
3.974900657731036298e-15
3.961665269804277698e-15
3.948482126012719347e-15
3.935351276999410668e-15
3.922272767778574028e-15
3.909245809109550509e-15
3.896270724049538149e-15
3.883346731548368375e-15
3.870473607073397926e-15
3.857651666777380509e-15
3.844880141698264732e-15
3.832159076664183828e-15
3.819487980583960236e-15
3.806866896896636223e-15
3.794295339269302792e-15
3.781773349785739960e-15
3.769300706097838597e-15
3.756876671151549398e-15
3.744501545810426511e-15
3.732174855425334841e-15
3.719896385427225195e-15
3.707666174001244166e-15
3.695483753369775516e-15
3.683348662325184510e-15
3.671261189129249224e-15
3.659220626495566891e-15
3.647227258612599170e-15
3.635280385430002663e-15
3.623380287129269758e-15
3.611526270818332371e-15
3.599718134054556109e-15
3.587956151104578750e-15
3.576239639643902640e-15
3.564568634795534853e-15
3.552942699162038825e-15
3.541361866710300615e-15
3.529825704224103623e-15
3.518334245537164721e-15
3.506887066535765268e-15
3.495483977440600575e-15
3.484124789163389963e-15
3.472809538190464121e-15
3.461537809398130918e-15
3.450309415788948822e-15
3.439124171052113058e-15
3.427981889562360673e-15
3.416882386378849959e-15
3.405825694657817730e-15
3.394811194778328329e-15
3.383838707499467138e-15
3.372908481780403540e-15
3.362019907300896405e-15
3.351173018165019042e-15
3.340367634167304377e-15
3.329603575777159391e-15
3.318880248373705221e-15
3.308198100892410675e-15
3.297556541177538309e-15
3.286955395794522668e-15
3.276394695226661353e-15
3.265874061738071609e-15
3.255393323789124172e-15
3.244952310462728828e-15
3.234551050279316990e-15
3.224189172544420548e-15
3.213866508223104750e-15
3.203582888898736919e-15
3.193338146771939244e-15
3.183132114659506857e-15
3.172964625993311708e-15
3.162835514819189486e-15
3.152744425605059491e-15
3.142691385908748772e-15
3.132676231591696228e-15
3.122698799124849404e-15
3.112758739551583801e-15
3.102856078639625157e-15
3.092990654662261505e-15
3.083161940524767862e-15
3.073370145697569244e-15
3.063615110227430143e-15
3.053896674762383254e-15
3.044214322536239313e-15
3.034568257328240765e-15
3.024957967438646464e-15
3.015383653849882447e-15
3.005845160125429482e-15
2.996341982993175456e-15
2.986873977429518465e-15
2.977441344357406011e-15
2.968043935008129298e-15
2.958681260363272377e-15
2.949353178327220757e-15
2.940059884398206329e-15
2.930800896679477031e-15
2.921576408019800460e-15
2.912385941220827253e-15
2.903229356675255154e-15
2.894106515258037824e-15
2.885017604608602843e-15
2.875961832232657368e-15
2.866940034030193329e-15
2.857951099280599900e-15
2.848995215808709850e-15
2.840072564958806029e-15
2.831182374164827786e-15
2.822325141590302503e-15
2.813500414924057531e-15
2.804708059887863547e-15
2.795947633584384408e-15
2.787219622531852652e-15
2.778523583106323009e-15
2.769859382921414742e-15
2.761226587558975958e-15
2.752625672202063321e-15
2.744055902472767941e-15
2.735517747999938170e-15
2.727010481795104290e-15
2.718534273522699039e-15
2.710088701137526443e-15
2.701674223352791383e-15
2.693290127690364763e-15
2.684936579288232129e-15
2.676613450837738817e-15
2.668320330318058342e-15
2.660057379555737359e-15
2.651824190453307285e-15
2.643620922662721478e-15
2.635447451120333084e-15
2.627303373554037779e-15
2.619188846429193184e-15
2.611103471300057301e-15
2.603047402539156728e-15
2.595020245489071344e-15
2.587022152461307936e-15
2.579052732549094237e-15
2.571111868512083832e-15
2.563199710360307063e-15
2.555315876442989722e-15
2.547460255172774084e-15
2.539632997245039036e-15
2.531833727138331417e-15
2.524062334401467379e-15
2.516318966742785455e-15
2.508602997511815984e-15
2.500914831602669698e-15
2.493254102273084641e-15
2.485620700938186575e-15
2.478014519379969314e-15
2.470435449746774463e-15
2.462883633003736237e-15
2.455358463825207046e-15
2.447860085217032878e-15
2.440388635351943637e-15
2.432943517792380453e-15
2.425524872725537628e-15
2.418132594848591595e-15
2.410766579220518009e-15
2.403426721261480772e-15
2.396112916752207653e-15
2.388825061833360775e-15
2.381562818477297170e-15
2.374326320514231544e-15
2.367115465139463235e-15
2.359929919023069612e-15
2.352770043041002151e-15
2.345635274880570455e-15
2.338525516724124708e-15
2.331441123308930385e-15
2.324381540509437531e-15
2.317346671488524800e-15
2.310336642342363306e-15
2.303351353398818649e-15
2.296390485016186774e-15
2.289453941644621789e-15
2.282541846092997424e-15
2.275654100052172757e-15
2.268790389761217584e-15
2.261950620949884663e-15
2.255134913236251305e-15
2.248342957186100438e-15
2.241574659474060721e-15
2.234830137377113658e-15
2.228109085725503934e-15
2.221411412134307042e-15
2.214737024524897787e-15
2.208086037126694726e-15
2.201458150926597616e-15
2.194853277634287358e-15
2.188271329817989392e-15
2.181712220330384907e-15
2.175176063081268899e-15
2.168662368916992573e-15
2.162171452071089544e-15
2.155702828068157530e-15
2.149256610922358614e-15
2.142832910875949593e-15
2.136431250380648717e-15
2.130051934944885461e-15
2.123694491578966221e-15
2.117359030650100600e-15
2.111045468113543161e-15
2.104753720204030447e-15
2.098483703435318707e-15
2.092235146745136968e-15
2.086008156968026605e-15
2.079802651435786711e-15
2.073618547757464304e-15
2.067455579751240879e-15
2.061313851513621792e-15
2.055193281466606782e-15
2.049093607024508246e-15
2.043014930278076960e-15
2.036957170458333696e-15
2.030920068525004310e-15
2.024903546963534333e-15
2.018907705247303873e-15
2.012932463669543980e-15
2.006977567829566531e-15
2.001042941210961575e-15
1.995128680744735951e-15
1.989234707779237949e-15
1.983360601000508576e-15
1.977506628679476699e-15
1.971672712943697433e-15
1.965858438404570080e-15
1.960064068904081101e-15
1.954289360144700132e-15
1.948534237812904989e-15
1.942798793360396938e-15
1.937082785763548138e-15
1.931386141436438713e-15
1.925708787030296942e-15
1.920050649433156494e-15
1.914411655769508154e-15
1.908791733399944437e-15
1.903190969736083716e-15
1.897608972581057698e-15
1.892045832614601383e-15
1.886501637955883001e-15
1.880976003856489692e-15
1.875469019666641840e-15
1.869980616733242932e-15
1.864510726623343477e-15
1.859059281123804551e-15
1.853626059450497269e-15
1.848211300168939960e-15
1.842814630893236685e-15
1.837436137064013183e-15
1.832075751549593751e-15
1.826733258399849897e-15
1.821408741431552569e-15
1.816102134153101491e-15
1.810813223456783503e-15
1.805542091569816801e-15
1.800288672637766427e-15
1.795052756356315521e-15
1.789834423396636787e-15
1.784633465298000626e-15
1.779449961708553761e-15
1.774283705994309111e-15
1.769134776794806020e-15
1.764002969286106052e-15
1.758888221368184178e-15
1.753790610188541242e-15
1.748709933601714249e-15
1.743646267781749092e-15
1.738599412352223867e-15
1.733569306183212681e-15
1.728556024008609662e-15
1.723559233060242592e-15
1.718579143465653872e-15
1.713615559184378406e-15
1.708668553073416562e-15
1.703737798422060418e-15
1.698823500852636191e-15
1.693925336633252242e-15
1.689043509169294450e-15
1.684177827492466459e-15
1.679328232556464236e-15
1.674494536950853898e-15
1.669676939727496387e-15
1.664875253216490031e-15
1.660089419113151949e-15
1.655319253234867303e-15
1.650564950384713500e-15
1.645826201292801677e-15
1.641103074712595117e-15
1.636395638217942036e-15
1.631703465312702329e-15
1.627026871445909370e-15
1.622365555889881037e-15
1.617719586574740766e-15
1.613088908576166361e-15
1.608473467143193924e-15
1.603873088204976004e-15
1.599287838005681529e-15
1.594717543963683344e-15
1.590162271492957300e-15
1.585621966686548287e-15
1.581096459176401251e-15
1.576585697087310604e-15
1.572089744207144815e-15
1.567608547295962026e-15
1.563141938885182203e-15
1.558689867728603327e-15
1.554252396032554559e-15
1.549829358464859420e-15
1.545420816457375583e-15
1.541026606089285305e-15
1.536646676891507643e-15
1.532280978546319214e-15
1.527929570959889341e-15
1.523592292988026190e-15
1.519269094774385484e-15
1.514959926613180203e-15
1.510664846926616345e-15
1.506383589837332128e-15
1.502116321533921801e-15
1.497862884941405305e-15
1.493623231111929039e-15
1.489397311246929353e-15
1.485185076696922913e-15
1.480986478961289169e-15
1.476801469688053226e-15
1.472630000673663970e-15
1.468472023862768660e-15
1.464327491347987303e-15
1.460196253417127348e-15
1.456078466848199798e-15
1.451973880751188553e-15
1.447882549753197279e-15
1.443804426675628426e-15
1.439739464486485372e-15
1.435687517219890400e-15
1.431648638156459034e-15
1.427622780695105779e-15
1.423609898551358012e-15
1.419609849053083353e-15
1.415622685190024390e-15
1.411648265651666446e-15
1.407686642771999848e-15
1.403737771809137525e-15
1.399801513222077628e-15
1.395877823891546606e-15
1.391966754866600079e-15
1.388068261945895432e-15
1.384182207907256087e-15
1.380308550142311892e-15
1.376447338449752832e-15
1.372598437316702592e-15
1.368761895929315848e-15
1.364937579904161575e-15
1.361125447264220641e-15
1.357325456155551398e-15
1.353537654557267721e-15
1.349761821019798095e-15
1.345998181931213254e-15
1.342246428067759682e-15
1.338506607484118998e-15
1.334778766694457243e-15
1.331062689045341918e-15
1.327358508515040550e-15
1.323666096736556571e-15
1.319985413090706161e-15
1.316316331483452271e-15
1.312658983129835915e-15
1.309013241775883624e-15
1.305379067286262371e-15
1.301756335636935115e-15
1.298145175343453948e-15
1.294545379000619479e-15
1.290957073797632715e-15
1.287380054127474890e-15
1.283814363797139224e-15
1.280259881815500701e-15
1.276716732758947698e-15
1.273184714560856371e-15
1.269663869960420580e-15
1.266154160125960492e-15
1.262655466533777840e-15
1.259167831139474378e-15
1.255691136388168485e-15
1.252225423719915086e-15
1.248770654881995734e-15
1.245326713760137911e-15
1.241893641036788929e-15
1.238471321655138002e-15
1.235059796343755954e-15
1.231658951527713326e-15
1.228268827546657131e-15
1.224889311751441600e-15
1.221520368497460292e-15
1.218162037386579241e-15
1.214814207140937874e-15
1.211476842426676061e-15
1.208149982122561732e-15
1.204833516304640898e-15
1.201527409948508775e-15
1.198231701224208623e-15
1.194946208787021354e-15
1.191671043769767380e-15
1.188406098463558521e-15
1.185151338353387652e-15
1.181906729024678910e-15
1.178672236163152403e-15
1.175447896332677735e-15
1.172233533539036381e-15
1.169029184871713206e-15
1.165834886226775700e-15
1.162650463848818224e-15
1.159475954153728162e-15
1.156311323525218431e-15
1.153156538446119754e-15
1.150011565498225259e-15
1.146876371362134284e-15
1.143750922817095390e-15
1.140635052137819597e-15
1.137528996119557462e-15
1.134432453237486860e-15
1.131345658030447355e-15
1.128268311609821546e-15
1.125200514714058361e-15
1.122142234799365968e-15
1.119093309044263462e-15
1.116053966441666119e-15
1.113023914575291463e-15
1.110003251656112790e-15
1.106991945616784618e-15
1.103989837041669298e-15
1.100997149523425721e-15
1.098013596965683023e-15
1.095039149400943659e-15
1.092074027246434150e-15
1.089117948122779859e-15
1.086171006339691190e-15
1.083233047116719599e-15
1.080304286794536917e-15
1.077384325901916680e-15
1.074473502576169889e-15
1.071571542170357998e-15
1.068678536630797861e-15
1.065794335483490006e-15
1.062919029749828838e-15
1.060052470210945634e-15
1.057194746973679558e-15
1.054345830075770707e-15
1.051505572163997132e-15
1.048674061996488620e-15
1.045851153447223562e-15
1.043036934385111761e-15
1.040231259900371319e-15
1.037434216982622427e-15
1.034645661927461471e-15
1.031865680855026940e-15
1.029094131255534224e-15
1.026331098389326931e-15
1.023576440930576818e-15
1.020830131470646210e-15
1.018092253994365178e-15
1.015362668928392521e-15
1.012641459421502223e-15
1.009928487058151415e-15
1.007223724815880600e-15
1.004527254603111730e-15
1.001838939718098503e-15
9.991587533673494855e-16
9.964867762395339216e-16
9.938228733239558680e-16
9.911670180551147490e-16
9.885191839409549116e-16
9.858794500728738449e-16
9.832476836577691200e-16
9.806238584302715620e-16
9.780080523086782017e-16
9.754001341391237942e-16
9.728000778818729076e-16
9.702078575699175635e-16
9.676234473088839541e-16
9.650469231003116461e-16
9.624780550972667149e-16
9.599170208230692376e-16
9.573636928560870459e-16
9.548180456701619507e-16
9.522800538111345060e-16
9.497497910481773713e-16
9.472270333301687713e-16
9.447118550755833104e-16
9.422043292906633893e-16
9.397042351524521937e-16
9.372117432896586210e-16
9.347267313004292173e-16
9.322490785653565350e-16
9.297789533512539701e-16
9.273162347517907701e-16
9.248608036179867483e-16
9.224128258909994779e-16
9.199720881043404791e-16
9.175387546685529350e-16
9.151126139143411409e-16
9.126938287372939623e-16
9.102821892488557894e-16
9.078777648541105105e-16
9.054805318141372868e-16
9.030904664580314586e-16
9.007075451827879907e-16
8.983317444531861016e-16
8.959630408016727097e-16
8.936013212269356046e-16
8.912466527809236708e-16
8.888990121927285093e-16
8.865583762586747582e-16
8.842247218422011720e-16
8.818979382117491298e-16
8.795780907911934044e-16
8.772651566390714629e-16
8.749590263600117809e-16
8.726598505637179240e-16
8.703674338404118899e-16
8.680818400297088576e-16
8.658029614927986137e-16
8.635308614443706873e-16
8.612655173963637034e-16
8.590068230062464664e-16
8.567549241225608314e-16
8.545095477814156143e-16
8.522709224199435100e-16
8.500388598438278377e-16
8.478133390255196850e-16
8.455944207521740347e-16
8.433820830436435221e-16
8.411762229313897529e-16
8.389769003197094919e-16
8.367840130642782487e-16
8.345976204870716423e-16
8.324177009212027205e-16
8.302441534479209009e-16
8.280769576207889947e-16
8.259161719379287332e-16
8.237616970705075286e-16
8.216135910140795081e-16
8.194717552326820788e-16
8.173362471607156282e-16
8.152069690483097640e-16
8.130839777747251138e-16
8.109671763694669270e-16
8.088565451993558239e-16
8.067521403197304067e-16
8.046538659143912209e-16
8.025617025103327549e-16
8.004757053521720882e-16
7.983957797633224873e-16
7.963219064302695497e-16
7.942541397998793816e-16
7.921923863206850183e-16
7.901366268379630519e-16
7.880869150135701983e-16
7.860431584068571146e-16
7.840053380211689885e-16
7.819734349109226517e-16
7.799474301815393294e-16
7.779273762113368230e-16
7.759131823769094369e-16
7.739048299405628127e-16
7.719023002153090923e-16
7.699056445779418797e-16
7.679147041177022964e-16
7.659296000297099578e-16
7.639502438201165945e-16
7.619766170585426163e-16
7.600087013648580839e-16
7.580464784091099361e-16
7.560899299114479359e-16
7.541391053045007302e-16
7.521938507957870036e-16
7.502542832952027861e-16
7.483202502607213432e-16
7.463918675562828044e-16
7.444689838793149424e-16
7.425516481019034399e-16
7.406399080186998666e-16
7.387336141659248569e-16
7.368328798375493396e-16
7.349375567821884566e-16
7.330477572835121713e-16
7.311633342918840608e-16
7.292843350656460445e-16
7.274107421312618451e-16
7.255425383201111258e-16
7.236797065749197876e-16
7.218222298853750154e-16
7.199700286046113939e-16
7.181232114474644427e-16
7.162816364393151558e-16
7.144453494366913410e-16
7.126143336592755386e-16
7.107885723732589639e-16
7.089679877771825773e-16
7.071526248587922056e-16
7.053424670197527110e-16
7.035374977079359904e-16
7.017377004173339046e-16
6.999429988488665988e-16
6.981534369305892404e-16
6.963689982908810758e-16
6.945896075158088551e-16
6.928153079094628298e-16
6.910460832339656259e-16
6.892818589495856460e-16
6.875226777461961804e-16
6.857685235190069017e-16
6.840193225916816545e-16
6.822751170494587652e-16
6.805358909199661965e-16
6.788015713795927077e-16
6.770721999183614492e-16
6.753477042741968273e-16
6.736281255443772370e-16
6.719133920237523326e-16
6.702035444209423489e-16
6.684985115831501478e-16
6.667983338343776592e-16
6.651029955922097669e-16
6.634124265254628554e-16
6.617266118255234577e-16
6.600455910590980786e-16
6.583692947033854557e-16
6.566977619523205076e-16
6.550309238175496145e-16
6.533687656858303760e-16
6.517113261976337873e-16
6.500585901513749270e-16
6.484104368399059836e-16
6.467670101302197367e-16
6.451281372792246865e-16
6.434939087995307187e-16
6.418642577942008071e-16
6.402391700227310052e-16
6.386186830104085386e-16
6.370027310071449285e-16
6.353913512504008496e-16
6.337844276565165191e-16
6.321820483727265577e-16
6.305841486488099774e-16
6.289907148182488736e-16
6.274017832506554578e-16
6.258172899357804859e-16
6.242372213155633836e-16
6.226615638670565643e-16
6.210903041023795765e-16
6.195234775454225340e-16
6.179610213974153256e-16
6.164029222781173732e-16
6.148491668421483551e-16
6.132997417789380149e-16
6.117546338126774492e-16
6.102138297022701980e-16
6.086773638225193358e-16
6.071451276433295231e-16
6.056172029958790287e-16
6.040934822023145464e-16
6.025740463830898167e-16
6.010587887053838711e-16
5.995477895856891219e-16
5.980409892580324089e-16
5.965383287547562706e-16
5.950398874489435635e-16
5.935456062515103267e-16
5.920554268613220743e-16
5.905694276228776628e-16
5.890875050126500049e-16
5.876096917790743693e-16
5.861360199639435559e-16
5.846663872560796251e-16
5.832008259487300164e-16
5.817393234503825284e-16
5.802818672031682995e-16
5.788284008554537548e-16
5.773789997502161766e-16
5.759335639529109223e-16
5.744921248646439967e-16
5.730546700925411352e-16
5.716211872770408806e-16
5.701916640918355166e-16
5.687660456530869909e-16
5.673443626386174240e-16
5.659266028192137764e-16
5.645127119832768600e-16
5.631027206669569699e-16
5.616966170778186570e-16
5.602943894548606074e-16
5.588959846764959358e-16
5.575014327728524182e-16
5.561107220746626142e-16
5.547238000543971613e-16
5.533406963266961212e-16
5.519613993135965898e-16
5.505858570745673093e-16
5.492140988150155058e-16
5.478460729811410918e-16
5.464818085082328947e-16
5.451212939688097362e-16
5.437644783845134129e-16
5.424113902916067906e-16
5.410619790908537797e-16
5.397162730551276338e-16
5.383742219613208470e-16
5.370358538215607309e-16
5.357011187858992882e-16
5.343700446083323706e-16
5.330425818091268687e-16
5.317187578867323702e-16
5.303985237287102908e-16
5.290818687233883388e-16
5.277688199896726378e-16
5.264593289596423513e-16
5.251534225030069790e-16
5.238510524119583210e-16
5.225522453094974189e-16
5.212569163940848298e-16
5.199651660951979089e-16
5.186768731621730488e-16
5.173921006810083634e-16
5.161108015053702224e-16
5.148330015308633524e-16
5.135586178917056869e-16
5.122877126045997075e-16
5.110202749956954018e-16
5.097562231492344123e-16
5.084956182933890454e-16
5.072384144883132862e-16
5.059846015989520789e-16
5.047342045831869520e-16
5.034871430814915054e-16
5.022434770307753941e-16
5.010031613320981139e-16
4.997661859793038890e-16
4.985325754121733810e-16
4.973022510436674190e-16
4.960752718455727569e-16
4.948515598785650791e-16
4.936311736147615145e-16
4.924140693973392642e-16
4.912002376899230267e-16
4.899896689799746090e-16
4.887823537787591044e-16
4.875782826213124503e-16
4.863774460664070143e-16
4.851798346965187582e-16
4.839854391177925273e-16
4.827942825892970033e-16
4.816062903758758798e-16
4.804214859142823478e-16
4.792398599049892956e-16
4.780614030719650447e-16
4.768861061626379496e-16
4.757139599478603076e-16
4.745449552218731557e-16
4.733790511970880284e-16
4.722163020503203769e-16
4.710566355598641700e-16
4.699001054468760794e-16
4.687466400361383964e-16
4.675962616144884758e-16
4.664489611372769103e-16
4.653047295829579579e-16
4.641635273372649853e-16
4.630253762831269283e-16
4.618902978402294400e-16
4.607581919563812052e-16
4.596291408445707487e-16
4.585030752313611634e-16
4.573800165062560871e-16
4.562599558281239431e-16
4.551428843786108230e-16
4.540287638194796437e-16
4.529176151538374484e-16
4.518094296299234026e-16
4.507041693246077091e-16
4.496018549557714387e-16
4.485024778379379917e-16
4.474060004583268420e-16
4.463124432537658667e-16
4.452217689819417134e-16
4.441339978941143667e-16
4.430491214140949814e-16
4.419671027021284395e-16
4.408879617738018894e-16
4.398116622472337686e-16
4.387382241486280113e-16
4.376676113962204534e-16
4.365998438350685543e-16
4.355349132677506936e-16
4.344727840016733803e-16
4.334134482059179463e-16
4.323569253685141534e-16
4.313031801802208419e-16
4.302522319531485869e-16
4.292040456316557319e-16
4.281586403536398238e-16
4.271159813151288101e-16
4.260760608170865778e-16
4.250388977385836852e-16
4.240044576489063441e-16
4.229727592571045841e-16
4.219437683793864128e-16
4.209174774099693804e-16
4.198938787611247108e-16
4.188729908054762827e-16
4.178548056870778788e-16
4.168392640907135308e-16
4.158264100835972170e-16
4.148162103295800176e-16
4.138086573513269432e-16
4.128037690295739657e-16
4.118014871434893854e-16
4.108018548516515028e-16
4.098048644539847818e-16
4.088104583763964583e-16
4.078186792425187780e-16
4.068294699043233432e-16
4.058428726319817338e-16
4.048588552608363600e-16
4.038774349588813509e-16
4.028985554213419130e-16
4.019222339470789736e-16
4.009484874725257628e-16
3.999772844023584249e-16
3.990085935356311964e-16
3.980424557612136547e-16
3.970788398195498401e-16
3.961177385551906796e-16
3.951591448301273355e-16
3.942030515237655676e-16
3.932494515329005883e-16
3.922983377716916220e-16
3.913497031716357737e-16
3.904035407111794023e-16
3.894598435043704575e-16
3.885186047115194884e-16
3.875798175094813312e-16
3.866434750916312950e-16
3.857095706678413480e-16
3.847780521947771613e-16
3.838490036296902290e-16
3.829223727862857427e-16
3.819981081936339954e-16
3.810762928097465289e-16
3.801568306213607157e-16
3.792398039274603854e-16
3.783251174362538935e-16
3.774128089042676077e-16
3.765028717028758062e-16
3.755952992196884612e-16
3.746900848585264888e-16
3.737872220393957164e-16
3.728867041984607022e-16
3.719884819046207736e-16
3.710925918400537655e-16
3.701990700408881401e-16
3.693078247343938138e-16
3.684188921533097146e-16
3.675322658281809522e-16
3.666478974030626872e-16
3.657658644065247854e-16
3.648860767718318984e-16
3.640085699937999808e-16
3.631333376806584525e-16
3.622603734565006274e-16
3.613896300155969228e-16
3.605211422736872254e-16
3.596549445323029408e-16
3.587909085808960712e-16
3.579291500164251051e-16
3.570696219237138581e-16
3.562122780229239705e-16
3.553571523811197855e-16
3.545041990538633783e-16
3.536534913832442278e-16
3.528049439005396391e-16
3.519585901187538006e-16
3.511144238601409491e-16
3.502724000102537440e-16
3.494325516724567818e-16
3.485948727135981128e-16
3.477593185088024542e-16
3.469259601171927685e-16
3.460947146046634502e-16
3.452655764433578398e-16
3.444386159824011094e-16
3.436137135367681345e-16
3.427909769696553869e-16
3.419703249802685712e-16
3.411517894703394660e-16
3.403353645788230416e-16
3.395210073966877278e-16
3.387087494373629688e-16
3.378985848820782976e-16
3.370904712859075529e-16
3.362844397790507129e-16
3.354804482224377309e-16
3.346785274929948816e-16
3.338786718414008920e-16
3.330808395838190522e-16
3.322850612222464667e-16
3.314912953728592012e-16
3.306996078305661485e-16
3.299098862928494367e-16
3.291221964445368074e-16
3.283365326323063308e-16
3.275528542131588216e-16
3.267711908320383840e-16
3.259915368769127089e-16
3.252138521427989599e-16
3.244381314397273030e-16
3.236644039340729648e-16
3.228926640674624483e-16
3.221228722100613447e-16
3.213550232190055153e-16
3.205891457903765092e-16
3.198252344191244738e-16
3.190632500418052482e-16
3.183031875624327528e-16
3.175451085339030881e-16
3.167889075471895763e-16
3.160346460535792863e-16
3.152823186273695450e-16
3.145318542203873218e-16
3.137833462610881123e-16
3.130367238504571988e-16
3.122919819855542512e-16
3.115491479997099650e-16
3.108081843422728208e-16
3.100690860442063003e-16
3.093318801083619730e-16
3.085965612258540555e-16
3.078630923808253754e-16
3.071314686651039776e-16
3.064017167228232050e-16
3.056738000220536432e-16
3.049477137619011724e-16
3.042234842798130406e-16
3.035010754334310505e-16
3.027804824543525374e-16
3.020617313625743516e-16
3.013447864008908565e-16
3.006296733804087318e-16
2.999163567987233287e-16
2.992048319417785826e-16
2.984951243100125629e-16
2.977871987789114215e-16
2.970810506665794243e-16
2.963766753013612870e-16
2.956740977752211277e-16
2.949732834604032839e-16
2.942742572479382528e-16
2.935769847563094085e-16
2.928814613675650466e-16
2.921876824739193159e-16
2.914956725683537558e-16
2.908053977549298940e-16
2.901168534576015498e-16
2.894300351104391907e-16
2.887449668151698083e-16
2.880615866037755703e-16
2.873799755929978380e-16
2.867000436074398641e-16
2.860218429146118071e-16
2.853453124420710822e-16
2.846705040537824036e-16
2.839974129516864232e-16
2.833259787262647483e-16
2.826562526436560339e-16
2.819881747311876653e-16
2.813217958597188826e-16
2.806570838893091296e-16
2.799940616952325017e-16
2.793326701696575120e-16
2.786729594038535834e-16
2.780148977098594449e-16
2.773584807066896647e-16
2.767037040232295806e-16
2.760505632982230732e-16
2.753990807735604216e-16
2.747491988221129543e-16
2.741009662005668995e-16
2.734543256972099078e-16
2.728093257052171579e-16
2.721659355830734580e-16
2.715241511057176504e-16
2.708839939664704795e-16
2.702454080453029524e-16
2.696084151511284894e-16
2.689730367181784514e-16
2.683392172310619650e-16
2.677070036699166776e-16
2.670763409185819433e-16
2.664472755971984889e-16
2.658197529857784190e-16
2.651938193474095195e-16
2.645694453188172761e-16
2.639466267893252146e-16
2.633253596576087573e-16
2.627056151444580665e-16
2.620874386330503873e-16
2.614708012710639572e-16
2.608556989944520181e-16
2.602421277484540850e-16
2.596300592537112845e-16
2.590195380313350941e-16
2.584105357305198042e-16
2.578030483335165085e-16
2.571970479542057541e-16
2.565925784366332623e-16
2.559896118245358434e-16
2.553881205229089128e-16
2.547881478752145236e-16
2.541896427771830522e-16
2.535926248883331057e-16
2.529971135307403477e-16
2.524030581473656965e-16
2.518104781646281379e-16
2.512193696644220546e-16
2.506297287377131873e-16
2.500415514845243369e-16
2.494548112561574658e-16
2.488695497700204923e-16
2.482857177208260003e-16
2.477033565088441454e-16
2.471224171806174538e-16
2.465429184797508239e-16
2.459648565682949923e-16
2.453882276172475122e-16
2.448130057099481211e-16
2.442392313096179077e-16
2.436668565013869430e-16
2.430958995875316951e-16
2.425263567910616338e-16
2.419582026837909529e-16
2.413914770156109500e-16
2.408261327693385274e-16
2.402621879378330706e-16
2.396996388288079400e-16
2.391384817585928784e-16
2.385786918314133271e-16
2.380202867570342509e-16
2.374632628766343633e-16
2.369076165399558080e-16
2.363533231938514623e-16
2.358004211045830361e-16
2.352488441419780692e-16
2.346986511936093075e-16
2.341498178160538201e-16
2.336023198776501544e-16
2.330561744685470537e-16
2.325113576229962909e-16
2.319678862961147738e-16
2.314257569198588913e-16
2.308849659345998613e-16
2.303454897036663823e-16
2.298073449163501912e-16
2.292705280373178438e-16
2.287350156733465292e-16
2.282008243170458799e-16
2.276679504572662648e-16
2.271363905911762950e-16
2.266061216463024259e-16
2.260771403505364468e-16
2.255494628738429924e-16
2.250230857448508412e-16
2.244980055004398626e-16
2.239741994619192603e-16
2.234516835464383431e-16
2.229304352306562985e-16
2.224104703064813001e-16
2.218917853501980273e-16
2.213743580697845834e-16
2.208581852638292147e-16
2.203433012162846955e-16
2.198296649874634478e-16
2.193172733971433601e-16
2.188061418074253654e-16
2.182962483806264837e-16
2.177876267595874242e-16
2.172802183863179281e-16
2.167740568511172158e-16
2.162691388154011978e-16
2.157654428232977414e-16
2.152629838708663604e-16
2.147617407000325002e-16
2.142617281995746346e-16
2.137629252565059996e-16
2.132653466429797740e-16
2.127689713900493776e-16
2.122738141542066082e-16
2.117798541095050546e-16
2.112871057977304938e-16
2.107955485349047546e-16
2.103051967490544976e-16
2.098160298971454806e-16
2.093280449947329221e-16
2.088412563005986508e-16
2.083556434808628142e-16
2.078712206828805396e-16
2.073879677111951724e-16
2.069058986026534958e-16
2.064249932992243662e-16
2.059452488616036196e-16
2.054666791622261639e-16
2.049892810919316118e-16
2.045130181801038995e-16
2.040379209424225048e-16
2.035639862907846222e-16
2.030911781355818764e-16
2.026195266507312212e-16
2.021490287690882335e-16
2.016796651043831267e-16
2.012114327808699397e-16
2.007443451378935672e-16
2.002783668352623601e-16
1.998135434679213999e-16
1.993498237329769065e-16
1.988872369128600903e-16
1.984257640768216468e-16
1.979654182544794400e-16
1.975061648385916425e-16
1.970480326760107698e-16
1.965910187824180117e-16
1.961350889109928929e-16
1.956802715865648498e-16
1.952265638452665620e-16
1.947739317967238860e-16
1.943224036475437625e-16
1.938719610982905598e-16
1.934226013780989517e-16
1.929743217220109477e-16
1.925271345620359061e-16
1.920810218454196100e-16
1.916359808282114595e-16
1.911920087728687471e-16
1.907491179218870073e-16
1.903072904678326285e-16
1.898665236913224566e-16
1.894268148788055835e-16
1.889881613225559019e-16
1.885505750283375325e-16
1.881140238320067791e-16
1.876785344063156750e-16
1.872440893596850197e-16
1.868107005120737671e-16
1.863783361430713214e-16
1.859470225307538537e-16
1.855167281738502387e-16
1.850874791551210723e-16
1.846592584313603078e-16
1.842320633595687133e-16
1.838058913024746065e-16
1.833807537168401542e-16
1.829566197498422832e-16
1.825335009202031801e-16
1.821114085513044592e-16
1.816903259969993560e-16
1.812702506547783300e-16
1.808511661387700032e-16
1.804330974850810278e-16
1.800160282697450452e-16
1.795999559128821732e-16
1.791848778402492858e-16
1.787708050279905815e-16
1.783577077752918684e-16
1.779455971180166791e-16
1.775344705043879069e-16
1.771243387408561057e-16
1.767151725339839025e-16
1.763069827491498597e-16
1.758997800673361303e-16
1.754935354967660720e-16
1.750882597767634019e-16
1.746839503945485986e-16
1.742806178661764193e-16
1.738782335969975183e-16
1.734768081606353799e-16
1.730763519511971203e-16
1.726768366681095969e-16
1.722782727624758661e-16
1.718806577601023788e-16
1.714839891922737320e-16
1.710882646300487662e-16
1.706934817869356687e-16
1.702996384155722477e-16
1.699067197503932993e-16
1.695147486439497803e-16
1.691237102955447882e-16
1.687335900867673060e-16
1.683444106180797027e-16
1.679561449341224237e-16
1.675688032102898640e-16
1.671823832366382166e-16
1.667968828079350718e-16
1.664122997236521703e-16
1.660286197022776426e-16
1.656458647668683752e-16
1.652640086021212099e-16
1.648830611114604649e-16
1.645030201173021467e-16
1.641238834467282758e-16
1.637456489314799834e-16
1.633683026187758185e-16
1.629918542222856976e-16
1.626163132930921244e-16
1.622416425634196093e-16
1.618678750053575916e-16
1.614949967721232933e-16
1.611229941862937936e-16
1.607518767389110476e-16
1.603816423024257976e-16
1.600122887538830622e-16
1.596438025960959514e-16
1.592761931744937661e-16
1.589094583794110701e-16
1.585435848470845930e-16
1.581785930340610718e-16
1.578144583664829503e-16
1.574511900111361101e-16
1.570887747801439760e-16
1.567272328309423255e-16
1.563665399230515703e-16
1.560066940993378060e-16
1.556477152958069559e-16
1.552895795187737277e-16
1.549322848228962331e-16
1.545758509252988825e-16
1.542202540764441992e-16
1.538655030959814998e-16
1.535115852249553369e-16
1.531585092150750225e-16
1.528062730312548689e-16
1.524548639530018456e-16
1.521042901954726455e-16
1.517545492149151943e-16
1.514056279826784016e-16
1.510575345321122333e-16
1.507102559200621960e-16
1.503638104981863901e-16
1.500181646102871379e-16
1.496733468906081438e-16
1.493293341849063134e-16
1.489861241056393407e-16
1.486437244700866118e-16
1.483021327936883785e-16
1.479613364698448583e-16
1.476213432252030354e-16
1.472821405357645555e-16
1.469437360682304683e-16
1.466061173806391464e-16
1.462692920802272306e-16
1.459332577231220761e-16
1.455980019895593955e-16
1.452635323986655636e-16
1.449298367113163419e-16
1.445969126101358899e-16
1.442647675268162721e-16
1.439333990517609487e-16
1.436027951054815953e-16
1.432729533918122773e-16
1.429438812277451520e-16
1.426155762263155813e-16
1.422880264655035377e-16
1.419612296702024929e-16
1.416351930445296034e-16
1.413099142239765617e-16
1.409853720339101073e-16
1.406615924439714857e-16
1.403385449811459722e-16
1.400162461187399211e-16
1.396946935198898912e-16
1.393738756089461895e-16
1.390537901574559162e-16
1.387344441218930681e-16
1.384158260396122521e-16
1.380979428132912436e-16
1.377807830551015492e-16
1.374643445621060241e-16
1.371486341569129631e-16
1.368336405627997791e-16
1.365193615919597534e-16
1.362058039878814396e-16
1.358929569309879339e-16
1.355808288462378749e-16
1.352694018811813280e-16
1.349587024407085388e-16
1.346487039288952783e-16
1.343394238217790552e-16
1.340308532175135886e-16
1.337229920148750080e-16
1.334158487607247509e-16
1.331094146403059421e-16
1.328036895476543228e-16
1.324986819347193581e-16
1.321943830729288290e-16
1.318907928516709273e-16
1.315879111586965642e-16
1.312857463209686744e-16
1.309842897233260708e-16
1.306835412489947830e-16
1.303835091325210145e-16
1.300841765190249861e-16
1.297855599639293060e-16
1.294876592575000184e-16
1.291904577147224177e-16
1.288939717130727256e-16
1.285981846795540414e-16
1.283031128739093119e-16
1.280087560806348034e-16
1.277150978935693397e-16
1.274221543978232639e-16
1.271299092972505580e-16
1.268383785614241586e-16
1.265475539863569780e-16
1.262574433885578579e-16
1.259680306898478309e-16
1.256793316316368792e-16
1.253913381160239540e-16
1.251040421535892495e-16
1.248174593166453100e-16
1.245315893766133033e-16
1.242464165762346371e-16
1.239619485839108988e-16
1.236781929588025380e-16
1.233951341013506422e-16
1.231127872517024395e-16
1.228311445448380622e-16
1.225502058246193804e-16
1.222699709335848519e-16
1.219904397129591851e-16
1.217116120026621643e-16
1.214334876413179933e-16
1.211560652520130044e-16
1.208793386071635933e-16
1.206033077063285650e-16
1.203279502796432522e-16
1.200532737658878564e-16
1.197792560405524812e-16
1.195059044829184804e-16
1.192331971128459096e-16
1.189611412506365920e-16
1.186897150595479434e-16
1.184189185821573260e-16
1.181487517819212268e-16
1.178791930353971126e-16
1.176102495176424270e-16
1.173418997462332856e-16
1.170741508389846977e-16
1.168069814535607200e-16
1.165403986510076876e-16
1.162743812281584029e-16
1.160089291914629130e-16
1.157440354967224619e-16
1.154796931202021095e-16
1.152158950585746244e-16
1.149526343288653368e-16
1.146899039683963275e-16
1.144276970347310343e-16
1.141660066056191800e-16
1.139048189713522323e-16
1.136441408885420375e-16
1.133839519033098107e-16
1.131242587183457477e-16
1.128650410132500267e-16
1.126062920552438668e-16
1.123480184666597535e-16
1.120902134152556993e-16
1.118328436012624364e-16
1.115759421013981954e-16
1.113194625485147983e-16
1.110634246769528793e-16
1.108078217533002146e-16
1.105526340474275165e-16
1.102978550006487437e-16
1.100434909998495168e-16
1.097895225079343062e-16
1.095359430231840815e-16
1.092827588554870537e-16
1.090299634075829929e-16
1.087775246930189611e-16
1.085254617383161555e-16
1.082737680036370227e-16
