# te
3.570316076278686523e+00
4.183727741241455078e+00
4.076515197753906250e+00
3.590170145034790039e+00
2.966113567352294922e+00
2.351335763931274414e+00
1.827872037887573242e+00
1.427579641342163086e+00
1.159090757369995117e+00
1.012301564216613770e+00
9.659534692764282227e-01
9.852530360221862793e-01
1.035301685333251953e+00
1.100352406501770020e+00
1.170797824859619141e+00
1.239244580268859863e+00
1.301738977432250977e+00
1.359111785888671875e+00
1.411736607551574707e+00
1.467716336250305176e+00
1.533599376678466797e+00
1.606891036033630371e+00
1.683137893676757812e+00
1.759019494056701660e+00
1.832552075386047363e+00
1.898759126663208008e+00
1.953980565071105957e+00
1.997692823410034180e+00
2.029265880584716797e+00
2.050829887390136719e+00
2.064149379730224609e+00
2.066917181015014648e+00
2.058176755905151367e+00
2.043395280838012695e+00
2.026630401611328125e+00
2.003736972808837891e+00
1.971115827560424805e+00
1.926710486412048340e+00
1.868646979331970215e+00
1.795241117477416992e+00
1.706389784812927246e+00
1.602402567863464355e+00
1.484481453895568848e+00
1.353902578353881836e+00
1.209855556488037109e+00
1.053067564964294434e+00
8.873063325881958008e-01
7.157456278800964355e-01
5.347741842269897461e-01
3.393791019916534424e-01
1.245720982551574707e-01
-1.127779409289360046e-01
-3.678314387798309326e-01
-6.356327533721923828e-01
-9.174168705940246582e-01
-1.212865352630615234e+00
-1.522504925727844238e+00
-1.846883773803710938e+00
-2.185116291046142578e+00
-2.536199092864990234e+00
-2.901034593582153320e+00
-3.280630588531494141e+00
-3.676217794418334961e+00
-4.088432312011718750e+00
-4.515495777130126953e+00
-4.955037593841552734e+00
-5.405839920043945312e+00
-5.866611003875732422e+00
-6.339476108551025391e+00
-6.827099800109863281e+00
-7.330360412597656250e+00
-7.849188804626464844e+00
-8.382029533386230469e+00
-8.926731109619140625e+00
-9.482161521911621094e+00
-1.004835987091064453e+01
-1.062712574005126953e+01
-1.121505355834960938e+01
-1.181394481658935547e+01
-1.242459011077880859e+01
-1.304597949981689453e+01
-1.367757987976074219e+01
-1.431737709045410156e+01
-1.496632099151611328e+01
-1.562321567535400391e+01
-1.628716278076171875e+01
-1.695808601379394531e+01
-1.763739585876464844e+01
-1.832203674316406250e+01
-1.901269149780273438e+01
-1.970858955383300781e+01
-2.040971946716308594e+01
-2.111458015441894531e+01
-2.182390785217285156e+01
-2.253694152832031250e+01
-2.325292778015136719e+01
-2.396962738037109375e+01
-2.468999481201171875e+01
-2.540956497192382812e+01
-2.613129425048828125e+01
-2.685294342041015625e+01
-2.757524299621582031e+01
-2.829520797729492188e+01
-2.901431274414062500e+01
-2.973180389404296875e+01
-3.044618415832519531e+01
-3.115818023681640625e+01
-3.186630058288574219e+01
-3.256904220581054688e+01
-3.326786804199218750e+01
-3.396197128295898438e+01
-3.464977645874023438e+01
-3.533045959472656250e+01
-3.600393676757812500e+01
-3.666938400268554688e+01
-3.732596969604492188e+01
-3.797436904907226562e+01
-3.861225509643554688e+01
-3.923955154418945312e+01
-3.985617828369140625e+01
-4.046131134033203125e+01
-4.105486297607421875e+01
-4.163377761840820312e+01
-4.220021438598632812e+01
-4.275334167480468750e+01
-4.329233169555664062e+01
-4.381636810302734375e+01
-4.432461929321289062e+01
-4.481626510620117188e+01
-4.529272842407226562e+01
-4.575103378295898438e+01
-4.619343185424804688e+01
-4.661548233032226562e+01
-4.702017211914062500e+01
-4.740380859375000000e+01
-4.776863861083984375e+01
-4.811319351196289062e+01
-4.843674850463867188e+01
-4.874005889892578125e+01
-4.902093124389648438e+01
-4.928011322021484375e+01
-4.951762771606445312e+01
-4.973274993896484375e+01
-4.992475891113281250e+01
-5.009367752075195312e+01
-5.023802947998046875e+01
-5.035932540893554688e+01
-5.045610046386718750e+01
-5.052614212036132812e+01
-5.057244110107421875e+01
-5.059351730346679688e+01
-5.058713531494140625e+01
-5.055553436279296875e+01
-5.049796295166015625e+01
-5.041443252563476562e+01
-5.030344772338867188e+01
-5.016575622558593750e+01
-5.000135803222656250e+01
-4.980876922607421875e+01
-4.958948516845703125e+01
-4.934349441528320312e+01
-4.906931686401367188e+01
-4.876844024658203125e+01
-4.843864059448242188e+01
-4.808139801025390625e+01
-4.769746017456054688e+01
-4.728459930419921875e+01
-4.684281921386718750e+01
-4.637360763549804688e+01
-4.587473297119140625e+01
-4.534767913818359375e+01
-4.479246139526367188e+01
-4.420906829833984375e+01
-4.359676361083984375e+01
-4.295556259155273438e+01
-4.228701400756835938e+01
-4.158971023559570312e+01
-4.086373138427734375e+01
-4.011064529418945312e+01
-3.933052444458007812e+01
-3.852196502685546875e+01
-3.768652725219726562e+01
-3.682355117797851562e+01
-3.593534088134765625e+01
-3.501900863647460938e+01
-3.407611083984375000e+01
-3.310821533203125000e+01
-3.211391448974609375e+01
-3.109551429748535156e+01
-3.005011940002441406e+01
-2.898003959655761719e+01
-2.788683319091796875e+01
-2.676835441589355469e+01
-2.562690734863281250e+01
-2.446182632446289062e+01
-2.327467536926269531e+01
-2.206478691101074219e+01
-2.083298301696777344e+01
-1.958008003234863281e+01
-1.830541038513183594e+01
-1.701052093505859375e+01
-1.569471836090087891e+01
-1.436103153228759766e+01
-1.300728511810302734e+01
-1.163479709625244141e+01
-1.024406719207763672e+01
-8.835667610168457031e+00
-7.410025596618652344e+00
-5.968084335327148438e+00
-4.509957790374755859e+00
-3.036634445190429688e+00
-1.548122525215148926e+00
-4.567886143922805786e-02
1.469901204109191895e+00
2.999085903167724609e+00
4.539816379547119141e+00
6.092264652252197266e+00
7.657343864440917969e+00
9.230545997619628906e+00
1.081404685974121094e+01
1.240631103515625000e+01
1.400803089141845703e+01
1.561543941497802734e+01
1.723145866394042969e+01
1.885232353210449219e+01
2.047947120666503906e+01
2.211136627197265625e+01
2.374647331237792969e+01
2.538548278808593750e+01
2.702760696411132812e+01
2.867130851745605469e+01
3.031505393981933594e+01
3.195953941345214844e+01
3.360322952270507812e+01
3.524607467651367188e+01
3.688654327392578125e+01
3.852458953857421875e+01
4.015942001342773438e+01
4.178876495361328125e+01
4.341331100463867188e+01
4.503227615356445312e+01
4.664412689208984375e+01
4.824956130981445312e+01
4.984555816650390625e+01
5.143356323242187500e+01
5.301129531860351562e+01
5.457871627807617188e+01
5.613503646850585938e+01
5.767873001098632812e+01
5.921050262451171875e+01
6.072892761230468750e+01
6.223261260986328125e+01
6.372161865234375000e+01
6.519602203369140625e+01
6.665590667724609375e+01
6.809317016601562500e+01
6.952053833007812500e+01
7.092320251464843750e+01
7.231612396240234375e+01
7.367707824707031250e+01
7.502844238281250000e+01
7.636284637451171875e+01
7.767296600341796875e+01
7.895143127441406250e+01
8.022061920166015625e+01
8.145831298828125000e+01
8.267945861816406250e+01
8.387670135498046875e+01
8.505011749267578125e+01
8.619979095458984375e+01
8.731837463378906250e+01
8.842080688476562500e+01
8.948487091064453125e+01
9.053295135498046875e+01
9.154282379150390625e+01
9.253685760498046875e+01
9.349285125732421875e+01
9.441832733154296875e+01
9.532820129394531250e+01
9.620027923583984375e+01
9.704206848144531250e+01
9.785364532470703125e+01
9.863509368896484375e+01
9.938649749755859375e+01
1.001005096435546875e+02
1.007920608520507812e+02
1.014463806152343750e+02
1.020709762573242188e+02
1.026659317016601562e+02
1.032164611816406250e+02
1.037449417114257812e+02
1.042291564941406250e+02
1.046914901733398438e+02
1.051097259521484375e+02
1.054988021850585938e+02
1.058588027954101562e+02
1.061749420166015625e+02
1.064547271728515625e+02
1.066982574462890625e+02
1.069130401611328125e+02
1.070992202758789062e+02
1.072420806884765625e+02
1.073417739868164062e+02
1.074132995605468750e+02
1.074493942260742188e+02
1.074427566528320312e+02
1.074158477783203125e+02
1.073390808105468750e+02
1.072349014282226562e+02
1.070885848999023438e+02
1.069151535034179688e+02
1.066998901367187500e+02
1.064577941894531250e+02
1.061741638183593750e+02
1.058565750122070312e+02
1.055051651000976562e+02
1.051200866699218750e+02
1.047014923095703125e+02
1.042569427490234375e+02
1.037717361450195312e+02
1.032534484863281250e+02
1.027022094726562500e+02
1.021107559204101562e+02
1.015015029907226562e+02
1.008448867797851562e+02
1.001633300781250000e+02
9.945699310302734375e+01
9.871113586425781250e+01
9.793334960937500000e+01
9.713120269775390625e+01
9.630484008789062500e+01
9.544696044921875000e+01
9.455772399902343750e+01
9.363724517822265625e+01
9.269312286376953125e+01
9.171062469482421875e+01
9.071217346191406250e+01
8.968305969238281250e+01
8.863828277587890625e+01
8.755567932128906250e+01
8.645025634765625000e+01
8.532215881347656250e+01
8.417150878906250000e+01
8.299845123291015625e+01
8.181055450439453125e+01
8.059309387207031250e+01
7.935363769531250000e+01
7.809231567382812500e+01
7.681669616699218750e+01
7.551944732666015625e+01
7.420058441162109375e+01
7.287493896484375000e+01
7.152017974853515625e+01
7.015116119384765625e+01
6.877526855468750000e+01
6.737761688232421875e+01
6.597305297851562500e+01
6.454666900634765625e+01
6.310958099365234375e+01
6.165731430053710938e+01
6.019280242919921875e+01
5.871824645996093750e+01
5.722990036010742188e+01
5.573367309570312500e+01
5.422656250000000000e+01
5.271077346801757812e+01
5.118774795532226562e+01
4.965523529052734375e+01
4.811839294433593750e+01
4.657347869873046875e+01
4.502491378784179688e+01
4.346969604492187500e+01
4.191149902343750000e+01
4.035029602050781250e+01
3.878604507446289062e+01
3.722168731689453125e+01
3.565420913696289062e+01
3.408803558349609375e+01
3.252090454101562500e+01
3.095574760437011719e+01
2.939326667785644531e+01
2.783194732666015625e+01
2.627545928955078125e+01
2.472228050231933594e+01
2.317460441589355469e+01
2.163238716125488281e+01
2.009708023071289062e+01
1.856864356994628906e+01
1.704926681518554688e+01
1.553742313385009766e+01
1.403604602813720703e+01
1.254435253143310547e+01
1.106453037261962891e+01
9.595054626464843750e+00
8.139451026916503906e+00
6.696340560913085938e+00
5.267020225524902344e+00
3.852318763732910156e+00
2.453078746795654297e+00
1.069821238517761230e+00
-2.967797219753265381e-01
-1.646409749984741211e+00
-2.977788448333740234e+00
-4.292013168334960938e+00
-5.587134361267089844e+00
-6.864920139312744141e+00
-8.121190071105957031e+00
-9.358453750610351562e+00
-1.057625007629394531e+01
-1.177262878417968750e+01
-1.294861316680908203e+01
-1.410299587249755859e+01
-1.523606109619140625e+01
-1.634585571289062500e+01
-1.743414497375488281e+01
-1.850046920776367188e+01
-1.954213523864746094e+01
-2.056016159057617188e+01
-2.155483436584472656e+01
-2.252494049072265625e+01
-2.347150611877441406e+01
-2.439257812500000000e+01
-2.528918075561523438e+01
-2.615936088562011719e+01
-2.700414276123046875e+01
-2.782454681396484375e+01
-2.861713218688964844e+01
-2.938366699218750000e+01
-3.012442588806152344e+01
-3.083820152282714844e+01
-3.152601242065429688e+01
-3.218516159057617188e+01
-3.281890106201171875e+01
-3.342527770996093750e+01
-3.400456237792968750e+01
-3.455554580688476562e+01
-3.507850265502929688e+01
-3.557519149780273438e+01
-3.604291915893554688e+01
-3.648418807983398438e+01
-3.689703750610351562e+01
-3.728248596191406250e+01
-3.763932037353515625e+01
-3.796855545043945312e+01
-3.826897048950195312e+01
-3.854307174682617188e+01
-3.878964614868164062e+01
-3.900747299194335938e+01
-3.919905090332031250e+01
-3.936241531372070312e+01
-3.950002670288085938e+01
-3.960988616943359375e+01
-3.969370651245117188e+01
-3.975170898437500000e+01
-3.977743911743164062e+01
-3.978523635864257812e+01
-3.975674438476562500e+01
-3.970779800415039062e+01
-3.963267135620117188e+01
-3.953233337402343750e+01
-3.940106201171875000e+01
-3.925765228271484375e+01
-3.907260513305664062e+01
-3.887586212158203125e+01
-3.864535140991210938e+01
-3.839615631103515625e+01
-3.812105941772460938e+01
-3.782771301269531250e+01
-3.750890731811523438e+01
-3.716485595703125000e+01
-3.680319976806640625e+01
-3.641672897338867188e+01
-3.601309585571289062e+01
-3.558507156372070312e+01
-3.513510513305664062e+01
-3.467306900024414062e+01
-3.418059921264648438e+01
-3.368243026733398438e+01
-3.315945053100585938e+01
-3.261558532714843750e+01
-3.205699539184570312e+01
-3.148611450195312500e+01
-3.089720344543457031e+01
-3.029196357727050781e+01
-2.967282485961914062e+01
-2.903999900817871094e+01
-2.839294624328613281e+01
-2.773336029052734375e+01
-2.706069946289062500e+01
-2.637814521789550781e+01
-2.568515586853027344e+01
-2.498044586181640625e+01
-2.426793670654296875e+01
-2.354634094238281250e+01
-2.281734848022460938e+01
-2.208041572570800781e+01
-2.133871650695800781e+01
-2.058947563171386719e+01
-1.983735466003417969e+01
-1.908100128173828125e+01
-1.832032012939453125e+01
-1.755737304687500000e+01
-1.679051780700683594e+01
-1.602330589294433594e+01
-1.525334358215332031e+01
-1.448269939422607422e+01
-1.371046638488769531e+01
-1.293945312500000000e+01
-1.216875076293945312e+01
-1.139819622039794922e+01
-1.062910842895507812e+01
-9.862809181213378906e+00
-9.099132537841796875e+00
-8.337911605834960938e+00
-7.580464363098144531e+00
-6.827368736267089844e+00
-6.079200267791748047e+00
-5.335046768188476562e+00
-4.597712516784667969e+00
-3.867030143737792969e+00
-3.142830133438110352e+00
-2.426429986953735352e+00
-1.718403339385986328e+00
-1.017837882041931152e+00
-3.267931342124938965e-01
3.541575968265533447e-01
1.023698091506958008e+00
1.683484673500061035e+00
2.329972028732299805e+00
2.966303110122680664e+00
3.588932991027832031e+00
4.198032379150390625e+00
4.793027400970458984e+00
5.373347759246826172e+00
5.939162731170654297e+00
6.489156723022460938e+00
7.022758007049560547e+00
7.539392948150634766e+00
8.038490295410156250e+00
8.520219802856445312e+00
8.982522010803222656e+00
9.426014900207519531e+00
9.849899291992187500e+00
1.025375366210937500e+01
1.063670635223388672e+01
1.099862861633300781e+01
1.133865165710449219e+01
1.165624332427978516e+01
1.195099449157714844e+01
1.222251605987548828e+01
1.247015094757080078e+01
1.269415664672851562e+01
1.289419460296630859e+01
1.306992530822753906e+01
1.322168064117431641e+01
1.334815502166748047e+01
1.345042037963867188e+01
1.352820968627929688e+01
1.358051681518554688e+01
1.360781669616699219e+01
1.360984039306640625e+01
1.358855247497558594e+01
1.353922367095947266e+01
1.346604633331298828e+01
1.336651992797851562e+01
1.324186325073242188e+01
1.309105968475341797e+01
1.291681194305419922e+01
1.271439170837402344e+01
1.248649597167968750e+01
1.223359680175781250e+01
1.195393371582031250e+01
1.164946174621582031e+01
1.131842041015625000e+01
1.096276187896728516e+01
1.058146762847900391e+01
1.017426013946533203e+01
9.742348670959472656e+00
9.283966064453125000e+00
8.801808357238769531e+00
8.294106483459472656e+00
7.760580062866210938e+00
7.203176498413085938e+00
6.620871067047119141e+00
6.014122009277343750e+00
5.383388519287109375e+00
4.727643013000488281e+00
4.048827171325683594e+00
3.346655368804931641e+00
2.620839118957519531e+00
1.871089816093444824e+00
1.100090622901916504e+00
3.053213953971862793e-01
-5.105367302894592285e-01
-1.349262356758117676e+00
-2.208919286727905273e+00
-3.089801549911499023e+00
-3.990718364715576172e+00
-4.912708759307861328e+00
-5.854606628417968750e+00
-6.816831111907958984e+00
-7.796851158142089844e+00
-8.796596527099609375e+00
-9.815027236938476562e+00
-1.085184478759765625e+01
-1.190675163269042969e+01
-1.297945117950439453e+01
-1.406965255737304688e+01
-1.517705821990966797e+01
-1.630063247680664062e+01
-1.743934249877929688e+01
-1.859512519836425781e+01
-1.976620292663574219e+01
-2.095154571533203125e+01
-2.215086555480957031e+01
-2.336387443542480469e+01
-2.459102630615234375e+01
-2.582906723022460938e+01
-2.707993888854980469e+01
-2.834261894226074219e+01
-2.961682128906250000e+01
-3.090003585815429688e+01
-3.219346618652343750e+01
-3.349683380126953125e+01
-3.480837631225585938e+01
-3.612781143188476562e+01
-3.745485687255859375e+01
-3.878850555419921875e+01
-4.012921524047851562e+01
-4.147374343872070312e+01
-4.282404327392578125e+01
-4.417760848999023438e+01
-4.553416824340820312e+01
-4.689308547973632812e+01
-4.825341796875000000e+01
-4.961548614501953125e+01
-5.097686767578125000e+01
-5.233825683593750000e+01
-5.369779586791992188e+01
-5.505524444580078125e+01
-5.640955352783203125e+01
-5.775999450683593750e+01
-5.910560989379882812e+01
-6.044584655761718750e+01
-6.177977752685546875e+01
-6.310697937011718750e+01
-6.442526245117187500e+01
-6.573510742187500000e+01
-6.703475952148437500e+01
-6.832405853271484375e+01
-6.960241699218750000e+01
-7.086862945556640625e+01
-7.212220764160156250e+01
-7.336415100097656250e+01
-7.459326171875000000e+01
-7.580829620361328125e+01
-7.701026916503906250e+01
-7.819796752929687500e+01
-7.937089538574218750e+01
-8.052784729003906250e+01
-8.167057037353515625e+01
-8.279784393310546875e+01
-8.390770721435546875e+01
-8.500117492675781250e+01
-8.607701110839843750e+01
-8.713549041748046875e+01
-8.817613983154296875e+01
-8.919773864746093750e+01
-9.019906616210937500e+01
-9.118186950683593750e+01
-9.214493560791015625e+01
-9.308630371093750000e+01
-9.400697326660156250e+01
-9.490647888183593750e+01
-9.578284454345703125e+01
-9.663708496093750000e+01
-9.746872711181640625e+01
-9.827654266357421875e+01
-9.906079864501953125e+01
-9.981952667236328125e+01
-1.005544815063476562e+02
-1.012651901245117188e+02
-1.019496841430664062e+02
-1.026082077026367188e+02
-1.032321243286132812e+02
-1.038328399658203125e+02
-1.044083862304687500e+02
-1.049515991210937500e+02
-1.054701538085937500e+02
-1.059568939208984375e+02
-1.064120712280273438e+02
-1.068433837890625000e+02
-1.072362213134765625e+02
-1.075982666015625000e+02
-1.079446563720703125e+02
-1.082459106445312500e+02
-1.085171432495117188e+02
-1.087511825561523438e+02
-1.089557189941406250e+02
-1.091310501098632812e+02
-1.092628936767578125e+02
-1.093815994262695312e+02
-1.094506149291992188e+02
-1.094854202270507812e+02
-1.094940719604492188e+02
-1.094697570800781250e+02
-1.093982238769531250e+02
-1.093098297119140625e+02
-1.091828842163085938e+02
-1.090179977416992188e+02
-1.088306350708007812e+02
-1.085991439819335938e+02
-1.083389816284179688e+02
-1.080507431030273438e+02
-1.077276306152343750e+02
-1.073628082275390625e+02
-1.069791793823242188e+02
-1.065476303100585938e+02
-1.060984725952148438e+02
-1.056026000976562500e+02
-1.050754699707031250e+02
-1.045251312255859375e+02
-1.039447250366210938e+02
-1.033274307250976562e+02
-1.026738586425781250e+02
-1.019994506835937500e+02
-1.012899398803710938e+02
-1.005533599853515625e+02
-9.978287506103515625e+01
-9.897906494140625000e+01
-9.814251708984375000e+01
-9.728870391845703125e+01
-9.638845825195312500e+01
-9.547954559326171875e+01
-9.452539062500000000e+01
-9.355628967285156250e+01
-9.254312133789062500e+01
-9.150873565673828125e+01
-9.045372009277343750e+01
-8.937122344970703125e+01
-8.825440216064453125e+01
-8.711868286132812500e+01
-8.594977569580078125e+01
-8.477054595947265625e+01
-8.354441833496093750e+01
-8.230910491943359375e+01
-8.105033111572265625e+01
-7.977607727050781250e+01
-7.847205352783203125e+01
-7.714621734619140625e+01
-7.579154205322265625e+01
-7.442324829101562500e+01
-7.302683258056640625e+01
-7.161750793457031250e+01
-7.018820953369140625e+01
-6.873185729980468750e+01
-6.725624084472656250e+01
-6.576913452148437500e+01
-6.426347351074218750e+01
-6.273959350585937500e+01
-6.119784927368164062e+01
-5.963859176635742188e+01
-5.806959533691406250e+01
-5.647634124755859375e+01
-5.487403488159179688e+01
-5.325559997558593750e+01
-5.161393737792968750e+01
-4.997167968750000000e+01
-4.831430435180664062e+01
-4.664215850830078125e+01
-4.494813919067382812e+01
-4.325488281250000000e+01
-4.155528640747070312e+01
-3.984225845336914062e+01
-3.812356185913085938e+01
-3.639210128784179688e+01
-3.464819717407226562e+01
-3.290705490112304688e+01
-3.115413856506347656e+01
-2.940464019775390625e+01
-2.765888404846191406e+01
-2.589490318298339844e+01
-2.412789154052734375e+01
-2.236560440063476562e+01
-2.057864189147949219e+01
-1.880448341369628906e+01
-1.703602409362792969e+01
-1.527358531951904297e+01
-1.350262928009033203e+01
-1.173090839385986328e+01
-9.973605155944824219e+00
-8.208750724792480469e+00
-6.458957195281982422e+00
-4.709683895111083984e+00
-2.976112842559814453e+00
-1.243701457977294922e+00
4.723681509494781494e-01
2.179208040237426758e+00
3.876498937606811523e+00
5.556593418121337891e+00
7.241979598999023438e+00
8.895797729492187500e+00
1.054807090759277344e+01
1.218423271179199219e+01
1.380458164215087891e+01
1.540941333770751953e+01
1.700645637512207031e+01
1.858114624023437500e+01
2.014864158630371094e+01
2.170106506347656250e+01
2.323425483703613281e+01
2.474925231933593750e+01
2.624857902526855469e+01
2.773030471801757812e+01
2.919472694396972656e+01
3.064139366149902344e+01
3.206985855102539062e+01
3.347967529296875000e+01
3.487113952636718750e+01
3.624156570434570312e+01
3.759274291992187500e+01
3.892421340942382812e+01
4.023553085327148438e+01
4.152475738525390625e+01
4.279293060302734375e+01
4.403810501098632812e+01
4.526131820678710938e+01
4.646137237548828125e+01
4.763633346557617188e+01
4.878796768188476562e+01
4.991508102416992188e+01
5.101721191406250000e+01
5.209465789794921875e+01
5.314620971679687500e+01
5.417215347290039062e+01
5.517128753662109375e+01
5.614389419555664062e+01
5.709025192260742188e+01
5.800841903686523438e+01
5.889719009399414062e+01
5.975981521606445312e+01
6.059062194824218750e+01
6.139360809326171875e+01
6.216608428955078125e+01
6.290779495239257812e+01
6.361931610107421875e+01
6.429898071289062500e+01
6.494769287109375000e+01
6.556461334228515625e+01
6.614945983886718750e+01
6.670243072509765625e+01
6.722342681884765625e+01
6.771166992187500000e+01
6.816876983642578125e+01
6.859351348876953125e+01
6.898579406738281250e+01
6.934623718261718750e+01
6.967623138427734375e+01
6.997344207763671875e+01
7.023849487304687500e+01
7.047276306152343750e+01
7.067465209960937500e+01
7.084553527832031250e+01
7.098380279541015625e+01
7.109082031250000000e+01
7.116649627685546875e+01
7.121141815185546875e+01
7.122547912597656250e+01
7.120856475830078125e+01
7.116053771972656250e+01
7.108276367187500000e+01
7.097436523437500000e+01
7.083522796630859375e+01
7.066743469238281250e+01
7.047012329101562500e+01
7.024240112304687500e+01
6.998563385009765625e+01
6.970042419433593750e+01
6.938662719726562500e+01
6.904336547851562500e+01
6.867197418212890625e+01
6.827157592773437500e+01
6.784500122070312500e+01
6.738986206054687500e+01
6.690750122070312500e+01
6.639851379394531250e+01
6.586274719238281250e+01
6.530079650878906250e+01
6.471175384521484375e+01
6.409844207763671875e+01
6.346069717407226562e+01
6.279762268066406250e+01
6.210979461669921875e+01
6.140002822875976562e+01
6.066592407226562500e+01
5.990954589843750000e+01
5.913072967529296875e+01
5.832929992675781250e+01
5.750732421875000000e+01
5.666384124755859375e+01
5.580000305175781250e+01
5.491542816162109375e+01
5.401048278808593750e+01
5.308552551269531250e+01
5.214091873168945312e+01
5.117702102661132812e+01
5.019493484497070312e+01
4.919353103637695312e+01
4.817538833618164062e+01
4.713863754272460938e+01
4.608510971069335938e+01
4.501442337036132812e+01
4.392840194702148438e+01
4.282666015625000000e+01
4.170879745483398438e+01
4.057738876342773438e+01
3.943054962158203125e+01
3.827011489868164062e+01
3.709567642211914062e+01
3.590832138061523438e+01
3.470912933349609375e+01
3.349845123291015625e+01
3.227587127685546875e+01
3.104247093200683594e+01
2.980007553100585938e+01
2.854753303527832031e+01
2.728592300415039062e+01
2.601706314086914062e+01
2.473980331420898438e+01
2.345595741271972656e+01
2.216586112976074219e+01
2.087058639526367188e+01
1.957120704650878906e+01
1.826582527160644531e+01
1.695774078369140625e+01
1.564653968811035156e+01
1.433329582214355469e+01
1.301833248138427734e+01
1.170272350311279297e+01
1.038679504394531250e+01
9.071619033813476562e+00
7.758262157440185547e+00
6.446309566497802734e+00
5.137573719024658203e+00
3.832380056381225586e+00
2.532541036605834961e+00
1.237639665603637695e+00
-5.051205307245254517e-02
-1.332331299781799316e+00
-2.606106996536254883e+00
-3.871273994445800781e+00
-5.128854751586914062e+00
-6.377642154693603516e+00
-7.617914676666259766e+00
-8.849951744079589844e+00
-1.007180118560791016e+01
-1.128522777557373047e+01
-1.248902225494384766e+01
-1.368123340606689453e+01
-1.486436843872070312e+01
-1.603647232055664062e+01
-1.719782257080078125e+01
-1.834720611572265625e+01
-1.948564529418945312e+01
-2.061192512512207031e+01
-2.172632026672363281e+01
-2.282836151123046875e+01
-2.391683387756347656e+01
-2.499349784851074219e+01
-2.605639266967773438e+01
-2.710504722595214844e+01
-2.814047431945800781e+01
-2.916219711303710938e+01
-3.016825866699218750e+01
-3.115966606140136719e+01
-3.213519668579101562e+01
-3.309527206420898438e+01
-3.403881835937500000e+01
-3.496623611450195312e+01
-3.587705993652343750e+01
-3.677050018310546875e+01
-3.764672088623046875e+01
-3.850524139404296875e+01
-3.934587097167968750e+01
-4.016784667968750000e+01
-4.097150421142578125e+01
-4.175591278076171875e+01
-4.251998138427734375e+01
-4.326537322998046875e+01
-4.399034118652343750e+01
-4.469512557983398438e+01
-4.537923431396484375e+01
-4.604143142700195312e+01
-4.668270111083984375e+01
-4.730180358886718750e+01
-4.789972305297851562e+01
-4.847373199462890625e+01
-4.902554702758789062e+01
-4.955467605590820312e+01
-5.005918121337890625e+01
-5.054034423828125000e+01
-5.099877548217773438e+01
-5.143358993530273438e+01
-5.184389495849609375e+01
-5.223177337646484375e+01
-5.259634399414062500e+01
-5.293745422363281250e+01
-5.325569534301757812e+01
-5.355091857910156250e+01
-5.382296752929687500e+01
-5.407392120361328125e+01
-5.430064773559570312e+01
-5.450595474243164062e+01
-5.468821334838867188e+01
-5.484872436523437500e+01
-5.498734664916992188e+01
-5.510390090942382812e+01
-5.519896316528320312e+01
-5.527237701416015625e+01
-5.532470321655273438e+01
-5.535577392578125000e+01
-5.536318206787109375e+01
-5.535121917724609375e+01
-5.531523895263671875e+01
-5.526027297973632812e+01
-5.518464660644531250e+01
-5.508744430541992188e+01
-5.497143936157226562e+01
-5.483496856689453125e+01
-5.467710876464843750e+01
-5.450360107421875000e+01
-5.430979919433593750e+01
-5.409626388549804688e+01
-5.386501693725585938e+01
-5.361586761474609375e+01
-5.334862136840820312e+01
-5.306381607055664062e+01
-5.275828170776367188e+01
-5.243775939941406250e+01
-5.209758758544921875e+01
-5.174275970458984375e+01
-5.136935806274414062e+01
-5.098162841796875000e+01
-5.058010482788085938e+01
-5.015789031982421875e+01
-4.973037338256835938e+01
-4.928321838378906250e+01
-4.881695938110351562e+01
-4.833955001831054688e+01
-4.785147476196289062e+01
-4.734564971923828125e+01
-4.682980728149414062e+01
-4.630425643920898438e+01
-4.576186370849609375e+01
-4.521036148071289062e+01
-4.464262008666992188e+01
-4.406636810302734375e+01
-4.347447586059570312e+01
-4.287466430664062500e+01
-4.225979995727539062e+01
-4.163761138916015625e+01
-4.100095748901367188e+01
-4.036499404907226562e+01
-3.971514892578125000e+01
-3.905171203613281250e+01
-3.837497329711914062e+01
-3.769265365600585938e+01
-3.701246643066406250e+01
-3.631984329223632812e+01
-3.561506271362304688e+01
-3.489841079711914062e+01
-3.417760848999023438e+01
-3.345293045043945312e+01
-3.272467041015625000e+01
-3.198567008972167969e+01
-3.125107574462890625e+01
-3.049144363403320312e+01
-2.974420928955078125e+01
-2.899479293823242188e+01
-2.823604202270507812e+01
-2.747566223144531250e+01
-2.671393394470214844e+01
-2.595113563537597656e+01
-2.518011474609375000e+01
-2.442343902587890625e+01
-2.364423370361328125e+01
-2.287992668151855469e+01
-2.210850524902343750e+01
-2.135253524780273438e+01
-2.058257102966308594e+01
-1.982118034362792969e+01
-1.906120872497558594e+01
-1.831036186218261719e+01
-1.756891632080078125e+01
-1.682228851318359375e+01
-1.607818031311035156e+01
-1.534430313110351562e+01
-1.462093162536621094e+01
-1.390091037750244141e+01
-1.318962764739990234e+01
-1.248467540740966797e+01
-1.178875637054443359e+01
-1.110011577606201172e+01
-1.042071342468261719e+01
-9.748796463012695312e+00
-9.085579872131347656e+00
-8.431543350219726562e+00
-7.785674571990966797e+00
-7.149194240570068359e+00
-6.521093368530273438e+00
-5.903337001800537109e+00
-5.293430328369140625e+00
-4.694083213806152344e+00
-4.105032920837402344e+00
-3.525273799896240234e+00
-2.956030845642089844e+00
-2.395558357238769531e+00
-1.846568703651428223e+00
-1.308060765266418457e+00
-7.790337204933166504e-01
-2.622036635875701904e-01
2.434279173612594604e-01
7.381153106689453125e-01
1.222111821174621582e+00
1.693440079689025879e+00
2.153094053268432617e+00
2.599837303161621094e+00
3.035404682159423828e+00
3.457813978195190430e+00
3.866567611694335938e+00
4.263397216796875000e+00
4.646315574645996094e+00
5.016309261322021484e+00
5.372874259948730469e+00
5.714021682739257812e+00
6.042960643768310547e+00
6.356212139129638672e+00
6.656239509582519531e+00
6.940305233001708984e+00
7.210125446319580078e+00
7.464446067810058594e+00
7.702750682830810547e+00
7.925267696380615234e+00
8.132221221923828125e+00
8.323093414306640625e+00
8.497363090515136719e+00
8.655251502990722656e+00
8.795490264892578125e+00
8.919039726257324219e+00
9.025426864624023438e+00
9.114395141601562500e+00
9.185735702514648438e+00
9.241474151611328125e+00
9.279911994934082031e+00
9.300841331481933594e+00
9.306276321411132812e+00
9.294519424438476562e+00
9.266838073730468750e+00
9.221530914306640625e+00
9.161350250244140625e+00
9.084587097167968750e+00
8.991763114929199219e+00
8.883397102355957031e+00
8.760005950927734375e+00
8.620617866516113281e+00
8.465745925903320312e+00
8.296646118164062500e+00
8.110854148864746094e+00
7.911851406097412109e+00
7.697172641754150391e+00
7.468064308166503906e+00
7.225030422210693359e+00
6.967457294464111328e+00
6.695919036865234375e+00
6.410170078277587891e+00
6.111151695251464844e+00
5.798691272735595703e+00
5.473057746887207031e+00
5.134445190429687500e+00
4.783045768737792969e+00
4.419051170349121094e+00
4.042798042297363281e+00
3.654377698898315430e+00
3.254191398620605469e+00
2.842282533645629883e+00
2.419004440307617188e+00
1.984464168548583984e+00
1.539213180541992188e+00
1.083281040191650391e+00
6.172158718109130859e-01
1.410444676876068115e-01
-3.447621762752532959e-01
-8.398087024688720703e-01
-1.343924045562744141e+00
-1.857087254524230957e+00
-2.378535747528076172e+00
-2.909216880798339844e+00
-3.446438550949096680e+00
-3.991300106048583984e+00
-4.544116973876953125e+00
-5.103112697601318359e+00
-5.669517040252685547e+00
-6.242331504821777344e+00
-6.822046279907226562e+00
-7.407664775848388672e+00
-8.000420570373535156e+00
-8.597836494445800781e+00
-9.201145172119140625e+00
-9.810844421386718750e+00
-1.042594146728515625e+01
-1.104544734954833984e+01
-1.166911506652832031e+01
-1.229818630218505859e+01
-1.293167495727539062e+01
-1.356933498382568359e+01
-1.421018218994140625e+01
-1.485546112060546875e+01
-1.550269889831542969e+01
-1.615388488769531250e+01
-1.680729484558105469e+01
-1.746417427062988281e+01
-1.812130737304687500e+01
-1.878217887878417969e+01
-1.944431304931640625e+01
-2.010673522949218750e+01
-2.077069091796875000e+01
-2.143445777893066406e+01
-2.209928321838378906e+01
-2.276270484924316406e+01
-2.342597198486328125e+01
-2.408735847473144531e+01
-2.474886131286621094e+01
-2.540727043151855469e+01
-2.606383705139160156e+01
-2.671758079528808594e+01
-2.736901092529296875e+01
-2.801714706420898438e+01
-2.866175270080566406e+01
-2.930110740661621094e+01
-2.993645668029785156e+01
-3.056533622741699219e+01
-3.119071006774902344e+01
-3.180854606628417969e+01
-3.242024612426757812e+01
-3.302385330200195312e+01
-3.362070083618164062e+01
-3.420987701416015625e+01
-3.479024887084960938e+01
-3.536173248291015625e+01
-3.592401504516601562e+01
-3.647703933715820312e+01
-3.702039718627929688e+01
-3.755424880981445312e+01
-3.807870483398437500e+01
-3.859338760375976562e+01
-3.909851074218750000e+01
-3.959388732910156250e+01
-4.007950973510742188e+01
-4.055523300170898438e+01
-4.102109909057617188e+01
-4.147682952880859375e+01
-4.192266082763671875e+01
-4.235854339599609375e+01
-4.278419113159179688e+01
-4.319940185546875000e+01
-4.360440826416015625e+01
-4.399908065795898438e+01
-4.438283157348632812e+01
-4.475679016113281250e+01
-4.511955642700195312e+01
-4.547135925292968750e+01
-4.581243133544921875e+01
-4.614226150512695312e+01
-4.646033096313476562e+01
-4.676760864257812500e+01
-4.706283950805664062e+01
-4.734698867797851562e+01
-4.761878967285156250e+01
-4.787995910644531250e+01
-4.812773895263671875e+01
-4.836383438110351562e+01
-4.858771896362304688e+01
-4.879961395263671875e+01
-4.899824142456054688e+01
-4.918456268310546875e+01
-4.935729980468750000e+01
-4.951815032958984375e+01
-4.966434860229492188e+01
-4.979833221435546875e+01
-4.991881942749023438e+01
-5.002601623535156250e+01
-5.012012100219726562e+01
-5.019762039184570312e+01
-5.026317214965820312e+01
-5.031251144409179688e+01
-5.034880828857421875e+01
-5.037002944946289062e+01
-5.037710952758789062e+01
-5.036874771118164062e+01
-5.034518432617187500e+01
-5.030609512329101562e+01
-5.025344848632812500e+01
-5.018547821044921875e+01
-5.010413742065429688e+01
-5.000692367553710938e+01
-4.989503860473632812e+01
-4.977118301391601562e+01
-4.963135528564453125e+01
-4.947898483276367188e+01
-4.931229782104492188e+01
-4.913175201416015625e+01
-4.893855285644531250e+01
-4.873091125488281250e+01
-4.851076889038085938e+01
-4.827708816528320312e+01
-4.803106307983398438e+01
-4.777164840698242188e+01
-4.750077056884765625e+01
-4.721664810180664062e+01
-4.692120361328125000e+01
-4.661265182495117188e+01
-4.629217147827148438e+01
-4.596093750000000000e+01
-4.561715316772460938e+01
-4.526274108886718750e+01
-4.489738845825195312e+01
-4.451929473876953125e+01
-4.413185501098632812e+01
-4.373327636718750000e+01
-4.332397460937500000e+01
-4.290511703491210938e+01
-4.247489547729492188e+01
-4.203596115112304688e+01
-4.158724594116210938e+01
-4.112768173217773438e+01
-4.065991210937500000e+01
-4.018286895751953125e+01
-3.969770431518554688e+01
-3.920483016967773438e+01
-3.870243072509765625e+01
-3.819239807128906250e+01
-3.767439651489257812e+01
-3.714883804321289062e+01
-3.661537933349609375e+01
-3.607666015625000000e+01
-3.553010559082031250e+01
-3.497686386108398438e+01
-3.441733169555664062e+01
-3.385191345214843750e+01
-3.328097915649414062e+01
-3.270404434204101562e+01
-3.212207412719726562e+01
-3.153530311584472656e+01
-3.094320487976074219e+01
-3.034749412536621094e+01
-2.974542045593261719e+01
-2.913720893859863281e+01
-2.852679634094238281e+01
-2.791068458557128906e+01
-2.729133033752441406e+01
-2.666671943664550781e+01
-2.604078865051269531e+01
-2.540929603576660156e+01
-2.477394485473632812e+01
-2.413718414306640625e+01
-2.349699974060058594e+01
-2.285360717773437500e+01
-2.220722198486328125e+01
-2.155954551696777344e+01
-2.090930747985839844e+01
-2.025746345520019531e+01
-1.960422706604003906e+01
-1.894906997680664062e+01
-1.829369163513183594e+01
-1.763681793212890625e+01
-1.698014831542968750e+01
-1.632315063476562500e+01
-1.566603946685791016e+01
-1.500976943969726562e+01
-1.435306549072265625e+01
-1.369688320159912109e+01
-1.304292201995849609e+01
-1.238990688323974609e+01
-1.173879337310791016e+01
-1.108979320526123047e+01
-1.044312095642089844e+01
-9.799730300903320312e+00
-9.158348083496093750e+00
-8.522160530090332031e+00
-7.889153003692626953e+00
-7.260280609130859375e+00
-6.635757923126220703e+00
-6.017286777496337891e+00
-5.402852058410644531e+00
-4.795641422271728516e+00
-4.193643093109130859e+00
-3.597815990447998047e+00
-3.009120702743530273e+00
-2.427775144577026367e+00
-1.853928208351135254e+00
-1.288192987442016602e+00
-7.296271324157714844e-01
-1.787754595279693604e-01
3.645596504211425781e-01
8.990886211395263672e-01
1.426493525505065918e+00
1.946226239204406738e+00
2.458480834960937500e+00
2.961963891983032227e+00
3.458353281021118164e+00
3.947098255157470703e+00
4.427644252777099609e+00
4.900924205780029297e+00
5.365639209747314453e+00
5.821976184844970703e+00
6.269377708435058594e+00
6.710257053375244141e+00
7.141824722290039062e+00
7.565007209777832031e+00
7.979983806610107422e+00
8.386191368103027344e+00
8.783808708190917969e+00
9.173011779785156250e+00
9.553235054016113281e+00
9.924650192260742188e+00
1.028743171691894531e+01
1.064026546478271484e+01
1.098554992675781250e+01
1.131973838806152344e+01
1.164597225189208984e+01
1.196218681335449219e+01
1.226929092407226562e+01
1.256670379638671875e+01
1.285384559631347656e+01
1.313013267517089844e+01
1.339795303344726562e+01
1.365374851226806641e+01
1.390139198303222656e+01
1.413731956481933594e+01
1.436168766021728516e+01
1.457613277435302734e+01
1.478080272674560547e+01
1.497362041473388672e+01
1.515472984313964844e+01
1.532576274871826172e+01
1.548686408996582031e+01
1.563371658325195312e+01
1.577017688751220703e+01
1.589489936828613281e+01
1.600657463073730469e+01
1.610554885864257812e+01
1.619444274902343750e+01
1.627214622497558594e+01
1.633756256103515625e+01
1.639033126831054688e+01
1.643305587768554688e+01
1.646463394165039062e+01
1.648618125915527344e+01
1.649584579467773438e+01
1.649400138854980469e+01
1.648176193237304688e+01
1.645949935913085938e+01
1.642684173583984375e+01
1.638340759277343750e+01
1.633030700683593750e+01
1.626642036437988281e+01
1.619285392761230469e+01
1.610922241210937500e+01
1.601663017272949219e+01
1.591320419311523438e+01
1.580079078674316406e+01
1.567825508117675781e+01
1.554743766784667969e+01
1.540720462799072266e+01
1.525716209411621094e+01
1.509914684295654297e+01
1.493201828002929688e+01
1.475590133666992188e+01
1.457158374786376953e+01
1.437896633148193359e+01
1.417816448211669922e+01
1.396922397613525391e+01
1.375240898132324219e+01
1.352775764465332031e+01
1.329568386077880859e+01
1.305607509613037109e+01
1.280926704406738281e+01
1.255521869659423828e+01
1.229429244995117188e+01
1.202648448944091797e+01
1.175210952758789062e+01
1.147124195098876953e+01
1.118408966064453125e+01
1.089085388183593750e+01
1.059178447723388672e+01
1.028698158264160156e+01
9.976621627807617188e+00
9.661025047302246094e+00
9.340291023254394531e+00
9.014793395996093750e+00
8.684228897094726562e+00
8.348939895629882812e+00
8.009196281433105469e+00
7.664819717407226562e+00
7.316078186035156250e+00
6.963088035583496094e+00
6.605670452117919922e+00
6.244164943695068359e+00
5.878464698791503906e+00
5.509502410888671875e+00
5.135238170623779297e+00
4.758833408355712891e+00
4.378247737884521484e+00
3.995155096054077148e+00
3.607513666152954102e+00
3.217740535736083984e+00
2.826022863388061523e+00
2.429574728012084961e+00
2.031554698944091797e+00
1.631406784057617188e+00
1.228573322296142578e+00
8.239834308624267578e-01
4.170798659324645996e-01
8.791319094598293304e-03
-4.006966650485992432e-01
-8.126847743988037109e-01
-1.224758267402648926e+00
-1.637474894523620605e+00
-2.051392078399658203e+00
-2.466324567794799805e+00
-2.880600452423095703e+00
-3.294034004211425781e+00
-3.709412097930908203e+00
-4.122833251953125000e+00
-4.536340236663818359e+00
-4.949003696441650391e+00
-5.359894752502441406e+00
-5.769568443298339844e+00
-6.177095413208007812e+00
-6.583774566650390625e+00
-6.987188816070556641e+00
-7.389378547668457031e+00
-7.787927150726318359e+00
-8.183387756347656250e+00
-8.576314926147460938e+00
-8.965031623840332031e+00
-9.350090980529785156e+00
-9.730560302734375000e+00
-1.010698986053466797e+01
-1.047924327850341797e+01
-1.084592151641845703e+01
-1.120716667175292969e+01
-1.156460571289062500e+01
-1.191689300537109375e+01
-1.226491165161132812e+01
-1.260805702209472656e+01
-1.294572544097900391e+01
-1.327953910827636719e+01
-1.360889148712158203e+01
-1.393317508697509766e+01
-1.425326824188232422e+01
-1.456781768798828125e+01
-1.487770080566406250e+01
-1.518304729461669922e+01
-1.548250293731689453e+01
-1.577842712402343750e+01
-1.606886482238769531e+01
-1.635439491271972656e+01
-1.663476562500000000e+01
-1.690950965881347656e+01
-1.717994308471679688e+01
-1.744499778747558594e+01
-1.770486831665039062e+01
-1.795937919616699219e+01
-1.820857429504394531e+01
-1.845234870910644531e+01
-1.869052314758300781e+01
-1.892313385009765625e+01
-1.915007400512695312e+01
-1.937123680114746094e+01
-1.958658027648925781e+01
-1.979599189758300781e+01
-1.999950408935546875e+01
-2.019685554504394531e+01
-2.038796615600585938e+01
-2.057298660278320312e+01
-2.075164794921875000e+01
-2.092380714416503906e+01
-2.108939552307128906e+01
-2.124829483032226562e+01
-2.140032958984375000e+01
-2.154566955566406250e+01
-2.168395996093750000e+01
-2.181492233276367188e+01
-2.193872451782226562e+01
-2.205515670776367188e+01
-2.216393852233886719e+01
-2.226523017883300781e+01
-2.235881805419921875e+01
-2.244452476501464844e+01
-2.252238845825195312e+01
-2.259284782409667969e+01
-2.265604591369628906e+01
-2.271100997924804688e+01
-2.275936317443847656e+01
-2.280065345764160156e+01
-2.283367538452148438e+01
-2.286020469665527344e+01
-2.287977790832519531e+01
-2.289193534851074219e+01
-2.289769744873046875e+01
-2.289660453796386719e+01
-2.288893318176269531e+01
-2.287421417236328125e+01
-2.285272789001464844e+01
-2.282474517822265625e+01
-2.279053878784179688e+01
-2.275037956237792969e+01
-2.270380020141601562e+01
-2.265106773376464844e+01
-2.259244728088378906e+01
-2.252820777893066406e+01
-2.245713043212890625e+01
-2.238096618652343750e+01
-2.229923439025878906e+01
-2.221145439147949219e+01
-2.211863136291503906e+01
-2.201953887939453125e+01
-2.191592216491699219e+01
-2.180655479431152344e+01
-2.169243431091308594e+01
-2.157307624816894531e+01
-2.144873428344726562e+01
-2.131966209411621094e+01
-2.118536758422851562e+01
-2.104759407043457031e+01
-2.090435791015625000e+01
-2.075665283203125000e+01
-2.060547447204589844e+01
-2.044957923889160156e+01
-2.028847312927246094e+01
-2.012463378906250000e+01
-1.995830154418945312e+01
-1.978675079345703125e+01
-1.961171340942382812e+01
-1.943194007873535156e+01
-1.925064659118652344e+01
-1.906584739685058594e+01
-1.887703514099121094e+01
-1.868666458129882812e+01
-1.849193382263183594e+01
-1.829373741149902344e+01
-1.809519958496093750e+01
-1.789126968383789062e+01
-1.768581581115722656e+01
-1.747750282287597656e+01
-1.726722145080566406e+01
-1.705363464355468750e+01
-1.683763694763183594e+01
-1.662011528015136719e+01
-1.640047836303710938e+01
-1.617738533020019531e+01
-1.595246982574462891e+01
-1.572587871551513672e+01
-1.549849891662597656e+01
-1.526750564575195312e+01
-1.503601741790771484e+01
-1.480194950103759766e+01
-1.456618881225585938e+01
-1.433037090301513672e+01
-1.409240627288818359e+01
-1.385318660736083984e+01
-1.361285495758056641e+01
-1.337155723571777344e+01
-1.312943744659423828e+01
-1.288664245605468750e+01
-1.264331436157226562e+01
-1.239960002899169922e+01
-1.215490341186523438e+01
-1.191011047363281250e+01
-1.166685581207275391e+01
-1.142231178283691406e+01
-1.117885494232177734e+01
-1.093588829040527344e+01
-1.069207382202148438e+01
-1.044978713989257812e+01
-1.020917892456054688e+01
-9.968165397644042969e+00
-9.729126930236816406e+00
-9.492212295532226562e+00
-9.256086349487304688e+00
-9.021641731262207031e+00
-8.790515899658203125e+00
-8.559887886047363281e+00
-8.332882881164550781e+00
-8.108168601989746094e+00
-7.886640071868896484e+00
-7.666966438293457031e+00
-7.451530933380126953e+00
-7.238961696624755859e+00
-7.029942989349365234e+00
-6.825117588043212891e+00
-6.622901916503906250e+00
-6.423939228057861328e+00
-6.228131771087646484e+00
-6.036870479583740234e+00
-5.847828388214111328e+00
-5.662396907806396484e+00
-5.479738235473632812e+00
-5.299757480621337891e+00
-5.123849391937255859e+00
-4.951176643371582031e+00
-4.780905723571777344e+00
-4.615174770355224609e+00
-4.451664924621582031e+00
-4.291771888732910156e+00
-4.135408401489257812e+00
-3.981743812561035156e+00
-3.832177162170410156e+00
-3.685136556625366211e+00
-3.542022943496704102e+00
-3.402009248733520508e+00
-3.265755891799926758e+00
-3.132436513900756836e+00
-3.003456592559814453e+00
-2.877249240875244141e+00
-2.755221128463745117e+00
-2.636550426483154297e+00
-2.520416975021362305e+00
-2.409716367721557617e+00
-2.301400423049926758e+00
-2.197624206542968750e+00
-2.097571611404418945e+00
-2.000426292419433594e+00
-1.909090042114257812e+00
-1.820520281791687012e+00
-1.736133813858032227e+00
-1.656606316566467285e+00
-1.581127882003784180e+00
-1.508889913558959961e+00
-1.442800521850585938e+00
-1.379824161529541016e+00
-1.322128534317016602e+00
-1.268909573554992676e+00
-1.220108389854431152e+00
-1.176409840583801270e+00
-1.137757182121276855e+00
-1.102608799934387207e+00
-1.073882937431335449e+00
-1.050755500793457031e+00
-1.030804872512817383e+00
-1.017527580261230469e+00
-1.008476495742797852e+00
-1.004178285598754883e+00
-1.004417777061462402e+00
-1.009724259376525879e+00
-1.019885420799255371e+00
-1.034689784049987793e+00
-1.053184509277343750e+00
-1.076647162437438965e+00
-1.104127287864685059e+00
-1.135419011116027832e+00
-1.171803474426269531e+00
-1.211590766906738281e+00
-1.256065130233764648e+00
-1.303538799285888672e+00
-1.355298042297363281e+00
-1.411886930465698242e+00
-1.470878601074218750e+00
-1.534305334091186523e+00
-1.601971626281738281e+00
-1.671453595161437988e+00
-1.746273279190063477e+00
-1.824008464813232422e+00
-1.904467225074768066e+00
-1.989688515663146973e+00
-2.077253103256225586e+00
-2.168457984924316406e+00
-2.262371540069580078e+00
-2.359550237655639648e+00
-2.459806203842163086e+00
-2.562954425811767578e+00
-2.668066501617431641e+00
-2.777186632156372070e+00
-2.888644933700561523e+00
-3.002258062362670898e+00
-3.120072841644287109e+00
-3.238934278488159180e+00
-3.360890626907348633e+00
-3.485760211944580078e+00
-3.611876487731933594e+00
-3.740545749664306641e+00
-3.871588230133056641e+00
-4.004825115203857422e+00
-4.139333248138427734e+00
-4.276422500610351562e+00
-4.414427280426025391e+00
-4.554656982421875000e+00
-4.696934223175048828e+00
-4.840051651000976562e+00
-4.985068798065185547e+00
-5.132016181945800781e+00
-5.279362201690673828e+00
-5.428549766540527344e+00
-5.579014778137207031e+00
-5.730863094329833984e+00
-5.883753776550292969e+00
-6.037941932678222656e+00
-6.193310260772705078e+00
-6.349669456481933594e+00
-6.507199287414550781e+00
-6.665637016296386719e+00
-6.825014591217041016e+00
-6.985218048095703125e+00
-7.146355152130126953e+00
-7.308013439178466797e+00
-7.470377445220947266e+00
-7.633407115936279297e+00
-7.796914577484130859e+00
-7.960861206054687500e+00
-8.125206947326660156e+00
-8.289839744567871094e+00
-8.454573631286621094e+00
-8.619591712951660156e+00
-8.784560203552246094e+00
-8.949440002441406250e+00
-9.114269256591796875e+00
-9.278785705566406250e+00
-9.442953109741210938e+00
-9.606733322143554688e+00
-9.770015716552734375e+00
-9.932538032531738281e+00
-1.009456157684326172e+01
-1.025545310974121094e+01
-1.041562175750732422e+01
-1.057465648651123047e+01
-1.073259544372558594e+01
-1.088917636871337891e+01
-1.104443454742431641e+01
-1.119810867309570312e+01
-1.135015869140625000e+01
-1.150047111511230469e+01
-1.164878273010253906e+01
-1.179512691497802734e+01
-1.193916511535644531e+01
-1.208107852935791016e+01
-1.222037792205810547e+01
-1.235709667205810547e+01
-1.249103927612304688e+01
-1.262212181091308594e+01
-1.275038623809814453e+01
-1.287575721740722656e+01
-1.299845886230468750e+01
-1.311834049224853516e+01
-1.323539924621582031e+01
-1.334985446929931641e+01
-1.346162796020507812e+01
-1.357086277008056641e+01
-1.367732906341552734e+01
-1.378131866455078125e+01
-1.388259887695312500e+01
-1.398123359680175781e+01
-1.407736301422119141e+01
-1.417089939117431641e+01
-1.426190757751464844e+01
-1.435014724731445312e+01
-1.443597602844238281e+01
-1.451908397674560547e+01
-1.459974861145019531e+01
-1.467765617370605469e+01
-1.475308418273925781e+01
-1.482579231262207031e+01
-1.489590454101562500e+01
-1.496332740783691406e+01
-1.502796173095703125e+01
-1.508993339538574219e+01
-1.514914417266845703e+01
-1.520542144775390625e+01
-1.525903129577636719e+01
-1.530965232849121094e+01
-1.535733127593994141e+01
-1.540211105346679688e+01
-1.544389057159423828e+01
-1.548270988464355469e+01
-1.551831722259521484e+01
-1.555097675323486328e+01
-1.558035945892333984e+01
-1.560657978057861328e+01
-1.562960338592529297e+01
-1.564917182922363281e+01
-1.566554737091064453e+01
-1.567832279205322266e+01
-1.568753433227539062e+01
-1.569329547882080078e+01
-1.569548797607421875e+01
-1.569400596618652344e+01
-1.568895244598388672e+01
-1.567999172210693359e+01
-1.566730690002441406e+01
-1.565087985992431641e+01
-1.563055419921875000e+01
-1.560620117187500000e+01
-1.557769012451171875e+01
-1.554637336730957031e+01
-1.551167106628417969e+01
-1.547226142883300781e+01
-1.543053722381591797e+01
-1.538442897796630859e+01
-1.533558559417724609e+01
-1.528416538238525391e+01
-1.522809982299804688e+01
-1.516903018951416016e+01
-1.510711669921875000e+01
-1.504251384735107422e+01
-1.497463512420654297e+01
-1.490437507629394531e+01
-1.483114719390869141e+01
-1.475510025024414062e+01
-1.467638683319091797e+01
-1.459441375732421875e+01
-1.451007366180419922e+01
-1.442276763916015625e+01
-1.433338928222656250e+01
-1.424208068847656250e+01
-1.414750194549560547e+01
-1.405202388763427734e+01
-1.395133113861083984e+01
-1.385076808929443359e+01
-1.374675464630126953e+01
-1.364091873168945312e+01
-1.353265285491943359e+01
-1.342283630371093750e+01
-1.331086349487304688e+01
-1.319686889648437500e+01
-1.308098411560058594e+01
-1.296259975433349609e+01
-1.284258937835693359e+01
-1.272108554840087891e+01
-1.259821701049804688e+01
-1.247262668609619141e+01
-1.234593009948730469e+01
-1.221825313568115234e+01
-1.208823871612548828e+01
-1.195601367950439453e+01
-1.182393169403076172e+01
-1.168914794921875000e+01
-1.155401515960693359e+01
-1.141642951965332031e+01
-1.127874565124511719e+01
-1.113885211944580078e+01
-1.099833106994628906e+01
-1.085652732849121094e+01
-1.071352958679199219e+01
-1.057017135620117188e+01
-1.042505455017089844e+01
-1.027901172637939453e+01
-1.013213253021240234e+01
-9.984503746032714844e+00
-9.836218833923339844e+00
-9.686620712280273438e+00
-9.535801887512207031e+00
-9.383852005004882812e+00
-9.231604576110839844e+00
-9.078407287597656250e+00
-8.925094604492187500e+00
-8.771016120910644531e+00
-8.616262435913085938e+00
-8.460926055908203125e+00
-8.305099487304687500e+00
-8.148878097534179688e+00
-7.991609096527099609e+00
-7.834875106811523438e+00
-7.678024768829345703e+00
-7.521154880523681641e+00
-7.363615036010742188e+00
-7.206244468688964844e+00
-7.048394680023193359e+00
-6.890905857086181641e+00
-6.733870983123779297e+00
-6.576645374298095703e+00
-6.420066833496093750e+00
-6.264231681823730469e+00
-6.108492851257324219e+00
-5.953690528869628906e+00
-5.799177169799804688e+00
-5.645792484283447266e+00
-5.492889404296875000e+00
-5.339821815490722656e+00
-5.189657688140869141e+00
-5.039520740509033203e+00
-4.890994548797607422e+00
-4.743430137634277344e+00
-4.597668170928955078e+00
-4.453803062438964844e+00
-4.311188697814941406e+00
-4.169176101684570312e+00
-4.029349327087402344e+00
-3.892544746398925781e+00
-3.756629228591918945e+00
-3.623160839080810547e+00
-3.492113351821899414e+00
-3.362694978713989258e+00
-3.235599279403686523e+00
-3.110034227371215820e+00
-2.987436294555664062e+00
-2.865528106689453125e+00
-2.746490240097045898e+00
-2.628044366836547852e+00
-2.512372493743896484e+00
-2.398683547973632812e+00
-2.286930561065673828e+00
-2.177067041397094727e+00
-2.067560672760009766e+00
-1.962081670761108398e+00
-1.856869697570800781e+00
-1.754110574722290039e+00
-1.653017520904541016e+00
-1.552062749862670898e+00
-1.454920291900634766e+00
-1.358577847480773926e+00
-1.264482259750366211e+00
-1.171852707862854004e+00
-1.081395268440246582e+00
-9.923314452171325684e-01
-9.053700566291809082e-01
-8.197348713874816895e-01
-7.361373305320739746e-01
-6.545472145080566406e-01
-5.749355554580688477e-01
-4.972747862339019775e-01
-4.215388596057891846e-01
-3.477030396461486816e-01
-2.757440209388732910e-01
-2.056399881839752197e-01
-1.381135582923889160e-01
-7.240252941846847534e-02
-9.232292883098125458e-03
5.289975926280021667e-02
1.117793992161750793e-01
1.689066588878631592e-01
2.228079289197921753e-01
2.757239937782287598e-01
3.254358768463134766e-01
3.726958632469177246e-01
4.167690873146057129e-01
4.584060609340667725e-01
4.983561635017395020e-01
5.343957543373107910e-01
5.687590241432189941e-01
5.992386937141418457e-01
6.274141073226928711e-01
6.533959507942199707e-01
6.758080720901489258e-01
6.955031752586364746e-01
7.125906944274902344e-01
7.279226779937744141e-01
7.393785119056701660e-01
7.492960095405578613e-01
7.570406198501586914e-01
7.619773745536804199e-01
7.642145156860351562e-01
7.646033167839050293e-01
7.625089287757873535e-01
7.580394148826599121e-01
7.505599856376647949e-01
7.416650652885437012e-01
7.299768328666687012e-01
7.170897722244262695e-01
7.008829712867736816e-01
6.829512119293212891e-01
6.634027957916259766e-01
6.416031122207641602e-01
6.176605224609375000e-01
5.924264788627624512e-01
5.652660727500915527e-01
5.355440378189086914e-01
5.048546791076660156e-01
4.718190431594848633e-01
4.380307197570800781e-01
4.013671278953552246e-01
3.641640245914459229e-01
3.235548138618469238e-01
2.826173007488250732e-01
2.407130151987075806e-01
1.972028315067291260e-01
1.514468938112258911e-01
1.042907461524009705e-01
5.657900497317314148e-02
6.926109082996845245e-03
-4.382520169019699097e-02
-9.631940722465515137e-02
-1.482296288013458252e-01
-2.024318277835845947e-01
-2.580876052379608154e-01
-3.152514398097991943e-01
-3.728642761707305908e-01
-4.320233166217803955e-01
-4.910773932933807373e-01
-5.522408485412597656e-01
-6.139419078826904297e-01
-6.764788031578063965e-01
-7.400049567222595215e-01
-8.043777942657470703e-01
-8.696043491363525391e-01
-9.356925487518310547e-01
-1.002651572227478027e+00
-1.070416927337646484e+00
-1.138924956321716309e+00
-1.208261847496032715e+00
-1.278365135192871094e+00
-1.349173426628112793e+00
-1.420848727226257324e+00
-1.493181824684143066e+00
-1.566186785697937012e+00
-1.639877796173095703e+00
-1.714418053627014160e+00
-1.789375782012939453e+00
-1.865062952041625977e+00
-1.941270351409912109e+00
-2.018160820007324219e+00
-2.095524549484252930e+00
-2.173448801040649414e+00
-2.251797676086425781e+00
-2.330582380294799805e+00
-2.409814357757568359e+00
-2.489503383636474609e+00
-2.569435596466064453e+00
-2.649693489074707031e+00
-2.730210304260253906e+00
-2.810991525650024414e+00
-2.891819477081298828e+00
-2.972920656204223633e+00
-3.054074525833129883e+00
-3.135059356689453125e+00
-3.216247081756591797e+00
-3.297190427780151367e+00
-3.378035306930541992e+00
-3.458629846572875977e+00
-3.538894176483154297e+00
-3.618897199630737305e+00
-3.698408603668212891e+00
-3.777494192123413086e+00
-3.855848073959350586e+00
-3.933757066726684570e+00
-4.010793685913085938e+00
-4.087064266204833984e+00
-4.162461280822753906e+00
-4.236844539642333984e+00
-4.310169219970703125e+00
-4.382365226745605469e+00
-4.453399181365966797e+00
-4.523328304290771484e+00
-4.592135906219482422e+00
-4.659827232360839844e+00
-4.726401329040527344e+00
-4.791884899139404297e+00
-4.856269359588623047e+00
-4.919560909271240234e+00
-4.981765747070312500e+00
-5.042884349822998047e+00
-5.102930068969726562e+00
-5.161897659301757812e+00
-5.219792366027832031e+00
-5.276618957519531250e+00
-5.332384586334228516e+00
-5.387091159820556641e+00
-5.440738201141357422e+00
-5.493319511413574219e+00
-5.544833183288574219e+00
-5.595276355743408203e+00
-5.644649982452392578e+00
-5.692952632904052734e+00
-5.740179538726806641e+00
-5.786333084106445312e+00
-5.831408977508544922e+00
-5.875402927398681641e+00
-5.918316841125488281e+00
-5.960148811340332031e+00
-6.000892639160156250e+00
-6.040549755096435547e+00
-6.079113006591796875e+00
-6.116546630859375000e+00
-6.152873992919921875e+00
-6.188064575195312500e+00
-6.222103118896484375e+00
-6.254988193511962891e+00
-6.286687850952148438e+00
-6.317197799682617188e+00
-6.346492767333984375e+00
-6.374565124511718750e+00
-6.401394844055175781e+00
-6.426949977874755859e+00
-6.451212406158447266e+00
-6.474208831787109375e+00
-6.495797634124755859e+00
-6.515965461730957031e+00
-6.534715175628662109e+00
-6.552050590515136719e+00
-6.567899227142333984e+00
-6.582123756408691406e+00
-6.595088481903076172e+00
-6.606275081634521484e+00
-6.616131782531738281e+00
-6.624508380889892578e+00
-6.631549835205078125e+00
-6.637104034423828125e+00
-6.641237258911132812e+00
-6.644164085388183594e+00
-6.645874023437500000e+00
-6.646207332611083984e+00
-6.645372390747070312e+00
-6.643205642700195312e+00
-6.639690876007080078e+00
-6.635107994079589844e+00
-6.629215240478515625e+00
-6.622067451477050781e+00
-6.613792896270751953e+00
-6.604296207427978516e+00
-6.593630313873291016e+00
-6.581847667694091797e+00
-6.568703651428222656e+00
-6.554398536682128906e+00
-6.538985729217529297e+00
-6.522294044494628906e+00
-6.504451274871826172e+00
-6.485511302947998047e+00
-6.465454101562500000e+00
-6.444036960601806641e+00
-6.421688079833984375e+00
-6.398092269897460938e+00
-6.373456954956054688e+00
-6.347618103027343750e+00
-6.320710182189941406e+00
-6.292795181274414062e+00
-6.263712882995605469e+00
-6.233676433563232422e+00
-6.202826499938964844e+00
-6.170708179473876953e+00
-6.137539863586425781e+00
-6.103539466857910156e+00
-6.068628787994384766e+00
-6.032582759857177734e+00
-5.995846271514892578e+00
-5.958269596099853516e+00
-5.919928550720214844e+00
-5.880824089050292969e+00
-5.840958595275878906e+00
-5.800259590148925781e+00
-5.759101867675781250e+00
-5.717117309570312500e+00
-5.674674987792968750e+00
-5.631626129150390625e+00
-5.588042259216308594e+00
-5.543921947479248047e+00
-5.499410152435302734e+00
-5.454429149627685547e+00
-5.408975601196289062e+00
-5.363414764404296875e+00
-5.317368507385253906e+00
-5.270903587341308594e+00
-5.224159717559814453e+00
-5.177274227142333984e+00
-5.129864215850830078e+00
-5.082359313964843750e+00
-5.034745693206787109e+00
-4.986632347106933594e+00
-4.938966751098632812e+00
-4.891503334045410156e+00
-4.843698024749755859e+00
-4.795599460601806641e+00
-4.747254371643066406e+00
-4.698706626892089844e+00
-4.650743007659912109e+00
-4.602659702301025391e+00
-4.553753852844238281e+00
-4.505548000335693359e+00
-4.458077907562255859e+00
-4.409891605377197266e+00
-4.362509250640869141e+00
-4.314475059509277344e+00
-4.266563415527343750e+00
-4.218804359436035156e+00
-4.170484542846679688e+00
-4.123118400573730469e+00
-4.075992584228515625e+00
-4.028391361236572266e+00
-3.981088399887084961e+00
-3.934112310409545898e+00
-3.886749982833862305e+00
-3.840518712997436523e+00
-3.793964385986328125e+00
-3.747863054275512695e+00
-3.701506137847900391e+00
-3.655673265457153320e+00
-3.609659671783447266e+00
-3.564990997314453125e+00
-3.520223617553710938e+00
-3.475402355194091797e+00
-3.431317090988159180e+00
-3.388005256652832031e+00
-3.345460891723632812e+00
-3.302182435989379883e+00
-3.259644031524658203e+00
-3.217835664749145508e+00
-3.176007509231567383e+00
-3.135641098022460938e+00
-3.094505786895751953e+00
-3.054088830947875977e+00
-3.013650655746459961e+00
-2.973940610885620117e+00
-2.934967041015625000e+00
-2.895997524261474609e+00
-2.857044458389282227e+00
-2.818866014480590820e+00
-2.781478404998779297e+00
-2.744156360626220703e+00
-2.708405494689941406e+00
-2.672759532928466797e+00
-2.637239933013916016e+00
-2.601868391036987305e+00
-2.567410469055175781e+00
-2.533888578414916992e+00
-2.501324653625488281e+00
-2.468998193740844727e+00
-2.438416719436645508e+00
-2.407371759414672852e+00
-2.377369165420532227e+00
-2.348427772521972656e+00
-2.320564508438110352e+00
-2.293051958084106445e+00
-2.267390489578247070e+00
-2.242105245590209961e+00
-2.217949867248535156e+00
-2.194931745529174805e+00
-2.173056125640869141e+00
-2.150840520858764648e+00
-2.131257772445678711e+00
-2.112077236175537109e+00
-2.092551469802856445e+00
-2.077875852584838867e+00
-2.062097072601318359e+00
-2.047432661056518555e+00
-2.033870458602905273e+00
-2.022137641906738281e+00
-2.011473894119262695e+00
-2.001117467880249023e+00
-1.993277311325073242e+00
-1.985701680183410645e+00
-1.979854226112365723e+00
-1.974214434623718262e+00
-1.969449996948242188e+00
-1.966961145401000977e+00
-1.965175271034240723e+00
-1.964749932289123535e+00
-1.964112639427185059e+00
-1.964665293693542480e+00
-1.967066884040832520e+00
-1.969005703926086426e+00
-1.971887230873107910e+00
-1.975632190704345703e+00
-1.979420781135559082e+00
-1.983921289443969727e+00
-1.989062190055847168e+00
-1.994774460792541504e+00
-2.000248908996582031e+00
-2.006166458129882812e+00
-2.012467861175537109e+00
-2.019840002059936523e+00
-2.027488470077514648e+00
-2.033879041671752930e+00
-2.041196107864379883e+00
-2.049399852752685547e+00
-2.056521177291870117e+00
-2.064831733703613281e+00
-2.073930501937866211e+00
-2.082306385040283203e+00
-2.091349363327026367e+00
-2.100595951080322266e+00
-2.110254049301147461e+00
-2.119940042495727539e+00
-2.130091190338134766e+00
-2.140255212783813477e+00
-2.151022434234619141e+00
-2.162168025970458984e+00
-2.173691749572753906e+00
-2.185594320297241211e+00
-2.198026895523071289e+00
-2.210917711257934570e+00
-2.224493026733398438e+00
-2.238532781600952148e+00
-2.253262519836425781e+00
-2.268609523773193359e+00
-2.284575223922729492e+00
-2.301381349563598633e+00
-2.318801879882812500e+00
-2.337055683135986328e+00
-2.356060743331909180e+00
-2.375881195068359375e+00
-2.396429300308227539e+00
-2.417837142944335938e+00
-2.440084934234619141e+00
-2.463074684143066406e+00
-2.487001419067382812e+00
-2.511759519577026367e+00
-2.537312507629394531e+00
-2.563620805740356445e+00
-2.590713739395141602e+00
-2.618691682815551758e+00
-2.647278785705566406e+00
-2.676714897155761719e+00
-2.706641912460327148e+00
-2.737366199493408203e+00
-2.768596410751342773e+00
-2.800408840179443359e+00
-2.832728147506713867e+00
-2.865327358245849609e+00
-2.898497343063354492e+00
-2.931931495666503906e+00
-2.965619802474975586e+00
-2.999475002288818359e+00
-3.033409357070922852e+00
-3.067483663558959961e+00
-3.101459980010986328e+00
-3.135398864746093750e+00
-3.169212341308593750e+00
-3.202738761901855469e+00
-3.236042261123657227e+00
-3.269038677215576172e+00
-3.301573514938354492e+00
-3.333642244338989258e+00
-3.365170240402221680e+00
-3.396160364151000977e+00
-3.426470041275024414e+00
-3.456111192703247070e+00
-3.485024213790893555e+00
-3.513229608535766602e+00
-3.540529727935791016e+00
-3.567103147506713867e+00
-3.592763185501098633e+00
-3.617624521255493164e+00
-3.641585111618041992e+00
-3.664548158645629883e+00
-3.686645746231079102e+00
-3.707939386367797852e+00
-3.728200197219848633e+00
-3.747575283050537109e+00
-3.766216039657592773e+00
-3.783907175064086914e+00
-3.800660133361816406e+00
-3.816720962524414062e+00
-3.831996917724609375e+00
-3.846554517745971680e+00
-3.860536575317382812e+00
-3.874014139175415039e+00
-3.886985301971435547e+00
-3.899671077728271484e+00
-3.912071704864501953e+00
-3.924334049224853516e+00
-3.936309099197387695e+00
-3.948289871215820312e+00
-3.960272312164306641e+00
-3.972248792648315430e+00
-3.984505653381347656e+00
-3.996880054473876953e+00
-4.009502887725830078e+00
-4.022424697875976562e+00
-4.035766124725341797e+00
-4.049492359161376953e+00
-4.063713073730468750e+00
-4.078306674957275391e+00
-4.093369007110595703e+00
-4.108839035034179688e+00
-4.124873161315917969e+00
-4.141394615173339844e+00
-4.158470153808593750e+00
-4.175934314727783203e+00
-4.193763732910156250e+00
-4.212075233459472656e+00
-4.230533123016357422e+00
-4.249461174011230469e+00
-4.268509864807128906e+00
-4.287766933441162109e+00
-4.307165622711181641e+00
-4.326409339904785156e+00
-4.345643520355224609e+00
-4.364784240722656250e+00
-4.383519649505615234e+00
-4.401907444000244141e+00
-4.419851303100585938e+00
-4.437104701995849609e+00
-4.453790664672851562e+00
-4.469511508941650391e+00
-4.484387397766113281e+00
-4.498169898986816406e+00
-4.510832786560058594e+00
-4.522203445434570312e+00
-4.532186508178710938e+00
-4.540765285491943359e+00
-4.547701835632324219e+00
0.000000000000000000e+00
0.000000000000000000e+00
0.000000000000000000e+00
0.000000000000000000e+00
0.000000000000000000e+00
0.000000000000000000e+00
0.000000000000000000e+00
0.000000000000000000e+00
0.000000000000000000e+00
0.000000000000000000e+00
0.000000000000000000e+00
0.000000000000000000e+00
0.000000000000000000e+00
0.000000000000000000e+00
0.000000000000000000e+00
0.000000000000000000e+00
0.000000000000000000e+00
0.000000000000000000e+00
0.000000000000000000e+00
0.000000000000000000e+00
0.000000000000000000e+00
0.000000000000000000e+00
0.000000000000000000e+00
0.000000000000000000e+00
0.000000000000000000e+00
0.000000000000000000e+00
0.000000000000000000e+00
0.000000000000000000e+00
0.000000000000000000e+00
0.000000000000000000e+00
0.000000000000000000e+00
0.000000000000000000e+00
0.000000000000000000e+00
0.000000000000000000e+00
0.000000000000000000e+00
0.000000000000000000e+00
0.000000000000000000e+00
0.000000000000000000e+00
0.000000000000000000e+00
0.000000000000000000e+00
0.000000000000000000e+00
0.000000000000000000e+00
0.000000000000000000e+00
0.000000000000000000e+00
0.000000000000000000e+00
0.000000000000000000e+00
0.000000000000000000e+00
0.000000000000000000e+00
0.000000000000000000e+00
0.000000000000000000e+00
0.000000000000000000e+00
0.000000000000000000e+00
0.000000000000000000e+00
0.000000000000000000e+00
0.000000000000000000e+00
0.000000000000000000e+00
0.000000000000000000e+00
0.000000000000000000e+00
0.000000000000000000e+00
0.000000000000000000e+00
0.000000000000000000e+00
0.000000000000000000e+00
0.000000000000000000e+00
0.000000000000000000e+00
0.000000000000000000e+00
0.000000000000000000e+00
0.000000000000000000e+00
0.000000000000000000e+00
0.000000000000000000e+00
0.000000000000000000e+00
0.000000000000000000e+00
0.000000000000000000e+00
0.000000000000000000e+00
0.000000000000000000e+00
0.000000000000000000e+00
0.000000000000000000e+00
0.000000000000000000e+00
0.000000000000000000e+00
0.000000000000000000e+00
0.000000000000000000e+00
0.000000000000000000e+00
0.000000000000000000e+00
0.000000000000000000e+00
0.000000000000000000e+00
0.000000000000000000e+00
0.000000000000000000e+00
0.000000000000000000e+00
0.000000000000000000e+00
0.000000000000000000e+00
0.000000000000000000e+00
0.000000000000000000e+00
0.000000000000000000e+00
0.000000000000000000e+00
0.000000000000000000e+00
0.000000000000000000e+00
0.000000000000000000e+00
0.000000000000000000e+00
0.000000000000000000e+00
0.000000000000000000e+00
0.000000000000000000e+00
