# tt
1.076780395507812500e+03
1.015638366699218750e+03
9.560270996093750000e+02
9.104785156250000000e+02
8.784473266601562500e+02
8.574416503906250000e+02
8.442803344726562500e+02
8.373414306640625000e+02
8.349910888671875000e+02
8.356365356445312500e+02
8.397341308593750000e+02
8.455696411132812500e+02
8.522025146484375000e+02
8.599999389648437500e+02
8.694522094726562500e+02
8.805314941406250000e+02
8.923242797851562500e+02
9.056508178710937500e+02
9.188159179687500000e+02
9.321527709960937500e+02
9.459301757812500000e+02
9.599877319335937500e+02
9.744141845703125000e+02
9.891604614257812500e+02
1.004045959472656250e+03
1.019318237304687500e+03
1.034850219726562500e+03
1.050741821289062500e+03
1.066922485351562500e+03
1.083155029296875000e+03
1.099581420898437500e+03
1.116242919921875000e+03
1.133043579101562500e+03
1.150035888671875000e+03
1.167200805664062500e+03
1.184458374023437500e+03
1.202016479492187500e+03
1.219886230468750000e+03
1.237861938476562500e+03
1.256104370117187500e+03
1.274380493164062500e+03
1.292823608398437500e+03
1.311269897460937500e+03
1.330075195312500000e+03
1.349154296875000000e+03
1.368363647460937500e+03
1.387638549804687500e+03
1.407062622070312500e+03
1.426868164062500000e+03
1.446839843750000000e+03
1.467199584960937500e+03
1.487573364257812500e+03
1.507883789062500000e+03
1.528351318359375000e+03
1.549197753906250000e+03
1.570353759765625000e+03
1.591826171875000000e+03
1.613473144531250000e+03
1.635301635742187500e+03
1.657614746093750000e+03
1.679821166992187500e+03
1.702146118164062500e+03
1.724889160156250000e+03
1.747681030273437500e+03
1.770817993164062500e+03
1.794135864257812500e+03
1.817912963867187500e+03
1.841907348632812500e+03
1.866248413085937500e+03
1.890777221679687500e+03
1.915515380859375000e+03
1.940418334960937500e+03
1.965515991210937500e+03
1.990912963867187500e+03
2.016557617187500000e+03
2.042520874023437500e+03
2.068866455078125000e+03
2.095435302734375000e+03
2.122365722656250000e+03
2.149571044921875000e+03
2.177109130859375000e+03
2.204886962890625000e+03
2.232960205078125000e+03
2.261161621093750000e+03
2.289552734375000000e+03
2.318365234375000000e+03
2.347166748046875000e+03
2.376343261718750000e+03
2.405760253906250000e+03
2.435354492187500000e+03
2.465274902343750000e+03
2.495519531250000000e+03
2.525863281250000000e+03
2.556526123046875000e+03
2.587209716796875000e+03
2.618356445312500000e+03
2.649742187500000000e+03
2.681215087890625000e+03
2.712996337890625000e+03
2.744935302734375000e+03
2.777400878906250000e+03
2.809796386718750000e+03
2.842416748046875000e+03
2.875185791015625000e+03
2.908175292968750000e+03
2.941085449218750000e+03
2.974360595703125000e+03
3.007775146484375000e+03
3.041252685546875000e+03
3.074865234375000000e+03
3.108612548828125000e+03
3.142568115234375000e+03
3.176582519531250000e+03
3.210804443359375000e+03
3.245010253906250000e+03
3.279496582031250000e+03
3.314114257812500000e+03
3.348714599609375000e+03
3.383445068359375000e+03
3.418156738281250000e+03
3.452923828125000000e+03
3.487745361328125000e+03
3.522621337890625000e+03
3.557476318359375000e+03
3.592384521484375000e+03
3.627271240234375000e+03
3.662135742187500000e+03
3.697051757812500000e+03
3.731944580078125000e+03
3.766813476562500000e+03
3.801731445312500000e+03
3.836548583984375000e+03
3.871336669921875000e+03
3.906094726562500000e+03
3.940671875000000000e+03
3.975216308593750000e+03
4.009650878906250000e+03
4.043825683593750000e+03
4.078036621093750000e+03
4.111984375000000000e+03
4.145890625000000000e+03
4.179679199218750000e+03
4.213199707031250000e+03
4.246525390625000000e+03
4.279876953125000000e+03
4.312807617187500000e+03
4.345537597656250000e+03
4.378140625000000000e+03
4.410391113281250000e+03
4.442437500000000000e+03
4.474127929687500000e+03
4.505609375000000000e+03
4.536806152343750000e+03
4.567715820312500000e+03
4.598187011718750000e+03
4.628516113281250000e+03
4.658478515625000000e+03
4.688070800781250000e+03
4.717366210937500000e+03
4.746363281250000000e+03
4.774985351562500000e+03
4.803378906250000000e+03
4.831244628906250000e+03
4.858877441406250000e+03
4.886128417968750000e+03
4.913068359375000000e+03
4.939473144531250000e+03
4.965489257812500000e+03
4.991115234375000000e+03
5.016199707031250000e+03
5.040815917968750000e+03
5.064887207031250000e+03
5.088560058593750000e+03
5.111759277343750000e+03
5.134333496093750000e+03
5.156432617187500000e+03
5.177982910156250000e+03
5.198984863281250000e+03
5.219588378906250000e+03
5.239571289062500000e+03
5.259008789062500000e+03
5.277826660156250000e+03
5.296174804687500000e+03
5.313980468750000000e+03
5.330872070312500000e+03
5.347519042968750000e+03
5.363551269531250000e+03
5.378895019531250000e+03
5.393997070312500000e+03
5.408115234375000000e+03
5.421770019531250000e+03
5.434739746093750000e+03
5.447248046875000000e+03
5.459073242187500000e+03
5.470215332031250000e+03
5.480824707031250000e+03
5.490827148437500000e+03
5.500223632812500000e+03
5.509015136718750000e+03
5.517128417968750000e+03
5.524639160156250000e+03
5.531475585937500000e+03
5.537564453125000000e+03
5.543057128906250000e+03
5.547805664062500000e+03
5.551961914062500000e+03
5.555304199218750000e+03
5.557982421875000000e+03
5.559999023437500000e+03
5.561356933593750000e+03
5.561907226562500000e+03
5.561876464843750000e+03
5.561117187500000000e+03
5.559705566406250000e+03
5.557569335937500000e+03
5.554858886718750000e+03
5.551427734375000000e+03
5.547351562500000000e+03
5.542632812500000000e+03
5.537272949218750000e+03
5.531273925781250000e+03
5.524489257812500000e+03
5.517217285156250000e+03
5.509237792968750000e+03
5.500627441406250000e+03
5.491312011718750000e+03
5.481442871093750000e+03
5.470948242187500000e+03
5.459755371093750000e+03
5.447865722656250000e+03
5.435429687500000000e+03
5.422375488281250000e+03
5.408556152343750000e+03
5.394196289062500000e+03
5.379148925781250000e+03
5.363490722656250000e+03
5.347223632812500000e+03
5.330423339843750000e+03
5.312868652343750000e+03
5.294859863281250000e+03
5.276249023437500000e+03
5.257038574218750000e+03
5.237230468750000000e+03
5.216825683593750000e+03
5.195901367187500000e+03
5.174459472656250000e+03
5.152426269531250000e+03
5.129953613281250000e+03
5.106894042968750000e+03
5.083398437500000000e+03
5.059245605468750000e+03
5.034808593750000000e+03
5.009792480468750000e+03
4.984273437500000000e+03
4.958327148437500000e+03
4.931956542968750000e+03
4.905087890625000000e+03
4.877798339843750000e+03
4.850163574218750000e+03
4.822037109375000000e+03
4.793420898437500000e+03
4.764687988281250000e+03
4.735394042968750000e+03
4.705615722656250000e+03
4.675578125000000000e+03
4.645059570312500000e+03
4.614210449218750000e+03
4.582883789062500000e+03
4.551379394531250000e+03
4.519475585937500000e+03
4.487397460937500000e+03
4.454923339843750000e+03
4.422204101562500000e+03
4.389166503906250000e+03
4.355961425781250000e+03
4.322368652343750000e+03
4.288611328125000000e+03
4.254617675781250000e+03
4.220388671875000000e+03
4.186076171875000000e+03
4.151383789062500000e+03
4.116609863281250000e+03
4.081683105468750000e+03
4.046604248046875000e+03
4.011301269531250000e+03
3.975850341796875000e+03
3.940326660156250000e+03
3.904658691406250000e+03
3.868921875000000000e+03
3.833117675781250000e+03
3.796951416015625000e+03
3.761018554687500000e+03
3.724875000000000000e+03
3.688894775390625000e+03
3.652707031250000000e+03
3.616536865234375000e+03
3.580237304687500000e+03
3.544033447265625000e+03
3.507777832031250000e+03
3.471546142578125000e+03
3.435412597656250000e+03
3.399302490234375000e+03
3.363215332031250000e+03
3.327224853515625000e+03
3.291255859375000000e+03
3.255382812500000000e+03
3.219604492187500000e+03
3.183995361328125000e+03
3.148405517578125000e+03
3.112983886718750000e+03
3.077729248046875000e+03
3.042566650390625000e+03
3.007570556640625000e+03
2.972739990234375000e+03
2.938074707031250000e+03
2.903573730468750000e+03
2.869236572265625000e+03
2.835137451171875000e+03
2.801275146484375000e+03
2.767575439453125000e+03
2.734111572265625000e+03
2.700883300781250000e+03
2.667889892578125000e+03
2.635205322265625000e+03
2.602679931640625000e+03
2.570462158203125000e+03
2.538551269531250000e+03
2.506872558593750000e+03
2.475499511718750000e+03
2.444505859375000000e+03
2.413742675781250000e+03
2.383283203125000000e+03
2.353201660156250000e+03
2.323348388671875000e+03
2.293871582031250000e+03
2.264770751953125000e+03
2.235970947265625000e+03
2.207619873046875000e+03
2.179568603515625000e+03
2.151816406250000000e+03
2.124511474609375000e+03
2.097578369140625000e+03
2.071091552734375000e+03
2.044901123046875000e+03
2.019155395507812500e+03
1.993779541015625000e+03
1.968846801757812500e+03
1.944282714843750000e+03
1.920160644531250000e+03
1.896628662109375000e+03
1.873312866210937500e+03
1.850508178710937500e+03
1.828063720703125000e+03
1.806125854492187500e+03
1.784617675781250000e+03
1.763536987304687500e+03
1.742955932617187500e+03
1.722723266601562500e+03
1.702985473632812500e+03
1.683665771484375000e+03
1.664836303710937500e+03
1.646420410156250000e+03
1.628490112304687500e+03
1.610968627929687500e+03
1.593928222656250000e+03
1.577366455078125000e+03
1.561132446289062500e+03
1.545521118164062500e+03
1.530307250976562500e+03
1.515488769531250000e+03
1.501137573242187500e+03
1.487251342773437500e+03
1.473828002929687500e+03
1.460790893554687500e+03
1.448286254882812500e+03
1.436237792968750000e+03
1.424568847656250000e+03
1.413351562500000000e+03
1.402657836914062500e+03
1.392337036132812500e+03
1.382386962890625000e+03
1.372953735351562500e+03
1.364035522460937500e+03
1.355407104492187500e+03
1.347289062500000000e+03
1.339530517578125000e+03
1.332203857421875000e+03
1.325306884765625000e+03
1.318837036132812500e+03
1.312792602539062500e+03
1.307096801757812500e+03
1.301896240234375000e+03
1.297040039062500000e+03
1.292526000976562500e+03
1.288500610351562500e+03
1.284738891601562500e+03
1.281461425781250000e+03
1.278517456054687500e+03
1.275904907226562500e+03
1.273696166992187500e+03
1.271889892578125000e+03
1.270411132812500000e+03
1.269258789062500000e+03
1.268506103515625000e+03
1.268003784179687500e+03
1.267899291992187500e+03
1.268117675781250000e+03
1.268731933593750000e+03
1.269593017578125000e+03
1.270848144531250000e+03
1.272348022460937500e+03
1.274166015625000000e+03
1.276227050781250000e+03
1.278678588867187500e+03
1.281371337890625000e+03
1.284304321289062500e+03
1.287550781250000000e+03
1.291110107421875000e+03
1.294906860351562500e+03
1.299014770507812500e+03
1.303358520507812500e+03
1.307862792968750000e+03
1.312601196289062500e+03
1.317647094726562500e+03
1.322925415039062500e+03
1.328360961914062500e+03
1.334027343750000000e+03
1.339849121093750000e+03
1.345974365234375000e+03
1.352253540039062500e+03
1.358611328125000000e+03
1.365270263671875000e+03
1.372006347656250000e+03
1.378893066406250000e+03
1.386004150390625000e+03
1.393264282226562500e+03
1.400598510742187500e+03
1.408154663085937500e+03
1.415783203125000000e+03
1.423557861328125000e+03
1.431329345703125000e+03
1.439319580078125000e+03
1.447379394531250000e+03
1.455507812500000000e+03
1.463630126953125000e+03
1.471893920898437500e+03
1.480150146484375000e+03
1.488546264648437500e+03
1.497007690429687500e+03
1.505459472656250000e+03
1.513903198242187500e+03
1.522488769531250000e+03
1.530995361328125000e+03
1.539498901367187500e+03
1.548149536132812500e+03
1.556651977539062500e+03
1.565230712890625000e+03
1.573813110351562500e+03
1.582401123046875000e+03
1.590921875000000000e+03
1.599451416015625000e+03
1.607917236328125000e+03
1.616321044921875000e+03
1.624664550781250000e+03
1.633023803710937500e+03
1.641400268554687500e+03
1.649647216796875000e+03
1.657840698242187500e+03
1.666056518554687500e+03
1.673999389648437500e+03
1.682042358398437500e+03
1.689964355468750000e+03
1.697841064453125000e+03
1.705674438476562500e+03
1.713317504882812500e+03
1.720846069335937500e+03
1.728336303710937500e+03
1.735715576171875000e+03
1.742985473632812500e+03
1.750147583007812500e+03
1.757278076171875000e+03
1.764155395507812500e+03
1.770855712890625000e+03
1.777603759765625000e+03
1.784177978515625000e+03
1.790580078125000000e+03
1.796811889648437500e+03
1.802948974609375000e+03
1.808993408203125000e+03
1.814723632812500000e+03
1.820438720703125000e+03
1.825991455078125000e+03
1.831383544921875000e+03
1.836542602539062500e+03
1.841544067382812500e+03
1.846390014648437500e+03
1.851081909179687500e+03
1.855695434570312500e+03
1.860084106445312500e+03
1.864174926757812500e+03
1.868267700195312500e+03
1.872067871093750000e+03
1.875652465820312500e+03
1.879246337890625000e+03
1.882481323242187500e+03
1.885656738281250000e+03
1.888552368164062500e+03
1.891319458007812500e+03
1.893811889648437500e+03
1.896255004882812500e+03
1.898428466796875000e+03
1.900483764648437500e+03
1.902348754882812500e+03
1.904026245117187500e+03
1.905518676757812500e+03
1.906754150390625000e+03
1.907883789062500000e+03
1.908910522460937500e+03
1.909687866210937500e+03
1.910218383789062500e+03
1.910579101562500000e+03
1.910846679687500000e+03
1.910949096679687500e+03
1.910740600585937500e+03
1.910446289062500000e+03
1.910143310546875000e+03
1.909536499023437500e+03
1.908777343750000000e+03
1.907793457031250000e+03
1.906885131835937500e+03
1.905608398437500000e+03
1.904188964843750000e+03
1.902629272460937500e+03
1.900931396484375000e+03
1.899098144531250000e+03
1.897206054687500000e+03
1.895034545898437500e+03
1.892809082031250000e+03
1.890457519531250000e+03
1.887908081054687500e+03
1.885311767578125000e+03
1.882522094726562500e+03
1.879690307617187500e+03
1.876669921875000000e+03
1.873612182617187500e+03
1.870370483398437500e+03
1.867095947265625000e+03
1.863716430664062500e+03
1.860234252929687500e+03
1.856726074218750000e+03
1.853043212890625000e+03
1.849334716796875000e+03
1.845526489257812500e+03
1.841618408203125000e+03
1.837610595703125000e+03
1.833577758789062500e+03
1.829445678710937500e+03
1.825214111328125000e+03
1.821032104492187500e+03
1.816602416992187500e+03
1.812296630859375000e+03
1.807892089843750000e+03
1.803462890625000000e+03
1.798935180664062500e+03
1.794383178710937500e+03
1.789807006835937500e+03
1.785206787109375000e+03
1.780508056640625000e+03
1.775859863281250000e+03
1.771113403320312500e+03
1.766343139648437500e+03
1.761623657226562500e+03
1.756880371093750000e+03
1.752113403320312500e+03
1.747397460937500000e+03
1.742583862304687500e+03
1.737821044921875000e+03
1.733109375000000000e+03
1.728448852539062500e+03
1.723616333007812500e+03
1.718909667968750000e+03
1.714254028320312500e+03
1.709649902343750000e+03
1.705097290039062500e+03
1.700521728515625000e+03
1.696072143554687500e+03
1.691599731445312500e+03
1.687178955078125000e+03
1.682809936523437500e+03
1.678567138671875000e+03
1.674375976562500000e+03
1.670236816406250000e+03
1.666075195312500000e+03
1.662039794921875000e+03
1.658205200195312500e+03
1.654422485351562500e+03
1.650915039062500000e+03
1.647385253906250000e+03
1.643907714843750000e+03
1.640556274414062500e+03
1.637328369140625000e+03
1.634146850585937500e+03
1.631232055664062500e+03
1.628357543945312500e+03
1.625669555664062500e+03
1.622867675781250000e+03
1.620394897460937500e+03
1.618099853515625000e+03
1.615830688476562500e+03
1.613733398437500000e+03
1.611805053710937500e+03
1.609893798828125000e+03
1.608220214843750000e+03
1.606632324218750000e+03
1.605201782226562500e+03
1.603999877929687500e+03
1.602875122070312500e+03
1.601824707031250000e+03
1.601068481445312500e+03
1.600306396484375000e+03
1.599758666992187500e+03
1.599422241210937500e+03
1.599145629882812500e+03
1.599000366210937500e+03
1.599057739257812500e+03
1.599315063476562500e+03
1.599694946289062500e+03
1.600269165039062500e+03
1.600885986328125000e+03
1.601691284179687500e+03
1.602756469726562500e+03
1.603855957031250000e+03
1.605209716796875000e+03
1.606740600585937500e+03
1.608297363281250000e+03
1.610099853515625000e+03
1.612071289062500000e+03
1.614208618164062500e+03
1.616509155273437500e+03
1.618970214843750000e+03
1.621514648437500000e+03
1.624288208007812500e+03
1.627288452148437500e+03
1.630363647460937500e+03
1.633585693359375000e+03
1.637100341796875000e+03
1.640607666015625000e+03
1.644402099609375000e+03
1.648332519531250000e+03
1.652395874023437500e+03
1.656589599609375000e+03
1.661058837890625000e+03
1.665577880859375000e+03
1.670217895507812500e+03
1.675124755859375000e+03
1.680146362304687500e+03
1.685205810546875000e+03
1.690597045898437500e+03
1.696094482421875000e+03
1.701694824218750000e+03
1.707469482421875000e+03
1.713341430664062500e+03
1.719381591796875000e+03
1.725512939453125000e+03
1.731806640625000000e+03
1.738260131835937500e+03
1.744721435546875000e+03
1.751484985351562500e+03
1.758250732421875000e+03
1.765238647460937500e+03
1.772222656250000000e+03
1.779422973632812500e+03
1.786688110351562500e+03
1.794089111328125000e+03
1.801549072265625000e+03
1.809139526367187500e+03
1.816857299804687500e+03
1.824625244140625000e+03
1.832589355468750000e+03
1.840597778320312500e+03
1.848647705078125000e+03
1.856885131835937500e+03
1.865083984375000000e+03
1.873315917968750000e+03
1.881652343750000000e+03
1.890164672851562500e+03
1.898627075195312500e+03
1.907185424804687500e+03
1.915762695312500000e+03
1.924430175781250000e+03
1.933110717773437500e+03
1.941876220703125000e+03
1.950574707031250000e+03
1.959426757812500000e+03
1.968280883789062500e+03
1.977133911132812500e+03
1.985983520507812500e+03
1.994826660156250000e+03
2.003734985351562500e+03
2.012631958007812500e+03
2.021516967773437500e+03
2.030389892578125000e+03
2.039250366210937500e+03
2.048024169921875000e+03
2.056859863281250000e+03
2.065608642578125000e+03
2.074493408203125000e+03
2.083216796875000000e+03
2.092001464843750000e+03
2.100699218750000000e+03
2.109383789062500000e+03
2.118129638671875000e+03
2.126639648437500000e+03
2.135210449218750000e+03
2.143768066406250000e+03
2.152238281250000000e+03
2.160620849609375000e+03
2.168989990234375000e+03
2.177197021484375000e+03
2.185539306640625000e+03
2.193645263671875000e+03
2.201737548828125000e+03
2.209742187500000000e+03
2.217658691406250000e+03
2.225562011718750000e+03
2.233302734375000000e+03
2.240955810546875000e+03
2.248520751953125000e+03
2.255923828125000000e+03
2.263386962890625000e+03
2.270613769531250000e+03
2.277826904296875000e+03
2.284877441406250000e+03
2.291840332031250000e+03
2.298566162109375000e+03
2.305278076171875000e+03
2.311753417968750000e+03
2.318140869140625000e+03
2.324365478515625000e+03
2.330501708984375000e+03
2.336475341796875000e+03
2.342286621093750000e+03
2.348009277343750000e+03
2.353495117187500000e+03
2.358743652343750000e+03
2.363829345703125000e+03
2.368826416015625000e+03
2.373660644531250000e+03
2.378257324218750000e+03
2.382691650390625000e+03
2.386965820312500000e+03
2.391008789062500000e+03
2.394823974609375000e+03
2.398562988281250000e+03
2.401931396484375000e+03
2.405304443359375000e+03
2.408313720703125000e+03
2.411259033203125000e+03
2.413920654296875000e+03
2.416376464843750000e+03
2.418777832031250000e+03
2.420831054687500000e+03
2.422761474609375000e+03
2.424424072265625000e+03
2.425970458984375000e+03
2.427255126953125000e+03
2.428355468750000000e+03
2.429274169921875000e+03
2.429940673828125000e+03
2.430431884765625000e+03
2.430676513671875000e+03
2.430752441406250000e+03
2.430587646484375000e+03
2.430334472656250000e+03
2.429698242187500000e+03
2.428905273437500000e+03
2.428106933593750000e+03
2.426860351562500000e+03
2.425466064453125000e+03
2.423927001953125000e+03
2.422097412109375000e+03
2.420128906250000000e+03
2.417950195312500000e+03
2.415490234375000000e+03
2.412900146484375000e+03
2.410034667968750000e+03
2.406970703125000000e+03
2.403711669921875000e+03
2.400334472656250000e+03
2.396693359375000000e+03
2.392865966796875000e+03
2.388780761718750000e+03
2.384440185546875000e+03
2.379922363281250000e+03
2.375378173828125000e+03
2.370438964843750000e+03
2.365330810546875000e+03
2.360056396484375000e+03
2.354618896484375000e+03
2.348946777343750000e+03
2.342968750000000000e+03
2.336984863281250000e+03
2.330701416015625000e+03
2.324344238281250000e+03
2.317693603515625000e+03
2.310827148437500000e+03
2.303747070312500000e+03
2.296605712890625000e+03
2.289183349609375000e+03
2.281556640625000000e+03
2.273803466796875000e+03
2.265852539062500000e+03
2.257855468750000000e+03
2.249592041015625000e+03
2.241065429687500000e+03
2.232427246093750000e+03
2.223754882812500000e+03
2.214828369140625000e+03
2.205799072265625000e+03
2.196521484375000000e+03
2.187147216796875000e+03
2.177604492187500000e+03
2.167822753906250000e+03
2.158027099609375000e+03
2.147998046875000000e+03
2.137812255859375000e+03
2.127621826171875000e+03
2.117206298828125000e+03
2.106717529296875000e+03
2.096083496093750000e+03
2.085307861328125000e+03
2.074467041015625000e+03
2.063416015625000000e+03
2.052379882812500000e+03
2.041064819335937500e+03
2.029770263671875000e+03
2.018351196289062500e+03
2.006735595703125000e+03
1.995149169921875000e+03
1.983446533203125000e+03
1.971630249023437500e+03
1.959777465820312500e+03
1.947742309570312500e+03
1.935750366210937500e+03
1.923730468750000000e+03
1.911685302734375000e+03
1.899543090820312500e+03
1.887232299804687500e+03
1.875053466796875000e+03
1.862710937500000000e+03
1.850354736328125000e+03
1.837984741210937500e+03
1.825527465820312500e+03
1.812982788085937500e+03
1.800574584960937500e+03
1.788005249023437500e+03
1.775424316406250000e+03
1.762831787109375000e+03
1.750302490234375000e+03
1.737687988281250000e+03
1.725062988281250000e+03
1.712427856445312500e+03
1.699782836914062500e+03
1.686979736328125000e+03
1.674538818359375000e+03
1.661866210937500000e+03
1.649259155273437500e+03
1.636643920898437500e+03
1.624020629882812500e+03
1.611463867187500000e+03
1.598899780273437500e+03
1.586328491210937500e+03
1.573824707031250000e+03
1.561314453125000000e+03
1.548797851562500000e+03
1.536498291015625000e+03
1.524044433593750000e+03
1.511733886718750000e+03
1.499492553710937500e+03
1.487246337890625000e+03
1.475069946289062500e+03
1.463037963867187500e+03
1.450927734375000000e+03
1.438888183593750000e+03
1.426993896484375000e+03
1.415096557617187500e+03
1.403419433593750000e+03
1.391591186523437500e+03
1.379983642578125000e+03
1.368523071289062500e+03
1.357135131835937500e+03
1.345745971679687500e+03
1.334578735351562500e+03
1.323411010742187500e+03
1.312391479492187500e+03
1.301446533203125000e+03
1.290724731445312500e+03
1.280077880859375000e+03
1.269506591796875000e+03
1.259158935546875000e+03
1.248884521484375000e+03
1.238606079101562500e+03
1.228692382812500000e+03
1.218769531250000000e+03
1.208983276367187500e+03
1.199405273437500000e+03
1.190032958984375000e+03
1.180714965820312500e+03
1.171448730468750000e+03
1.162380371093750000e+03
1.153432617187500000e+03
1.144380371093750000e+03
1.135815063476562500e+03
1.127214233398437500e+03
1.118872314453125000e+03
1.110563964843750000e+03
1.102509521484375000e+03
1.094557861328125000e+03
1.086706176757812500e+03
1.079100708007812500e+03
1.071515991210937500e+03
1.064098022460937500e+03
1.056844482421875000e+03
1.049827026367187500e+03
1.042820190429687500e+03
1.036044311523437500e+03
1.029422729492187500e+03
1.022878723144531250e+03
1.016558288574218750e+03
1.010310302734375000e+03
1.004281188964843750e+03
9.983938598632812500e+02
9.926460571289062500e+02
9.870353393554687500e+02
9.816335449218750000e+02
9.762896728515625000e+02
9.711497802734375000e+02
9.662117919921875000e+02
9.613242797851562500e+02
9.566338500976562500e+02
9.520634155273437500e+02
9.477596435546875000e+02
9.435712890625000000e+02
9.394960327148437500e+02
9.356058959960937500e+02
9.318240966796875000e+02
9.280741577148437500e+02
9.246508789062500000e+02
9.213290405273437500e+02
9.181805419921875000e+02
9.152027587890625000e+02
9.123188476562500000e+02
9.096000976562500000e+02
9.069696044921875000e+02
9.044990844726562500e+02
9.022601928710937500e+02
9.000272827148437500e+02
8.980947875976562500e+02
8.962373657226562500e+02
8.944522094726562500e+02
8.928853149414062500e+02
8.914597778320312500e+02
8.901730957031250000e+02
8.889481201171875000e+02
8.879309692382812500e+02
8.869704589843750000e+02
8.861382446289062500e+02
8.855060424804687500e+02
8.849971313476562500e+02
8.845343627929687500e+02
8.841897583007812500e+02
8.839606933593750000e+02
8.839188232421875000e+02
8.839874267578125000e+02
8.841638793945312500e+02
8.844456787109375000e+02
8.847561035156250000e+02
8.853155517578125000e+02
8.858985595703125000e+02
8.865769042968750000e+02
8.873482055664062500e+02
8.882841796875000000e+02
8.892338867187500000e+02
8.903433227539062500e+02
8.914616699218750000e+02
8.926605224609375000e+02
8.940119018554687500e+02
8.954389648437500000e+02
8.969392700195312500e+02
8.985104980468750000e+02
9.001502075195312500e+02
9.017816772460937500e+02
9.035511474609375000e+02
9.054559936523437500e+02
9.073455200195312500e+02
9.092914428710937500e+02
9.112913818359375000e+02
9.133429565429687500e+02
9.154439086914062500e+02
9.175920410156250000e+02
9.197126464843750000e+02
9.219542236328125000e+02
9.242423706054687500e+02
9.266513671875000000e+02
9.290322265625000000e+02
9.313851928710937500e+02
9.335614013671875000e+02
9.360065307617187500e+02
9.384976806640625000e+02
9.409604492187500000e+02
9.434689331054687500e+02
9.460230712890625000e+02
9.486229248046875000e+02
9.511195068359375000e+02
9.537358398437500000e+02
9.563974609375000000e+02
9.590299682617187500e+02
9.616333007812500000e+02
9.643560180664062500e+02
9.670492553710937500e+02
9.697129516601562500e+02
9.724213867187500000e+02
9.751000976562500000e+02
9.777490234375000000e+02
9.806651611328125000e+02
9.833284301757812500e+02
9.859614257812500000e+02
9.886385498046875000e+02
9.912852172851562500e+02
9.937528076171875000e+02
9.964126586914062500e+02
9.989674682617187500e+02
1.001640075683593750e+03
1.004207336425781250e+03
1.006743469238281250e+03
1.009248291015625000e+03
1.011796081542968750e+03
1.014312255859375000e+03
1.016648193359375000e+03
1.019100891113281250e+03
1.021447326660156250e+03
1.023761596679687500e+03
1.026117919921875000e+03
1.028293334960937500e+03
1.030510375976562500e+03
1.032694702148437500e+03
1.034697509765625000e+03
1.036741455078125000e+03
1.038677978515625000e+03
1.040581420898437500e+03
1.042453613281250000e+03
1.044147949218750000e+03
1.045815307617187500e+03
1.047383300781250000e+03
1.048928466796875000e+03
1.050452880859375000e+03
1.052032958984375000e+03
1.053447753906250000e+03
1.054773681640625000e+03
1.056012939453125000e+03
1.057241943359375000e+03
1.058239624023437500e+03
1.059305419921875000e+03
1.060292724609375000e+03
1.061129394531250000e+03
1.062040283203125000e+03
1.062804443359375000e+03
1.063498413085937500e+03
1.064198364257812500e+03
1.064683349609375000e+03
1.065178466796875000e+03
1.065685546875000000e+03
1.065984008789062500e+03
1.066298339843750000e+03
1.066482055664062500e+03
1.066685791015625000e+03
1.066688598632812500e+03
1.066640991210937500e+03
1.066619262695312500e+03
1.066402465820312500e+03
1.066141113281250000e+03
1.065837036132812500e+03
1.065492187500000000e+03
1.065034301757812500e+03
1.064539550781250000e+03
1.063935302734375000e+03
1.063223632812500000e+03
1.062480712890625000e+03
1.061634033203125000e+03
1.060759765625000000e+03
1.059859741210937500e+03
1.058787109375000000e+03
1.057543823242187500e+03
1.056428955078125000e+03
1.055146850585937500e+03
1.053773803710937500e+03
1.052385864257812500e+03
1.050910522460937500e+03
1.049349487304687500e+03
1.047704711914062500e+03
1.046126586914062500e+03
1.044320190429687500e+03
1.042510375976562500e+03
1.040550659179687500e+03
1.038591552734375000e+03
1.036561035156250000e+03
1.034460937500000000e+03
1.032219116210937500e+03
1.029986206054687500e+03
1.027615356445312500e+03
1.025331665039062500e+03
1.022839965820312500e+03
1.020290771484375000e+03
1.017760437011718750e+03
1.015176452636718750e+03
1.012466674804687500e+03
1.009707336425781250e+03
1.006974548339843750e+03
1.004121826171875000e+03
1.001225402832031250e+03
9.982872314453125000e+02
9.952347412109375000e+02
9.922185668945312500e+02
9.890921630859375000e+02
9.859316406250000000e+02
9.827388305664062500e+02
9.795158081054687500e+02
9.762642822265625000e+02
9.728377685546875000e+02
9.695351562500000000e+02
9.661355590820312500e+02
9.626408691406250000e+02
9.592014770507812500e+02
9.556707153320312500e+02
9.521246948242187500e+02
9.485653686523437500e+02
9.449945678710937500e+02
9.414141235351562500e+02
9.377516479492187500e+02
9.340831909179687500e+02
9.304107666015625000e+02
9.267360839843750000e+02
9.229124755859375000e+02
9.192388916015625000e+02
9.154943237304687500e+02
9.117549438476562500e+02
9.079481811523437500e+02
9.042245483398437500e+02
9.004373168945312500e+02
8.967365112304687500e+02
8.928994750976562500e+02
8.892233886718750000e+02
8.854854125976562500e+02
8.817596435546875000e+02
8.779718017578125000e+02
8.741961059570312500e+02
8.705068359375000000e+02
8.668295898437500000e+02
8.630157470703125000e+02
8.593624267578125000e+02
8.556466674804687500e+02
8.519426879882812500e+02
8.483248291015625000e+02
8.446442871093750000e+02
8.409010620117187500e+02
8.373179931640625000e+02
8.336721191406250000e+02
8.301120605468750000e+02
8.265633544921875000e+02
8.229516601562500000e+02
8.194255981445312500e+02
8.159106445312500000e+02
8.124069213867187500e+02
8.089143066406250000e+02
8.053583984375000000e+02
8.019621582031250000e+02
7.985025634765625000e+02
7.952025146484375000e+02
7.918391113281250000e+02
7.885607910156250000e+02
7.852189941406250000e+02
7.819622802734375000e+02
7.787164306640625000e+02
7.755555419921875000e+02
7.724053955078125000e+02
7.693402709960937500e+02
7.662858886718750000e+02
7.632421875000000000e+02
7.602835083007812500e+02
7.573355102539062500e+02
7.544725341796875000e+02
7.516203002929687500e+02
7.488531494140625000e+02
7.461710815429687500e+02
7.434254760742187500e+02
7.408393554687500000e+02
7.382641601562500000e+02
7.357741699218750000e+02
7.332952270507812500e+02
7.309755859375000000e+02
7.285908203125000000e+02
7.263619995117187500e+02
7.241386108398437500e+02
7.219931640625000000e+02
7.199237670898437500e+02
7.180029296875000000e+02
7.160802001953125000e+02
7.141536865234375000e+02
7.123702392578125000e+02
7.105794067382812500e+02
7.089281005859375000e+02
7.072657470703125000e+02
7.057392578125000000e+02
7.042724609375000000e+02
7.028637084960937500e+02
7.013624877929687500e+02
7.000643310546875000e+02
6.987445068359375000e+02
6.975498657226562500e+02
6.964044189453125000e+02
6.953063964843750000e+02
6.942540283203125000e+02
6.932456665039062500e+02
6.923538208007812500e+02
6.915025024414062500e+02
6.907642822265625000e+02
6.899888916015625000e+02
6.893232421875000000e+02
6.885427246093750000e+02
6.879428710937500000e+02
6.873734130859375000e+02
6.869812622070312500e+02
6.865418701171875000e+02
6.864251098632812500e+02
6.861835327148437500e+02
6.859641113281250000e+02
6.858394775390625000e+02
6.857337646484375000e+02
6.856452636718750000e+02
6.857210693359375000e+02
6.857366333007812500e+02
6.858389892578125000e+02
6.860265502929687500e+02
6.862977294921875000e+02
6.865765991210937500e+02
6.868616943359375000e+02
6.872257690429687500e+02
6.876671142578125000e+02
6.881844482421875000e+02
6.887016601562500000e+02
6.893657836914062500e+02
6.899522705078125000e+02
6.906079101562500000e+02
6.913311767578125000e+02
6.921944580078125000e+02
6.930477294921875000e+02
6.938891601562500000e+02
6.947915039062500000e+02
6.957529907226562500e+02
6.967720947265625000e+02
6.978471069335937500e+02
6.989764404296875000e+02
7.000841064453125000e+02
7.013171997070312500e+02
7.025253906250000000e+02
7.037814941406250000e+02
7.050912475585937500e+02
7.064531250000000000e+02
7.078283081054687500e+02
7.092524414062500000e+02
7.106942138671875000e+02
7.121520385742187500e+02
7.136540527343750000e+02
7.151838989257812500e+02
7.167325439453125000e+02
7.183132934570312500e+02
7.199172363281250000e+02
7.215501708984375000e+02
7.232106323242187500e+02
7.248895874023437500e+02
7.265929565429687500e+02
7.283118286132812500e+02
7.300521240234375000e+02
7.317973632812500000e+02
7.335609130859375000e+02
7.353413085937500000e+02
7.371370239257812500e+02
7.389390869140625000e+02
7.407460327148437500e+02
7.425637207031250000e+02
7.443833007812500000e+02
7.462031860351562500e+02
7.480368041992187500e+02
7.498603515625000000e+02
7.516796264648437500e+02
7.535007934570312500e+02
7.553147583007812500e+02
7.571126098632812500e+02
7.589151611328125000e+02
7.607062988281250000e+02
7.624784545898437500e+02
7.642391357421875000e+02
7.659882812500000000e+02
7.677261352539062500e+02
7.694378051757812500e+02
7.711530761718750000e+02
7.728497924804687500e+02
7.745205078125000000e+02
7.761876220703125000e+02
7.778289184570312500e+02
7.794816284179687500e+02
7.810936889648437500e+02
7.826950683593750000e+02
7.842708740234375000e+02
7.858359985351562500e+02
7.873831176757812500e+02
7.888973999023437500e+02
7.903937988281250000e+02
7.918648681640625000e+02
7.933107299804687500e+02
7.947388305664062500e+02
7.961418457031250000e+02
7.975197143554687500e+02
7.988651123046875000e+02
8.001929931640625000e+02
8.014735717773437500e+02
8.027440795898437500e+02
8.039748535156250000e+02
8.051733398437500000e+02
8.063470458984375000e+02
8.074735717773437500e+02
8.085753784179687500e+02
8.096375122070312500e+02
8.106600952148437500e+02
8.116503906250000000e+02
8.126011962890625000e+02
8.135049438476562500e+02
8.143765258789062500e+02
8.152011108398437500e+02
8.159786376953125000e+02
8.167091064453125000e+02
8.173999633789062500e+02
8.180437011718750000e+02
8.186254882812500000e+02
8.191674804687500000e+02
8.196623535156250000e+02
8.200951538085937500e+02
8.204880371093750000e+02
8.208112792968750000e+02
8.210874023437500000e+02
8.212954101562500000e+02
8.214591674804687500e+02
8.215578002929687500e+02
8.216152954101562500e+02
8.216181640625000000e+02
8.215606689453125000e+02
8.214368286132812500e+02
8.212629394531250000e+02
8.210183105468750000e+02
8.207416381835937500e+02
8.203897094726562500e+02
8.199938354492187500e+02
8.195181884765625000e+02
8.190758666992187500e+02
8.185048217773437500e+02
8.178807373046875000e+02
8.172794189453125000e+02
8.165537719726562500e+02
8.157793579101562500e+02
8.149578247070312500e+02
8.140903320312500000e+02
8.131785278320312500e+02
8.122236938476562500e+02
8.112272949218750000e+02
8.101906127929687500e+02
8.091151123046875000e+02
8.080021972656250000e+02
8.067788696289062500e+02
8.055208129882812500e+02
8.042293701171875000e+02
8.027572631835937500e+02
8.014031372070312500e+02
7.998710327148437500e+02
7.983109130859375000e+02
7.967239990234375000e+02
7.950374145507812500e+02
7.934754028320312500e+02
7.917419433593750000e+02
7.899126586914062500e+02
7.881375122070312500e+02
7.862691040039062500e+02
7.843829956054687500e+02
7.824062500000000000e+02
7.804143066406250000e+02
7.784085083007812500e+02
7.763157958984375000e+02
7.741373291015625000e+02
7.719487304687500000e+02
7.697512207031250000e+02
7.674717407226562500e+02
7.651859741210937500e+02
7.628209838867187500e+02
7.603782958984375000e+02
7.580078735351562500e+02
7.554880981445312500e+02
7.528947143554687500e+02
7.504520874023437500e+02
7.477899780273437500e+02
7.452071533203125000e+02
7.425560913085937500e+02
7.398383789062500000e+02
7.369809570312500000e+02
7.342082519531250000e+02
7.313727416992187500e+02
7.285503540039062500e+02
7.255936279296875000e+02
7.226525268554687500e+02
7.196541748046875000e+02
7.166740722656250000e+02
7.136394042968750000e+02
7.106256103515625000e+02
7.074855346679687500e+02
7.044433593750000000e+02
7.012774047851562500e+02
6.980633544921875000e+02
6.949511108398437500e+02
6.917189941406250000e+02
6.884426879882812500e+02
6.851976318359375000e+02
6.819110107421875000e+02
6.785839233398437500e+02
6.753663940429687500e+02
6.720366821289062500e+02
6.686703491210937500e+02
6.653430175781250000e+02
6.619073486328125000e+02
6.585131835937500000e+02
6.550874633789062500e+02
6.517058105468750000e+02
6.482950439453125000e+02
6.448566284179687500e+02
6.413916015625000000e+02
6.379755859375000000e+02
6.344613037109375000e+02
6.310727539062500000e+02
6.275140380859375000e+02
6.240836791992187500e+02
6.206342773437500000e+02
6.171669921875000000e+02
6.137572631835937500e+02
6.102565917968750000e+02
6.068137207031250000e+02
6.034285888671875000e+02
6.000269165039062500e+02
5.966088256835937500e+02
5.930999145507812500e+02
5.897230834960937500e+02
5.863298339843750000e+02
5.829202270507812500e+02
5.795684204101562500e+02
5.762002563476562500e+02
5.727415161132812500e+02
5.694149780273437500e+02
5.659978637695312500e+02
5.627130126953125000e+02
5.593377075195312500e+02
5.560205078125000000e+02
5.527613525390625000e+02
5.493375244140625000e+02
5.461205444335937500e+02
5.428875122070312500e+02
5.396384887695312500e+02
5.362991943359375000e+02
5.330926513671875000e+02
5.298703002929687500e+02
5.267065429687500000e+02
5.235270385742187500e+02
5.204061889648437500e+02
5.172697753906250000e+02
5.141253051757812500e+02
5.110472106933593750e+02
5.079687194824218750e+02
5.049418334960937500e+02
5.019146423339843750e+02
4.989096069335937500e+02
4.959268188476562500e+02
4.929886169433593750e+02
4.900506286621093750e+02
4.871500244140625000e+02
4.842795104980468750e+02
4.814466552734375000e+02
4.786367492675781250e+02
4.758573913574218750e+02
4.731160583496093750e+02
4.704055175781250000e+02
4.677258605957031250e+02
4.650921936035156250e+02
4.624897766113281250e+02
4.599261169433593750e+02
4.574013061523437500e+02
4.549143981933593750e+02
4.524716186523437500e+02
4.500644836425781250e+02
4.476918334960937500e+02
4.453600158691406250e+02
4.430679321289062500e+02
4.408144836425781250e+02
4.385910644531250000e+02
4.364189453125000000e+02
4.342673645019531250e+02
4.321574096679687500e+02
4.300806884765625000e+02
4.280509033203125000e+02
4.260744628906250000e+02
4.241131896972656250e+02
4.221957092285156250e+02
4.203135070800781250e+02
4.184656372070312500e+02
4.166658630371093750e+02
4.148908691406250000e+02
4.131470336914062500e+02
4.114482421875000000e+02
4.097786254882812500e+02
4.081445617675781250e+02
4.065525207519531250e+02
4.049940490722656250e+02
4.034681396484375000e+02
4.019812927246093750e+02
4.005324707031250000e+02
3.991133117675781250e+02
3.977377014160156250e+02
3.963898315429687500e+02
3.950835876464843750e+02
3.938105468750000000e+02
3.925698242187500000e+02
3.913753356933593750e+02
3.902186889648437500e+02
3.890618591308593750e+02
3.879633178710937500e+02
3.868998718261718750e+02
3.858706359863281250e+02
3.848672485351562500e+02
3.839036865234375000e+02
3.829790649414062500e+02
3.820776367187500000e+02
3.812133483886718750e+02
3.803928222656250000e+02
3.796002502441406250e+02
3.788497009277343750e+02
3.781179504394531250e+02
3.774337158203125000e+02
3.767736206054687500e+02
3.761514587402343750e+02
3.755513610839843750e+02
3.749945373535156250e+02
3.744650878906250000e+02
3.739694213867187500e+02
3.735139770507812500e+02
3.730827636718750000e+02
3.726600036621093750e+02
3.722669067382812500e+02
3.719099121093750000e+02
3.715879821777343750e+02
3.713002014160156250e+02
3.710305786132812500e+02
3.707782287597656250e+02
3.705569763183593750e+02
3.703732604980468750e+02
3.702112121582031250e+02
3.700773315429687500e+02
3.699557495117187500e+02
3.698603210449218750e+02
3.698049926757812500e+02
3.697590637207031250e+02
3.697363586425781250e+02
3.697360229492187500e+02
3.697569885253906250e+02
3.698058166503906250e+02
3.698591918945312500e+02
3.699310607910156250e+02
3.700353088378906250e+02
3.701412658691406250e+02
3.702777099609375000e+02
3.704140014648437500e+02
3.705788574218750000e+02
3.707565002441406250e+02
3.709534301757812500e+02
3.711538085937500000e+02
3.713641967773437500e+02
3.715984191894531250e+02
3.718333129882812500e+02
3.720827941894531250e+02
3.723310546875000000e+02
3.725994262695312500e+02
3.728795776367187500e+02
3.731557006835937500e+02
3.734417419433593750e+02
3.737292785644531250e+02
3.740248413085937500e+02
3.743202209472656250e+02
3.746077575683593750e+02
3.749171447753906250e+02
3.752185668945312500e+02
3.755268249511718750e+02
3.758344421386718750e+02
3.761413574218750000e+02
3.764475097656250000e+02
3.767676696777343750e+02
3.770869140625000000e+02
3.773977966308593750e+02
3.777225036621093750e+02
3.780312194824218750e+02
3.783536682128906250e+02
3.786748352050781250e+02
3.789873046875000000e+02
3.793057861328125000e+02
3.796228027343750000e+02
3.799234313964843750e+02
3.802447509765625000e+02
3.805569458007812500e+02
3.808673706054687500e+02
3.811684875488281250e+02
3.814750976562500000e+02
3.817796630859375000e+02
3.820746765136718750e+02
3.823600463867187500e+02
3.826430969238281250e+02
3.829237365722656250e+02
3.832018737792968750e+02
3.834550781250000000e+02
3.837204589843750000e+02
3.839755249023437500e+02
3.842351074218750000e+02
3.844693298339843750e+02
3.847003784179687500e+02
3.849206542968750000e+02
3.851226806640625000e+02
3.853285522460937500e+02
3.855158996582031250e+02
3.856845397949218750e+02
3.858491821289062500e+02
3.859948730468750000e+02
3.861214294433593750e+02
3.862361450195312500e+02
3.863313903808593750e+02
3.864219055175781250e+02
3.864926757812500000e+02
3.865435180664062500e+02
3.865742492675781250e+02
3.865848693847656250e+02
3.865833740234375000e+02
3.865558166503906250e+02
3.865103149414062500e+02
3.864551391601562500e+02
3.863761901855468750e+02
3.862667846679687500e+02
3.861574401855468750e+02
3.860266418457031250e+02
3.858677062988281250e+02
3.857036743164062500e+02
3.855130310058593750e+02
3.853113403320312500e+02
3.850845031738281250e+02
3.848481445312500000e+02
3.845955200195312500e+02
3.843199157714843750e+02
3.840369567871093750e+02
3.837324218750000000e+02
3.834071350097656250e+02
3.830765686035156250e+02
3.827266235351562500e+02
3.823505249023437500e+02
3.819712524414062500e+02
3.815598144531250000e+02
3.811465759277343750e+02
3.807173461914062500e+02
3.802579345703125000e+02
3.797913208007812500e+02
3.793107299804687500e+02
3.788168334960937500e+02
3.782953796386718750e+02
3.777693481445312500e+02
3.772245178222656250e+02
3.766689147949218750e+02
3.760958251953125000e+02
3.754983520507812500e+02
3.748994750976562500e+02
3.742700805664062500e+02
3.736256103515625000e+02
3.729741821289062500e+02
3.723088989257812500e+02
3.716229858398437500e+02
3.709169921875000000e+02
3.702064514160156250e+02
3.694770202636718750e+02
3.687218933105468750e+02
3.679639282226562500e+02
3.671888732910156250e+02
3.663972778320312500e+02
3.655823059082031250e+02
3.647669982910156250e+02
3.639298095703125000e+02
3.630789184570312500e+02
3.622150573730468750e+02
3.613315429687500000e+02
3.604439392089843750e+02
3.595381469726562500e+02
3.586223449707031250e+02
3.576897888183593750e+02
3.567412414550781250e+02
3.557922668457031250e+02
3.548212585449218750e+02
3.538363952636718750e+02
3.528383789062500000e+02
3.518427734375000000e+02
3.508280029296875000e+02
3.497947692871093750e+02
3.487586059570312500e+02
3.477202148437500000e+02
3.466654968261718750e+02
3.456099243164062500e+02
3.445393066406250000e+02
3.434544372558593750e+02
3.423633422851562500e+02
3.412667236328125000e+02
3.401652832031250000e+02
3.390522460937500000e+02
3.379431457519531250e+02
3.368089599609375000e+02
3.356800537109375000e+02
3.345422363281250000e+02
3.334036560058593750e+02
3.322574768066406250e+02
3.311044311523437500e+02
3.299525756835937500e+02
3.287951354980468750e+02
3.276328125000000000e+02
3.264811096191406250e+02
3.253109436035156250e+02
3.241601562500000000e+02
3.229922180175781250e+02
3.218301086425781250e+02
3.206670837402343750e+02
3.195037536621093750e+02
3.183407592773437500e+02
3.171862487792968750e+02
3.160259704589843750e+02
3.148680114746093750e+02
3.137130737304687500e+02
3.125616760253906250e+02
3.114213867187500000e+02
3.102847900390625000e+02
3.091519470214843750e+02
3.080228271484375000e+02
3.069049377441406250e+02
3.057834167480468750e+02
3.046582946777343750e+02
3.035519104003906250e+02
3.024420166015625000e+02
3.013360595703125000e+02
3.002340393066406250e+02
2.991434631347656250e+02
2.980643615722656250e+02
2.969744873046875000e+02
2.958961791992187500e+02
2.948220214843750000e+02
2.937520751953125000e+02
2.926938171386718750e+02
2.916324462890625000e+02
2.905828857421875000e+02
2.895451354980468750e+02
2.884970092773437500e+02
2.874682617187500000e+02
2.864441223144531250e+02
2.854320678710937500e+02
2.844098205566406250e+02
2.834072875976562500e+02
2.824096069335937500e+02
2.814242553710937500e+02
2.804513854980468750e+02
2.794686889648437500e+02
2.785060424804687500e+02
2.775635375976562500e+02
2.766189575195312500e+02
2.756871948242187500e+02
2.747684326171875000e+02
2.738627319335937500e+02
2.729627380371093750e+02
2.720685729980468750e+02
2.711952209472656250e+02
2.703353271484375000e+02
2.694741516113281250e+02
2.686415710449218750e+02
2.678227844238281250e+02
2.669882507324218750e+02
2.662049255371093750e+02
2.654209289550781250e+02
2.646512756347656250e+02
2.639035339355468750e+02
2.631777038574218750e+02
2.624732666015625000e+02
2.617749023437500000e+02
2.610819702148437500e+02
2.604087829589843750e+02
2.597621459960937500e+02
2.591192321777343750e+02
2.584943847656250000e+02
2.578869934082031250e+02
2.572965393066406250e+02
2.567075500488281250e+02
2.561418457031250000e+02
2.555914154052734375e+02
2.550482940673828125e+02
2.545268096923828125e+02
2.540189819335937500e+02
2.535168914794921875e+02
2.530273895263671875e+02
2.525351409912109375e+02
2.520767669677734375e+02
2.516368713378906250e+02
2.512001342773437500e+02
2.508031768798828125e+02
2.503934783935546875e+02
2.500002441406250000e+02
2.496155853271484375e+02
2.492538604736328125e+02
2.488923187255859375e+02
2.485453033447265625e+02
2.482123565673828125e+02
2.478929748535156250e+02
2.475793151855468750e+02
2.472857360839843750e+02
2.470043182373046875e+02
2.467272491455078125e+02
2.464614410400390625e+02
2.462139129638671875e+02
2.459767456054687500e+02
2.457421264648437500e+02
2.455318450927734375e+02
2.453306427001953125e+02
2.451380767822265625e+02
2.449537353515625000e+02
2.447846069335937500e+02
2.446451568603515625e+02
2.444903717041015625e+02
2.443569488525390625e+02
2.442296905517578125e+02
2.441155700683593750e+02
2.440142059326171875e+02
2.439028472900390625e+02
2.438330383300781250e+02
2.437521820068359375e+02
2.436894836425781250e+02
2.436369628906250000e+02
2.436014862060546875e+02
2.435677185058593750e+02
2.435424957275390625e+02
2.435327758789062500e+02
2.435231628417968750e+02
2.435353851318359375e+02
2.435540924072265625e+02
2.435639038085937500e+02
2.436014556884765625e+02
2.436365051269531250e+02
2.436908264160156250e+02
2.437341918945312500e+02
2.437958374023437500e+02
2.438677825927734375e+02
2.439421234130859375e+02
2.440183563232421875e+02
2.441108245849609375e+02
2.442041625976562500e+02
2.443053283691406250e+02
2.444137878417968750e+02
2.445216674804687500e+02
2.446358337402343750e+02
2.447484130859375000e+02
2.448737487792968750e+02
2.450039215087890625e+02
2.451384429931640625e+02
2.452693939208984375e+02
2.454111175537109375e+02
2.455557250976562500e+02
2.457027282714843750e+02
2.458441619873046875e+02
2.459870300292968750e+02
2.461456909179687500e+02
2.462898864746093750e+02
2.464414520263671875e+02
2.465999145507812500e+02
2.467499084472656250e+02
2.468983612060546875e+02
2.470522460937500000e+02
2.471962127685546875e+02
2.473446197509765625e+02
2.474969635009765625e+02
2.476379089355468750e+02
2.477818450927734375e+02
2.479134216308593750e+02
2.480470428466796875e+02
2.481826629638671875e+02
2.483053588867187500e+02
2.484448242187500000e+02
2.485490875244140625e+02
2.486626434326171875e+02
2.487780303955078125e+02
2.488878326416015625e+02
2.489846038818359375e+02
2.490831146240234375e+02
2.491833801269531250e+02
2.492779235839843750e+02
2.493741607666015625e+02
2.494571533203125000e+02
2.495417938232421875e+02
2.496131286621093750e+02
2.496934661865234375e+02
2.497604217529296875e+02
2.498288574218750000e+02
2.498912658691406250e+02
2.499402313232421875e+02
2.499979248046875000e+02
2.500420684814453125e+02
2.500725708007812500e+02
2.501191558837890625e+02
2.501445465087890625e+02
2.501562042236328125e+02
2.501837158203125000e+02
2.501899261474609375e+02
2.501970367431640625e+02
2.502049865722656250e+02
2.501988677978515625e+02
2.501860351562500000e+02
2.501663818359375000e+02
2.501399078369140625e+02
2.501064758300781250e+02
2.500585937500000000e+02
2.500110473632812500e+02
2.499563446044921875e+02
2.498869171142578125e+02
2.498175811767578125e+02
2.497259216308593750e+02
2.496341705322265625e+02
2.495347900390625000e+02
2.494127807617187500e+02
2.492903747558593750e+02
2.491451416015625000e+02
2.490066986083984375e+02
2.488452453613281250e+02
2.486754760742187500e+02
2.484974060058593750e+02
2.483038787841796875e+02
2.481028289794921875e+02
2.478871917724609375e+02
2.476574249267578125e+02
2.474139251708984375e+02
2.471942291259765625e+02
2.469096221923828125e+02
2.466422119140625000e+02
2.463552703857421875e+02
2.460640411376953125e+02
2.457615051269531250e+02
2.454480590820312500e+02
2.451240539550781250e+02
2.447973175048828125e+02
2.444533996582031250e+02
2.441075134277343750e+02
2.437377471923828125e+02
2.433741912841796875e+02
2.429875183105468750e+02
2.426003265380859375e+02
2.421981811523437500e+02
2.417888183593750000e+02
2.413800811767578125e+02
2.409499816894531250e+02
2.405137329101562500e+02
2.400717010498046875e+02
2.396167755126953125e+02
2.391567840576171875e+02
2.386919860839843750e+02
2.382079010009765625e+02
2.377196960449218750e+02
2.372277374267578125e+02
2.367248840332031250e+02
2.362189178466796875e+02
2.356952667236328125e+02
2.351617126464843750e+02
2.346259613037109375e+02
2.340809326171875000e+02
2.335343627929687500e+02
2.329642181396484375e+02
2.323857574462890625e+02
2.318066253662109375e+02
2.312197265625000000e+02
2.306327667236328125e+02
2.300238037109375000e+02
2.294079589843750000e+02
2.287929534912109375e+02
2.281642150878906250e+02
2.275220184326171875e+02
2.268815460205078125e+02
2.262283325195312500e+02
2.255702514648437500e+02
2.249076690673828125e+02
2.242261199951171875e+02
2.235483703613281250e+02
2.228524932861328125e+02
2.221612091064453125e+02
2.214600219726562500e+02
2.207419433593750000e+02
2.200296478271484375e+02
2.193086547851562500e+02
2.185719604492187500e+02
2.178422393798828125e+02
2.171050109863281250e+02
2.163680877685546875e+02
2.156096191406250000e+02
2.148522338867187500e+02
2.140888977050781250e+02
2.133274383544921875e+02
2.125607910156250000e+02
2.117819213867187500e+02
2.109986267089843750e+02
2.102187194824218750e+02
2.094202880859375000e+02
2.086334228515625000e+02
2.078436431884765625e+02
2.070364532470703125e+02
2.062419586181640625e+02
2.054308013916015625e+02
2.046181945800781250e+02
2.038119812011718750e+02
2.029976043701171875e+02
2.021903381347656250e+02
2.013682250976562500e+02
2.005465240478515625e+02
1.997330017089843750e+02
1.988983154296875000e+02
1.980799865722656250e+02
1.972634735107421875e+02
1.964343109130859375e+02
1.956151580810546875e+02
1.947840576171875000e+02
1.939711151123046875e+02
1.931469726562500000e+02
1.923342437744140625e+02
1.915110321044921875e+02
1.906925506591796875e+02
1.898791809082031250e+02
1.890638122558593750e+02
1.882393493652343750e+02
1.874356079101562500e+02
1.866228790283203125e+02
1.858161010742187500e+02
1.850078582763671875e+02
1.842056274414062500e+02
1.834094696044921875e+02
1.826119689941406250e+02
1.818206024169921875e+02
1.810280151367187500e+02
1.802416534423828125e+02
1.794541625976562500e+02
1.786730041503906250e+02
1.778833618164062500e+02
1.771001892089843750e+02
1.763309326171875000e+02
1.755533905029296875e+02
1.747750244140625000e+02
1.740107727050781250e+02
1.732384033203125000e+02
1.724728393554687500e+02
1.717141571044921875e+02
1.709549865722656250e+02
1.702028350830078125e+02
1.694503631591796875e+02
1.686976013183593750e+02
1.679595336914062500e+02
1.672213439941406250e+02
1.664682922363281250e+02
1.657450103759765625e+02
1.650144500732421875e+02
1.642915649414062500e+02
1.635764160156250000e+02
1.628542633056640625e+02
1.621549224853515625e+02
1.614487457275390625e+02
1.607507171630859375e+02
1.600535125732421875e+02
1.593720550537109375e+02
1.586841888427734375e+02
1.580197143554687500e+02
1.573490753173828125e+02
1.566797332763671875e+02
1.560267181396484375e+02
1.553827056884765625e+02
1.547403717041015625e+02
1.541072387695312500e+02
1.534834594726562500e+02
1.528691406250000000e+02
1.522644042968750000e+02
1.516618804931640625e+02
1.510687713623046875e+02
1.504848022460937500e+02
1.499171295166015625e+02
1.493431701660156250e+02
1.487849426269531250e+02
1.482347259521484375e+02
1.476848449707031250e+02
1.471572723388671875e+02
1.466295166015625000e+02
1.461086730957031250e+02
1.455944824218750000e+02
1.450867309570312500e+02
1.445925445556640625e+02
1.440968017578125000e+02
1.436215515136718750e+02
1.431442413330078125e+02
1.426720428466796875e+02
1.422121429443359375e+02
1.417494354248046875e+02
1.412985229492187500e+02
1.408517303466796875e+02
1.404162597656250000e+02
1.399918823242187500e+02
1.395634613037109375e+02
1.391531066894531250e+02
1.387382659912109375e+02
1.383410034179687500e+02
1.379388122558593750e+02
1.375463409423828125e+02
1.371633605957031250e+02
1.367896575927734375e+02
1.364175872802734375e+02
1.360543670654296875e+02
1.356923828125000000e+02
1.353388519287109375e+02
1.349935607910156250e+02
1.346488952636718750e+02
1.343195343017578125e+02
1.339904022216796875e+02
1.336761932373046875e+02
1.333544158935546875e+02
1.330397644042968750e+02
1.327320556640625000e+02
1.324385528564453125e+02
1.321441955566406250e+02
1.318562469482421875e+02
1.315894317626953125e+02
1.313212738037109375e+02
1.310516052246093750e+02
1.307951202392578125e+02
1.305440979003906250e+02
1.302982788085937500e+02
1.300573730468750000e+02
1.298285522460937500e+02
1.296040954589843750e+02
1.293837432861328125e+02
1.291746215820312500e+02
1.289616394042968750e+02
1.287593536376953125e+02
1.285600738525390625e+02
1.283709716796875000e+02
1.281843414306640625e+02
1.279999237060546875e+02
1.278248672485351562e+02
1.276589126586914062e+02
1.274869232177734375e+02
1.273235168457031250e+02
1.271758270263671875e+02
1.270287551879882812e+02
1.268745880126953125e+02
1.267353515625000000e+02
1.266033554077148438e+02
1.264709014892578125e+02
1.263377075195312500e+02
1.262109680175781250e+02
1.261052322387695312e+02
1.259905548095703125e+02
1.258740768432617188e+02
1.257629699707031250e+02
1.256569442749023438e+02
1.255557479858398438e+02
1.254516754150390625e+02
1.253519058227539062e+02
1.252561340332031250e+02
1.251641311645507812e+02
1.250830383300781250e+02
1.249902877807617188e+02
1.249079055786132812e+02
1.248356323242187500e+02
1.247509002685546875e+02
1.246757354736328125e+02
1.245950012207031250e+02
1.245233001708984375e+02
1.244455032348632812e+02
1.243762054443359375e+02
1.243077011108398438e+02
1.242322921752929688e+02
1.241571655273437500e+02
1.240894699096679688e+02
1.240215530395507812e+02
1.239458923339843750e+02
1.238847274780273438e+02
1.238082809448242188e+02
1.237462234497070312e+02
1.236762313842773438e+02
1.236056594848632812e+02
1.235419158935546875e+02
1.234700775146484375e+02
1.234049377441406250e+02
1.233390502929687500e+02
1.232723693847656250e+02
1.232048187255859375e+02
1.231363677978515625e+02
1.230669937133789062e+02
1.229966049194335938e+02
1.229326324462890625e+02
1.228601303100585938e+02
1.228013763427734375e+02
1.227340087890625000e+02
1.226579742431640625e+02
1.225955429077148438e+02
1.225317993164062500e+02
1.224592361450195312e+02
1.223852691650390625e+02
1.223172454833984375e+02
1.222476806640625000e+02
1.221765518188476562e+02
1.221111984252929688e+02
1.220366973876953125e+02
1.219678573608398438e+02
1.218897552490234375e+02
1.218171920776367188e+02
1.217500686645507812e+02
1.216809082031250000e+02
1.216096191406250000e+02
1.215286941528320312e+02
1.214454803466796875e+02
1.213673400878906250e+02
1.212718658447265625e+02
1.211812820434570312e+02
1.211029052734375000e+02
1.210366516113281250e+02
1.209452514648437500e+02
1.208509063720703125e+02
1.207535018920898438e+02
1.206603469848632812e+02
1.205564880371093750e+02
1.204492187500000000e+02
1.203458480834960938e+02
1.202314682006835938e+02
1.201135940551757812e+02
1.199998168945312500e+02
1.198828887939453125e+02
1.197555007934570312e+02
1.196326980590820312e+02
1.194997406005859375e+02
1.193642349243164062e+02
1.192337493896484375e+02
1.190935516357421875e+02
1.189512329101562500e+02
1.188069458007812500e+02
1.186608047485351562e+02
1.185055313110351562e+02
1.183412628173828125e+02
1.181829986572265625e+02
1.180308914184570312e+02
1.178701934814453125e+02
1.177010650634765625e+02
1.175310440063476562e+02
1.173677139282226562e+02
1.171963729858398438e+02
1.170171127319335938e+02
1.168449630737304688e+02
1.166577529907226562e+02
1.164853591918945312e+02
1.163056106567382812e+02
1.161112136840820312e+02
1.159246063232421875e+02
1.157310638427734375e+02
1.155381469726562500e+02
1.153385696411132812e+02
1.151324691772460938e+02
1.149348526000976562e+02
1.147309875488281250e+02
1.145061416625976562e+02
1.142827453613281250e+02
1.140832443237304688e+02
1.138631668090820312e+02
1.136449508666992188e+02
1.134361724853515625e+02
1.132369461059570312e+02
1.130102462768554688e+02
1.127859420776367188e+02
1.125641555786132812e+02
1.123227081298828125e+02
1.120988845825195312e+02
1.118705215454101562e+02
1.116302871704101562e+02
1.114006195068359375e+02
1.111444625854492188e+02
1.108992004394531250e+02
1.106650161743164062e+02
1.104123764038085938e+02
1.101638031005859375e+02
1.099120559692382812e+02
1.096350173950195312e+02
1.093849182128906250e+02
1.091470718383789062e+02
1.088919372558593750e+02
1.086271286010742188e+02
1.083676910400390625e+02
1.080989303588867188e+02
1.078358764648437500e+02
1.075712814331054688e+02
1.072978668212890625e+02
1.070306625366210938e+02
1.067623901367187500e+02
1.064857864379882812e+02
1.062158660888671875e+02
1.059527816772460938e+02
1.056743850708007812e+02
1.053882675170898438e+02
1.051168594360351562e+02
1.048380203247070312e+02
1.045593338012695312e+02
1.042809371948242188e+02
1.040178298950195312e+02
1.037404556274414062e+02
1.034563598632812500e+02
1.031657104492187500e+02
1.028835067749023438e+02
1.026024780273437500e+02
1.023004531860351562e+02
1.020147552490234375e+02
1.017306594848632812e+02
1.014408950805664062e+02
1.011530532836914062e+02
1.008598480224609375e+02
1.005688705444335938e+02
1.002951431274414062e+02
1.000016860961914062e+02
9.971093750000000000e+01
9.942308044433593750e+01
9.913828277587890625e+01
9.885671234130859375e+01
9.857855224609375000e+01
9.828912353515625000e+01
9.801832580566406250e+01
9.772175598144531250e+01
9.742930603027343750e+01
9.714849090576171875e+01
9.686448669433593750e+01
9.659223937988281250e+01
9.630950164794921875e+01
9.603121185302734375e+01
9.574999237060546875e+01
9.547334289550781250e+01
9.519390869140625000e+01
9.491918182373046875e+01
9.464923858642578125e+01
9.437671661376953125e+01
9.410167694091796875e+01
9.383164215087890625e+01
9.356667327880859375e+01
9.329197692871093750e+01
9.302992248535156250e+01
9.276571655273437500e+01
9.249942016601562500e+01
9.223111724853515625e+01
9.197572326660156250e+01
9.171845245361328125e+01
9.145192718505859375e+01
9.119850921630859375e+01
9.093596649169921875e+01
9.068663787841796875e+01
9.042830657958984375e+01
9.018331146240234375e+01
8.992940521240234375e+01
8.968893432617187500e+01
8.944709777832031250e+01
8.920392608642578125e+01
8.895948028564453125e+01
8.872121429443359375e+01
8.848175811767578125e+01
8.824858093261718750e+01
8.801428222656250000e+01
8.777890777587890625e+01
8.754991912841796875e+01
8.732736206054687500e+01
8.709640502929687500e+01
8.687195587158203125e+01
8.666148376464843750e+01
8.643528747558593750e+01
8.622313690185546875e+01
8.601022338867187500e+01
8.580400848388671875e+01
8.558967590332031250e+01
8.539700317382812500e+01
8.519629669189453125e+01
8.499501800537109375e+01
8.480791473388671875e+01
8.461254882812500000e+01
8.442363739013671875e+01
8.423361968994140625e+01
8.405721282958984375e+01
8.387200927734375000e+01
8.369272613525390625e+01
8.351181793212890625e+01
8.334404754638671875e+01
8.317443084716796875e+01
8.299542236328125000e+01
8.282923126220703125e+01
8.266088867187500000e+01
8.249773406982421875e+01
8.233967590332031250e+01
8.217921447753906250e+01
8.202371215820312500e+01
8.186563110351562500e+01
8.171236419677734375e+01
8.155640411376953125e+01
8.141255950927734375e+01
8.125846862792968750e+01
8.110894775390625000e+01
8.097138214111328125e+01
8.082343292236328125e+01
8.067989349365234375e+01
8.054818725585937500e+01
8.040594482421875000e+01
8.027544403076171875e+01
8.013433837890625000e+01
8.001232910156250000e+01
7.987220764160156250e+01
7.975109863281250000e+01
7.962666320800781250e+01
7.950630950927734375e+01
7.938998413085937500e+01
7.927021026611328125e+01
7.915438842773437500e+01
7.904989624023437500e+01
7.893439483642578125e+01
7.883013153076171875e+01
7.872218322753906250e+01
7.861792755126953125e+01
7.851731109619140625e+01
7.842027282714843750e+01
7.832673645019531250e+01
7.822922515869140625e+01
7.814251708984375000e+01
7.805166625976562500e+01
7.796403503417968750e+01
7.787205505371093750e+01
7.779785919189453125e+01
7.771901702880859375e+01
7.764279937744140625e+01
7.756905364990234375e+01
7.749761962890625000e+01
7.742092132568359375e+01
7.736108398437500000e+01
7.729563903808593750e+01
7.722444152832031250e+01
7.716961669921875000e+01
7.710871124267578125e+01
7.704898834228515625e+01
7.699771881103515625e+01
7.693988037109375000e+01
7.688273620605468750e+01
7.682614898681640625e+01
7.676994323730468750e+01
7.671397399902343750e+01
7.666551208496093750e+01
7.661699676513671875e+01
7.656826019287109375e+01
7.651918029785156250e+01
7.646959686279296875e+01
7.642683410644531250e+01
7.637588500976562500e+01
7.633148193359375000e+01
7.627864837646484375e+01
7.623957061767578125e+01
7.618439483642578125e+01
7.614274597167968750e+01
7.609223937988281250e+01
7.604539489746093750e+01
7.600286102294921875e+01
7.595935821533203125e+01
7.591330718994140625e+01
7.587056732177734375e+01
7.582438659667968750e+01
7.577987670898437500e+01
7.573549652099609375e+01
7.568893432617187500e+01
7.564458465576171875e+01
7.560017395019531250e+01
7.555487060546875000e+01
7.550938415527343750e+01
7.546437835693359375e+01
7.541831970214843750e+01
7.537412261962890625e+01
7.532801055908203125e+01
0.000000000000000000e+00
0.000000000000000000e+00
0.000000000000000000e+00
0.000000000000000000e+00
0.000000000000000000e+00
0.000000000000000000e+00
0.000000000000000000e+00
0.000000000000000000e+00
0.000000000000000000e+00
0.000000000000000000e+00
0.000000000000000000e+00
0.000000000000000000e+00
0.000000000000000000e+00
0.000000000000000000e+00
0.000000000000000000e+00
0.000000000000000000e+00
0.000000000000000000e+00
0.000000000000000000e+00
0.000000000000000000e+00
0.000000000000000000e+00
0.000000000000000000e+00
0.000000000000000000e+00
0.000000000000000000e+00
0.000000000000000000e+00
0.000000000000000000e+00
0.000000000000000000e+00
0.000000000000000000e+00
0.000000000000000000e+00
0.000000000000000000e+00
0.000000000000000000e+00
0.000000000000000000e+00
0.000000000000000000e+00
0.000000000000000000e+00
0.000000000000000000e+00
0.000000000000000000e+00
0.000000000000000000e+00
0.000000000000000000e+00
0.000000000000000000e+00
0.000000000000000000e+00
0.000000000000000000e+00
0.000000000000000000e+00
0.000000000000000000e+00
0.000000000000000000e+00
0.000000000000000000e+00
0.000000000000000000e+00
0.000000000000000000e+00
0.000000000000000000e+00
0.000000000000000000e+00
0.000000000000000000e+00
0.000000000000000000e+00
0.000000000000000000e+00
0.000000000000000000e+00
0.000000000000000000e+00
0.000000000000000000e+00
0.000000000000000000e+00
0.000000000000000000e+00
0.000000000000000000e+00
0.000000000000000000e+00
0.000000000000000000e+00
0.000000000000000000e+00
0.000000000000000000e+00
0.000000000000000000e+00
0.000000000000000000e+00
0.000000000000000000e+00
0.000000000000000000e+00
0.000000000000000000e+00
0.000000000000000000e+00
0.000000000000000000e+00
0.000000000000000000e+00
0.000000000000000000e+00
0.000000000000000000e+00
0.000000000000000000e+00
0.000000000000000000e+00
0.000000000000000000e+00
0.000000000000000000e+00
0.000000000000000000e+00
0.000000000000000000e+00
0.000000000000000000e+00
0.000000000000000000e+00
0.000000000000000000e+00
0.000000000000000000e+00
0.000000000000000000e+00
0.000000000000000000e+00
0.000000000000000000e+00
0.000000000000000000e+00
0.000000000000000000e+00
0.000000000000000000e+00
0.000000000000000000e+00
0.000000000000000000e+00
0.000000000000000000e+00
0.000000000000000000e+00
0.000000000000000000e+00
0.000000000000000000e+00
0.000000000000000000e+00
0.000000000000000000e+00
0.000000000000000000e+00
0.000000000000000000e+00
0.000000000000000000e+00
0.000000000000000000e+00
0.000000000000000000e+00
