# d_a
# unit = Mpc
0.000000000000000000e+00
5.921950515735026954e+01
1.169974888067902157e+02
1.733744727803475882e+02
2.283895062081090259e+02
2.820802351858799852e+02
3.344829684110245580e+02
3.856327390538610302e+02
4.355633631123077407e+02
4.843074944793106056e+02
5.318966769359909676e+02
5.783613932680834750e+02
6.237311116891800111e+02
6.680343297412991888e+02
7.112986158313146916e+02
7.535506485507385150e+02
7.948162539161777431e+02
8.351204406582966158e+02
8.744874336784747584e+02
9.129407057842256563e+02
9.505030078070085438e+02
9.871963971991299331e+02
1.023042265200016118e+03
1.058061362656205119e+03
1.092273824573846014e+03
1.125699193477413019e+03
1.158356441643514017e+03
1.190263992274298062e+03
1.221439739670809104e+03
1.251901068462795138e+03
1.281664871947922620e+03
1.310747569590018202e+03
1.339165123722833414e+03
1.366933055502967818e+03
1.394066460152859918e+03
1.420580021532256524e+03
1.446488026074208847e+03
1.471804376119461267e+03
1.496542602681025073e+03
1.520715877668846815e+03
1.544337025602661470e+03
1.567418534839462154e+03
1.589972568340433327e+03
1.612010974000760143e+03
1.633545294564317146e+03
1.654586777143986865e+03
1.675146382367131537e+03
1.695234793164630219e+03
1.714862423220833989e+03
1.734039425100793551e+03
1.752775698070209046e+03
1.771080895622632852e+03
1.788964432727722397e+03
1.806435492813471456e+03
1.823503034494728809e+03
1.840175798059559838e+03
1.856462311724431856e+03
1.872370897668565703e+03
1.887909677857266161e+03
1.903086579663503699e+03
1.917909341296542152e+03
1.932385517045911001e+03
1.946522482348631684e+03
1.960327438687148287e+03
1.973807418325071012e+03
1.986969288887437642e+03
1.999819757791892016e+03
2.012365376536823078e+03
2.024612544852237988e+03
2.036567514718827624e+03
2.048236394260426550e+03
2.059625151514826939e+03
2.070739618087638519e+03
2.081585492693686774e+03
2.092168344590213110e+03
2.102493616905946965e+03
2.112566629869922963e+03
2.122392583943749742e+03
2.131976562860847480e+03
2.141323536576022434e+03
2.150438364128604007e+03
2.159325796422212534e+03
2.167990478924081344e+03
2.176436954286755736e+03
2.184669664894857760e+03
2.192692955339469336e+03
2.200511074822604769e+03
2.208128179494142842e+03
2.215548334723444896e+03
2.222775517307869904e+03
2.229813617620205605e+03
2.236666441697073878e+03
2.243337713270170752e+03
2.249831075742191388e+03
2.256150094109228576e+03
2.262298256831304116e+03
2.268278977652693811e+03
2.274095597373578130e+03
2.279751385574574670e+03
2.285249542295556694e+03
2.290593199670179274e+03
2.295785423517464551e+03
2.300829214891713036e+03
2.305727511592031533e+03
2.310483189632642734e+03
2.315099064675167028e+03
2.319577893423978821e+03
2.323922374985730585e+03
2.328135152194083275e+03
2.332218812900649027e+03
2.336175891233123366e+03
2.340008868821551914e+03
2.343720175993621979e+03
2.347312192939888519e+03
2.350787250849743941e+03
2.354147633019003933e+03
2.357395575929844199e+03
2.360533270303917107e+03
2.363562862129343557e+03
2.366486453662332224e+03
2.369306104404110101e+03
2.372023832053846945e+03
2.374641613438214335e+03
2.377161385418235568e+03
2.379585045774019818e+03
2.381914454067996303e+03
2.384151432487199145e+03
2.386297766665196377e+03
2.388355206484176506e+03
2.390325466857744686e+03
2.392210228494907369e+03
2.394011138645780193e+03
2.395729811829474329e+03
2.397367830544630579e+03
2.398926745963064150e+03
2.400408078606952586e+03
2.401813319010001123e+03
2.403143928362993393e+03
2.404401339144129906e+03
2.405586955734561798e+03
2.406702155019475867e+03
2.407748286975122028e+03
2.408726675242126021e+03
2.409638617685455301e+03
2.410485386941355955e+03
2.411268230951603073e+03
2.411988373485392458e+03
2.412647014649166067e+03
2.413245331384685414e+03
2.413784477955658076e+03
2.414265586423181048e+03
2.414689767110296089e+03
2.415058109055933983e+03
2.415371680458481933e+03
2.415631529109276471e+03
2.415838682816223354e+03
2.415994149817830930e+03
2.416098919187860247e+03
2.416153961230838831e+03
2.416160227868664151e+03
2.416118653018509121e+03
2.416030152962232023e+03
2.415895626707530027e+03
2.415715956340989578e+03
2.415492007373286924e+03
2.415224629076670681e+03
2.414914654814960613e+03
2.414562902366214985e+03
2.414170174238255186e+03
2.413737257977213631e+03
2.413264926469276361e+03
2.412753938235781334e+03
2.412205037721831104e+03
2.411618955578576333e+03
2.410996408939313369e+03
2.410338101689557789e+03
2.409644724731220776e+03
2.408916956241037042e+03
2.408155461923377516e+03
2.407360895257576431e+03
2.406533897739914664e+03
2.405675099120360301e+03
2.404785117634217841e+03
2.403864560228780647e+03
2.402914022785124871e+03
2.401934090335132169e+03
2.400925337273884907e+03
2.399888327567511169e+03
2.398823614956605070e+03
2.397731743155307413e+03
2.396613246046171753e+03
2.395468647870884979e+03
2.394298463416958384e+03
2.393103198200472889e+03
2.391883348644968009e+03
2.390639402256570520e+03
2.389371837795433748e+03
2.388081125443600740e+03
2.386767726969326759e+03
2.385432095887993910e+03
2.384074677619650174e+03
2.382695909643283358e+03
2.381296221647879065e+03
2.379876035680347286e+03
2.378435766290394440e+03
2.376975820672388636e+03
2.375496598804307723e+03
2.373998493583823347e+03
2.372481890961586942e+03
2.370947170071779055e+03
2.369394703359995219e+03
2.367824856708502466e+03
2.366237989558952904e+03
2.364634455032589813e+03
2.363014600048011744e+03
2.361378765436548747e+03
2.359727286055297554e+03
2.358060490897877571e+03
2.356378703202938595e+03
2.354682240560497121e+03
2.352971415016122137e+03
2.351246533173033640e+03
2.349507896292157056e+03
2.347755800390170862e+03
2.345990536335598335e+03
2.344212389942988011e+03
2.342421642065211472e+03
2.340618568683931699e+03
2.338803440998281530e+03
2.336976524265579428e+03
2.335138082832794680e+03
2.333288372857515697e+03
2.331427647260928097e+03
2.329556154599470574e+03
2.327674139143529828e+03
2.325781840954589825e+03
2.323879495960870372e+03
2.321967336031501873e+03
2.320045589049238515e+03
2.318114478981767206e+03
2.316174225951630433e+03
2.314225046304793977e+03
2.312267152677883587e+03
2.310300754064128341e+03
2.308326055878028910e+03
2.306343260018786168e+03
2.304352564932499718e+03
2.302354165673189982e+03
2.300348253962634772e+03
2.298335018249073528e+03
2.296314643764786069e+03
2.294287312582575396e+03
2.292253203671177289e+03
2.290212492949614898e+03
2.288165353340526963e+03
2.286111954822484222e+03
2.284052464481319475e+03
2.281987046560483577e+03
2.279915862510465104e+03
2.277839071037269150e+03
2.275756828149992998e+03
2.273669287207511388e+03
2.271576598964275945e+03
2.269478911615289690e+03
2.267376370840201616e+03
2.265269119846615467e+03
2.263157299412581779e+03
2.261041047928295029e+03
2.258920501437024086e+03
2.256795793675293226e+03
2.254667056112312366e+03
2.252534417988679252e+03
2.250398006354382687e+03
2.248257946106091367e+03
2.246114360023766494e+03
2.243967368806612740e+03
2.241817091108357999e+03
2.239663643571892408e+03
2.237507140863287532e+03
2.235347695705179831e+03
2.233185418909565215e+03
2.231020419409984243e+03
2.228852804293132976e+03
2.226682678829902216e+03
2.224510146505855573e+03
2.222335309051150944e+03
2.220158266469944920e+03
2.217979117069241966e+03
2.215797957487247004e+03
2.213614882721202775e+03
2.211429986154726976e+03
2.209243359584666905e+03
2.207055093247474360e+03
2.204865275845108499e+03
2.202673994570483501e+03
2.200481335132458298e+03
2.198287381780390206e+03
2.196092217328251536e+03
2.193895923178321937e+03
2.191698579344458722e+03
2.189500264474965206e+03
2.187301055875050224e+03
2.185101029528894742e+03
2.182900260121341034e+03
2.180698821059188049e+03
2.178496784492122515e+03
2.176294221333288078e+03
2.174091201279488359e+03
2.171887792831047591e+03
2.169684063311317004e+03
2.167480078885852436e+03
2.165275904581246778e+03
2.163071604303661843e+03
2.160867240857005072e+03
2.158662875960825659e+03
2.156458570267882806e+03
2.154254383381420212e+03
2.152050373872142700e+03
2.149846599294899988e+03
2.147643116205088518e+03
2.145439980174766788e+03
2.143237245808511034e+03
2.141034966758974861e+03
2.138833195742209227e+03
2.136631984552711856e+03
2.134431384078216524e+03
2.132231444314241799e+03
2.130032214378388289e+03
2.127833742524390345e+03
2.125636076155941737e+03
2.123439261840278959e+03
2.121243345321538982e+03
2.119048371533895079e+03
2.116854384614463925e+03
2.114661427916013054e+03
2.112469544019434579e+03
2.110278774746026556e+03
2.108089161169566978e+03
2.105900743628174041e+03
2.103713561735990879e+03
2.101527654394657475e+03
2.099343059804594759e+03
2.097159815476115455e+03
2.094977958240333464e+03
2.092797524259906368e+03
2.090618549039586924e+03
2.088441067436624053e+03
2.086265113670954179e+03
2.084090721335275703e+03
2.081917923404905196e+03
2.079746752247513086e+03
2.077577239632678356e+03
2.075409416741293171e+03
2.073243314174813804e+03
2.071078961964364225e+03
2.068916389579673705e+03
2.066755625937900732e+03
2.064596699412285943e+03
2.062439637840670002e+03
2.060284468533886411e+03
2.058131218284003353e+03
2.055979913372441843e+03
2.053830579577954722e+03
2.051683242184489245e+03
2.049537925988903226e+03
2.047394655308581378e+03
2.045253453988911588e+03
2.043114345410640908e+03
2.040977352497126731e+03
2.038842497721465179e+03
2.036709803113495354e+03
2.034579290266709449e+03
2.032450980345035987e+03
2.030324894089533927e+03
2.028201051824959222e+03
2.026079473466235413e+03
2.023960178524836238e+03
2.021843186115037497e+03
2.019728514960096618e+03
2.017616183398318071e+03
2.015506209389031028e+03
2.013398610518468786e+03
2.011293404005557477e+03
2.009190606707612915e+03
2.007090235125945128e+03
2.004992305411381039e+03
2.002896833369693013e+03
2.000803834466947137e+03
1.998713323834768971e+03
1.996625316275519936e+03
1.994539826267395483e+03
1.992456867969454606e+03
1.990376455226547932e+03
1.988298601574196937e+03
1.986223320243368107e+03
1.984150624165200043e+03
1.982080525975635737e+03
1.980013038019994838e+03
1.977948172357473140e+03
1.975885940765570012e+03
1.973826354744444416e+03
