# d_l
# unit = Mpc
0.000000000000000000e+00
6.040981721101301360e+01
1.217241873545845436e+02
1.839329781726707722e+02
2.470260899146907434e+02
3.109934592924327035e+02
3.758250633066272144e+02
4.415109229427655464e+02
5.080411067341958642e+02
5.754057341908689978e+02
6.435949790925492380e+02
7.125990726456058155e+02
7.824083065029076351e+02
8.530130356466647754e+02
9.244036811343768250e+02
9.965707327083515565e+02
1.069504751269608505e+03
1.143196371217142087e+03
1.217636302653907933e+03
1.292815333461041973e+03
1.368724331242092148e+03
1.445354245139246132e+03
1.522696107523703859e+03
1.600741035562572506e+03
1.679480232664745472e+03
1.758904989808457913e+03
1.839006686753242775e+03
1.919776793139215442e+03
2.001206869476653765e+03
2.083288568028937334e+03
2.166013633591989219e+03
2.249373904173430674e+03
2.333361311574665251e+03
2.417967881879200377e+03
2.503185735850475794e+03
2.589007089242537859e+03
2.675424253026856150e+03
2.762429633538617054e+03
2.850015732545743504e+03
2.938175147243979609e+03
3.026900570181215699e+03
3.116184789114335672e+03
3.206020686801649390e+03
3.296401240734154271e+03
3.387319522808568308e+03
3.478768698945232245e+03
3.570742028653777197e+03
3.663232864549449005e+03
3.756234651822915112e+03
3.849740927666272000e+03
3.943745320657970296e+03
4.038241550109165019e+03
4.133223425374129874e+03
4.228684845127055269e+03
4.324619796607698845e+03
4.421022354838092724e+03
4.517886681812577081e+03
4.615207025663247805e+03
4.712977719802879619e+03
4.811193182047302798e+03
4.909847913719148892e+03
5.008936498734705310e+03
5.108453602675749607e+03
5.208393971847884131e+03
5.308752432327111819e+03
5.409523888996048299e+03
5.510703324571339181e+03
5.612285798623544906e+03
5.714266446590958367e+03
5.816640478788443033e+03
5.919403179412634017e+03
6.022549905544505236e+03
6.126076086150469564e+03
6.229977221082935102e+03
6.334248880081329844e+03
6.438886701774462381e+03
6.543886392685073588e+03
6.649243726237374176e+03
6.754954541768309355e+03
6.861014743543233635e+03
6.967420299776676984e+03
7.074167241658810781e+03
7.181251662388127443e+03
7.288669716210916704e+03
7.396417617468028766e+03
7.504491639649334502e+03
7.612888114456281983e+03
7.721603430873068646e+03
7.830634034246542797e+03
7.939976425375441977e+03
8.049627159608940929e+03
8.159582845955096673e+03
8.269840146199157971e+03
8.380395774032091140e+03
8.491246494189492296e+03
8.602389121601036095e+03
8.713820520550587389e+03
8.825537603847118589e+03
8.937537332006562792e+03
9.049816712444635414e+03
9.162372798680717096e+03
9.275202689552905213e+03
9.388303528444144831e+03
9.501672502519604677e+03
9.615306841975207135e+03
9.729203819297388691e+03
9.843360748533998049e+03
9.957774984576361021e+03
1.007244392245248309e+04
1.018736499663132417e+04
1.030253568033807460e+04
1.041795348488043601e+04
1.053361595898573432e+04
1.064952068814897939e+04
1.076566529399148749e+04
1.088204743363034868e+04
1.099866479905828419e+04
1.111551511653411580e+04
1.123259614598349071e+04
1.134990568040991275e+04
1.146744154531589447e+04
1.158520159813419377e+04
1.170318372766889479e+04
1.182138585354634415e+04
1.193980592567572421e+04
1.205844192371923054e+04
1.217729185657161543e+04
1.229635376184909182e+04
1.241562570538734508e+04
1.253510578074869954e+04
1.265479210873805823e+04
1.277468283692774821e+04
1.289477613919096621e+04
1.301507021524374613e+04
1.313556329019535224e+04
1.325625361410689584e+04
1.337713946155810663e+04
1.349821913122210026e+04
1.361949094544800755e+04
1.374095324985139086e+04
1.386260441291218376e+04
1.398444282558020859e+04
1.410646690088798641e+04
1.422867507357084287e+04
1.435106579969405720e+04
1.447363755628699801e+04
1.459638884098420203e+04
1.471931817167309418e+04
1.484242408614836859e+04
1.496570514177287805e+04
1.508915991514488269e+04
1.521278700177157225e+04
1.533658501574880393e+04
1.546055258944669913e+04
1.558468837320140847e+04
1.570899103501249010e+04
1.583345926024613618e+04
1.595809175134390352e+04
1.608288722753695583e+04
1.620784442456578472e+04
1.633296209440512393e+04
1.645823900499402589e+04
1.658367393997116960e+04
1.670926569841499077e+04
1.683501309458885953e+04
1.696091495769092217e+04
1.708697013160873757e+04
1.721317747467850859e+04
1.733953585944883889e+04
1.746604417244891374e+04
1.759270131396102806e+04
1.771950619779740373e+04
1.784645775108119051e+04
1.797355491403157066e+04
1.810079663975279254e+04
1.822818189402728240e+04
1.835570965511254326e+04
1.848337891354185194e+04
1.861118867192863399e+04
1.873913794477450210e+04
1.886722575828092886e+04
1.899545115016427735e+04
1.912381316947436062e+04
1.925231087641628255e+04
1.938094334217570213e+04
1.950970964874711353e+04
1.963860888876547324e+04
1.976764016534083567e+04
1.989680259189606295e+04
2.002609529200744510e+04
2.015551739924830690e+04
2.028506805703544524e+04
2.041474641847835301e+04
2.054455164623123710e+04
2.067448291234764474e+04
2.080453939813780744e+04
2.093472029402846965e+04
2.106502479942545324e+04
2.119545212257841195e+04
2.132600148044825619e+04
2.145667209857685157e+04
2.158746321095911480e+04
2.171837405991731794e+04
2.184940389597770263e+04
2.198055197774931003e+04
2.211181757180489512e+04
2.224319995256401671e+04
2.237469840217817546e+04
2.250631221041800018e+04
2.263804067456235134e+04
2.276988309928955277e+04
2.290183879657030775e+04
2.303390708556267055e+04
2.316608729250877877e+04
2.329837875063337924e+04
2.343078080004415460e+04
2.356329278763378170e+04
2.369591406698368155e+04
2.382864399826939916e+04
2.396148194816767500e+04
2.409442728976509534e+04
2.422747940246825601e+04
2.436063767191560692e+04
2.449390148989061345e+04
2.462727025423658051e+04
2.476074336877280803e+04
2.489432024321224526e+04
2.502800029308041121e+04
2.516178293963591568e+04
2.529566759630305751e+04
2.542965372204913729e+04
2.556374074186422877e+04
2.569792809916885017e+04
2.583221524273807154e+04
2.596660162662955918e+04
2.610108671011288607e+04
2.623566995759983911e+04
2.637035083857616701e+04
2.650512882753411759e+04
2.664000340390636848e+04
2.677497405200084540e+04
2.691004026093677749e+04
2.704520152458159646e+04
2.718045734148906922e+04
2.731580721483824163e+04
2.745125065237360468e+04
2.758678716634591183e+04
2.772241627345431698e+04
2.785813749478909085e+04
2.799395035577554518e+04
2.812985438611862992e+04
2.826584911974859278e+04
2.840193409476735542e+04
2.853810885339585730e+04
2.867437294192214904e+04
2.881072591065036249e+04
2.894716731385045205e+04
2.908369670970870357e+04
2.922031366027912372e+04
2.935701773143542596e+04
2.949380849282391137e+04
2.963068551781700444e+04
2.976764838346746183e+04
2.990469667046350878e+04
3.004182996308433576e+04
3.017904784915653727e+04
3.031634992001118007e+04
3.045373577044140984e+04
3.059120499866075625e+04
3.072875720626215480e+04
3.086639199817756162e+04
3.100410898263797571e+04
3.114190777113449076e+04
3.127978797837943785e+04
3.141774922226844137e+04
3.155579112384299515e+04
3.169391330725352236e+04
3.183211539972294850e+04
3.197039703151099820e+04
3.210875783587877231e+04
3.224719744905412881e+04
3.238571551019727121e+04
3.252431166136711181e+04
3.266298554748795141e+04
3.280173681631674117e+04
3.294056511841069005e+04
3.307947010709558526e+04
3.321845143843433470e+04
3.335750877119601500e+04
3.349664176682551624e+04
3.363585008941339765e+04
3.377513340566635452e+04
3.391449138487799064e+04
3.405392369890012196e+04
3.419343002211435669e+04
3.433301003140418470e+04
3.447266340612736531e+04
3.461238982808883884e+04
3.475218898151389294e+04
3.489206055302172172e+04
3.503200423159944330e+04
3.517201970857638662e+04
3.531210667759874195e+04
3.545226483460469171e+04
3.559249387779964309e+04
3.573279350763205730e+04
3.587316342676940258e+04
3.601360334007460187e+04
3.615411295458275708e+04
3.629469197947804059e+04
3.643534012607116892e+04
3.657605710777686909e+04
3.671684264009207982e+04
3.685769644057384721e+04
3.699861822881817352e+04
3.713960772643861856e+04
3.728066465704550501e+04
3.742178874622529838e+04
3.756297972152020520e+04
3.770423731240814232e+04
3.784556125028288807e+04
3.798695126843462640e+04
3.812840710203054186e+04
3.826992848809577845e+04
3.841151516549483495e+04
3.855316687491278572e+04
3.869488335883713444e+04
3.883666436153971154e+04
3.897850962905879715e+04
3.912041890918156423e+04
3.926239195142676908e+04
3.940442850702744909e+04
3.954652832891417347e+04
3.968869117169812671e+04
3.983091679165484675e+04
3.997320494670774497e+04
4.011555539641205542e+04
4.025796790193910419e+04
4.040044222606033873e+04
4.054297813313220104e+04
4.068557538908057177e+04
4.082823376138574531e+04
4.097095301906757959e+04
4.111373293267071858e+04
4.125657327425008407e+04
4.139947381735642557e+04
4.154243433702235052e+04
4.168545460974797606e+04
4.182853441348752676e+04
4.197167352763523377e+04
4.211487173301213625e+04
4.225812881185263541e+04
4.240144454779131047e+04
4.254481872584994562e+04
4.268825113242468797e+04
4.283174155527321273e+04
4.297528978350233956e+04
4.311889560755565617e+04
4.326255881920102547e+04
4.340627921151876944e+04
4.355005657888951100e+04
4.369389071698245971e+04
4.383778142274370475e+04
4.398172849438467529e+04
4.412573173137070262e+04
4.426979093440980796e+04
4.441390590544161387e+04
4.455807644762612472e+04
4.470230236533306743e+04
4.484658346413111576e+04
4.499091955077711464e+04
4.513531043320570461e+04
4.527975592051886633e+04
4.542425582297574147e+04
4.556880995198246092e+04
4.571341812008194393e+04
4.585808014094433020e+04
4.600279582935682993e+04
4.614756500121427234e+04
4.629238747350934864e+04
4.643726306432328420e+04
4.658219159281635802e+04
4.672717287921872048e+04
4.687220674482123286e+04
4.701729301196634333e+04
4.716243150403920299e+04
4.730762204545878922e+04
4.745286446166914538e+04
4.759815857913072250e+04
4.774350422531186632e+04
4.788890122868017352e+04
4.803434941869440809e+04
4.817984862579591572e+04
4.832539868140069302e+04
4.847099941789104923e+04
4.861665066860782099e+04
4.876235226784220140e+04
4.890810405082810030e+04
4.905390585373428621e+04
4.919975751365676842e+04
4.934565886861110630e+04
