# d_m
# unit = Mpc
0.000000000000000000e+00
5.981170020892377437e+01
1.193374385829260262e+02
1.785757069637580230e+02
2.375250864564333995e+02
2.961842469451739817e+02
3.545519465156860406e+02
4.126270307876313268e+02
4.704084321612924100e+02
5.278951689824485811e+02
5.850863446295901440e+02
6.419811465275727187e+02
6.985788450918817034e+02
7.548787926076680606e+02
8.108804220476988576e+02
8.665832458333492241e+02
9.219868545427660820e+02
9.770909155702070166e+02
1.031895171740600063e+03
1.086399439883228524e+03
1.140603609368410162e+03
1.194507640610947192e+03
1.248111563544019646e+03
1.301415476067132204e+03
1.354419542471569002e+03
1.407123991846766330e+03
1.459529116470827603e+03
1.511635270188358618e+03
1.563442866778635789e+03
1.614952378317005696e+03
1.666164333532299452e+03
1.717079316162923988e+03
1.767697963314140225e+03
1.818020963818947394e+03
1.868049056604832458e+03
1.917783029068546512e+03
1.967223715460923813e+03
2.016371995283662045e+03
2.065228791699814337e+03
2.113795069959697230e+03
2.162071835843725694e+03
2.210060134123642001e+03
2.257761047043415147e+03
2.305175692821087068e+03
2.352305224172616818e+03
2.399150826858780874e+03
2.445713718256011816e+03
2.491995145952006169e+03
2.537996386366834486e+03
2.583718743400182575e+03
2.629163547105313683e+03
2.674332152390175452e+03
2.719225937746138243e+03
2.763846304004611284e+03
2.808194673121882261e+03
2.852272486992317681e+03
2.896081206290113641e+03
2.939622309339648382e+03
2.982897291014480743e+03
3.025907661664970419e+03
3.068654946074467716e+03
3.111140682443916376e+03
3.153366421404783523e+03
3.195333725060051620e+03
3.237044166053116896e+03
3.278499326664271848e+03
3.319700797934541242e+03
3.360650178816494190e+03
3.401349075351760348e+03
3.441799099874818694e+03
3.482001870242725545e+03
3.521959009090353902e+03
3.561672143110738034e+03
3.601142902360078097e+03
3.640372919586970966e+03
3.679363829585407075e+03
3.718117268571064415e+03
3.756634873580437215e+03
3.794918281892308642e+03
3.832969130471080007e+03
3.870789055431487213e+03
3.908379691524204645e+03
3.945742671641828110e+03
3.982879626344762983e+03
4.019792183406537788e+03
4.056481967378018453e+03
4.092950599170044370e+03
4.129199695654046991e+03
4.165230869280076149e+03
4.201045727711873951e+03
4.236645873478390058e+03
4.272032903641411394e+03
4.307208409478727845e+03
4.342173976182430124e+03
4.376931182571903264e+03
4.411481600821043685e+03
4.445826796199279670e+03
4.479968326825948679e+03
4.513907743437657700e+03
4.547646589168158243e+03
4.581186399340358548e+03
4.614528701270102829e+03
4.647675014081260088e+03
4.680626848531824180e+03
4.713385706850591305e+03
4.745953082584092044e+03
4.778330460453396881e+03
4.810519316220463224e+03
4.842521116563693795e+03
4.874337318962356221e+03
4.905969371589559159e+03
4.937418713213475712e+03
4.968686773106478540e+03
4.999774970961962026e+03
5.030684716818452216e+03
5.061417410990859025e+03
5.091974444008464161e+03
5.122357196559500153e+03
5.152567039441968518e+03
5.182605333520507884e+03
5.212473429689042860e+03
5.242172668839001744e+03
5.271704381832835679e+03
5.301069889482665531e+03
5.330270502533804574e+03
5.359307521652991454e+03
5.388182237421069658e+03
5.416895930329996190e+03
5.445449870783922961e+03
5.473845319104235386e+03
5.502083525538286267e+03
5.530165730271752182e+03
5.558093163444381389e+03
5.585867045168989534e+03
5.613488585553569465e+03
5.640958984726338713e+03
5.668279432863603688e+03
5.695451110220295050e+03
5.722475187163028750e+03
5.749352824205602701e+03
5.776085172046742628e+03
5.802673371610044342e+03
5.829118554085945107e+03
5.855421840975655869e+03
5.881584344136908840e+03
5.907607165831427665e+03
5.933491398774065601e+03
5.959238126183439817e+03
5.984848421834019973e+03
6.010323350109589228e+03
6.035663966057953076e+03
6.060871315446842345e+03
6.085946434820953982e+03
6.110890351559959527e+03
6.135704083937562245e+03
6.160388641181369167e+03
6.184945023533647145e+03
6.209374222312801976e+03
6.233677219975564185e+03
6.257854990179839660e+03
6.281908497848124171e+03
6.305838699231426290e+03
6.329646541973728745e+03
6.353332965176802645e+03
6.376898899465477371e+03
6.400345267053177849e+03
6.423672981807795622e+03
6.446882949317793646e+03
6.469976066958523006e+03
6.492953223958704257e+03
6.515815301467046993e+03
6.538563172618967656e+03
6.561197702603380094e+03
6.583719748729513412e+03
6.606130160493718904e+03
6.628429779646284260e+03
6.650619440258168652e+03
6.672699968787672333e+03
6.694672184146989821e+03
6.716536897768638482e+03
6.738294913671760696e+03
6.759947028528212286e+03
6.781494031728495429e+03
6.802936705447449640e+03
6.824275824709754488e+03
6.845512157455126726e+03
6.866646464603311870e+03
6.887679500118757460e+03
6.908612011075022565e+03
6.929444737718838951e+03
6.950178413533898492e+03
6.970813765304275876e+03
6.991351513177518427e+03
7.011792370727384878e+03
7.032137045016205775e+03
7.052386236656883739e+03
7.072540639874483531e+03
7.092600942567493803e+03
7.112567826368594069e+03
7.132441966705102459e+03
7.152224032858950522e+03
7.171914688026283329e+03
7.191514589376594813e+03
7.211024388111452936e+03
7.230444729522799207e+03
7.249776253050785272e+03
7.269019592341182033e+03
7.288175375302337670e+03
7.307244224161688180e+03
7.326226755521796804e+03
7.345123580415985089e+03
7.363935304363442810e+03
7.382662527423933170e+03
7.401305844252005954e+03
7.419865844150756857e+03
7.438343111125128416e+03
7.456738223934740745e+03
7.475051756146272055e+03
7.493284276185345334e+03
7.511436347387985734e+03
7.529508528051591384e+03
7.547501371485437630e+03
7.565415426060746540e+03
7.583251235260251633e+03
7.601009337727338789e+03
7.618690267314710582e+03
7.636294553132589499e+03
7.653822719596456409e+03
7.671275286474364293e+03
7.688652764833756009e+03
7.705955673348223172e+03
7.723184514158377169e+03
7.740339788906280774e+03
7.757421994816237202e+03
7.774431624739389008e+03
7.791369167197875868e+03
7.808235106428523977e+03
7.825029922426161647e+03
7.841754090986425581e+03
7.858408083748191530e+03
7.874992368235542926e+03
7.891507407899347527e+03
7.907953662158362022e+03
7.924331586439961029e+03
7.940641632220419524e+03
7.956884247064812371e+03
7.973059874666449105e+03
7.989168954885969470e+03
8.005211923789968750e+03
8.021189213689267490e+03
8.037101253176751015e+03
8.052948467164840622e+03
8.068731276922543657e+03
8.084450100112140717e+03
8.100105350825465393e+03
8.115697439619819306e+03
8.131226773553497878e+03
8.146693756220925934e+03
8.162098787787464971e+03
8.177442265023795699e+03
8.192724581339974975e+03
8.207946126819115307e+03
8.223107288250679630e+03
8.238208449163501427e+03
8.253249989858333720e+03
8.268232287440147047e+03
8.283155715850049091e+03
8.298020645896842325e+03
8.312827445288248782e+03
8.327576478661831061e+03
8.342268107615556801e+03
8.356902690737999365e+03
8.371480583638303870e+03
8.386002138975720300e+03
8.400467706488887416e+03
8.414877633024798342e+03
8.429232262567426005e+03
8.443531936266033881e+03
8.457776992463226634e+03
8.471967766722631495e+03
8.486104591856348634e+03
8.500187797952039546e+03
8.514217712399768061e+03
8.528194659918524849e+03
8.542118962582484528e+03
8.555990939846931724e+03
8.569810908573987035e+03
8.583579183057967384e+03
8.597296075050518994e+03
8.610961893785479333e+03
8.624576946003435296e+03
8.638141535976048544e+03
8.651655965530098911e+03
8.665120534071276779e+03
8.678535538607704439e+03
8.691901273773210050e+03
8.705218031850345142e+03
8.718486102793158352e+03
8.731705774249721799e+03
8.744877331584390049e+03
8.758001057899860825e+03
8.771077234058950125e+03
8.784106138706156344e+03
8.797088048289004291e+03
8.810023237079120008e+03
8.822911977193098210e+03
8.835754538613151453e+03
8.848551189207517382e+03
8.861302194750674971e+03
8.874007818943286111e+03
8.886668323431993485e+03
8.899283967828923778e+03
8.911855009731087193e+03
8.924381704739431370e+03
8.936864306477818900e+03
8.949303066611713803e+03
8.961698234866707935e+03
8.974050059046834576e+03
8.986358785052681924e+03
8.998624656899319234e+03
9.010847916734021055e+03
9.023028804853831389e+03
9.035167559722875012e+03
9.047264417989545109e+03
9.059319614503498087e+03
9.071333382332421024e+03
9.083305952778669962e+03
9.095237555395717209e+03
9.107128418004391278e+03
9.118978766708989497e+03
9.130788825913201435e+03
9.142558818335834076e+03
9.154288965026427832e+03
9.165979485380628830e+03
9.177630597155495707e+03
9.189242516484539010e+03
9.200815457892675113e+03
9.212349634311007321e+03
9.223845257091401436e+03
9.235302536021001288e+03
9.246721679336493253e+03
9.258102893738263447e+03
9.269446384404429409e+03
9.280752355004677156e+03
9.292021007713983636e+03
9.303252543226162743e+03
9.314447160767344030e+03
9.325605058109165839e+03
9.336726431582035730e+03
9.347811476088025302e+03
9.358860385113808661e+03
9.369873350743378978e+03
9.380850563670644988e+03
9.391792213211907438e+03
9.402698487318213665e+03
9.413569572587517541e+03
9.424405654276828500e+03
9.435206916314147747e+03
9.445973541310268047e+03
9.456705710570538940e+03
9.467403604106415514e+03
9.478067400646956230e+03
9.488697277650151591e+03
9.499293411314185505e+03
9.509855976588512931e+03
9.520385147184904781e+03
9.530881095588329117e+03
9.541343993067692281e+03
9.551774009686552745e+03
9.562171314313671246e+03
9.572536074633428143e+03
9.582868457156200748e+03
9.593168627228571495e+03
9.603436749043496093e+03
9.613672985650307965e+03
9.623877498964619008e+03
9.634050449778220354e+03
9.644191997768728470e+03
9.654302301509262179e+03
9.664381518477943246e+03
9.674429805067349662e+03
9.684447316593836149e+03
9.694434207306787357e+03
9.704390630397771019e+03
9.714316738009574692e+03
9.724212681245197018e+03
9.734078610176706206e+03
9.743914673854033026e+03
9.753721020313672852e+03
9.763497796587293124e+03
9.773245148710238936e+03
9.782963221730022269e+03
9.792652159714616573e+03
9.802312105760789564e+03
9.811943202002237740e+03
9.821545589617740916e+03
9.831119408839153039e+03
9.840664798959374821e+03
9.850181898340217231e+03
9.859670844420194044e+03
9.869131773722221624e+03
