# h
# unit = 1.0/Mpc
1.667941084559440438e-04
1.675912729967788848e-04
1.684004977477041108e-04
1.692217658424665901e-04
1.700550581823516069e-04
1.709003535032707437e-04
1.717576284431609568e-04
1.726268576095769925e-04
1.735080136473620826e-04
1.744010673062871164e-04
1.753059875085520114e-04
1.762227414160472572e-04
1.771512944972784636e-04
1.780916105938615637e-04
1.790436519865001483e-04
1.800073794603623150e-04
1.809827523697781556e-04
1.819697287021849433e-04
1.829682651412503321e-04
1.839783171291109823e-04
1.849998389276658701e-04
1.860327836788713731e-04
1.870771034639867657e-04
1.881327493617261616e-04
1.891996715052747004e-04
1.902778191381338771e-04
1.913671406687621061e-04
1.924675837239830619e-04
1.935790952011377558e-04
1.947016213189586083e-04
1.958351076671497974e-04
1.969794992546593281e-04
1.981347405566334153e-04
1.993007755600459461e-04
2.004775478079987906e-04
2.016650004426920946e-04
2.028630762470659109e-04
2.040717176851174761e-04
2.052908669408995835e-04
2.065204659562104865e-04
2.077604564669838976e-04
2.090107800383929880e-04
2.102713780986819410e-04
2.115421919717420257e-04
2.128231629084480214e-04
2.141142321167746165e-04
2.154153407907134082e-04
2.167264301380095594e-04
2.180474414067419629e-04
2.193783159107689791e-04
2.207189950540629469e-04
2.220694203539582703e-04
2.234295334633379078e-04
2.247992761917825253e-04
2.261785905257093071e-04
2.275674186475248211e-04
2.289657029538189883e-04
2.303733860726259609e-04
2.317904108797782278e-04
2.332167205143797790e-04
2.346522583934256500e-04
2.360969682255918624e-04
2.375507940242241930e-04
2.390136801195494071e-04
2.404855711701357637e-04
2.419664121736264813e-04
2.434561484767727279e-04
2.449547257847893914e-04
2.464620901700584040e-04
2.479781880802022268e-04
2.495029663455528100e-04
2.510363721860360054e-04
2.525783532174971278e-04
2.541288574574860942e-04
2.556878333305266475e-04
2.572552296728875497e-04
2.588309957368794384e-04
2.604150811946943120e-04
2.620074361418081349e-04
2.636080110999661891e-04
2.652167570197677573e-04
2.668336252828698183e-04
2.684585677038253118e-04
2.700915365315738619e-04
2.717324844506010606e-04
2.733813645817815977e-04
2.750381304829210361e-04
2.767027361490138524e-04
2.783751360122266858e-04
2.800552849416264745e-04
2.817431382426625864e-04
2.834386516564173101e-04
2.851417813586370662e-04
2.868524839585567528e-04
2.885707164975266571e-04
2.902964364474564635e-04
2.920296017090829688e-04
2.937701706100756560e-04
2.955181019029863598e-04
2.972733547630559254e-04
2.990358887858834448e-04
3.008056639849705934e-04
3.025826407891456737e-04
3.043667800398773961e-04
3.061580429884871784e-04
3.079563912932641381e-04
3.097617870164928061e-04
3.115741926213982244e-04
3.133935709690164511e-04
3.152198853149954048e-04
3.170530993063331508e-04
3.188931769780570984e-04
3.207400827498521861e-04
3.225937814226413083e-04
3.244542381751236741e-04
3.263214185602747322e-04
3.281952885018129726e-04
3.300758142906385392e-04
3.319629625812453339e-04
3.338567003881125748e-04
3.357569950820780860e-04
3.376638143866973296e-04
3.395771263745919755e-04
3.414968994637894179e-04
3.434231024140571966e-04
3.453557043232358451e-04
3.472946746235710353e-04
3.492399830780489197e-04
3.511915997767357561e-04
3.531494951331251770e-04
3.551136398804944565e-04
3.570840050682718911e-04
3.590605620584167031e-04
3.610432825218141766e-04
3.630321384346866772e-04
3.650271020750223442e-04
3.670281460190226485e-04
3.690352431375706573e-04
3.710483665927215811e-04
3.730674898342144067e-04
3.750925865960086847e-04
3.771236308928458195e-04
3.791605970168356217e-04
3.812034595340700193e-04
3.832521932812634944e-04
3.853067733624214930e-04
3.873671751455378363e-04
3.894333742593214065e-04
3.915053465899519421e-04
3.935830682778667885e-04
3.956665157145771382e-04
3.977556655395169598e-04
3.998504946369221759e-04
4.019509801327411213e-04
4.040570993915782848e-04
4.061688300136688436e-04
4.082861498318864275e-04
4.104090369087826508e-04
4.125374695336593328e-04
4.146714262196741661e-04
4.168108857009784765e-04
4.189558269298866971e-04
4.211062290740808607e-04
4.232620715138459390e-04
4.254233338393391167e-04
4.275899958478900195e-04
4.297620375413353658e-04
4.319394391233854938e-04
4.341221809970221136e-04
4.363102437619296157e-04
4.385036082119581459e-04
4.407022553326173640e-04
4.429061662986039745e-04
4.451153224713589110e-04
4.473297053966561790e-04
4.495492968022241163e-04
4.517740785953958723e-04
4.540040328607913302e-04
4.562391418580288979e-04
4.584793880194684701e-04
4.607247539479828510e-04
4.629752224147601846e-04
4.652307763571348460e-04
4.674913988764472258e-04
4.697570732359337650e-04
4.720277828586437138e-04
4.743035113253847861e-04
4.765842423726977068e-04
4.788699598908568891e-04
4.811606479218996256e-04
4.834562906576815177e-04
4.857568724379590099e-04
4.880623777484994629e-04
4.903727912192144822e-04
4.926880976223224672e-04
4.950082818705347403e-04
4.973333290152672642e-04
4.996632242448771329e-04
5.019979528829250290e-04
5.043375003864597993e-04
5.066818523443288340e-04
5.090309944755114311e-04
5.113849126274755798e-04
5.137435927745587043e-04
5.161070210163694414e-04
5.184751835762142465e-04
5.208480667995440570e-04
5.232256571524241577e-04
5.256079412200263812e-04
5.279949057051397387e-04
5.303865374267063143e-04
5.327828233183738542e-04
5.351837504270717761e-04
5.375893059116062600e-04
5.399994770412748545e-04
5.424142511945016830e-04
5.448336158574911903e-04
5.472575586229020544e-04
5.496860671885386634e-04
5.521191293560616734e-04
5.545567330297181911e-04
5.569988662150868099e-04
5.594455170178446552e-04
5.618966736425475483e-04
5.643523243914323967e-04
5.668124576632303183e-04
5.692770619520036175e-04
5.717461258459939286e-04
5.742196380264883576e-04
5.766975872667028623e-04
5.791799624306800520e-04
5.816667524722021667e-04
5.841579464337220539e-04
5.866535334453060711e-04
5.891535027235930352e-04
5.916578435707700850e-04
5.941665453735584098e-04
5.966795976022179525e-04
5.991969898095636038e-04
6.017187116299949502e-04
6.042447527785414167e-04
6.067751030499198787e-04
6.093097523176038742e-04
6.118486905329098384e-04
6.143919077240919029e-04
6.169393939954524167e-04
6.194911395264632000e-04
6.220471345708988332e-04
6.246073694559845825e-04
6.271718345815522396e-04
6.297405204192114666e-04
6.323134175115305722e-04
6.348905164712289988e-04
6.374718079803809749e-04
6.400572827896305536e-04
6.426469317174176004e-04
6.452407456492129968e-04
6.478387155367676137e-04
6.504408323973676813e-04
6.530470873131028441e-04
6.556574714301437569e-04
6.582719759580304151e-04
6.608905921689677476e-04
6.635133113971332462e-04
6.661401250379938091e-04
6.687710245476302835e-04
6.714060014420730662e-04
6.740450472966450770e-04
6.766881537453156830e-04
6.793353124800614526e-04
6.819865152502358006e-04
6.846417538619482823e-04
6.873010201774521280e-04
6.899643061145380651e-04
6.926316036459394167e-04
6.953029047987415367e-04
6.979782016538031708e-04
7.006574863451815044e-04
7.033407510595691362e-04
7.060279880357328954e-04
7.087191895639680540e-04
7.114143479855506965e-04
7.141134556922052682e-04
7.168165051255738583e-04
7.195234887766952404e-04
7.222343991854899854e-04
7.249492289402514281e-04
7.276679706771459590e-04
7.303906170797161337e-04
7.331171608783937583e-04
7.358475948500173107e-04
7.385819118173557593e-04
7.413201046486404041e-04
7.440621662570994291e-04
7.468080896005027539e-04
7.495578676807080785e-04
7.523114935432165772e-04
7.550689602767342301e-04
7.578302610127346734e-04
7.605953889250319146e-04
7.633643372293578196e-04
7.661370991829433933e-04
7.689136680841062409e-04
7.716940372718445341e-04
7.744782001254326038e-04
7.772661500640268327e-04
7.800578805462715475e-04
7.828533850699134766e-04
7.856526571714190273e-04
7.884556904255967660e-04
7.912624784452259707e-04
7.940730148806869181e-04
7.968872934196004950e-04
7.997053077864656407e-04
8.025270517423088246e-04
8.053525190843315723e-04
8.081817036455668816e-04
8.110145992945361811e-04
8.138511999349139865e-04
8.166914995051941829e-04
8.195354919783610784e-04
8.223831713615647934e-04
8.252345316958017464e-04
8.280895670555950315e-04
8.309482715486853121e-04
8.338106393157175946e-04
8.366766645299399292e-04
8.395463413968976647e-04
8.424196641541387620e-04
8.452966270709174820e-04
8.481772244479038195e-04
8.510614506168969482e-04
8.539492999405394252e-04
8.568407668120394186e-04
8.597358456548909829e-04
8.626345309226009488e-04
8.655368170984196075e-04
8.684426986950709608e-04
8.713521702544899106e-04
8.742652263475614001e-04
8.771818615738610726e-04
8.801020705614020015e-04
8.830258479663802285e-04
8.859531884729288662e-04
8.888840867928688404e-04
8.918185376654683052e-04
8.947565358571990231e-04
8.976980761615021773e-04
9.006431533985503890e-04
9.035917624150180839e-04
9.065438980838506650e-04
9.094995553040367223e-04
9.124587290003862046e-04
9.154214141233065318e-04
9.183876056485835862e-04
9.213572985771674743e-04
9.243304879349542764e-04
9.273071687725783141e-04
9.302873361652001880e-04
9.332709852123001297e-04
9.362581110374748215e-04
9.392487087882325910e-04
9.422427736357958696e-04
9.452403007749016987e-04
9.482412854236055982e-04
9.512457228230905299e-04
9.542536082374729334e-04
9.572649369536154846e-04
9.602797042809387701e-04
9.632979055512365385e-04
9.663195361184936634e-04
9.693445913587028047e-04
9.723730666696892011e-04
9.754049574709293922e-04
9.784402592033793720e-04
9.814789673293002493e-04
9.845210773320861846e-04
9.875665847160967729e-04
9.906154850064885584e-04
9.936677737490467663e-04
9.967234465100265756e-04
9.997824988759863689e-04
1.002844926453628788e-03
1.005910724869642876e-03
1.008979889770545129e-03
1.012052416822525544e-03
1.015128301711294093e-03
1.018207540141927202e-03
1.021290127838716828e-03
1.024376060545025393e-03
1.027465334023132913e-03
1.030557944054096052e-03
1.033653886437601319e-03
1.036753156991821736e-03
1.039855751553278281e-03
1.042961665976697419e-03
1.046070896134873845e-03
1.049183437918534524e-03
1.052299287236200783e-03
1.055418440014056249e-03
1.058540892195813932e-03
