# d_l
# unit = Mpc
0.000000000000000000e+00
4.315182987061334074e+01
8.695066860951661170e+01
1.313892967325038228e+02
1.764605172768719399e+02
2.221571586243277920e+02
2.684720772334465551e+02
3.153981602799148050e+02
3.629283282031083786e+02
4.110555371578017798e+02
4.597727813701116020e+02
5.090730953970027031e+02
5.589495562889604798e+02
6.093952856556713868e+02
6.604034516347787758e+02
7.119672707639870168e+02
7.640800097570511298e+02
8.167349871842988023e+02
8.699255750585975875e+02
9.236452003278124039e+02
9.778873462749564851e+02
1.032645553827416961e+03
1.087913422776740390e+03
1.143684612910618398e+03
1.199952845058806588e+03
1.256711902054828215e+03
1.313955629615398948e+03
1.371677937139585538e+03
1.429872798429813656e+03
1.488534252336836971e+03
1.547656403330923240e+03
1.607233422001456120e+03
1.667259545487282821e+03
1.727729077840077025e+03
1.788636390323066962e+03
1.849975921647461291e+03
1.911742178148911989e+03
1.973929733906369165e+03
2.036533230805611311e+03
2.099547378549856148e+03
2.162966954619630542e+03
2.226786804184297125e+03
2.291001839967372689e+03
2.355607042067931616e+03
2.420597457740210302e+03
2.485968201133584898e+03
2.551714452995005104e+03
2.617831460335916290e+03
2.684314536065706307e+03
2.751159058593577356e+03
2.818360471400796996e+03
2.885914282585133606e+03
2.953816064379308955e+03
3.022061452645171812e+03
3.090646146345298348e+03
3.159565906993665976e+03
3.228816558086942223e+03
3.298393984517926583e+03
3.368294131972632840e+03
3.438513006312352900e+03
3.509046672942167334e+03
3.579891256167065421e+03
3.651042938537070768e+03
3.722497960182430234e+03
3.794252618140128561e+03
3.866303265672716407e+03
3.938646311580589099e+03
4.011278219508610164e+03
4.084195507248155536e+03
4.157394746035315620e+03
4.230872559846279728e+03
4.304625624690551376e+03
4.378650667902918030e+03
4.452944467434769649e+03
4.527503851145512272e+03
4.602325696094742852e+03
4.677406927835755596e+03
4.752744519710953682e+03
4.828335492149731181e+03
4.904176911969317189e+03
4.980265891679043307e+03
5.056599588788486471e+03
5.133175205119888233e+03
5.209989986125252472e+03
5.287041220208452614e+03
5.364326238052692133e+03
5.441842411953582996e+03
5.519587155158230416e+03
5.597557921210383029e+03
5.675752203302129601e+03
5.754167533632113191e+03
5.832801482770651091e+03
5.911651659031784220e+03
5.990715707852548803e+03
6.069991311179456716e+03
6.149476186862480063e+03
6.229168088056465422e+03
6.309064802630235135e+03
6.389164152583338364e+03
6.469463993470584683e+03
6.549962213834344766e+03
6.630656734644781864e+03
6.711545508747896747e+03
6.792626520321511634e+03
6.873897784339164900e+03
6.955357346041948404e+03
7.037003280418219219e+03
7.118833691691236709e+03
7.200846712814678540e+03
7.283040504976026568e+03
7.365413257107725258e+03
7.447963185406156299e+03
7.530688532858333929e+03
7.613587568776284570e+03
7.696658588339042581e+03
7.779899912142229368e+03
7.863309885755106734e+03
7.946886879285116265e+03
8.030629286949716516e+03
8.114535526655576177e+03
8.198604039584914062e+03
8.282833289789043192e+03
8.367221763788942553e+03
8.451767970182763747e+03
8.536470439260274361e+03
8.621327722624082526e+03
8.706338392817579006e+03
8.791501042959471306e+03
8.876814286384920706e+03
8.962276756293027574e+03
9.047887105400764995e+03
9.133644005603100595e+03
9.219546147639326591e+03
9.305592240765417955e+03
9.391781012432460557e+03
9.478111207970874602e+03
9.564581590280480668e+03
9.651190939526279180e+03
9.737938052839816010e+03
9.824821744026117813e+03
9.911840843275966108e+03
9.998994196883635595e+03
1.008628066696978203e+04
1.017369913120952879e+04
1.026124848256566111e+04
1.034892762902671529e+04
1.043673549335005009e+04
1.052467101280970201e+04
1.061273313894895000e+04
1.070092083733754589e+04
1.078923308733347949e+04
1.087766888184924028e+04
1.096622722712248651e+04
1.105490714249094526e+04
1.114370766017165806e+04
1.123262782504431743e+04
1.132166669443871797e+04
1.141082333792613827e+04
1.150009683711472280e+04
1.158948628544872190e+04
1.167899078801143878e+04
1.176860946133196012e+04
1.185834143319547547e+04
1.194818584245718012e+04
1.203814183885971397e+04
1.212820858285394388e+04
1.221838524542321647e+04
1.230867100791083976e+04
1.239906506185081707e+04
1.248956660880177878e+04
1.258017486018400086e+04
1.267088903711947387e+04
1.276170837027500238e+04
1.285263209970816933e+04
1.294365947471622712e+04
1.303478975368781539e+04
1.312602220395739641e+04
1.321735610166242441e+04
1.330879073160317785e+04
1.340032538710518929e+04
1.349195936988422000e+04
1.358369198991372832e+04
1.367552256529482111e+04
1.376745042212856788e+04
1.385947489439068340e+04
1.395159532380856399e+04
1.404381105974048842e+04
1.413612145905712532e+04
1.422852588602520700e+04
1.432102371219327506e+04
1.441361431627951060e+04
1.450629708406173995e+04
1.459907140826927753e+04
1.469193668847685876e+04
1.478489233100040110e+04
1.487793774879476950e+04
1.497107236135323001e+04
1.506429559460892415e+04
1.515760688083793502e+04
1.525100565856419962e+04
1.534449137246609098e+04
1.543806347328469201e+04
1.553172141773369913e+04
1.562546466841094298e+04
1.571929269371145892e+04
1.581320496774217827e+04
1.590720097023800372e+04
1.600128018647951285e+04
1.609544210721200943e+04
1.618968622856605361e+04
1.628401205197941999e+04
1.637841908412029989e+04
1.647290683681203518e+04
1.656747482695897270e+04
1.666212257647379010e+04
1.675684961220596961e+04
1.685165546587151766e+04
1.694653967398397799e+04
1.704150177778661237e+04
1.713654132318565462e+04
1.723165786068487432e+04
1.732685094532112271e+04
1.742212013660107550e+04
1.751746499843900892e+04
1.761288509909565255e+04
1.770838001111808262e+04
1.780394931128064854e+04
1.789959258052683072e+04
1.799530940391222975e+04
1.809109936083493449e+04
1.818696206347256521e+04
1.828289709952025078e+04
1.837890406992944554e+04
1.847498257949218896e+04
1.857113223678948270e+04
1.866735265414063542e+04
1.876364344755325510e+04
1.886000423667424184e+04
1.895643464474148277e+04
1.905293429853636917e+04
1.914950282833713572e+04
1.924613986787288377e+04
1.934284505427840122e+04
1.943961802804975378e+04
1.953645843300050183e+04
1.963336591621872140e+04
1.973034012802465804e+04
1.982738072192907930e+04
1.992448735459232194e+04
2.002165968578396860e+04
2.011889737834313200e+04
2.021620009813950674e+04
2.031356751403484668e+04
2.041099929784522828e+04
2.050849512430380491e+04
2.060605467102420880e+04
2.070367761846445501e+04
2.080136364989150024e+04
2.089911245134630371e+04
2.099692371160945549e+04
2.109479712216730331e+04
2.119273237717866141e+04
2.129072917344200323e+04
2.138878721036311981e+04
2.148690618992340023e+04
2.158508581664843223e+04
2.168332579757724670e+04
2.178162584223188969e+04
2.187998566258761639e+04
2.197840497304333257e+04
2.207688349039268360e+04
2.217542093379545622e+04
2.227401702474950434e+04
2.237267148706295120e+04
2.247138404682699911e+04
2.257015443238899752e+04
2.266898237432595124e+04
2.276786760541847252e+04
2.286680986062507873e+04
2.296580887705684654e+04
2.306486439395248090e+04
2.316397615265374770e+04
2.326314389658128130e+04
2.336236737121063925e+04
2.346164632404885924e+04
2.356098050461133244e+04
2.366036966439881508e+04
2.375981355687508403e+04
2.385931193744466509e+04
2.395886456343102691e+04
2.405847119405497506e+04
2.415813159041350082e+04
2.425784551545873910e+04
2.435761273397745390e+04
2.445743301257060011e+04
2.455730611963330375e+04
2.465723182533511135e+04
2.475720990160048314e+04
2.485724012208957356e+04
2.495732226217927382e+04
2.505745609894454537e+04
2.515764141113997903e+04
2.525787797918167053e+04
2.535816558512927804e+04
2.545850401266831614e+04
2.555889304709279531e+04
2.565933247528800348e+04
2.575982208571357478e+04
2.586036166838677673e+04
2.596095101486601925e+04
2.606158991823453471e+04
2.616227817308444719e+04
2.626301557550084544e+04
2.636380192304621960e+04
2.646463701474503978e+04
2.656552065106858572e+04
2.666645263391992194e+04
2.676743276661914570e+04
2.686846085388874053e+04
2.696953670183923168e+04
2.707066011795491431e+04
2.717183091107986183e+04
2.727304889140414161e+04
2.737431387045004158e+04
2.747562566105868973e+04
2.757698407737671005e+04
2.767838893484311120e+04
2.777984005017630989e+04
2.788133724136137243e+04
2.798288032763734373e+04
2.808446912948482350e+04
2.818610346861366270e+04
2.828778316795077626e+04
2.838950805162825418e+04
2.849127794497138530e+04
2.859309267448711034e+04
2.869495206785236587e+04
2.879685595390280287e+04
2.889880416262144354e+04
2.900079652512763278e+04
2.910283287366605873e+04
2.920491304159592255e+04
2.930703686338025000e+04
2.940920417457529402e+04
2.951141481182018833e+04
2.961366861282654281e+04
2.971596541636833717e+04
2.981830506227188744e+04
2.992068739140583057e+04
3.002311224567143290e+04
3.012557946799285855e+04
3.022808890230754332e+04
3.033064039355688146e+04
3.043323378767677423e+04
3.053586893158841485e+04
3.063854567318931367e+04
3.074126386134407221e+04
3.084402334587570294e+04
3.094682397755673446e+04
3.104966560810054580e+04
3.115254809015277351e+04
3.125547127728289342e+04
3.135843502397580232e+04
3.146143918562350518e+04
3.156448361851702794e+04
3.166756817983823203e+04
3.177069272765195274e+04
3.187385712089794470e+04
3.197706121938323122e+04
3.208030488377428264e+04
3.218358797558946026e+04
3.228691035719144202e+04
3.239027189177980108e+04
3.249367244338364253e+04
3.259711187685428740e+04
3.270059005785811678e+04
3.280410685286948865e+04
3.290766212916361837e+04
3.301125575480972475e+04
3.311488759866409237e+04
3.321855753036329406e+04
3.332226542031748249e+04
3.342601113970374718e+04
3.352979456045952247e+04
3.363361555527619930e+04
3.373747399759248947e+04
3.384136976158827747e+04
3.394530272217831953e+04
3.404927275500586984e+04
3.415327973643671430e+04
3.425732354355304415e+04
3.436140405414743873e+04
3.446552114671687741e+04
3.456967470045698428e+04
3.467386459525612008e+04
3.477809071168964147e+04
3.488235293101423304e+04
3.498665113516234123e+04
3.509098520673643361e+04
3.519535502900376014e+04
3.529976048589067068e+04
