# d_m
# unit = Mpc
0.000000000000000000e+00
4.272458403031023977e+01
8.524575353874178063e+01
1.275624240121396298e+02
1.696735743046845641e+02
2.115782463088835925e+02
2.532755445598552342e+02
2.947646357756212865e+02
3.360447483362114554e+02
3.771151717044052702e+02
4.179752557910105111e+02
4.586244102675699423e+02
4.990621038294289065e+02
5.392878634120986590e+02
5.793012733638410054e+02
6.191019745773800196e+02
6.586896635836648102e+02
6.980640916105118094e+02
7.372250636089810314e+02
7.761724372502625329e+02
8.149061218957971278e+02
8.534260775433198205e+02
8.917323137514265454e+02
9.298248885452183004e+02
9.677039073054891105e+02
1.005369521643862640e+03
1.042821928266189616e+03
1.080061367826445348e+03
1.117088123773291954e+03
1.153902521191346523e+03
1.190504925639171688e+03
1.226895741985844325e+03
1.263075413247941469e+03
1.299044419428629226e+03
1.334803276360497648e+03
1.370352534553675014e+03
1.405692778050670768e+03
1.440824623289320471e+03
1.475748717975080808e+03
1.510465739963924989e+03
1.544976396156878991e+03
1.579281421407302787e+03
1.613381577441811714e+03
1.647277651795756356e+03
1.680970456764034907e+03
1.714460828367989734e+03
1.747749625339044542e+03
1.780837728119671056e+03
1.813726037882233868e+03
1.846415475566159330e+03
1.878906980933864588e+03
1.911201511645783967e+03
1.943300042354808511e+03
1.975203563820373574e+03
2.006913082042401356e+03
2.038429617415268240e+03
2.069754203901885830e+03
2.100887888227978692e+03
2.131831729096602885e+03
2.162586796422863699e+03
2.193154170588854413e+03
2.223534941718674418e+03
2.253730208973500339e+03
2.283741079866521886e+03
2.313568669597639200e+03
2.343214100407707065e+03
2.372678500952161812e+03
2.401963005693778541e+03
2.431068754314378111e+03
2.459996891145157406e+03
2.488748564615458235e+03
2.517324926719620635e+03
2.545727132501696815e+03
2.573956339557670162e+03
2.602013707554891880e+03
2.629900397768424682e+03
2.657617572633952022e+03
2.685166395316922717e+03
2.712548029297601715e+03
2.739763637971685512e+03
2.766814384266135221e+03
2.793701430269881712e+03
2.820425936879059464e+03
2.846989063456422173e+03
2.873391967504594049e+03
2.899635804352806190e+03
2.925721726856765144e+03
2.951650885111353091e+03
2.977424426175735789e+03
3.003043493810650489e+03
3.028509228227428139e+03
3.053822765848507970e+03
3.078985239079054281e+03
3.103997776089403033e+03
3.128861500607967628e+03
3.153577531724348319e+03
3.178146983702278249e+03
3.202570965802149658e+03
3.226850582112797383e+03
3.250986931392253609e+03
3.274981106917172383e+03
3.298834196340687868e+03
3.322547281558364830e+03
3.346121438582024894e+03
3.369557737421159345e+03
3.392857241971682470e+03
3.416021009911756664e+03
3.439050092604461497e+03
3.461945535007057060e+03
3.484708375586615603e+03
3.507339646241773607e+03
3.529840372230405137e+03
3.552211572102987702e+03
3.574454257641448294e+03
3.596569433803290849e+03
3.618558098670803702e+03
3.640421243405141922e+03
3.662159852205122661e+03
3.683774902270512484e+03
3.705267363769669373e+03
3.726638199811324284e+03
3.747888366420381772e+03
3.769018812517542301e+03
3.790030479902584830e+03
3.810924303241193684e+03
3.831701210055147840e+03
3.852362120715743004e+03
3.872907948440295513e+03
3.893339599291631657e+03
3.913657972180360957e+03
3.933863958869898397e+03
3.953958443984025962e+03
3.973942305016950286e+03
3.993816412345672688e+03
4.013581629244641135e+03
4.033238811902499947e+03
4.052788809440880868e+03
4.072232463935139094e+03
4.091570610436897823e+03
4.110804076998375422e+03
4.129933684698318757e+03
4.148960247669558157e+03
4.167884573128008924e+03
4.186707461403098932e+03
4.205429705969533643e+03
4.224052093480291660e+03
4.242575403800833556e+03
4.261000410044413911e+03
4.279327878608447463e+03
4.297558569211865688e+03
4.315693234933391977e+03
4.333732622250693566e+03
4.351677471080352007e+03
4.369528514818554868e+03
4.387286480382542322e+03
4.404952088252674002e+03
4.422526052515124320e+03
4.440009080905111659e+03
4.457401874850667809e+03
4.474705129516881243e+03
4.491919533850553307e+03
4.509045770625271871e+03
4.526084516486822395e+03
4.543036441998928240e+03
4.559902211689285650e+03
4.576682484095827022e+03
4.593377911813238825e+03
4.609989141539640514e+03
4.626516814123439872e+03
4.642961564610326604e+03
4.659324022290370522e+03
4.675604810745193390e+03
4.691804547895221731e+03
4.707923846046948711e+03
4.723963311940228778e+03
4.739923546795569564e+03
4.755805146361375591e+03
4.771608700961163777e+03
4.787334795540710729e+03
4.802984009715121829e+03
4.818556917815792985e+03
4.834054088937269626e+03
4.849476086983978348e+03
4.864823470716808515e+03
4.880096793799536499e+03
4.895296604845109869e+03
4.910423447461708747e+03
4.925477860298649830e+03
4.940460377092085764e+03
4.955371526710475337e+03
4.970211833199830835e+03
4.984981815828776234e+03
4.999681989133314346e+03
5.014312862961385690e+03
5.028874942517143609e+03
5.043368728405006550e+03
5.057794716673388393e+03
5.072153398858224136e+03
5.086445262026152704e+03
5.100670788817457833e+03
5.114830457488696993e+03
5.128924741955046557e+03
5.142954111832350463e+03
5.156919032478858753e+03
5.170819965036664144e+03
5.184657366472845752e+03
5.198431689620262659e+03
5.212143383218082818e+03
5.225792891951950878e+03
5.239380656493868628e+03
5.252907113541748004e+03
5.266372695858617590e+03
5.279777832311549901e+03
5.293122947910214862e+03
5.306408463845155893e+03
5.319634797525704926e+03
5.332802362617568178e+03
5.345911569080119079e+03
5.358962823203337393e+03
5.371956527644406378e+03
5.384893081464022544e+03
5.397772880162343426e+03
5.410596315714618868e+03
5.423363776606503961e+03
5.436075647869028217e+03
5.448732311113256401e+03
5.461334144564615599e+03
5.473881523096890305e+03
5.486374818265923750e+03
5.498814395390557365e+03
5.511200625294716701e+03
5.523533866924547510e+03
5.535814478894411877e+03
5.548042816664320526e+03
5.560219232571701468e+03
5.572344075862875798e+03
5.584417692724183325e+03
5.596440426312831733e+03
5.608412616787421030e+03
5.620334601338161519e+03
5.632206714216805267e+03
5.644029286766241057e+03
5.655802647449824690e+03
5.667527121880394589e+03
5.679203032848982730e+03
5.690830700353252723e+03
5.702410441625624117e+03
5.713942571161117485e+03
5.725427400744920305e+03
5.736865239479646334e+03
5.748256393812323040e+03
5.759601167561112561e+03
5.770899861941717973e+03
5.782152775593548540e+03
5.793360204605594845e+03
5.804522442542030149e+03
5.815639780467543460e+03
5.826712506972409756e+03
5.837740908197290992e+03
5.848725267857787003e+03
5.859665867268695365e+03
5.870562985368050249e+03
5.881416898740884790e+03
5.892227881642732427e+03
5.902996206022911792e+03
5.913722141547516003e+03
5.924405955622198235e+03
5.935047913414684444e+03
5.945648277877069631e+03
5.956207309767841252e+03
5.966725267673697999e+03
5.977202408031120285e+03
5.987638985147716085e+03
5.998035251223311207e+03
6.008391456370854939e+03
6.018707848637066490e+03
6.028984674022858599e+03
6.039222176503573792e+03
6.049420598048962347e+03
6.059580178642967439e+03
6.069701156303283824e+03
6.079783767100720979e+03
6.089828245178346151e+03
6.099834822770401843e+03
6.109803730221057776e+03
6.119735196002943667e+03
6.129629446735444617e+03
6.139486707202863727e+03
6.149307200372336411e+03
6.159091147411574639e+03
6.168838767706403814e+03
6.178550278878133213e+03
6.188225896800699047e+03
6.197865835617672928e+03
6.207470307759035677e+03
6.217039523957798338e+03
6.226573693266442206e+03
6.236073023073169679e+03
6.245537719117983215e+03
6.254967985508589663e+03
6.264364024736136344e+03
6.273726037690767953e+03
6.283054223677033406e+03
6.292348780429100771e+03
6.301609904125820321e+03
6.310837789405627518e+03
6.320032629381280458e+03
6.329194615654440895e+03
6.338323938330092460e+03
6.347420786030811541e+03
6.356485345910862634e+03
6.365517803670182730e+03
6.374518343568166529e+03
6.383487148437341602e+03
6.392424399696868932e+03
6.401330277365923394e+03
6.410204960076904172e+03
6.419048625088524204e+03
6.427861448298742289e+03
6.436643604257574225e+03
6.445395266179741157e+03
6.454116605957211505e+03
6.462807794171596470e+03
6.471469000106391832e+03
6.480100391759124250e+03
6.488702135853343862e+03
6.497274397850495916e+03
6.505817341961665988e+03
6.514331131159198776e+03
6.522815927188192290e+03
6.531271890577864724e+03
6.539699180652821269e+03
6.548097955544160868e+03
6.556468372200520207e+03
6.564810586398936721e+03
6.573124752755657937e+03
6.581411024736781656e+03
6.589669554668833371e+03
6.597900493749188172e+03
6.606103992056407151e+03
6.614280198560467397e+03
6.622429261132861939e+03
6.630551326556617823e+03
6.638646540536184148e+03
6.646715047707250051e+03
6.654756991646413553e+03
6.662772514880793096e+03
6.670761758897512664e+03
6.678724864153086855e+03
6.686661970082724110e+03
6.694573215109524426e+03
6.702458736653557935e+03
6.710318671140903461e+03
6.718153154012532468e+03
6.725962319733131153e+03
6.733746301799847970e+03
6.741505232750891992e+03
6.749239244174113992e+03
6.756948466715443828e+03
6.764633030087265070e+03
6.772293063076690487e+03
6.779928693553773883e+03
6.787540048479610959e+03
6.795127253914363791e+03
6.802690435025220722e+03
6.810229716094242576e+03
6.817745220526169760e+03
6.825237070856091123e+03
6.832705388757100991e+03
6.840150295047822510e+03
6.847571909699884600e+03
6.854970351845317055e+03
6.862345739783855606e+03
6.869698190990198782e+03
6.877027822121157442e+03
6.884334749022761571e+03
6.891619086737287944e+03
6.898880949510193204e+03
6.906120450797013291e+03
6.913337703270164639e+03
6.920532818825685354e+03
6.927705908589911814e+03
6.934857082926087969e+03
6.941986451440895507e+03
6.949094122990950382e+03
6.956180205689173818e+03
6.963244806911168780e+03
6.970288033301502765e+03
6.977309990779891450e+03
6.984310784547385083e+03
6.991290519092457544e+03
6.998249298197033568e+03
7.005187224942454122e+03
7.012104401715413587e+03
7.019000930213789616e+03
7.025876911452452987e+03
7.032732445768999241e+03
7.039567632829443937e+03
7.046382571633821499e+03
7.053177360521794981e+03
7.059952097178133954e+03
