# mu
-inf
3.317499608436504843e+01
3.469636462935364563e+01
3.559279994029917304e+01
3.623323773992341046e+01
3.673330156089711807e+01
3.714449561527958110e+01
3.749429577878478170e+01
3.779910434089443072e+01
3.806950251390254891e+01
3.831271628692099540e+01
3.853390072551886192e+01
3.873686307866409351e+01
3.892449545076534179e+01
3.909904667230281916e+01
3.926230014758522913e+01
3.941569418801348945e+01
3.956040580118003902e+01
3.969741049456453652e+01
3.982752588894234691e+01
3.995144413227571079e+01
4.006975639737503059e+01
4.018297167577034656e+01
4.029153139083106794e+01
4.039582089885005445e+01
4.049617864106151899e+01
4.059290349986864044e+01
4.068626076624794763e+01
4.077648702160098537e+01
4.086379416276635368e+01
4.094837274458763687e+01
4.103039477437508253e+01
4.111001606272391484e+01
4.118737821263674448e+01
4.126261031176305494e+01
4.133583037941049554e+01
4.140714660979139694e+01
4.147665844501189270e+01
4.154445750505327339e+01
4.161062839703839700e+01
4.167524942212385497e+01
4.173839319518697977e+01
4.180012718991764586e+01
4.186051421984682008e+01
4.191961286414860410e+01
4.197747784566220730e+01
4.203416036743405471e+01
4.208970841313200140e+01
4.214416701589426850e+01
4.219757849951760420e+01
4.224998269533637796e+01
4.230141713768009026e+01
4.235191724040403471e+01
4.240151645665524427e+01
4.245024642375285140e+01
4.249813709482086210e+01
4.254521685860443370e+01
4.259151264872358666e+01
4.263705004346576288e+01
4.268185335708658812e+01
4.272594572347434649e+01
4.276934917293463911e+01
4.281208470276569500e+01
4.285417234221944938e+01
4.289563121237837606e+01
4.293647958142007326e+01
4.297673491569145909e+01
4.301641392696998167e+01
4.305553261625014727e+01
4.309410631435892469e+01
4.313214971967339295e+01
4.316967693318637345e+01
4.320670149114235414e+01
4.324323639544386566e+01
4.327929414201003055e+01
4.331488674725159171e+01
4.335002577281160541e+01
4.338472234870729949e+01
4.341898719499652515e+01
4.345283064208098978e+01
4.348626264974876676e+01
4.351929282504967489e+01
4.355193043908892037e+01
4.358418444281745963e+01
4.361606348189059190e+01
4.364757591066072706e+01
4.367872980536466798e+01
4.370953297656099323e+01
4.373999298086847887e+01
4.377011713205288856e+01
4.379991251150524789e+01
4.382938597815179094e+01
4.385854417783257020e+01
4.388739355218282157e+01
4.391594034704884564e+01
4.394419062046759450e+01
4.397215025023719193e+01
4.399982494110361131e+01
4.402722023158675313e+01
4.405434150046789910e+01
4.408119397295848074e+01
4.410778272656925481e+01
4.413411269669716575e+01
4.416018868194633029e+01
4.418601534919841356e+01
4.421159723844650102e+01
4.423693876740583875e+01
4.426204423591379111e+01
4.428691783013061922e+01
4.431156362655197967e+01
4.433598559584329735e+01
4.436018760650547677e+01
4.438417342838103252e+01
4.440794673600879605e+01
4.443151111183536983e+01
4.445487004929039188e+01
4.447802695573278697e+01
4.450098515527452747e+01
4.452374789148784373e+01
4.454631833000194518e+01
4.456869956099451002e+01
4.459089460158316598e+01
4.461290639812176551e+01
4.463473782840605963e+01
4.465639170379307643e+01
4.467787077123820438e+01
4.469917771525399530e+01
4.472031515979413996e+01
4.474128567006615498e+01
4.476209175427603526e+01
4.478273586530794859e+01
4.480322040234182168e+01
4.482354771241172386e+01
4.484372009190750674e+01
4.486373978802230056e+01
4.488360900014818355e+01
4.490332988122227675e+01
4.492290453902534608e+01
4.494233503743497238e+01
4.496162339763522908e+01
4.498077159928457291e+01
4.499978158164385889e+01
4.501865524466598600e+01
4.503739445004875108e+01
4.505600102225251646e+01
4.507447674948402039e+01
4.509282338464767292e+01
4.511104264626564486e+01
4.512913621936812802e+01
4.514710575635463385e+01
4.516495287782777268e+01
4.518267917340035922e+01
4.520028620247697404e+01
4.521777549501095450e+01
4.523514855223764641e+01
4.525240684738497521e+01
4.526955182636204000e+01
4.528658490842659035e+01
4.530350748683218853e+01
4.532032092945583912e+01
4.533702657940661140e+01
4.535362575561624965e+01
4.537011975341206949e+01
4.538650984507306418e+01
4.540279728036966844e+01
4.541898328708778365e+01
4.543506907153758334e+01
4.545105581904772407e+01
4.546694469444538100e+01
4.548273684252260551e+01
4.549843338848950935e+01
4.551403543841469457e+01
4.552954407965336259e+01
4.554496038126352886e+01
4.556028539441074088e+01
4.557552015276162649e+01
4.559066567286675564e+01
4.560572295453303582e+01
4.562069298118605332e+01
4.563557672022275824e+01
4.565037512335455006e+01
4.566508912694145295e+01
4.567971965231724596e+01
4.569426760610625138e+01
4.570873388053166053e+01
4.572311935371592284e+01
4.573742488997337574e+01
4.575165134009529311e+01
4.576579954162767194e+01
4.577987031914192073e+01
4.579386448449870528e+01
4.580778283710509413e+01
4.582162616416535172e+01
4.583539524092536510e+01
4.584909083091106652e+01
4.586271368616095856e+01
4.587626454745286253e+01
4.588974414452525963e+01
4.590315319629305435e+01
4.591649241105827883e+01
4.592976248671561734e+01
4.594296411095305643e+01
4.595609796144768211e+01
4.596916470605692950e+01
4.598216500300519272e+01
4.599509950106609324e+01
4.600796883974052776e+01
4.602077364943046689e+01
4.603351455160881045e+01
4.604619215898526363e+01
4.605880707566841181e+01
4.607135989732412895e+01
4.608385121133026985e+01
4.609628159692798022e+01
4.610865162536953221e+01
4.612096186006279908e+01
4.613321285671257499e+01
4.614540516345867616e+01
4.615753932101105050e+01
4.616961586278181784e+01
4.618163531501450336e+01
4.619359819691033664e+01
4.620550502075190025e+01
4.621735629202402151e+01
4.622915250953208499e+01
4.624089416551780118e+01
4.625258174577247416e+01
4.626421572974787466e+01
4.627579659066473283e+01
4.628732479445307746e+01
4.629880080448275947e+01
4.631022507477993599e+01
4.632159805468123182e+01
4.633292018780144161e+01
4.634419191212915479e+01
4.635541366012033393e+01
4.636658585878997485e+01
4.637770892980189075e+01
4.638878328955672714e+01
4.639980934927806544e+01
4.641078751509693490e+01
4.642171818813446293e+01
4.643260176458302624e+01
4.644343863578563969e+01
4.645422918831384607e+01
4.646497380404404964e+01
4.647567286023232214e+01
4.648632672958774492e+01
4.649693578034429464e+01
4.650750037633137879e+01
4.651802087704294308e+01
4.652849763770525726e+01
4.653893100934337923e+01
4.654932133884639711e+01
4.655966896903132124e+01
4.656997423870586061e+01
4.658023748272993458e+01
4.659045903207601924e+01
4.660063921388841379e+01
4.661077835154133453e+01
4.662087676469593589e+01
4.663093476935627280e+01
4.664095267792419008e+01
4.665093079925327402e+01
4.666086943870171666e+01
4.667076889818422103e+01
4.668062947622303227e+01
4.669045146799792434e+01
4.670023516539536956e+01
4.670998085705677738e+01
4.671968882842580228e+01
4.672935936179493410e+01
4.673899273635112195e+01
4.674858922822064500e+01
4.675814911051318745e+01
4.676767265336508217e+01
4.677716012398185796e+01
4.678661178667992715e+01
4.679602790292770464e+01
4.680540873138583180e+01
4.681475452794681757e+01
4.682406554577391233e+01
4.683334203533937767e+01
4.684258424446203151e+01
4.685179241834417496e+01
4.686096679960790112e+01
4.687010762833073585e+01
4.687921514208071017e+01
4.688828957595080738e+01
4.689733116259286305e+01
4.690634013225086107e+01
4.691531671279363991e+01
4.692426112974715124e+01
4.693317360632605073e+01
4.694205436346486948e+01
4.695090361984859584e+01
4.695972159194276685e+01
4.696850849402311212e+01
4.697726453820461501e+01
4.698598993447019012e+01
4.699468489069882082e+01
4.700334961269329881e+01
4.701198430420745211e+01
4.702058916697295388e+01
4.702916440072574744e+01
4.703771020323195273e+01
4.704622677031345290e+01
4.705471429587294097e+01
4.706317297191876037e+01
4.707160298858916292e+01
4.708000453417625408e+01
4.708837779514961852e+01
4.709672295617945537e+01
4.710504020015945059e+01
4.711332970822923016e+01
4.712159165979649345e+01
4.712982623255879844e+01
4.713803360252498464e+01
4.714621394403627619e+01
4.715436742978708651e+01
4.716249423084547487e+01
4.717059451667326186e+01
4.717866845514591745e+01
4.718671621257205118e+01
4.719473795371268210e+01
4.720273384180017473e+01
4.721070403855688369e+01
4.721864870421356386e+01
4.722656799752743950e+01
4.723446207580004597e+01
4.724233109489481564e+01
4.725017520925432990e+01
4.725799457191740771e+01
4.726578933453588149e+01
4.727355964739113858e+01
4.728130565941041397e+01
4.728902751818285566e+01
4.729672536997536270e+01
4.730439935974814603e+01
4.731204963117013307e+01
4.731967632663405254e+01
4.732727958727143402e+01
4.733485955296723091e+01
4.734241636237437945e+01
4.734995015292805931e+01
4.735746106085976237e+01
4.736494922121120510e+01
4.737241476784797101e+01
4.737985783347302515e+01
4.738727854963999420e+01
4.739467704676630433e+01
4.740205345414605631e+01
4.740940789996280103e+01
4.741674051130209477e+01
4.742405141416386982e+01
4.743134073347469837e+01
4.743860859309974387e+01
4.744585511585474080e+01
4.745308042351764044e+01
4.746028463684017140e+01
4.746746787555925096e+01
4.747463025840821160e+01
4.748177190312786422e+01
4.748889292647745464e+01
4.749599344424542124e+01
4.750307357126004604e+01
4.751013342139995643e+01
4.751717310760441393e+01
4.752419274188360987e+01
4.753119243532864857e+01
4.753817229812156597e+01
4.754513243954505697e+01
4.755207296799223116e+01
4.755899399097606306e+01
4.756589561513888498e+01
4.757277794626163825e+01
4.757964108927306768e+01
4.758648514825873832e+01
4.759331022647000964e+01
4.760011642633280360e+01
4.760690384945634435e+01
4.761367259664169183e+01
4.762042276789027540e+01
4.762715446241220008e+01
4.763386777863453858e+01
4.764056281420945993e+01
4.764723966602227989e+01
4.765389843019939775e+01
4.766053920211614070e+01
4.766716207640448033e+01
4.767376714696070650e+01
4.768035450695293775e+01
4.768692424882856074e+01
4.769347646432164112e+01
4.770001124446010010e+01
4.770652867957295484e+01
4.771302885929733151e+01
4.771951187258551386e+01
4.772597780771178577e+01
4.773242675227930931e+01
4.773885879322680381e+01
