# ee
6.769588589668273926e-02
8.483863621950149536e-02
7.172174751758575439e-02
4.642855003476142883e-02
2.489223331212997437e-02
1.261688023805618286e-02
7.519960869103670120e-03
5.691129248589277267e-03
4.741604439914226532e-03
4.053746350109577179e-03
3.815623931586742401e-03
3.621240612119436264e-03
3.611412132158875465e-03
3.713356330990791321e-03
3.824864048510789871e-03
4.160012118518352509e-03
4.776174668222665787e-03
5.636324174702167511e-03
6.734416820108890533e-03
8.015442639589309692e-03
9.492844343185424805e-03
1.114337891340255737e-02
1.291476376354694366e-02
1.484651397913694382e-02
1.695795729756355286e-02
1.926008984446525574e-02
2.179067581892013550e-02
2.458838187158107758e-02
2.768941409885883331e-02
3.107986412942409515e-02
3.472578153014183044e-02
3.861156851053237915e-02
4.274526610970497131e-02
4.716290161013603210e-02
5.190597847104072571e-02
5.697722733020782471e-02
6.237517669796943665e-02
6.809210032224655151e-02
7.412426173686981201e-02
8.047622442245483398e-02
8.716560900211334229e-02
9.421313554048538208e-02
1.016246452927589417e-01
1.094164028763771057e-01
1.176028922200202942e-01
1.261781752109527588e-01
1.351383030414581299e-01
1.444569826126098633e-01
1.541005373001098633e-01
1.640340685844421387e-01
1.743442267179489136e-01
1.851833611726760864e-01
1.965477615594863892e-01
2.084188461303710938e-01
2.206561118364334106e-01
2.331513017416000366e-01
2.459120303392410278e-01
2.589756548404693604e-01
2.723943293094635010e-01
2.862606644630432129e-01
3.005612194538116455e-01
3.152560889720916748e-01
3.303573131561279297e-01
3.458398878574371338e-01
3.616358339786529541e-01
3.777436017990112305e-01
3.942003846168518066e-01
4.109617769718170166e-01
4.280650019645690918e-01
4.454958140850067139e-01
4.632270038127899170e-01
4.812242090702056885e-01
4.994756579399108887e-01
5.179916620254516602e-01
5.367724895477294922e-01
5.558077096939086914e-01
5.751214623451232910e-01
5.946560502052307129e-01
6.144132614135742188e-01
6.343400478363037109e-01
6.544532775878906250e-01
6.747225522994995117e-01
6.951396465301513672e-01
7.156740427017211914e-01
7.363333702087402344e-01
7.570846080780029297e-01
7.779402136802673340e-01
7.988830208778381348e-01
8.198734521865844727e-01
8.409014940261840820e-01
8.619484305381774902e-01
8.830028176307678223e-01
9.040234088897705078e-01
9.250060915946960449e-01
9.459320902824401855e-01
9.667822718620300293e-01
9.875453114509582520e-01
1.008180022239685059e+00
1.028682231903076172e+00
1.049107313156127930e+00
1.069302797317504883e+00
1.089338779449462891e+00
1.109211325645446777e+00
1.128842234611511230e+00
1.148301482200622559e+00
1.167436718940734863e+00
1.186318159103393555e+00
1.204867362976074219e+00
1.223080396652221680e+00
1.241027593612670898e+00
1.258630156517028809e+00
1.275883436203002930e+00
1.292708516120910645e+00
1.309249758720397949e+00
1.325279474258422852e+00
1.340867519378662109e+00
1.356158018112182617e+00
1.370997667312622070e+00
1.385233521461486816e+00
1.399158239364624023e+00
1.412470102310180664e+00
1.425238847732543945e+00
1.437534451484680176e+00
1.449277877807617188e+00
1.460539102554321289e+00
1.471164941787719727e+00
1.481299638748168945e+00
1.490790009498596191e+00
1.499631524085998535e+00
1.507968544960021973e+00
1.515647649765014648e+00
1.522738814353942871e+00
1.529237627983093262e+00
1.535065054893493652e+00
1.540216684341430664e+00
1.544762492179870605e+00
1.548623442649841309e+00
1.551943898200988770e+00
1.554496288299560547e+00
1.556350350379943848e+00
1.557576060295104980e+00
1.558169007301330566e+00
1.558050036430358887e+00
1.557363629341125488e+00
1.555882215499877930e+00
1.553824305534362793e+00
1.551036596298217773e+00
1.547589182853698730e+00
1.543551564216613770e+00
1.538845181465148926e+00
1.533391356468200684e+00
1.527334094047546387e+00
1.520669102668762207e+00
1.513391971588134766e+00
1.505498170852661133e+00
1.496983528137207031e+00
1.487917661666870117e+00
1.478147864341735840e+00
1.467818021774291992e+00
1.456997990608215332e+00
1.445534944534301758e+00
1.433498620986938477e+00
1.420958876609802246e+00
1.407837152481079102e+00
1.394277215003967285e+00
1.380052089691162109e+00
1.365528583526611328e+00
1.350404977798461914e+00
1.334899902343750000e+00
1.319008588790893555e+00
1.302652478218078613e+00
1.285827040672302246e+00
1.268824815750122070e+00
1.251344203948974609e+00
1.233603477478027344e+00
1.215522646903991699e+00
1.197319149971008301e+00
1.178690314292907715e+00
1.159853219985961914e+00
1.140802145004272461e+00
1.121605873107910156e+00
1.102184414863586426e+00
1.082606434822082520e+00
1.063014745712280273e+00
1.043262720108032227e+00
1.023485541343688965e+00
1.003662705421447754e+00
9.838258028030395508e-01
9.640209078788757324e-01
9.442645907402038574e-01
9.245734214782714844e-01
9.049863219261169434e-01
8.855270147323608398e-01
8.662270307540893555e-01
8.471176624298095703e-01
8.282375335693359375e-01
8.096032738685607910e-01
7.912461161613464355e-01
7.731899023056030273e-01
7.554877996444702148e-01
7.381386756896972656e-01
7.211929559707641602e-01
7.046639323234558105e-01
6.885873079299926758e-01
6.729909777641296387e-01
6.578884124755859375e-01
6.433224678039550781e-01
6.293063163757324219e-01
6.158828735351562500e-01
6.030728816986083984e-01
5.908969640731811523e-01
5.793904662132263184e-01
5.685368180274963379e-01
5.585201978683471680e-01
5.491456389427185059e-01
5.405599474906921387e-01
5.327539443969726562e-01
5.257185101509094238e-01
5.195930600166320801e-01
5.142940282821655273e-01
5.099608302116394043e-01
5.065099000930786133e-01
5.039320588111877441e-01
5.023665428161621094e-01
5.018042325973510742e-01
5.022358298301696777e-01
5.036520957946777344e-01
5.061178803443908691e-01
5.096241235733032227e-01
5.142357349395751953e-01
5.198691487312316895e-01
5.267379283905029297e-01
5.346841812133789062e-01
5.437729358673095703e-01
5.539948940277099609e-01
5.654150247573852539e-01
5.780982971191406250e-01
5.918867588043212891e-01
6.068454980850219727e-01
6.231138110160827637e-01
6.405337452888488770e-01
6.592445373535156250e-01
6.791626214981079102e-01
7.003530263900756836e-01
7.228063941001892090e-01
7.464392185211181641e-01
7.716136574745178223e-01
7.978003025054931641e-01
8.254357576370239258e-01
8.542149066925048828e-01
8.843580484390258789e-01
9.156412482261657715e-01
9.483606815338134766e-01
9.822181463241577148e-01
1.017583847045898438e+00
1.054011106491088867e+00
1.091870307922363281e+00
1.131011843681335449e+00
1.171434521675109863e+00
1.213063359260559082e+00
1.256120085716247559e+00
1.300380825996398926e+00
1.345918893814086914e+00
1.392659068107604980e+00
1.440823316574096680e+00
1.490039229393005371e+00
1.540677309036254883e+00
1.592439651489257812e+00
1.645399570465087891e+00
1.699481844902038574e+00
1.754983305931091309e+00
1.811308026313781738e+00
1.869050025939941406e+00
1.927688598632812500e+00
1.987445354461669922e+00
2.048320055007934570e+00
2.110237360000610352e+00
2.173122644424438477e+00
2.236975193023681641e+00
2.301868200302124023e+00
2.367504358291625977e+00
2.434105634689331055e+00
2.501597642898559570e+00
2.569979190826416016e+00
2.639101743698120117e+00
2.708964347839355469e+00
2.779566764831542969e+00
2.850834131240844727e+00
2.922617673873901367e+00
2.995660066604614258e+00
3.068845987319946289e+00
3.141803503036499023e+00
3.216019153594970703e+00
3.290005922317504883e+00
3.365249872207641602e+00
3.439521312713623047e+00
3.515049934387207031e+00
3.591092348098754883e+00
3.666161537170410156e+00
3.741749048233032227e+00
3.817137479782104492e+00
3.893100023269653320e+00
3.969666957855224609e+00
4.045383453369140625e+00
4.121022701263427734e+00
4.196615219116210938e+00
4.273677349090576172e+00
4.349267959594726562e+00
4.424160957336425781e+00
4.500616073608398438e+00
4.575691223144531250e+00
4.650904655456542969e+00
4.726285457611083984e+00
4.800379276275634766e+00
4.874702930450439453e+00
4.947801589965820312e+00
5.021934509277343750e+00
5.094904422760009766e+00
5.167484283447265625e+00
5.240448474884033203e+00
5.311599731445312500e+00
5.382453441619873047e+00
5.453785419464111328e+00
5.521910190582275391e+00
5.591318130493164062e+00
5.659810543060302734e+00
5.726675987243652344e+00
5.793431758880615234e+00
5.858622074127197266e+00
5.923022270202636719e+00
5.987405776977539062e+00
6.050318717956542969e+00
6.112534523010253906e+00
6.172598361968994141e+00
6.232028007507324219e+00
6.290854454040527344e+00
6.347622871398925781e+00
6.404594421386718750e+00
6.459569931030273438e+00
6.512582302093505859e+00
6.565890789031982422e+00
6.616555213928222656e+00
6.666092872619628906e+00
6.713791847229003906e+00
6.761169910430908203e+00
6.806028842926025391e+00
6.849143028259277344e+00
6.891287326812744141e+00
6.931006908416748047e+00
6.969821929931640625e+00
7.007033348083496094e+00
7.041944503784179688e+00
7.075345516204833984e+00
7.107282638549804688e+00
7.137804508209228516e+00
7.166212558746337891e+00
7.191811561584472656e+00
7.216133594512939453e+00
7.239226818084716797e+00
7.260392665863037109e+00
7.279679775238037109e+00
7.297877788543701172e+00
7.312802314758300781e+00
7.326730728149414062e+00
7.338966846466064453e+00
7.348070144653320312e+00
7.356316566467285156e+00
7.363008975982666016e+00
7.367451667785644531e+00
7.369691371917724609e+00
7.370517253875732422e+00
7.369231700897216797e+00
7.366625308990478516e+00
7.362001419067382812e+00
7.356148242950439453e+00
7.347627162933349609e+00
7.337226390838623047e+00
7.325736045837402344e+00
7.313201904296875000e+00
7.295954704284667969e+00
7.279242515563964844e+00
7.260138034820556641e+00
7.238689422607421875e+00
7.217169761657714844e+00
7.193395614624023438e+00
7.167414665222167969e+00
7.140014171600341797e+00
7.109011650085449219e+00
7.079653263092041016e+00
7.047528266906738281e+00
7.015652656555175781e+00
6.981101036071777344e+00
6.945404529571533203e+00
6.907864570617675781e+00
6.869271278381347656e+00
6.829668998718261719e+00
6.788361072540283203e+00
6.746134757995605469e+00
6.703035831451416016e+00
6.658358573913574219e+00
6.612111568450927734e+00
6.565782070159912109e+00
6.517884254455566406e+00
6.468419551849365234e+00
6.418874263763427734e+00
6.367763042449951172e+00
6.315829753875732422e+00
6.263817310333251953e+00
6.209497928619384766e+00
6.155100345611572266e+00
6.099882125854492188e+00
6.043843746185302734e+00
5.986985206604003906e+00
5.930049419403076172e+00
5.871551513671875000e+00
5.812976360321044922e+00
5.752095222473144531e+00
5.691880702972412109e+00
5.631588935852050781e+00
5.570476531982421875e+00
5.508543968200683594e+00
5.445790767669677734e+00
5.382958889007568359e+00
5.319304943084716797e+00
5.256315231323242188e+00
5.192502975463867188e+00
5.128610134124755859e+00
5.064636230468750000e+00
5.001323223114013672e+00
4.937184810638427734e+00
4.872962951660156250e+00
4.810142517089843750e+00
4.746494293212890625e+00
4.684245586395263672e+00
4.621909618377685547e+00
4.559484958648681641e+00
4.497714042663574219e+00
4.437338352203369141e+00
4.376870632171630859e+00
4.317052364349365234e+00
4.257882595062255859e+00
4.200103282928466797e+00
4.143712520599365234e+00
4.086479663848876953e+00
4.032118797302246094e+00
3.979142189025878906e+00
3.926062345504760742e+00
3.875107049942016602e+00
3.826273918151855469e+00
3.778063535690307617e+00
3.731897592544555664e+00
3.687700986862182617e+00
3.644653558731079102e+00
3.603422880172729492e+00
3.563188552856445312e+00
3.525362014770507812e+00
3.489123106002807617e+00
3.455138683319091797e+00
3.421846389770507812e+00
3.390655994415283203e+00
3.360748529434204102e+00
3.333533525466918945e+00
3.308191776275634766e+00
3.284646987915039062e+00
3.262079715728759766e+00
3.241899728775024414e+00
3.224030971527099609e+00
3.206910848617553711e+00
3.192692518234252930e+00
3.181299686431884766e+00
3.171169757843017578e+00
3.162969827651977539e+00
3.157366752624511719e+00
3.152797937393188477e+00
3.151416778564453125e+00
3.151660680770874023e+00
3.153453826904296875e+00
3.158205747604370117e+00
3.165098190307617188e+00
3.174054384231567383e+00
3.185741901397705078e+00
3.199341297149658203e+00
3.215519905090332031e+00
3.233458995819091797e+00
3.254568338394165039e+00
3.278029680252075195e+00
3.303024053573608398e+00
3.330961942672729492e+00
3.361767292022705078e+00
3.394622087478637695e+00
3.430193185806274414e+00
3.466919898986816406e+00
3.507698535919189453e+00
3.550224542617797852e+00
3.595908641815185547e+00
3.643933296203613281e+00
3.693479537963867188e+00
3.746701955795288086e+00
3.801296234130859375e+00
3.859414339065551758e+00
3.920229673385620117e+00
3.982911348342895508e+00
4.048116207122802734e+00
4.116501331329345703e+00
4.187385559082031250e+00
4.260385990142822266e+00
4.336455821990966797e+00
4.414543628692626953e+00
4.495232105255126953e+00
4.578138351440429688e+00
4.663621902465820312e+00
4.751374721527099609e+00
4.841608047485351562e+00
4.934162616729736328e+00
5.029026985168457031e+00
5.126264572143554688e+00
5.225641727447509766e+00
5.327296257019042969e+00
5.431069374084472656e+00
5.536949634552001953e+00
5.645075798034667969e+00
5.755214691162109375e+00
5.867281436920166016e+00
5.981340885162353516e+00
6.097308158874511719e+00
6.215099811553955078e+00
6.334631443023681641e+00
6.456116199493408203e+00
6.579246997833251953e+00
6.703866481781005859e+00
6.830188751220703125e+00
6.957980155944824219e+00
7.087233066558837891e+00
7.217938423156738281e+00
7.349863529205322266e+00
7.483000278472900391e+00
7.617414474487304688e+00
7.752726078033447266e+00
7.889297962188720703e+00
8.026601791381835938e+00
8.164778709411621094e+00
8.303818702697753906e+00
8.443492889404296875e+00
8.583718299865722656e+00
8.724190711975097656e+00
8.865049362182617188e+00
9.006213188171386719e+00
9.147602081298828125e+00
9.289132118225097656e+00
9.430738449096679688e+00
9.572419166564941406e+00
9.712701797485351562e+00
9.854574203491210938e+00
9.995820045471191406e+00
1.013719749450683594e+01
1.027797794342041016e+01
1.041966056823730469e+01
1.056003284454345703e+01
1.069985103607177734e+01
1.083987426757812500e+01
1.098011589050292969e+01
1.111910533905029297e+01
1.125908851623535156e+01
1.139710521697998047e+01
1.153540134429931641e+01
1.167250537872314453e+01
1.180992031097412109e+01
1.194691658020019531e+01
1.208276653289794922e+01
1.221823024749755859e+01
1.235257816314697266e+01
1.248582744598388672e+01
1.261873531341552734e+01
1.274983215332031250e+01
1.288061904907226562e+01
1.301037025451660156e+01
1.313835716247558594e+01
1.326608085632324219e+01
1.339207363128662109e+01
1.351634788513183594e+01
1.363966464996337891e+01
1.376129817962646484e+01
1.388126182556152344e+01
1.399957084655761719e+01
1.411550235748291016e+01
1.423055362701416016e+01
1.434325695037841797e+01
1.445437145233154297e+01
1.456242656707763672e+01
1.466966724395751953e+01
1.477313804626464844e+01
1.487582492828369141e+01
1.497551822662353516e+01
1.507148838043212891e+01
1.516672325134277344e+01
1.525678062438964844e+01
1.534539222717285156e+01
1.543108749389648438e+01
1.551388263702392578e+01
1.559381294250488281e+01
1.566950035095214844e+01
1.574330425262451172e+01
1.581312465667724609e+01
1.587983036041259766e+01
1.594355487823486328e+01
1.600442123413085938e+01
1.606256294250488281e+01
1.611661911010742188e+01
1.616746520996093750e+01
1.621596908569335938e+01
1.626225852966308594e+01
1.630274581909179688e+01
1.634202194213867188e+01
1.637723922729492188e+01
1.641075515747070312e+01
1.644120979309082031e+01
1.646873474121093750e+01
1.649419784545898438e+01
1.651475334167480469e+01
1.653350257873535156e+01
1.654908752441406250e+01
1.656088829040527344e+01
1.656977844238281250e+01
1.657588195800781250e+01
1.657932853698730469e+01
1.657950019836425781e+01
1.657652282714843750e+01
1.657052230834960938e+01
1.656162452697753906e+01
1.654995727539062500e+01
1.653490257263183594e+01
1.651807022094726562e+01
1.649661254882812500e+01
1.647363090515136719e+01
1.644850540161132812e+01
1.641839027404785156e+01
1.638712120056152344e+01
1.635185432434082031e+01
1.631494140625000000e+01
1.627502059936523438e+01
1.623147392272949219e+01
1.618665504455566406e+01
1.613697052001953125e+01
1.608551597595214844e+01
1.603167152404785156e+01
1.597482013702392578e+01
1.591582298278808594e+01
1.585332107543945312e+01
1.578817844390869141e+01
1.572200202941894531e+01
1.565267944335937500e+01
1.557958316802978516e+01
1.550505924224853516e+01
1.542847919464111328e+01
1.534921264648437500e+01
1.526737785339355469e+01
1.518383216857910156e+01
1.509794521331787109e+01
1.500908851623535156e+01
1.491812038421630859e+01
1.482589721679687500e+01
1.473179054260253906e+01
1.463442707061767578e+01
1.453540706634521484e+01
1.443484306335449219e+01
1.433210468292236328e+01
1.422805118560791016e+01
1.412204742431640625e+01
1.401420879364013672e+01
1.390613269805908203e+01
1.379496192932128906e+01
1.368377590179443359e+01
1.357046318054199219e+01
1.345587444305419922e+01
1.334012317657470703e+01
1.322331905364990234e+01
1.310483264923095703e+01
1.298626041412353516e+01
1.286697006225585938e+01
1.274632930755615234e+01
1.262444877624511719e+01
1.250366973876953125e+01
1.238038539886474609e+01
1.225767993927001953e+01
1.213417625427246094e+01
1.201147079467773438e+01
1.188744449615478516e+01
1.176369380950927734e+01
1.164107036590576172e+01
1.151671218872070312e+01
1.139444446563720703e+01
1.127214622497558594e+01
1.114992713928222656e+01
1.103012657165527344e+01
1.090987873077392578e+01
1.079078292846679688e+01
1.067220115661621094e+01
1.055572891235351562e+01
1.043999004364013672e+01
1.032581043243408203e+01
1.021392059326171875e+01
1.010279560089111328e+01
9.993885040283203125e+00
9.885665893554687500e+00
9.779582023620605469e+00
9.674856185913085938e+00
9.572192192077636719e+00
9.470808982849121094e+00
9.370666503906250000e+00
9.272471427917480469e+00
9.176185607910156250e+00
9.081027030944824219e+00
8.988443374633789062e+00
8.896910667419433594e+00
8.807132720947265625e+00
8.719814300537109375e+00
8.634174346923828125e+00
8.548689842224121094e+00
8.466291427612304688e+00
8.386942863464355469e+00
8.308376312255859375e+00
8.232782363891601562e+00
8.158637046813964844e+00
8.087388992309570312e+00
8.019740104675292969e+00
7.952683448791503906e+00
7.886921405792236328e+00
7.824646949768066406e+00
7.765077114105224609e+00
7.706690311431884766e+00
7.653162479400634766e+00
7.600740909576416016e+00
7.551616668701171875e+00
7.504266738891601562e+00
7.460139751434326172e+00
7.419940948486328125e+00
7.382891178131103516e+00
7.348208904266357422e+00
7.316601276397705078e+00
7.287288188934326172e+00
7.263947486877441406e+00
7.244314670562744141e+00
7.226865768432617188e+00
7.213051795959472656e+00
7.203579425811767578e+00
7.196926593780517578e+00
7.195286273956298828e+00
7.195651531219482422e+00
7.201702117919921875e+00
7.211149692535400391e+00
7.226075649261474609e+00
7.243336677551269531e+00
7.265732765197753906e+00
7.291607379913330078e+00
7.321531772613525391e+00
7.356080532073974609e+00
7.393595218658447266e+00
7.434649467468261719e+00
7.479816913604736328e+00
7.528927326202392578e+00
7.581810474395751953e+00
7.639040470123291016e+00
7.698963165283203125e+00
7.762151718139648438e+00
7.829924106597900391e+00
7.901368618011474609e+00
7.975574493408203125e+00
8.052373886108398438e+00
8.133828163146972656e+00
8.218283653259277344e+00
8.306316375732421875e+00
8.397759437561035156e+00
8.492446899414062500e+00
8.590210914611816406e+00
8.691630363464355469e+00
8.795795440673828125e+00
8.903283119201660156e+00
9.013927459716796875e+00
9.126080513000488281e+00
9.243288993835449219e+00
9.362419128417968750e+00
9.484790802001953125e+00
9.610240936279296875e+00
9.737862586975097656e+00
9.868235588073730469e+00
1.000193881988525391e+01
1.013732528686523438e+01
1.027423000335693359e+01
1.041620731353759766e+01
1.055938053131103516e+01
1.070581531524658203e+01
1.085535144805908203e+01
1.100708389282226562e+01
1.116010856628417969e+01
1.131649398803710938e+01
1.147385025024414062e+01
1.163424777984619141e+01
1.179678249359130859e+01
1.196055126190185547e+01
1.212688636779785156e+01
1.229490947723388672e+01
1.246374607086181641e+01
1.263549613952636719e+01
1.280854511260986328e+01
1.298276138305664062e+01
1.315950393676757812e+01
1.333789825439453125e+01
1.351781654357910156e+01
1.369913196563720703e+01
1.388171386718750000e+01
1.406692218780517578e+01
1.425165748596191406e+01
1.443876075744628906e+01
1.462662124633789062e+01
1.481585502624511719e+01
1.500559139251708984e+01
1.519719028472900391e+01
1.538903808593750000e+01
1.558175182342529297e+01
1.577446269989013672e+01
1.596927547454833984e+01
1.616383171081542969e+01
1.635949325561523438e+01
1.655465126037597656e+01
1.675140571594238281e+01
1.694740486145019531e+01
1.714401054382324219e+01
1.734109497070312500e+01
1.753779220581054688e+01
1.773397636413574219e+01
1.792952728271484375e+01
1.812505912780761719e+01
1.831970596313476562e+01
1.851482963562011719e+01
1.870808029174804688e+01
1.890081596374511719e+01
1.909291458129882812e+01
1.928350830078125000e+01
1.947396278381347656e+01
1.966192054748535156e+01
1.984800529479980469e+01
2.003283500671386719e+01
2.021628570556640625e+01
2.039675140380859375e+01
2.057707595825195312e+01
2.075342178344726562e+01
2.092789840698242188e+01
2.109963607788085938e+01
2.126925468444824219e+01
2.143591880798339844e+01
2.160039710998535156e+01
2.176126098632812500e+01
2.192005348205566406e+01
2.207608222961425781e+01
2.222792243957519531e+01
2.237785911560058594e+01
2.252668762207031250e+01
2.267000770568847656e+01
2.281159019470214844e+01
2.295074653625488281e+01
2.308679008483886719e+01
2.322052001953125000e+01
2.335050582885742188e+01
2.347828865051269531e+01
2.360318183898925781e+01
2.372597885131835938e+01
2.384525299072265625e+01
2.396180152893066406e+01
2.407493400573730469e+01
2.418544769287109375e+01
2.429339981079101562e+01
2.439810180664062500e+01
2.450034713745117188e+01
2.459796142578125000e+01
2.469397354125976562e+01
2.478620719909667969e+01
2.487471008300781250e+01
2.496102905273437500e+01
2.504372596740722656e+01
2.512211036682128906e+01
2.519772529602050781e+01
2.527061843872070312e+01
2.533861541748046875e+01
2.540399551391601562e+01
2.546606826782226562e+01
2.552339744567871094e+01
2.557826423645019531e+01
2.562774658203125000e+01
2.567486763000488281e+01
2.571744918823242188e+01
2.575553894042968750e+01
2.579067611694335938e+01
2.582067871093750000e+01
2.584634017944335938e+01
2.586845016479492188e+01
2.588631820678710938e+01
2.589924430847167969e+01
2.590802383422851562e+01
2.591195869445800781e+01
2.591111755371093750e+01
2.590567588806152344e+01
2.589581489562988281e+01
2.588098526000976562e+01
2.586286354064941406e+01
2.583940505981445312e+01
2.581154632568359375e+01
2.577947235107421875e+01
2.574337577819824219e+01
2.570418357849121094e+01
2.565911102294921875e+01
2.561131858825683594e+01
2.555876350402832031e+01
2.550237464904785156e+01
2.544234085083007812e+01
2.537810134887695312e+01
2.531132698059082031e+01
2.523997688293457031e+01
2.516497611999511719e+01
2.508650970458984375e+01
2.500476455688476562e+01
2.491917419433593750e+01
2.482992744445800781e+01
2.473794937133789062e+01
2.464193534851074219e+01
2.454355430603027344e+01
2.444149971008300781e+01
2.433669853210449219e+01
2.422859001159667969e+01
2.411660575866699219e+01
2.400316238403320312e+01
2.388546371459960938e+01
2.376517677307128906e+01
2.364322280883789062e+01
2.351755332946777344e+01
2.338908958435058594e+01
2.325875091552734375e+01
2.312597465515136719e+01
2.298945236206054688e+01
2.285158729553222656e+01
2.271107482910156250e+01
2.256809043884277344e+01
2.242280769348144531e+01
2.227540588378906250e+01
2.212531852722167969e+01
2.197420310974121094e+01
2.182075119018554688e+01
2.166662406921386719e+01
2.150902366638183594e+01
2.135035133361816406e+01
2.119077873229980469e+01
2.102969360351562500e+01
2.086574363708496094e+01
2.070128059387207031e+01
2.053495025634765625e+01
2.036762046813964844e+01
2.019793510437011719e+01
2.002676200866699219e+01
1.985571670532226562e+01
1.968269538879394531e+01
1.950856590270996094e+01
1.933345603942871094e+01
1.915749359130859375e+01
1.898005867004394531e+01
1.880202293395996094e+01
1.862350654602050781e+01
1.844464302062988281e+01
1.826332092285156250e+01
1.808189773559570312e+01
1.790049743652343750e+01
1.771850204467773438e+01
1.753529357910156250e+01
1.735173988342285156e+01
1.716870689392089844e+01
1.698557853698730469e+01
1.680098724365234375e+01
1.661729240417480469e+01
1.643387222290039062e+01
1.625084877014160156e+01
1.606760597229003906e+01
1.588352203369140625e+01
1.570169544219970703e+01
1.552001762390136719e+01
1.533712959289550781e+01
1.515686607360839844e+01
1.497712516784667969e+01
1.479802989959716797e+01
1.462118816375732422e+01
1.444449520111083984e+01
1.427253437042236328e+01
1.409873867034912109e+01
1.392695140838623047e+01
1.375654983520507812e+01
1.358914566040039062e+01
1.342337417602539062e+01
1.325787544250488281e+01
1.309723281860351562e+01
1.293785285949707031e+01
1.278134727478027344e+01
1.262784004211425781e+01
1.247668170928955078e+01
1.232783699035644531e+01
1.218272876739501953e+01
1.203980541229248047e+01
1.189974689483642578e+01
1.176174354553222656e+01
1.162647533416748047e+01
1.149387931823730469e+01
1.136388874053955078e+01
1.123718547821044922e+01
1.111370658874511719e+01
1.099190044403076172e+01
1.087393474578857422e+01
1.075751686096191406e+01
1.064481449127197266e+01
1.053353595733642578e+01
1.042584705352783203e+01
1.031945896148681641e+01
1.021728038787841797e+01
1.011553764343261719e+01
1.001713943481445312e+01
9.922026634216308594e+00
9.828652381896972656e+00
9.737699508666992188e+00
9.650594711303710938e+00
9.565051078796386719e+00
9.483979225158691406e+00
9.405092239379882812e+00
9.328332901000976562e+00
9.255127906799316406e+00
9.184677124023437500e+00
9.115436553955078125e+00
9.050322532653808594e+00
8.989275932312011719e+00
8.930015563964843750e+00
8.873225212097167969e+00
8.820336341857910156e+00
8.771294593811035156e+00
8.724557876586914062e+00
8.680814743041992188e+00
8.641498565673828125e+00
8.604326248168945312e+00
8.570729255676269531e+00
8.539912223815917969e+00
8.514796257019042969e+00
8.491612434387207031e+00
8.471796035766601562e+00
8.456038475036621094e+00
8.444289207458496094e+00
8.435753822326660156e+00
8.431103706359863281e+00
8.430175781250000000e+00
8.432786941528320312e+00
8.439495086669921875e+00
8.450119018554687500e+00
8.463730812072753906e+00
8.480892181396484375e+00
8.502162933349609375e+00
8.525876998901367188e+00
8.552594184875488281e+00
8.583620071411132812e+00
8.617287635803222656e+00
8.654162406921386719e+00
8.694061279296875000e+00
8.736063957214355469e+00
8.781477928161621094e+00
8.830122947692871094e+00
8.881078720092773438e+00
8.935654640197753906e+00
8.991442680358886719e+00
9.051239013671875000e+00
9.112637519836425781e+00
9.176948547363281250e+00
9.243996620178222656e+00
9.312119483947753906e+00
9.383371353149414062e+00
9.456834793090820312e+00
9.533080101013183594e+00
9.610445022583007812e+00
9.689498901367187500e+00
9.772299766540527344e+00
9.856444358825683594e+00
9.941761016845703125e+00
1.002956295013427734e+01
1.011893558502197266e+01
1.021044921875000000e+01
1.030393600463867188e+01
1.039699268341064453e+01
1.049316501617431641e+01
1.059079837799072266e+01
1.068897724151611328e+01
1.078827762603759766e+01
1.089001369476318359e+01
1.099178886413574219e+01
1.109640693664550781e+01
1.119998168945312500e+01
1.130531978607177734e+01
1.141225242614746094e+01
1.151986789703369141e+01
1.162874317169189453e+01
1.173723220825195312e+01
1.184670257568359375e+01
1.195704269409179688e+01
1.206888580322265625e+01
1.218063545227050781e+01
1.229218006134033203e+01
1.240489864349365234e+01
1.251719284057617188e+01
1.262821102142333984e+01
1.274230098724365234e+01
1.285638236999511719e+01
1.297034549713134766e+01
1.308556747436523438e+01
1.319970893859863281e+01
1.331489086151123047e+01
1.343026161193847656e+01
1.354571151733398438e+01
1.366187572479248047e+01
1.377715778350830078e+01
1.389293766021728516e+01
1.400836086273193359e+01
1.412331867218017578e+01
1.423919200897216797e+01
1.435363864898681641e+01
1.446803760528564453e+01
1.458228111267089844e+01
1.469551563262939453e+01
1.480911922454833984e+01
1.492224025726318359e+01
1.503402709960937500e+01
1.514511299133300781e+01
1.525538635253906250e+01
1.536548614501953125e+01
1.547381114959716797e+01
1.558100128173828125e+01
1.568768501281738281e+01
1.579226684570312500e+01
1.589686870574951172e+01
1.599840736389160156e+01
1.609974288940429688e+01
1.619779586791992188e+01
1.629542541503906250e+01
1.639029312133789062e+01
1.648303031921386719e+01
1.657501220703125000e+01
1.666390037536621094e+01
1.675106620788574219e+01
1.683491134643554688e+01
1.691681671142578125e+01
1.699591827392578125e+01
1.707213783264160156e+01
1.714551544189453125e+01
1.721685791015625000e+01
1.728549575805664062e+01
1.735149192810058594e+01
1.741417312622070312e+01
1.747434997558593750e+01
1.753283119201660156e+01
1.758819580078125000e+01
1.764199829101562500e+01
1.769281959533691406e+01
1.774146461486816406e+01
1.778800201416015625e+01
1.783249473571777344e+01
1.787426567077636719e+01
1.791412162780761719e+01
1.795138168334960938e+01
1.798685455322265625e+01
1.801985931396484375e+01
1.805045890808105469e+01
1.807945823669433594e+01
1.810617828369140625e+01
1.813067626953125000e+01
1.815227317810058594e+01
1.817177391052246094e+01
1.818923759460449219e+01
1.820546722412109375e+01
1.821829223632812500e+01
1.823074340820312500e+01
1.824065399169921875e+01
1.824733543395996094e+01
1.825233268737792969e+01
1.825495910644531250e+01
1.825453186035156250e+01
1.825333404541015625e+01
1.824919128417968750e+01
1.824290466308593750e+01
1.823378372192382812e+01
1.822263145446777344e+01
1.820875167846679688e+01
1.819294738769531250e+01
1.817452621459960938e+01
1.815353965759277344e+01
1.813004302978515625e+01
1.810408782958984375e+01
1.807646751403808594e+01
1.804500389099121094e+01
1.801123428344726562e+01
1.797446441650390625e+01
1.793548965454101562e+01
1.789289093017578125e+01
1.784904289245605469e+01
1.780187797546386719e+01
1.775230407714843750e+01
1.769899940490722656e+01
1.764435195922851562e+01
1.758704185485839844e+01
1.752797126770019531e+01
1.746581268310546875e+01
1.740147399902343750e+01
1.733585548400878906e+01
1.726763153076171875e+01
1.719696426391601562e+01
1.712549591064453125e+01
1.705115699768066406e+01
1.697559165954589844e+01
1.689821624755859375e+01
1.681992721557617188e+01
1.673865890502929688e+01
1.665604782104492188e+01
1.657151222229003906e+01
1.648669052124023438e+01
1.640025520324707031e+01
1.631087493896484375e+01
1.622167587280273438e+01
1.613058471679687500e+01
1.603849983215332031e+01
1.594557380676269531e+01
1.585121822357177734e+01
1.575558567047119141e+01
1.565957450866699219e+01
1.556184959411621094e+01
1.546479606628417969e+01
1.536559104919433594e+01
1.526661586761474609e+01
1.516579627990722656e+01
1.506476688385009766e+01
1.496368312835693359e+01
1.486120700836181641e+01
1.475897693634033203e+01
1.465565776824951172e+01
1.455362987518310547e+01
1.444932842254638672e+01
1.434661769866943359e+01
1.424342155456542969e+01
1.413914585113525391e+01
1.403542518615722656e+01
1.393166923522949219e+01
1.382951259613037109e+01
1.372613048553466797e+01
1.362240886688232422e+01
1.352067184448242188e+01
1.341803741455078125e+01
1.331533432006835938e+01
1.321413803100585938e+01
1.311230468750000000e+01
1.301140975952148438e+01
1.291005420684814453e+01
1.280981063842773438e+01
1.270928192138671875e+01
1.261003971099853516e+01
1.251142978668212891e+01
1.241279506683349609e+01
1.231496715545654297e+01
1.221728992462158203e+01
1.212059402465820312e+01
1.202348041534423828e+01
1.192900943756103516e+01
1.183281040191650391e+01
1.173794364929199219e+01
1.164449501037597656e+01
1.155181121826171875e+01
1.145923805236816406e+01
1.136686134338378906e+01
1.127625656127929688e+01
1.118676948547363281e+01
1.109848785400390625e+01
1.101075744628906250e+01
1.092366886138916016e+01
1.083879566192626953e+01
1.075474071502685547e+01
1.067159461975097656e+01
1.059019088745117188e+01
1.050987339019775391e+01
1.043147850036621094e+01
1.035360908508300781e+01
1.027784252166748047e+01
1.020352649688720703e+01
1.013149452209472656e+01
1.006035232543945312e+01
9.991679191589355469e+00
9.923336982727050781e+00
9.859132766723632812e+00
9.796188354492187500e+00
9.735339164733886719e+00
9.677421569824218750e+00
9.621786117553710938e+00
9.568527221679687500e+00
9.517740249633789062e+00
9.468774795532226562e+00
9.423928260803222656e+00
9.380934715270996094e+00
9.340467453002929688e+00
9.303203582763671875e+00
9.267592430114746094e+00
9.235796928405761719e+00
9.205522537231445312e+00
9.177449226379394531e+00
9.150768280029296875e+00
9.127644538879394531e+00
9.106530189514160156e+00
9.088104248046875000e+00
9.070818901062011719e+00
9.056097030639648438e+00
9.043878555297851562e+00
9.032614707946777344e+00
9.025217056274414062e+00
9.017910003662109375e+00
9.012864112854003906e+00
9.010019302368164062e+00
9.010059356689453125e+00
9.009951591491699219e+00
9.012613296508789062e+00
9.017243385314941406e+00
9.023782730102539062e+00
9.032176971435546875e+00
9.043110847473144531e+00
9.055786132812500000e+00
9.069404602050781250e+00
9.084654808044433594e+00
9.102224349975585938e+00
9.121315956115722656e+00
9.141879081726074219e+00
9.165342330932617188e+00
9.189427375793457031e+00
9.216310501098632812e+00
9.243708610534667969e+00
9.273801803588867188e+00
9.305052757263183594e+00
9.338896751403808594e+00
9.375285148620605469e+00
9.412679672241210938e+00
9.451776504516601562e+00
9.492526054382324219e+00
9.536367416381835938e+00
9.581021308898925781e+00
9.627928733825683594e+00
9.677042007446289062e+00
9.726827621459960938e+00
9.780213356018066406e+00
9.834907531738281250e+00
9.891529083251953125e+00
9.951425552368164062e+00
1.001222896575927734e+01
1.007454395294189453e+01
1.013971710205078125e+01
1.020538330078125000e+01
1.027289009094238281e+01
1.034210300445556641e+01
1.041436767578125000e+01
1.048583507537841797e+01
1.055934143066406250e+01
1.063400840759277344e+01
1.071044349670410156e+01
1.078776741027832031e+01
1.086584854125976562e+01
1.094455146789550781e+01
1.102597141265869141e+01
1.110700225830078125e+01
1.118974113464355469e+01
1.127331066131591797e+01
1.135757923126220703e+01
1.144315719604492188e+01
1.152917003631591797e+01
1.161548614501953125e+01
1.170271587371826172e+01
1.179147148132324219e+01
1.187865066528320312e+01
1.196858024597167969e+01
1.205667018890380859e+01
1.214650726318359375e+01
1.223647403717041016e+01
1.232644081115722656e+01
1.241702175140380859e+01
1.250734329223632812e+01
1.259801864624023438e+01
1.268891906738281250e+01
1.277917098999023438e+01
1.286939048767089844e+01
1.296019077301025391e+01
1.305069923400878906e+01
1.314078903198242188e+01
1.323107242584228516e+01
1.332067775726318359e+01
1.340947818756103516e+01
1.349882984161376953e+01
1.358712005615234375e+01
1.367421722412109375e+01
1.376222515106201172e+01
1.384878444671630859e+01
1.393377590179443359e+01
1.401935195922851562e+01
1.410395336151123047e+01
1.418825626373291016e+01
1.427070236206054688e+01
1.435345363616943359e+01
1.443494987487792969e+01
1.451512527465820312e+01
1.459539318084716797e+01
1.467419719696044922e+01
1.475221061706542969e+01
1.483010768890380859e+01
1.490707111358642578e+01
1.498303222656250000e+01
1.505792236328125000e+01
1.513240909576416016e+01
1.520493602752685547e+01
1.527691936492919922e+01
1.534828853607177734e+01
1.541896724700927734e+01
1.548814487457275391e+01
1.555649089813232422e+01
1.562393093109130859e+01
1.569039535522460938e+01
1.575580787658691406e+01
1.582009792327880859e+01
1.588319110870361328e+01
1.594427204132080078e+01
1.600549125671386719e+01
1.606455230712890625e+01
1.612211799621582031e+01
1.617885971069335938e+01
1.623395729064941406e+01
1.628808021545410156e+01
1.633966445922851562e+01
1.639012336730957031e+01
1.643937492370605469e+01
1.648586273193359375e+01
1.653173637390136719e+01
1.657542991638183594e+01
1.661686897277832031e+01
1.665671730041503906e+01
1.669563674926757812e+01
1.673132514953613281e+01
1.676592826843261719e+01
1.679713630676269531e+01
1.682710266113281250e+01
1.685500144958496094e+01
1.687926483154296875e+01
1.690204238891601562e+01
1.692253112792968750e+01
1.694002342224121094e+01
1.695531654357910156e+01
1.696846580505371094e+01
1.697878646850585938e+01
1.698781394958496094e+01
1.699337768554687500e+01
1.699775886535644531e+01
1.699952697753906250e+01
1.700021934509277344e+01
1.699691390991210938e+01
1.699263763427734375e+01
1.698670005798339844e+01
1.697840499877929688e+01
1.696854972839355469e+01
1.695718574523925781e+01
1.694361495971679688e+01
1.692863464355468750e+01
1.691154479980468750e+01
1.689239883422851562e+01
1.687272834777832031e+01
1.685109710693359375e+01
1.682754898071289062e+01
1.680212974548339844e+01
1.677488899230957031e+01
1.674661064147949219e+01
1.671660232543945312e+01
1.668490409851074219e+01
1.665230369567871094e+01
1.661810302734375000e+01
1.658160209655761719e+01
1.654432868957519531e+01
1.650558090209960938e+01
1.646466255187988281e+01
1.642235183715820312e+01
1.637943649291992188e+01
1.633372688293457031e+01
1.628749084472656250e+01
1.624002647399902344e+01
1.618988609313964844e+01
1.613859558105468750e+01
1.608619308471679688e+01
1.603122901916503906e+01
1.597522735595703125e+01
1.591822719573974609e+01
1.585951900482177734e+01
1.579839992523193359e+01
1.573638820648193359e+01
1.567203712463378906e+01
1.560686302185058594e+01
1.553943252563476562e+01
1.547058391571044922e+01
1.540042972564697266e+01
1.532833576202392578e+01
1.525515651702880859e+01
1.518025684356689453e+01
1.510449028015136719e+01
1.502722263336181641e+01
1.494781970977783203e+01
1.486861801147460938e+01
1.478749847412109375e+01
1.470531082153320312e+01
1.462216472625732422e+01
1.453890705108642578e+01
1.445416259765625000e+01
1.436803436279296875e+01
1.428137588500976562e+01
1.419429111480712891e+01
1.410540199279785156e+01
1.401630020141601562e+01
1.392708969116210938e+01
1.383639335632324219e+01
1.374505615234375000e+01
1.365393066406250000e+01
1.356237411499023438e+01
1.346975135803222656e+01
1.337616634368896484e+01
1.328321170806884766e+01
1.318950366973876953e+01
1.309514617919921875e+01
1.300098800659179688e+01
1.290713405609130859e+01
1.281220054626464844e+01
1.271777725219726562e+01
1.262322807312011719e+01
1.252791023254394531e+01
1.243341445922851562e+01
1.233910274505615234e+01
1.224359130859375000e+01
1.214846992492675781e+01
1.205458641052246094e+01
1.196055698394775391e+01
1.186574172973632812e+01
1.177247524261474609e+01
1.167862987518310547e+01
1.158505249023437500e+01
1.149259090423583984e+01
1.140060424804687500e+01
1.130845355987548828e+01
1.121698665618896484e+01
1.112629699707031250e+01
1.103570652008056641e+01
1.094675540924072266e+01
1.085875606536865234e+01
1.077027797698974609e+01
1.068211841583251953e+01
1.059507656097412109e+01
1.050920867919921875e+01
1.042234134674072266e+01
1.033750152587890625e+01
1.025251674652099609e+01
1.016892910003662109e+01
1.008531093597412109e+01
1.000320243835449219e+01
9.920432090759277344e+00
9.839286804199218750e+00
9.756852149963378906e+00
9.677642822265625000e+00
9.598001480102539062e+00
9.520215988159179688e+00
9.444345474243164062e+00
9.366732597351074219e+00
9.291151046752929688e+00
9.215430259704589844e+00
9.141860961914062500e+00
9.066785812377929688e+00
8.993983268737792969e+00
8.922024726867675781e+00
8.850228309631347656e+00
8.780885696411132812e+00
8.711829185485839844e+00
8.643861770629882812e+00
8.575563430786132812e+00
8.509963989257812500e+00
8.445645332336425781e+00
8.381180763244628906e+00
8.318866729736328125e+00
8.257277488708496094e+00
8.197223663330078125e+00
8.138025283813476562e+00
8.080492019653320312e+00
8.024688720703125000e+00
7.969938755035400391e+00
7.917051315307617188e+00
7.866094589233398438e+00
7.815647602081298828e+00
7.767266273498535156e+00
7.720273971557617188e+00
7.675483703613281250e+00
7.632964134216308594e+00
7.592021942138671875e+00
7.551893234252929688e+00
7.514024734497070312e+00
7.477632045745849609e+00
7.443419456481933594e+00
7.410606384277343750e+00
7.379897117614746094e+00
7.351253509521484375e+00
7.322408676147460938e+00
7.295554161071777344e+00
7.270653724670410156e+00
7.246186256408691406e+00
7.223599910736083984e+00
7.202859878540039062e+00
7.183188438415527344e+00
7.164550304412841797e+00
7.147654533386230469e+00
7.131724834442138672e+00
7.116725921630859375e+00
7.103368759155273438e+00
7.090135574340820312e+00
7.079220771789550781e+00
7.069108486175537109e+00
7.060508728027343750e+00
7.051905632019042969e+00
7.045497417449951172e+00
7.039022922515869141e+00
7.034682750701904297e+00
7.030961513519287109e+00
7.028572559356689453e+00
7.026742935180664062e+00
7.025445461273193359e+00
7.026139259338378906e+00
7.027308464050292969e+00
7.030412673950195312e+00
7.032452583312988281e+00
7.037117481231689453e+00
7.042894840240478516e+00
7.049016475677490234e+00
7.056199073791503906e+00
7.064417839050292969e+00
7.073648929595947266e+00
7.085351943969726562e+00
7.095790386199951172e+00
7.107911109924316406e+00
7.121691703796386719e+00
7.136364459991455078e+00
7.151909351348876953e+00
7.169046401977539062e+00
7.186265945434570312e+00
7.205766677856445312e+00
7.224505901336669922e+00
7.245374679565429688e+00
7.268292427062988281e+00
7.291694164276123047e+00
7.315498828887939453e+00
7.340371131896972656e+00
7.365488052368164062e+00
7.391514301300048828e+00
7.419113636016845703e+00
7.446722030639648438e+00
7.475746631622314453e+00
7.505366802215576172e+00
7.534760951995849609e+00
7.565339088439941406e+00
7.596279144287109375e+00
7.628246784210205078e+00
7.660422325134277344e+00
7.693472385406494141e+00
7.726576328277587891e+00
7.759656429290771484e+00
7.793380260467529297e+00
7.826927661895751953e+00
7.862451076507568359e+00
7.896903038024902344e+00
7.930948734283447266e+00
7.966741085052490234e+00
8.001232147216796875e+00
8.037318229675292969e+00
8.072692871093750000e+00
8.107279777526855469e+00
8.143232345581054688e+00
8.179732322692871094e+00
8.215214729309082031e+00
8.251091957092285156e+00
8.287285804748535156e+00
8.322233200073242188e+00
8.358088493347167969e+00
8.394030570983886719e+00
8.429241180419921875e+00
8.465128898620605469e+00
8.499388694763183594e+00
8.534170150756835938e+00
8.569398880004882812e+00
8.602766990661621094e+00
8.637169837951660156e+00
8.670300483703613281e+00
8.703568458557128906e+00
8.736152648925781250e+00
8.767231941223144531e+00
8.799707412719726562e+00
8.830558776855468750e+00
8.861975669860839844e+00
8.891688346862792969e+00
8.921883583068847656e+00
8.949549674987792969e+00
8.977616310119628906e+00
9.006043434143066406e+00
9.034045219421386719e+00
9.062322616577148438e+00
9.090091705322265625e+00
9.115823745727539062e+00
9.141704559326171875e+00
9.167693138122558594e+00
9.192258834838867188e+00
9.216845512390136719e+00
9.240667343139648438e+00
9.264424324035644531e+00
9.287326812744140625e+00
9.310076713562011719e+00
9.332629203796386719e+00
9.353453636169433594e+00
9.373990058898925781e+00
9.394938468933105469e+00
9.414024353027343750e+00
9.433429718017578125e+00
9.451624870300292969e+00
9.470791816711425781e+00
9.488655090332031250e+00
9.505167961120605469e+00
9.521026611328125000e+00
9.536183357238769531e+00
9.551335334777832031e+00
9.564947128295898438e+00
9.578456878662109375e+00
9.590329170227050781e+00
9.602746009826660156e+00
9.613428115844726562e+00
9.623812675476074219e+00
9.633105278015136719e+00
9.641256332397460938e+00
9.648958206176757812e+00
9.655417442321777344e+00
9.661323547363281250e+00
9.665141105651855469e+00
9.669045448303222656e+00
9.672241210937500000e+00
9.674674987792968750e+00
9.674808502197265625e+00
9.674072265625000000e+00
9.671683311462402344e+00
9.667654991149902344e+00
9.662015914916992188e+00
9.656276702880859375e+00
9.650240898132324219e+00
9.642152786254882812e+00
9.633150100708007812e+00
9.623110771179199219e+00
9.612207412719726562e+00
9.600537300109863281e+00
9.587976455688476562e+00
9.574474334716796875e+00
9.560349464416503906e+00
9.545552253723144531e+00
9.529805183410644531e+00
9.513279914855957031e+00
9.495996475219726562e+00
9.478125572204589844e+00
9.459539413452148438e+00
9.440183639526367188e+00
9.420299530029296875e+00
9.399684906005859375e+00
9.378432273864746094e+00
9.356636047363281250e+00
9.334239959716796875e+00
9.311186790466308594e+00
9.287718772888183594e+00
9.263554573059082031e+00
9.238935470581054688e+00
9.213729858398437500e+00
9.187952995300292969e+00
9.161697387695312500e+00
9.134903907775878906e+00
9.107514381408691406e+00
9.079692840576171875e+00
9.051305770874023438e+00
9.022517204284667969e+00
8.993119239807128906e+00
8.963201522827148438e+00
8.932777404785156250e+00
8.901786804199218750e+00
8.870319366455078125e+00
8.838313102722167969e+00
8.805708885192871094e+00
8.772743225097656250e+00
8.739130973815917969e+00
8.704885482788085938e+00
8.670095443725585938e+00
8.634845733642578125e+00
8.599002838134765625e+00
8.562510490417480469e+00
8.525418281555175781e+00
8.487854957580566406e+00
8.449728012084960938e+00
8.411240577697753906e+00
8.372375488281250000e+00
8.333110809326171875e+00
8.293280601501464844e+00
8.253011703491210938e+00
8.212583541870117188e+00
8.171825408935546875e+00
8.130868911743164062e+00
8.089615821838378906e+00
8.048123359680175781e+00
8.006444931030273438e+00
7.964557647705078125e+00
7.922517299652099609e+00
7.880376815795898438e+00
7.838263988494873047e+00
7.795859813690185547e+00
7.753515720367431641e+00
7.711061000823974609e+00
7.668697834014892578e+00
7.626032829284667969e+00
7.583342075347900391e+00
7.541495800018310547e+00
7.499357700347900391e+00
7.457202911376953125e+00
7.414341449737548828e+00
7.373054504394531250e+00
7.331166267395019531e+00
7.289471626281738281e+00
7.248022556304931641e+00
7.206129550933837891e+00
7.165331363677978516e+00
7.125679492950439453e+00
7.084254741668701172e+00
7.044082641601562500e+00
7.004472255706787109e+00
6.963988780975341797e+00
6.924917697906494141e+00
6.885822772979736328e+00
6.846758365631103516e+00
6.808521270751953125e+00
6.770421028137207031e+00
6.733254432678222656e+00
6.696331501007080078e+00
6.659707069396972656e+00
6.623435020446777344e+00
6.587569713592529297e+00
6.552903652191162109e+00
6.519467830657958984e+00
6.485060691833496094e+00
6.451193809509277344e+00
6.417152404785156250e+00
6.384449481964111328e+00
6.353113174438476562e+00
6.320941925048828125e+00
6.290193557739257812e+00
6.258667469024658203e+00
6.228621006011962891e+00
6.198597908020019531e+00
6.169371128082275391e+00
6.141713142395019531e+00
6.113424777984619141e+00
6.085279464721679688e+00
6.058051586151123047e+00
6.031029224395751953e+00
6.004243373870849609e+00
5.978469371795654297e+00
5.953739166259765625e+00
5.928598880767822266e+00
5.904567718505859375e+00
5.880192756652832031e+00
5.856993675231933594e+00
5.834259986877441406e+00
5.812027454376220703e+00
5.789585590362548828e+00
5.767713546752929688e+00
5.746446132659912109e+00
5.725817203521728516e+00
5.706606864929199219e+00
5.686621665954589844e+00
5.668869018554687500e+00
5.650413513183593750e+00
5.633521080017089844e+00
5.616742610931396484e+00
5.600114822387695312e+00
5.584418773651123047e+00
5.569691181182861328e+00
5.555971145629882812e+00
5.542552947998046875e+00
5.530218601226806641e+00
5.518263816833496094e+00
5.507470607757568359e+00
5.497877120971679688e+00
5.488037586212158203e+00
5.479477882385253906e+00
5.472237586975097656e+00
5.464870929718017578e+00
5.458894729614257812e+00
5.453556060791015625e+00
5.448836326599121094e+00
5.446204185485839844e+00
5.443410873413085938e+00
5.441181182861328125e+00
5.440984725952148438e+00
5.440574169158935547e+00
5.440674781799316406e+00
5.442757129669189453e+00
5.444574356079101562e+00
5.446853637695312500e+00
5.449578762054443359e+00
5.452734470367431641e+00
5.457047939300537109e+00
5.461761474609375000e+00
5.466116905212402344e+00
5.472329139709472656e+00
5.478154659271240234e+00
5.484323501586914062e+00
5.491565227508544922e+00
5.498379707336425781e+00
5.506241798400878906e+00
5.514395236968994141e+00
5.522085189819335938e+00
5.531528949737548828e+00
5.541229248046875000e+00
5.551175117492675781e+00
5.561355590820312500e+00
5.571761131286621094e+00
5.581637859344482422e+00
5.593206405639648438e+00
5.604226589202880859e+00
5.616177082061767578e+00
5.627562522888183594e+00
5.640603065490722656e+00
5.651576042175292969e+00
5.664931774139404297e+00
5.677690505981445312e+00
5.691330432891845703e+00
5.705101490020751953e+00
5.718997478485107422e+00
5.733754634857177734e+00
5.747136116027832031e+00
5.762852191925048828e+00
5.777923583984375000e+00
5.793830871582031250e+00
5.809824943542480469e+00
5.825157165527343750e+00
5.842051029205322266e+00
5.859752655029296875e+00
5.876001834869384766e+00
5.893736362457275391e+00
5.911433219909667969e+00
5.929800033569335938e+00
5.948059082031250000e+00
5.966173171997070312e+00
5.984851360321044922e+00
6.003313541412353516e+00
6.023011207580566406e+00
6.042421817779541016e+00
6.062253475189208984e+00
6.081726551055908203e+00
6.101548671722412109e+00
6.120940685272216797e+00
6.139865875244140625e+00
6.159775733947753906e+00
6.179146289825439453e+00
6.198685646057128906e+00
6.219842433929443359e+00
6.239608287811279297e+00
6.258689880371093750e+00
6.279279708862304688e+00
6.298368453979492188e+00
6.318148136138916016e+00
6.337096214294433594e+00
6.356661319732666016e+00
6.376063823699951172e+00
6.395265579223632812e+00
6.414229869842529297e+00
6.432919025421142578e+00
6.451295375823974609e+00
6.469321727752685547e+00
6.487703323364257812e+00
6.504916191101074219e+00
6.522408485412597656e+00
6.540143966674804688e+00
6.557339191436767578e+00
6.574701309204101562e+00
6.591448783874511719e+00
6.606800079345703125e+00
6.622946739196777344e+00
6.639108180999755859e+00
6.653759002685546875e+00
6.668347835540771484e+00
6.682093620300292969e+00
6.695700645446777344e+00
6.709874153137207031e+00
6.722346782684326172e+00
6.735308647155761719e+00
6.747981548309326172e+00
6.759603023529052734e+00
6.770895957946777344e+00
6.781845569610595703e+00
6.791688442230224609e+00
6.802637577056884766e+00
6.811701297760009766e+00
6.820348739624023438e+00
6.829304695129394531e+00
6.837806224822998047e+00
6.845092773437500000e+00
6.852631092071533203e+00
6.858916282653808594e+00
6.866158485412597656e+00
6.872108459472656250e+00
6.878232479095458984e+00
6.883768081665039062e+00
6.888843059539794922e+00
6.893436431884765625e+00
6.897528171539306641e+00
6.901691436767578125e+00
6.905309677124023438e+00
6.908509731292724609e+00
6.911269187927246094e+00
6.913639545440673828e+00
6.915598392486572266e+00
6.917270183563232422e+00
6.918482303619384766e+00
6.919285774230957031e+00
6.919654846191406250e+00
6.919639587402343750e+00
6.919138908386230469e+00
6.918351173400878906e+00
6.917100906372070312e+00
6.915360450744628906e+00
6.913177967071533203e+00
6.910599708557128906e+00
6.907448768615722656e+00
6.903919696807861328e+00
6.899835109710693359e+00
6.895165920257568359e+00
6.890104770660400391e+00
6.884473800659179688e+00
6.878242015838623047e+00
6.871452331542968750e+00
6.864075660705566406e+00
6.856079101562500000e+00
6.847506046295166016e+00
6.838323593139648438e+00
6.828425884246826172e+00
6.817861557006835938e+00
6.806707859039306641e+00
6.794899940490722656e+00
6.782446384429931641e+00
6.769358158111572266e+00
6.755790710449218750e+00
6.741680145263671875e+00
6.726959705352783203e+00
6.711787223815917969e+00
6.695948600769042969e+00
6.679748058319091797e+00
6.663120746612548828e+00
6.645999431610107422e+00
6.628467082977294922e+00
6.610531806945800781e+00
6.592201232910156250e+00
6.573409080505371094e+00
6.554237365722656250e+00
6.534767627716064453e+00
6.514934539794921875e+00
6.494744300842285156e+00
6.474279880523681641e+00
6.453473567962646484e+00
6.432334423065185547e+00
6.410867691040039062e+00
6.389156818389892578e+00
6.367208003997802734e+00
6.344954013824462891e+00
6.322476863861083984e+00
6.299708843231201172e+00
6.276805877685546875e+00
6.253551006317138672e+00
6.230099201202392578e+00
6.206532001495361328e+00
6.182632446289062500e+00
6.158555030822753906e+00
6.134305000305175781e+00
6.109814167022705078e+00
6.085162639617919922e+00
6.060280799865722656e+00
6.035248279571533203e+00
6.009920120239257812e+00
5.984450340270996094e+00
5.958842754364013672e+00
5.932952880859375000e+00
5.907006740570068359e+00
5.880710601806640625e+00
5.854290962219238281e+00
5.827600955963134766e+00
5.800867080688476562e+00
5.773797035217285156e+00
5.746559143066406250e+00
5.719102382659912109e+00
5.691524028778076172e+00
5.663696765899658203e+00
5.635866165161132812e+00
5.607831954956054688e+00
5.579689502716064453e+00
5.551460266113281250e+00
5.523165702819824219e+00
5.494678974151611328e+00
5.466243743896484375e+00
5.437583446502685547e+00
5.408942222595214844e+00
5.380341053009033203e+00
5.351800918579101562e+00
5.323415756225585938e+00
5.294687747955322266e+00
5.266082286834716797e+00
5.237398147583007812e+00
5.208878517150878906e+00
5.180248260498046875e+00
5.151676177978515625e+00
5.123110294342041016e+00
5.094720840454101562e+00
5.066156864166259766e+00
5.037887096405029297e+00
5.009562492370605469e+00
4.981279373168945312e+00
4.953135013580322266e+00
4.925227165222167969e+00
4.897282123565673828e+00
4.869545459747314453e+00
4.841894149780273438e+00
4.814425945281982422e+00
4.786943435668945312e+00
4.759768486022949219e+00
4.732704162597656250e+00
4.705850601196289062e+00
4.679158687591552734e+00
4.652507781982421875e+00
4.626221179962158203e+00
4.600103378295898438e+00
4.574182510375976562e+00
4.548560619354248047e+00
4.523116588592529297e+00
4.497953414916992188e+00
4.473175048828125000e+00
4.448660850524902344e+00
4.424366474151611328e+00
4.400392532348632812e+00
4.376757144927978516e+00
4.353401660919189453e+00
4.330341815948486328e+00
4.307592868804931641e+00
4.285170555114746094e+00
4.263017654418945312e+00
4.241223335266113281e+00
4.219729900360107422e+00
4.198479175567626953e+00
4.177561283111572266e+00
4.156993389129638672e+00
4.136641502380371094e+00
4.116597175598144531e+00
4.097024917602539062e+00
4.077568531036376953e+00
4.058393001556396484e+00
4.039663314819335938e+00
4.021097660064697266e+00
4.002934932708740234e+00
3.984967708587646484e+00
3.967360734939575195e+00
3.949980735778808594e+00
3.933065652847290039e+00
3.916334867477416992e+00
3.899803638458251953e+00
3.883710145950317383e+00
3.867846965789794922e+00
3.852304697036743164e+00
3.837023973464965820e+00
3.822094917297363281e+00
3.807459592819213867e+00
3.793133258819580078e+00
3.779058218002319336e+00
3.765250444412231445e+00
3.751875162124633789e+00
3.738726615905761719e+00
3.725969791412353516e+00
3.713473558425903320e+00
3.701255559921264648e+00
3.689481973648071289e+00
3.677874565124511719e+00
3.666674375534057617e+00
3.655900955200195312e+00
3.645424604415893555e+00
3.635265350341796875e+00
3.625518560409545898e+00
3.616130352020263672e+00
3.607122421264648438e+00
3.598516941070556641e+00
3.590405464172363281e+00
3.582564115524291992e+00
3.575210332870483398e+00
3.568190813064575195e+00
3.561427116394042969e+00
3.555063247680664062e+00
3.549022674560546875e+00
3.543376445770263672e+00
3.537899971008300781e+00
3.532739162445068359e+00
3.527966976165771484e+00
3.523286581039428711e+00
3.518993377685546875e+00
3.514939546585083008e+00
3.511199235916137695e+00
3.507550239562988281e+00
3.504216909408569336e+00
3.501050949096679688e+00
3.498128652572631836e+00
3.495525836944580078e+00
3.493095636367797852e+00
3.490840196609497070e+00
3.488761425018310547e+00
3.487009763717651367e+00
3.485439300537109375e+00
3.483976840972900391e+00
3.482773542404174805e+00
3.481683015823364258e+00
3.480855226516723633e+00
3.480217933654785156e+00
3.479772329330444336e+00
3.479519844055175781e+00
3.479461431503295898e+00
3.479598045349121094e+00
3.480004549026489258e+00
3.480532884597778320e+00
3.481182813644409180e+00
3.482102394104003906e+00
3.483217477798461914e+00
3.484527111053466797e+00
3.485955238342285156e+00
3.487575531005859375e+00
3.489385366439819336e+00
3.491383552551269531e+00
3.493492841720581055e+00
3.495860338211059570e+00
3.498407840728759766e+00
3.501059055328369141e+00
3.503958940505981445e+00
3.506956100463867188e+00
3.510192871093750000e+00
3.513505935668945312e+00
3.517025232315063477e+00
3.520658731460571289e+00
3.524462699890136719e+00
3.528270721435546875e+00
3.532213926315307617e+00
3.536199569702148438e+00
3.540210723876953125e+00
3.544303417205810547e+00
3.548387527465820312e+00
3.552593469619750977e+00
3.556756496429443359e+00
3.560859918594360352e+00
3.565037012100219727e+00
3.569196701049804688e+00
3.573324441909790039e+00
3.577330350875854492e+00
3.581349134445190430e+00
3.585365772247314453e+00
3.589292764663696289e+00
3.593190670013427734e+00
3.596823453903198242e+00
3.600475549697875977e+00
3.604135513305664062e+00
3.607642173767089844e+00
3.611058235168457031e+00
3.614446878433227539e+00
3.617648601531982422e+00
3.620876312255859375e+00
3.623821020126342773e+00
3.626845121383666992e+00
3.629641294479370117e+00
3.632496118545532227e+00
3.635177612304687500e+00
3.637675523757934570e+00
3.640203237533569336e+00
3.642527818679809570e+00
3.644862651824951172e+00
3.646974325180053711e+00
3.649000883102416992e+00
3.651006698608398438e+00
3.652832508087158203e+00
3.654614686965942383e+00
3.656119585037231445e+00
3.657781362533569336e+00
3.659214973449707031e+00
3.660631418228149414e+00
3.661867618560791016e+00
3.662910699844360352e+00
3.663894891738891602e+00
3.664887428283691406e+00
3.665584325790405273e+00
3.666275262832641602e+00
3.666877508163452148e+00
3.667308092117309570e+00
3.667706489562988281e+00
3.667987346649169922e+00
3.668140411376953125e+00
3.668302297592163086e+00
3.668163776397705078e+00
3.668083190917968750e+00
3.667898654937744141e+00
3.667595386505126953e+00
3.667159080505371094e+00
3.666648626327514648e+00
3.666048765182495117e+00
3.665268182754516602e+00
3.664364814758300781e+00
3.663396596908569336e+00
3.662196397781372070e+00
3.660970687866210938e+00
3.659478425979614258e+00
3.657998800277709961e+00
3.656216621398925781e+00
3.654336690902709961e+00
3.652118206024169922e+00
3.649914741516113281e+00
3.647410869598388672e+00
3.644738197326660156e+00
3.641952514648437500e+00
3.638888835906982422e+00
3.635604143142700195e+00
3.631932973861694336e+00
3.628231287002563477e+00
3.624185562133789062e+00
3.620002985000610352e+00
3.615594625473022461e+00
3.610797643661499023e+00
3.605820178985595703e+00
3.600648880004882812e+00
3.595121860504150391e+00
3.589375734329223633e+00
3.583323001861572266e+00
3.577100753784179688e+00
3.570623874664306641e+00
3.563806295394897461e+00
3.556786298751831055e+00
3.549404621124267578e+00
3.541800737380981445e+00
3.533892154693603516e+00
3.525760412216186523e+00
3.517338991165161133e+00
3.508786678314208984e+00
3.499962806701660156e+00
3.491026163101196289e+00
3.481836557388305664e+00
3.472403287887573242e+00
3.462882518768310547e+00
3.453357458114624023e+00
3.443687677383422852e+00
3.433880090713500977e+00
3.424015998840332031e+00
3.414027929306030273e+00
3.404144287109375000e+00
3.394073724746704102e+00
3.383968830108642578e+00
3.373833656311035156e+00
3.363819837570190430e+00
3.353632211685180664e+00
3.343569993972778320e+00
3.333410501480102539e+00
3.323376417160034180e+00
3.313317775726318359e+00
3.303307294845581055e+00
3.293267726898193359e+00
3.283269405364990234e+00
3.273307800292968750e+00
3.263377904891967773e+00
3.253398895263671875e+00
3.243438243865966797e+00
3.233562946319580078e+00
3.223615646362304688e+00
3.213736534118652344e+00
3.203767299652099609e+00
3.193846702575683594e+00
3.183815956115722656e+00
3.173961877822875977e+00
3.163827419281005859e+00
3.153773069381713867e+00
3.143713951110839844e+00
3.133489370346069336e+00
3.123162984848022461e+00
3.112798213958740234e+00
3.102384090423583984e+00
3.091836214065551758e+00
3.081144332885742188e+00
3.070373296737670898e+00
3.059365272521972656e+00
3.048334836959838867e+00
3.037127256393432617e+00
3.025742769241333008e+00
3.014183998107910156e+00
3.002603054046630859e+00
2.990781307220458984e+00
2.978872537612915039e+00
2.966883182525634766e+00
2.954745769500732422e+00
2.942394256591796875e+00
2.930060625076293945e+00
2.917531967163085938e+00
2.904967546463012695e+00
2.892305850982666016e+00
2.879558801651000977e+00
2.866740465164184570e+00
2.853939771652221680e+00
2.841023206710815430e+00
2.828081130981445312e+00
2.815056085586547852e+00
2.802187919616699219e+00
2.789271354675292969e+00
2.776399374008178711e+00
2.763590097427368164e+00
2.750787973403930664e+00
2.738234996795654297e+00
2.725652694702148438e+00
2.713134765625000000e+00
2.700847864151000977e+00
2.688513994216918945e+00
2.676522493362426758e+00
2.664668560028076172e+00
2.652895212173461914e+00
2.641367912292480469e+00
2.629953861236572266e+00
2.618817567825317383e+00
2.607898950576782227e+00
2.597211599349975586e+00
2.586694478988647461e+00
2.576507329940795898e+00
2.566513061523437500e+00
2.556720733642578125e+00
2.547287940979003906e+00
2.538073778152465820e+00
2.529084920883178711e+00
2.520400524139404297e+00
2.511876821517944336e+00
2.503591537475585938e+00
2.495546817779541016e+00
2.487892627716064453e+00
2.480406999588012695e+00
2.473014116287231445e+00
2.465931177139282227e+00
2.459001779556274414e+00
2.452292442321777344e+00
2.445720195770263672e+00
2.439350605010986328e+00
2.433100223541259766e+00
2.426885128021240234e+00
2.420844793319702148e+00
2.414821386337280273e+00
2.408880472183227539e+00
2.403087377548217773e+00
2.397211074829101562e+00
2.391318559646606445e+00
2.385477066040039062e+00
2.379755020141601562e+00
2.373924493789672852e+00
2.367981433868408203e+00
2.362071514129638672e+00
2.356119155883789062e+00
2.350049734115600586e+00
2.343938827514648438e+00
2.337789058685302734e+00
2.331604957580566406e+00
2.325318336486816406e+00
2.318936109542846680e+00
2.312468051910400391e+00
2.305924892425537109e+00
2.299319505691528320e+00
2.292665958404541016e+00
2.285980224609375000e+00
2.279205322265625000e+00
2.272509336471557617e+00
2.265689849853515625e+00
2.258991718292236328e+00
2.252214908599853516e+00
2.245459079742431641e+00
2.238749742507934570e+00
2.232187271118164062e+00
2.225650787353515625e+00
2.219243049621582031e+00
2.212918758392333984e+00
2.206929445266723633e+00
2.200933456420898438e+00
2.195183038711547852e+00
2.189707756042480469e+00
2.184462785720825195e+00
2.179402828216552734e+00
2.174778699874877930e+00
2.170321226119995117e+00
0.000000000000000000e+00
0.000000000000000000e+00
0.000000000000000000e+00
0.000000000000000000e+00
0.000000000000000000e+00
0.000000000000000000e+00
0.000000000000000000e+00
0.000000000000000000e+00
0.000000000000000000e+00
0.000000000000000000e+00
0.000000000000000000e+00
0.000000000000000000e+00
0.000000000000000000e+00
0.000000000000000000e+00
0.000000000000000000e+00
0.000000000000000000e+00
0.000000000000000000e+00
0.000000000000000000e+00
0.000000000000000000e+00
0.000000000000000000e+00
0.000000000000000000e+00
0.000000000000000000e+00
0.000000000000000000e+00
0.000000000000000000e+00
0.000000000000000000e+00
0.000000000000000000e+00
0.000000000000000000e+00
0.000000000000000000e+00
0.000000000000000000e+00
0.000000000000000000e+00
0.000000000000000000e+00
0.000000000000000000e+00
0.000000000000000000e+00
0.000000000000000000e+00
0.000000000000000000e+00
0.000000000000000000e+00
0.000000000000000000e+00
0.000000000000000000e+00
0.000000000000000000e+00
0.000000000000000000e+00
0.000000000000000000e+00
0.000000000000000000e+00
0.000000000000000000e+00
0.000000000000000000e+00
0.000000000000000000e+00
0.000000000000000000e+00
0.000000000000000000e+00
0.000000000000000000e+00
0.000000000000000000e+00
0.000000000000000000e+00
0.000000000000000000e+00
0.000000000000000000e+00
0.000000000000000000e+00
0.000000000000000000e+00
0.000000000000000000e+00
0.000000000000000000e+00
0.000000000000000000e+00
0.000000000000000000e+00
0.000000000000000000e+00
0.000000000000000000e+00
0.000000000000000000e+00
0.000000000000000000e+00
0.000000000000000000e+00
0.000000000000000000e+00
0.000000000000000000e+00
0.000000000000000000e+00
0.000000000000000000e+00
0.000000000000000000e+00
0.000000000000000000e+00
0.000000000000000000e+00
0.000000000000000000e+00
0.000000000000000000e+00
0.000000000000000000e+00
0.000000000000000000e+00
0.000000000000000000e+00
0.000000000000000000e+00
0.000000000000000000e+00
0.000000000000000000e+00
0.000000000000000000e+00
0.000000000000000000e+00
0.000000000000000000e+00
0.000000000000000000e+00
0.000000000000000000e+00
0.000000000000000000e+00
0.000000000000000000e+00
0.000000000000000000e+00
0.000000000000000000e+00
0.000000000000000000e+00
0.000000000000000000e+00
0.000000000000000000e+00
0.000000000000000000e+00
0.000000000000000000e+00
0.000000000000000000e+00
0.000000000000000000e+00
0.000000000000000000e+00
0.000000000000000000e+00
0.000000000000000000e+00
0.000000000000000000e+00
0.000000000000000000e+00
0.000000000000000000e+00
