# pp
9.601317633833002012e-09
5.928468138499652244e-09
4.145688180302196933e-09
3.112252959160942142e-09
2.445352214292725091e-09
1.984106746890333895e-09
1.648845824079787481e-09
1.396014763100788609e-09
1.199541373001908834e-09
1.043551745906397216e-09
9.170368754713930732e-10
8.127760193537015698e-10
7.257585110450046318e-10
6.522609227699080040e-10
5.895352927153680342e-10
5.355384022527796627e-10
4.886991436526219345e-10
4.477487687213311608e-10
4.116968487903021352e-10
3.797947985050136988e-10
3.514381791886793734e-10
3.261045224724380578e-10
3.033639010218925979e-10
2.828722617472293229e-10
2.643443629861218287e-10
2.475367202651513227e-10
2.322403353277451504e-10
2.182676900326721968e-10
2.054616748227188044e-10
1.937027645189056300e-10
1.828879675690800187e-10
1.729178197297210524e-10
1.637043661090108121e-10
1.551729520471993557e-10
1.472585669657152479e-10
1.399035799064460035e-10
1.330568441352072120e-10
1.266722106828991785e-10
1.207086194623988998e-10
1.151297051691578780e-10
1.099033478066380761e-10
1.050009061964843133e-10
1.003967091090680068e-10
9.606768475010562100e-11
9.199295892578671825e-11
8.815335710675327363e-11
8.453146919372000544e-11
8.111152728973248279e-11
7.787921945300642057e-11
7.482146933887345453e-11
7.192613750785532118e-11
6.918210224961482859e-11
6.657920819826433553e-11
6.410816555861689040e-11
6.176042687111668775e-11
5.952801473156400493e-11
5.740357204431299344e-11
5.538033470404891626e-11
5.345207434474248258e-11
5.161307721807966326e-11
4.985818045123239992e-11
4.818263030483957367e-11
4.658201687738835889e-11
4.505224406838812506e-11
4.358947136990980601e-11
4.219000336123508583e-11
4.085037344718622288e-11
3.956735500327602002e-11
3.833794145251906803e-11
3.715930514847051593e-11
3.602871687805737001e-11
3.494360870207038464e-11
3.390158353213506876e-11
3.290040160675755827e-11
3.193798570379193694e-11
3.101245882632149680e-11
3.012207562595240833e-11
2.926519564367717040e-11
2.844027572310029007e-11
2.764585742962250986e-11
2.688054488110259007e-11
2.614301758531329194e-11
2.543203070479355914e-11
2.474640985584277620e-11
2.408504148597976823e-11
2.344685484493174077e-11
2.283083388442930744e-11
2.223601836101979004e-11
2.166150017292083331e-11
2.110641695059576381e-11
2.056994037815396708e-11
2.005128323418691467e-11
1.954969974921750254e-11
1.906448300571316168e-11
1.859496252672255678e-11
1.814050203764002704e-11
1.770049738702077087e-11
1.727437461364533038e-11
1.686158814818035895e-11
1.646161913881774253e-11
1.607397389120791569e-11
1.569818241384669552e-11
1.533379706083742298e-11
1.498039126464038685e-11
1.463755835204661441e-11
1.430491043718010217e-11
1.398207738584711284e-11
1.366870584601858327e-11
1.336445833965701404e-11
1.306901072162547941e-11
1.278204655315864135e-11
1.250326182307659386e-11
1.223236595069311272e-11
1.196908108178394604e-11
1.171314142717938577e-11
1.146429264105963295e-11
1.122229123625481463e-11
1.098690403405584841e-11
1.075790764622974228e-11
1.053508798710480492e-11
1.031823981374897584e-11
1.010716629240944690e-11
9.901678589514878953e-12
9.701595485664164719e-12
9.506743011138394132e-12
9.316954101576610430e-12
9.132068272551775705e-12
8.951931311871603000e-12
8.776394988510538018e-12
8.605316134531656841e-12
8.438554534316083291e-12
8.275974735796025138e-12
8.117446466394404177e-12
7.962844399125002593e-12
7.812047930867000267e-12
7.664940972097055695e-12
7.521411747409143657e-12
7.381352606196140300e-12
7.244659842907416441e-12
7.111233526334534545e-12
6.980977337412045502e-12
6.853798415052763411e-12
6.729607209567355180e-12
6.608317343245987845e-12
6.489845477706146892e-12
6.374111187635052651e-12
6.261036840577890530e-12
6.150547482444268101e-12
6.042570728425120843e-12
5.937036584772574649e-12
5.833877134728806958e-12
5.733026679942171472e-12
5.634421725451861873e-12
5.538000892584037976e-12
5.443704835814346754e-12
5.351476163392535898e-12
5.261259361536581141e-12
5.173000722014721613e-12
5.086648272944155026e-12
5.002151712644724119e-12
4.919462346395049012e-12
4.838533025947016094e-12
4.759318091662538507e-12
4.681773317143955180e-12
4.605855856236522930e-12
4.531524192288002553e-12
4.458738089556618742e-12
4.387458546664468031e-12
4.317647751998963738e-12
4.249269040970095348e-12
4.182286855036128149e-12
4.116666702414963674e-12
4.052375120402715300e-12
3.989379639225106073e-12
3.927648629521032524e-12
3.867150926212260920e-12
3.807856168068016548e-12
3.749734886263420734e-12
3.692758473648531512e-12
3.636899155233008599e-12
3.582129959832103199e-12
3.528424692822324322e-12
3.475757909957737260e-12
3.424104892200240487e-12
3.373441621519449701e-12
3.323744757620012893e-12
3.274991615556184860e-12
3.227160144195463049e-12
3.180228905494893199e-12
3.134177054555420750e-12
3.088984320421261781e-12
3.044630987592892915e-12
3.001097878223676521e-12
2.958366334971567312e-12
2.916418204478688221e-12
2.875235821452797691e-12
2.834801993325874185e-12
2.795099985466201645e-12
2.756113506921388193e-12
2.717826705358872691e-12
2.680224179183306056e-12
2.643290937512852273e-12
2.607012379050894072e-12
2.571374280251386635e-12
2.536362783896853660e-12
2.501964388072752379e-12
2.468165935522677708e-12
2.434954603369551395e-12
2.402317893188581858e-12
2.370243621418391431e-12
2.338719910097310835e-12
2.307735177912378598e-12
2.277278131549128884e-12
2.247337757330750357e-12
2.217903313135687053e-12
2.188964320583199313e-12
2.160510557476875423e-12
2.132532050496445262e-12
2.105019068128713769e-12
2.077962113828762429e-12
2.051351919402945836e-12
2.025179438605583978e-12
1.999435840941525157e-12
1.974112505667138156e-12
1.949201015982530942e-12
1.924693153408141393e-12
1.900580892339072089e-12
1.876856394770833651e-12
1.853512005190407477e-12
1.830540245626772172e-12
1.807933810855284165e-12
1.785685563750501096e-12
1.763788530782273651e-12
1.742235897650111057e-12
1.721021005051035879e-12
1.700137344576309554e-12
1.679578554732617110e-12
1.659338417083432582e-12
1.639410852506475461e-12
1.619789917563322837e-12
1.600469800977371278e-12
1.581444820216506942e-12
1.562709418176973034e-12
1.544258159965042686e-12
1.526085729773255387e-12
1.508186927848070596e-12
1.490556667545925888e-12
1.473189972474788531e-12
1.456081973718403922e-12
1.439227918019595407e-12
1.422623197108366289e-12
1.406263311340105375e-12
1.390143856230156931e-12
1.374260520111514589e-12
1.358609081858582867e-12
1.343185487804063066e-12
1.327985453942744149e-12
1.313005179559757515e-12
1.298240931771990207e-12
1.283688755667237975e-12
1.269344787983509139e-12
1.255205530376815448e-12
1.241267546173834294e-12
1.227527195569122554e-12
1.213980921892921173e-12
1.200625501481154665e-12
1.187457766814527619e-12
1.174474364307350296e-12
1.161672015890606250e-12
1.149047747764576252e-12
1.136598637310339203e-12
1.124321591275658138e-12
1.112213585096432067e-12
1.100271872563473052e-12
1.088493754182362586e-12
1.076876373800675232e-12
1.065416937824578894e-12
1.054112907612379495e-12
1.042961787213179619e-12
1.031960936689841530e-12
1.021107773153466913e-12
1.010399947503424304e-12
9.998351496989883854e-13
9.894109372176838807e-13
9.791249196243294876e-13
9.689749211070288120e-13
9.589588016330163900e-13
9.490742991455417863e-13
9.393191992025118825e-13
9.296914846074114972e-13
9.201891709744183833e-13
9.108101614116029054e-13
9.015524026037432355e-13
8.924140227038886218e-13
8.833931799864104819e-13
8.744879288923770883e-13
8.656963637891691204e-13
8.570167461702361179e-13
8.484473652106927553e-13
8.399864213674378490e-13
8.316321801500945554e-13
8.233830673072058936e-13
8.152375329475474407e-13
8.071939374064215256e-13
7.992506735943027149e-13
7.914062755734720682e-13
7.836592998562815235e-13
7.760082198905541546e-13
7.684515390806205789e-13
7.609878912283601657e-13
7.536159308456890685e-13
7.463342355188864125e-13
7.391414104105869348e-13
7.320361812582976512e-13
7.250172929226735073e-13
7.180834189617636493e-13
7.112332583440763339e-13
7.044656216315322541e-13
6.977793370603543149e-13
6.911731667198471328e-13
6.846458961365927401e-13
6.781964142096614874e-13
6.718236261881668276e-13
6.655263759061347800e-13
6.593035288352570828e-13
6.531540462871816595e-13
6.470769047119235232e-13
6.410710234914172407e-13
6.351353420021698858e-13
6.292688885519194533e-13
6.234707054769543516e-13
6.177397820427369271e-13
6.120751260075248340e-13
6.064758277179920720e-13
6.009409905318148813e-13
5.954696684148920862e-13
5.900609324518851950e-13
5.847139304870053385e-13
5.794278224415923054e-13
5.742017222344650084e-13
5.690347596447816152e-13
5.639261358496378509e-13
5.588750632453518460e-13
5.538807113508017373e-13
5.489422643915282804e-13
5.440589730546409572e-13
5.392300984576147886e-13
5.344548617245071590e-13
5.297324976273740139e-13
5.250623066577008901e-13
5.204436140655701890e-13
5.158757111074438297e-13
5.113579012115814533e-13
5.068895450300294975e-13
5.024700117676678684e-13
4.980986352898264037e-13
4.937747607808237900e-13
4.894977868159637593e-13
4.852671199462276306e-13
4.810821336997922429e-13
4.769422121387612299e-13
4.728467891747911454e-13
4.687953061623287488e-13
4.647871735775442583e-13
4.608218117072056304e-13
4.568986874127929810e-13
4.530172745061479453e-13
4.491770179074475364e-13
4.453773716804426811e-13
4.416178334328974263e-13
4.378979072675203394e-13
4.342170702370437169e-13
4.305748079221577249e-13
4.269706466406413320e-13
4.234041187836926637e-13
4.198747314011160247e-13
4.163819995020354358e-13
4.129254762310247395e-13
4.095047204156133549e-13
4.061192671281696539e-13
4.027686588747146556e-13
3.994524738835606728e-13
3.961702957040075889e-13
3.929216856038748144e-13
3.897062117983106201e-13
3.865234759847895078e-13
3.833730848459675547e-13
3.802546241530873781e-13
3.771676861744453154e-13
3.741118945799759730e-13
3.710868777130317960e-13
3.680922442801571217e-13
3.651276090677395241e-13
3.621926163297081419e-13
3.592869147037582521e-13
3.564101343773699349e-13
3.535619112310061405e-13
3.507419088135966678e-13
3.479497947885408381e-13
3.451852214897227923e-13
3.424478545660730702e-13
3.397373874571239136e-13
3.370535172319215512e-13
3.343959244150304716e-13
3.317642943058640052e-13
3.291583364162720089e-13
3.265777636712593521e-13
3.240222734289980902e-13
3.214915675289498699e-13
3.189853889634658727e-13
3.165034104231802234e-13
3.140453823818672388e-13
3.116110573366750324e-13
3.092001206040464348e-13
3.068123318521510999e-13
3.044474191142602763e-13
3.021051143776513896e-13
2.997851861131288372e-13
2.974873404332096197e-13
2.952113524273149918e-13
2.929569989964560704e-13
2.907239974058279940e-13
2.885121309048846559e-13
2.863211546546306737e-13
2.841508273125945168e-13
2.820009399463084530e-13
2.798712281994156095e-13
2.777614890073727048e-13
2.756715209304180488e-13
2.736010694851177696e-13
2.715499388638866388e-13
2.695179082701505487e-13
2.675047600059271070e-13
2.655103052213841684e-13
2.635343057099440075e-13
2.615765778349256476e-13
2.596369394193077120e-13
2.577151610148887138e-13
2.558110654515946978e-13
2.539244532851423870e-13
2.520551278228558761e-13
2.502029180988561373e-13
2.483676091104282341e-13
2.465490345323644397e-13
2.447470293528693379e-13
2.429613863545993606e-13
2.411919449856506854e-13
2.394385248028363658e-13
2.377009478113017380e-13
2.359790589929408376e-13
2.342726639323052789e-13
2.325816117072199090e-13
2.309057525800572037e-13
2.292448990631583734e-13
2.275989054008292617e-13
2.259676080429453069e-13
2.243508456228972595e-13
2.227484773481488545e-13
2.211603271806399452e-13
2.195862580278467456e-13
2.180261338662947992e-13
2.164797848476133631e-13
2.149470785083903758e-13
2.134278664379839285e-13
2.119220021759100246e-13
2.104293577083867192e-13
2.089497734072813804e-13
2.074831245707978986e-13
2.060292874633206177e-13
2.045881079898590121e-13
2.031594656032953282e-13
2.017432254405271424e-13
2.003392543832995400e-13
1.989474358804192463e-13
1.975676249761708244e-13
1.961997080891121150e-13
1.948435725122025581e-13
1.934990782446347639e-13
1.921661154399390956e-13
1.908445613789551253e-13
1.895342949063647517e-13
1.882352097699779346e-13
1.869471741558261230e-13
1.856700844790194804e-13
1.844038379470495154e-13
1.831483071905663433e-13
1.819033919876443002e-13
1.806689805230504326e-13
1.794449623854992785e-13
1.782312405911099025e-13
1.770276951165076332e-13
1.758342313773039626e-13
1.746507555080731635e-13
1.734771514788523254e-13
1.723133277378716251e-13
1.711591822762059090e-13
1.700146143473622040e-13
1.688795353210732774e-13
1.677538357695605859e-13
1.666374297893467799e-13
1.655302343715882197e-13
1.644321470042897227e-13
1.633430872270409535e-13
1.622629650809257666e-13
1.611916916926450149e-13
1.601291890875203270e-13
1.590753604398608305e-13
1.580301296268637163e-13
1.569934210714360167e-13
1.559651410417325351e-13
1.549452157488907449e-13
1.539335628121318059e-13
1.529301098399379802e-13
1.519347493685301037e-13
1.509474465200256116e-13
1.499680957269938761e-13
1.489966279482506716e-13
1.480329915752447930e-13
1.470770677209006716e-13
1.461288065797995425e-13
1.451881580028625187e-13
1.442550069899758672e-13
1.433293051328711354e-13
1.424109879528578943e-13
1.414999603207997762e-13
1.405961905470678621e-13
1.396995851586571121e-13
1.388100826098343518e-13
1.379276217899576787e-13
1.370521127320154168e-13
1.361835251887931419e-13
1.353217707464892244e-13
1.344667910468466853e-13
1.336185421027622344e-13
1.327769244925483047e-13
1.319418957080176163e-13
1.311134129818576319e-13
1.302913800590283003e-13
1.294757556013204788e-13
1.286664850247797659e-13
1.278634884348496917e-13
1.270667383225207217e-13
1.262761561546724787e-13
1.254916897654013139e-13
1.247132873535609205e-13
1.239408732504363400e-13
1.231744211811787566e-13
1.224138567561783781e-13
1.216591304474642977e-13
1.209102047335984603e-13
1.201669965681058095e-13
1.194294701277527384e-13
1.186975893852081640e-13
1.179712739618519604e-13
1.172504889934482255e-13
1.165351886334872240e-13
1.158253060199880911e-13
1.151208177612531376e-13
1.144216581048530924e-13
1.137277831769974787e-13
1.130391494034247912e-13
1.123556933622537877e-13
1.116773926824331685e-13
1.110041849863823086e-13
1.103360285576498463e-13
1.096728915894098497e-13
1.090147040520368052e-13
1.083614351356838537e-13
1.077130538757431568e-13
1.070694923591406606e-13
1.064307205863801558e-13
1.057966994143671092e-13
1.051673721731437240e-13
1.045427184462824866e-13
1.039226824856206122e-13
1.033072267914176205e-13
1.026963141172917914e-13
1.020898906398421311e-13
1.014879368214628455e-13
1.008903997077137221e-13
1.002972436022604116e-13
9.970844109947939453e-14
9.912393282989506110e-14
9.854369221843552798e-14
9.796769257260022609e-14
9.739587627527676589e-14
9.682821743858510688e-14
9.626468252618036005e-14
9.570522331704726063e-14
9.514982196414310148e-14
9.459843101583703956e-14
9.405101831096812985e-14
9.350755190343703493e-14
9.296798593903445966e-14
9.243230332881821437e-14
9.190045894495052600e-14
9.137242214034432420e-14
9.084816923495722931e-14
9.032764969952218582e-14
8.981084067209014028e-14
8.929771969058057077e-14
8.878823840966845082e-14
8.828237514557352504e-14
8.778010177865680015e-14
8.728137782269425927e-14
8.678618834131206200e-14
8.629449347483102631e-14
8.580626622238188915e-14
8.532147975730765697e-14
8.484009552500352682e-14
8.436209919950113114e-14
8.388745281865310272e-14
8.341613061429739901e-14
8.294811268922980661e-14
8.248335648925362313e-14
8.202184268475485274e-14
8.156355187045021978e-14
8.110844268601035385e-14
8.065649627690616336e-14
8.020768835844720563e-14
7.976198419640244882e-14
7.931937064578517417e-14
7.887981350020457323e-14
7.844328941984103743e-14
7.800977521402154481e-14
7.757923776973129425e-14
7.715166447253186785e-14
7.672702270920265058e-14
7.630529018421729244e-14
7.588644957654880693e-14
7.547046437579616740e-14
7.505731774022320764e-14
7.464699277031505173e-14
7.423945395800009076e-14
7.383468486914108514e-14
7.343266446949147260e-14
7.303336286012933162e-14
7.263676845695190284e-14
7.224285180748661908e-14
7.185159267855576766e-14
7.146297096504917752e-14
7.107695813435318879e-14
7.069354306425364132e-14
7.031269764540390475e-14
6.993440253255539118e-14
6.955863850228777044e-14
6.918538645294610097e-14
6.881461934897701355e-14
6.844632654761957266e-14
6.808047359782413408e-14
6.771705839230716752e-14
6.735604742822453569e-14
6.699743092272081947e-14
6.664119130638558669e-14
6.628729609167928930e-14
6.593573581227422010e-14
6.558650080909392555e-14
6.523955935462287038e-14
6.489489484892085326e-14
6.455249794425919416e-14
6.421233786520112132e-14
6.387441254762641776e-14
6.353869169500344844e-14
6.320516628844097161e-14
6.287381351520535010e-14
6.254461767109420793e-14
6.221756314690266450e-14
6.189263442839449379e-14
6.156980954546901742e-14
6.124907985088618517e-14
6.093042368782572569e-14
6.061382610472560084e-14
6.029927224054457686e-14
5.998674108314196829e-14
5.967622431357502694e-14
5.936770121746868820e-14
5.906115746885898952e-14
5.875657882810227138e-14
5.845395114182539709e-14
5.815325445058996978e-14
5.785448077766467391e-14
5.755760466454298869e-14
5.726262408126609775e-14
5.696951395562100308e-14
5.667826658472092637e-14
5.638886856699923644e-14
5.610129555772286377e-14
5.581554009157671419e-14
5.553159457292455303e-14
5.524943520580177414e-14
5.496904929452965571e-14
5.469042947696054734e-14
5.441355264124716657e-14
5.413841678552075275e-14
5.386499914456353153e-14
5.359329260662832716e-14
5.332327990773575916e-14
5.305494901610572877e-14
5.278828797149434129e-14
5.252328495208551166e-14
5.225992363974853395e-14
5.199819760787181774e-14
5.173809082664492447e-14
5.147959220929808536e-14
5.122269073289567011e-14
5.096737082317818763e-14
5.071362628473053649e-14
5.046144175382194380e-14
5.021080658573851948e-14
4.996171019677839050e-14
4.971414206422345961e-14
4.946808735906616542e-14
4.922354012731049778e-14
4.898048145167488741e-14
4.873890978367854659e-14
4.849880648031823471e-14
4.826016578145477882e-14
4.802297769716965270e-14
4.778722410173969897e-14
4.755289940363969554e-14
4.731999791820296949e-14
4.708850191028923853e-14
4.685840189212802880e-14
4.662969234493941250e-14
4.640235602133605747e-14
4.617639139039169139e-14
4.595178145201838773e-14
4.572852086550651658e-14
4.550659671959736592e-14
4.528599999971083146e-14
4.506672174229100122e-14
4.484875303476678821e-14
4.463208140382776040e-14
4.441670171456016883e-14
4.420260165822167297e-14
4.398977261898546534e-14
4.377820602981708543e-14
4.356788991794374141e-14
4.335881932924497856e-14
4.315098244804041516e-14
4.294437099068921981e-14
4.273897672026170376e-14
4.253479144649345964e-14
4.233180374970251090e-14
4.213000886624363945e-14
4.192939230686156571e-14
4.172995261687959592e-14
4.153167551016079869e-14
4.133455637346473148e-14
4.113858746831756069e-14
4.094375513414747508e-14
4.075005517777238562e-14
4.055748333807696052e-14
4.036602628441097411e-14
4.017567688610854230e-14
3.998643100027390575e-14
3.979827564756742226e-14
3.961120968593796218e-14
3.942522031408747297e-14
3.924030351584629472e-14
3.905644956410193305e-14
3.887365166721314039e-14
3.869190307003153244e-14
3.851119705388103989e-14
3.833152420743037803e-14
3.815288066062796080e-14
3.797525712069308199e-14
3.779864708250215745e-14
3.762304407590736688e-14
3.744843905101880689e-14
3.727482826669530252e-14
3.710220278643861208e-14
3.693055634445465748e-14
3.675988270850150189e-14
3.659017567986370227e-14
3.642142660879446718e-14
3.625363189000561455e-14
3.608678053898533214e-14
3.592087145804626685e-14
3.575589381011968894e-14
3.559184409787271565e-14
3.542871641329268274e-14
3.526650019668206031e-14
3.510519204405004583e-14
3.494478850346175502e-14
3.478527922605228329e-14
3.462665857641285890e-14
3.446892319449273032e-14
3.431206299418450668e-14
3.415607690206654973e-14
3.400095496606467933e-14
3.384669392591074962e-14
3.369328616996867233e-14
3.354072632353490158e-14
3.338900904035845717e-14
3.323812900261240575e-14
3.308807883726887485e-14
3.293885540119230389e-14
3.279045141173775715e-14
3.264286174868792647e-14
3.249608145513469940e-14
3.235010363443682290e-14
3.220492544655331456e-14
3.206054007741692397e-14
3.191694275307552354e-14
3.177412872383448374e-14
3.163209326424412081e-14
3.149082976986626660e-14
3.135033549790925961e-14
3.121060205040195064e-14
3.107162860384959452e-14
3.093340686833685486e-14
3.079593417896738295e-14
3.065920602175868631e-14
3.052321431064325222e-14
3.038795823157845425e-14
3.025342980198371840e-14
3.011962468553917309e-14
2.998654204819974641e-14
2.985417406010741424e-14
2.972251645045033060e-14
2.959156157255115535e-14
2.946131202075850111e-14
2.933175682078735473e-14
2.920289518459152128e-14
2.907472294819208178e-14
2.894723270547174308e-14
2.882042041345754161e-14
2.869428526090759114e-14
2.856881998191984709e-14
2.844402059414235295e-14
2.831988313516702948e-14
2.819640366251416886e-14
2.807357825361465694e-14
2.795139994407497833e-14
2.782986796125015355e-14
2.770897844152310142e-14
2.758872455141603996e-14
2.746910253768007933e-14
2.735011160830597043e-14
2.723174213841211750e-14
2.711399629294772302e-14
2.699686745048653399e-14
2.688035195077610610e-14
2.676444332302189824e-14
2.664914081705661366e-14
2.653444082723345412e-14
2.642033700317233337e-14
2.630682858214689462e-14
2.619390931507693347e-14
2.608157584361005908e-14
2.596982484766399702e-14
2.585865568015604181e-14
2.574805971785277090e-14
2.563803636621491309e-14
2.552858236860532936e-14
2.541969190856496808e-14
2.531136437662295467e-14
2.520359656308999518e-14
2.509638275766474104e-14
2.498971984045457889e-14
2.488360718408298409e-14
2.477803672353744439e-14
2.467300788015316064e-14
2.456852001404438840e-14
2.446456521829090991e-14
2.436114290116702105e-14
2.425825004584227713e-14
2.415588130245065767e-14
2.405403373732604101e-14
2.395270674250313460e-14
2.385189506449075500e-14
2.375159581121130973e-14
2.365180836382098500e-14
2.355252532135736554e-14
2.345374610966585395e-14
2.335546789138422491e-14
2.325768784280137431e-14
2.316040097874924805e-14
2.306360671078513815e-14
2.296730011332080846e-14
2.287147846521337043e-14
2.277614116816688363e-14
2.268128338461487753e-14
2.258690243203470166e-14
2.249299357782220869e-14
2.239955830596787018e-14
2.230658986170480126e-14
2.221408767570497112e-14
2.212204912851231559e-14
2.203046962672916267e-14
2.193934662075481686e-14
2.184867952986148151e-14
2.175846384195071956e-14
2.166869704336250876e-14
2.157937663227153270e-14
2.149050011867629457e-14
2.140206502438718012e-14
2.131406701181945817e-14
2.122650553880264431e-14
2.113937822927071258e-14
2.105268090184616426e-14
2.096641125668837810e-14
2.088056880721859500e-14
2.079514765512106246e-14
2.071014912431843211e-14
2.062556915372459154e-14
2.054140549549378616e-14
2.045765417464600564e-14
2.037431472694081346e-14
2.029138493512915101e-14
2.020886089279802792e-14
2.012674212763266604e-14
2.004502477826550628e-14
1.996370670498514588e-14
1.988278577771894219e-14
1.980226151422709831e-14
1.972212851535039893e-14
1.964238633014543434e-14
1.956303286703370212e-14
1.948406445305340417e-14
1.940548062993546547e-14
1.932727933460010716e-14
1.924945695695759065e-14
1.917201148690823110e-14
1.909494245746983018e-14
1.901824479719937132e-14
1.894191806828154491e-14
1.886596179767574822e-14
1.879037100718237097e-14
1.871514525261233151e-14
1.864028258671382750e-14
1.856577961286060310e-14
1.849163443311743263e-14
1.841784659540691252e-14
1.834441276054894752e-14
1.827133105608223358e-14
1.819860102470299322e-14
1.812621798714068066e-14
1.805418151300135302e-14
1.798248976335412228e-14
1.791114090763027843e-14
1.784013176635667699e-14
1.776946190224340236e-14
1.769912817150755466e-14
1.762912880522325827e-14
1.755946336138242366e-14
1.749012874897887035e-14
1.742112322285083561e-14
1.735244376211101872e-14
1.728409126699403936e-14
1.721606148784425345e-14
1.714835404687168327e-14
1.708096728248744966e-14
1.701389829424859514e-14
1.694714546170929050e-14
1.688070840017874486e-14
1.681458425710194079e-14
1.674877143315386899e-14
1.668326833597100940e-14
1.661807338014639922e-14
1.655318498722406355e-14
1.648860040772708237e-14
1.642431927152096598e-14
1.636034002076887227e-14
1.629665995110833147e-14
1.623327754267467769e-14
1.617019241955976723e-14
1.610740079217974855e-14
1.604490342730663267e-14
1.598269769392258598e-14
1.592078210494547427e-14
1.585915408133790396e-14
1.579781326269632857e-14
1.573675818124599089e-14
1.567598629989612203e-14
1.561549725449930163e-14
1.555528853554477062e-14
1.549535872292740882e-14
1.543570640265070041e-14
1.537633120601965331e-14
1.531722964569372810e-14
1.525840137237465922e-14
1.519984499644608418e-14
1.514155812344398626e-14
1.508354040069330193e-14
1.502579045663284570e-14
1.496830593546657454e-14
1.491108549805731002e-14
1.485412878779658297e-14
1.479743251672685110e-14
1.474099634639911284e-14
1.468481991750526868e-14
1.462889999907607894e-14
1.457323624977338315e-14
1.451782737043469939e-14
1.446267113639520639e-14
1.440776627880785772e-14
1.435311245280362407e-14
1.429870747367566311e-14
1.424455011092013750e-14
1.419064004370788190e-14
1.413697425004871439e-14
1.408355242553047761e-14
1.403037336467596693e-14
1.397743586714097731e-14
1.392473786757619127e-14
1.387227905772471378e-14
1.382005739400237776e-14
1.376807171369993848e-14
1.371632170593538796e-14
1.366480535933796083e-14
1.361352152584051483e-14
1.356246823212288464e-14
1.351164600548214399e-14
1.346105205762536786e-14
1.341068608972571870e-14
1.336054697768408137e-14
1.331063279945826101e-14
1.326094245658169139e-14
1.321147564723459510e-14
1.316223047941916962e-14
1.311320586842416426e-14
1.306440073407464142e-14
1.301581400072743748e-14
1.296744459726629395e-14
1.291929145709671722e-14
1.287135200601423218e-14
1.282362671855811795e-14
1.277611454144183344e-14
1.272881442587952887e-14
1.268172385497085061e-14
1.263484328091242120e-14
1.258817166816358160e-14
1.254170509818962745e-14
1.249544690404230127e-14
1.244939318524500083e-14
1.240354295192951655e-14
1.235789521825859032e-14
1.231245039944170800e-14
1.226720471451930146e-14
1.222215997476299995e-14
1.217731518341706196e-14
1.213266662639203165e-14
1.208821472097124396e-14
1.204395850962826709e-14
1.199989703883399628e-14
1.195602935905157350e-14
1.191235452473108004e-14
1.186887028843707630e-14
1.182557705185428353e-14
1.178247389749355622e-14
1.173955991170709758e-14
1.169683290965138408e-14
1.165429327686106694e-14
1.161193885239166545e-14
1.156977001257631899e-14
1.152778462011321307e-14
1.148598304235710295e-14
1.144436193892867808e-14
1.140292291066689806e-14
1.136166507736621903e-14
1.132058515667105086e-14
1.127968471275246058e-14
1.123896050123391475e-14
1.119841406227576326e-14
1.115804218901837518e-14
1.111784639804121938e-14
1.107782467702364571e-14
1.103797504694868409e-14
1.099829784706201462e-14
1.095879225509335254e-14
1.091945632394410969e-14
1.088029150178864080e-14
1.084129472716564942e-14
1.080246521262131839e-14
1.076380327359387644e-14
1.072530701501315709e-14
1.068697674471116544e-14
1.064881058801485230e-14
1.061080884533371218e-14
1.057296859675387816e-14
1.053529121432720877e-14
1.049777591538994017e-14
1.046041982988015834e-14
1.042322429890222571e-14
1.038618648503553020e-14
1.034930668337249864e-14
1.031258516596561139e-14
1.027601914362584635e-14
1.023960990744759160e-14
1.020335469991526724e-14
1.016725280484552603e-14
1.013130548424110572e-14
1.009551002725548017e-14
1.005986670161115582e-14
1.002437381478616834e-14
9.989031627968821448e-15
9.953838466560996701e-15
9.918794587424854647e-15
9.883899289275505081e-15
9.849149996838502968e-15
9.814547918965799884e-15
9.780091437011617858e-15
9.745779880312545500e-15
9.711613497176957329e-15
9.677590694489899084e-15
9.643709904559650633e-15
9.609972282982274278e-15
9.576375367799806651e-15
9.542920297429757862e-15
9.509604637385461440e-15
9.476429509203354745e-15
9.443392505544949200e-15
9.410492998112909673e-15
9.377732083554921064e-15
9.345107394546492332e-15
9.312619160844991911e-15
9.280265902663199518e-15
9.248047844179201726e-15
9.215963520990894621e-15
9.184013151829415909e-15
9.152195287520564379e-15
9.120509321557567690e-15
9.088954649781661698e-15
9.057531480310647911e-15
9.026238393857121997e-15
8.995074793392846155e-15
8.964040084225899863e-15
8.933133673997745316e-15
8.902354972680131933e-15
8.871704173349375819e-15
8.841179124330127702e-15
8.810779256794592393e-15
8.780505537328385658e-15
8.750355849471360264e-15
8.720330388334456052e-15
8.690428580011434291e-15
8.660649852898733348e-15
8.630992150236498785e-15
8.601457149667525565e-15
8.572042803354474649e-15
8.542748562061236439e-15
8.513574604601640202e-15
8.484519651254031007e-15
8.455583159170367068e-15
8.426764587596737273e-15
8.398064106516222100e-15
8.369480462204303365e-15
8.341013122004369001e-15
8.312661562296984853e-15
8.284425263220433596e-15
8.256303706917266277e-15
8.228296377531620182e-15
8.200402761206431004e-15
8.172621670664616455e-15
8.144953279511862486e-15
8.117397079788769337e-15
8.089952565523524359e-15
8.062618573267183709e-15
8.035395268318813202e-15
8.008282150570876989e-15
7.981277426342906973e-15
7.954382554327063017e-15
7.927595748497642463e-15
7.900916527927413555e-15
7.874344413498512198e-15
7.847879556709438031e-15
7.821520220719359989e-15
7.795267185776018120e-15
7.769119968973037523e-15
7.743076861175773673e-15
7.717138015548101511e-15
7.691302965648075682e-15
7.665571246824035947e-15
7.639942396211920319e-15
7.614415952732560853e-15
7.588990864364722548e-15
7.563667273271526669e-15
7.538444723642410040e-15
7.513322761440678404e-15
7.488300355453188514e-15
7.463377640904226912e-15
7.438553596798838232e-15
7.413828354978676610e-15
7.389200904567612795e-15
7.364671374103231174e-15
7.340238203777483975e-15
7.315902084365551553e-15
7.291662577330302383e-15
7.267518147384615826e-15
7.243469470738750329e-15
7.219515028185490865e-15
7.195655486382130735e-15
7.171889342024690390e-15
7.148217252374099499e-15
7.124638260253301717e-15
7.101151422484984002e-15
7.077756858244565804e-15
7.054454156467902236e-15
7.031242396045421156e-15
7.008122216753687854e-15
6.985092186900761606e-15
6.962151918691352518e-15
6.939301532118251957e-15
6.916540129966752815e-15
6.893867829271377043e-15
6.871283741551033088e-15
6.848787980949261743e-15
6.826379175631704483e-15
6.804057934563108265e-15
6.781823872802970626e-15
6.759675639720040581e-15
6.737613831615731833e-15
6.715637111766792964e-15
6.693745592823290148e-15
6.671939377849836752e-15
6.650217150704010963e-15
6.628579487167614854e-15
6.607025084633424714e-15
6.585553587018882842e-15
6.564165558136369299e-15
6.542859715357273560e-15
6.521636160600919435e-15
6.500494083676558924e-15
6.479433583933765149e-15
6.458453858956934144e-15
6.437555005584297971e-15
6.416736670478297435e-15
6.395997623894558398e-15
6.375338402876983872e-15
6.354758224104902671e-15
6.334256746882182972e-15
6.313834060803832248e-15
6.293489393781742921e-15
6.273221984680291479e-15
6.253032348655225004e-15
6.232919305189719121e-15
6.212883362359379902e-15
6.192923351616913059e-15
6.173039774070272066e-15
6.153231473014257764e-15
6.133498127081057977e-15
6.113840227090072694e-15
6.094256633820261242e-15
6.074747430401552312e-15
6.055311894623967196e-15
6.035950107458098248e-15
6.016661353531542509e-15
5.997445713191860245e-15
5.978302485257818362e-15
5.959231367633982259e-15
5.940232059294630076e-15
5.921304643721414391e-15
5.902448434318816026e-15
5.883663133302532326e-15
5.864948443952420586e-15
5.846304070611090722e-15
5.827729718682482960e-15
5.809225465467256473e-15
5.790790274758858949e-15
5.772423861300789158e-15
5.754126670236226066e-15
5.735897680777214562e-15
5.717736971365516896e-15
5.699644254753518519e-15
5.681619244742385986e-15
5.663660946680308479e-15
5.645770146576425916e-15
5.627945853762435237e-15
5.610187791974440905e-15
5.592496032917802411e-15
5.574869951448585097e-15
5.557309274240131019e-15
5.539813728930461302e-15
5.522383383561639734e-15
5.505017624534447522e-15
5.487716182407576520e-15
5.470478788698910331e-15
5.453305175884142226e-15
5.436195077395367029e-15
5.419148227619631974e-15
5.402164361897470218e-15
5.385242891654144476e-15
5.368383882543644092e-15
5.351587072725312862e-15
5.334852201306051427e-15
5.318178690494588383e-15
5.301566602590335718e-15
5.285015679501383926e-15
5.268525038700543891e-15
5.252095056143979649e-15
5.235725476496049075e-15
5.219416045357525015e-15
5.203165897346530315e-15
5.186975398476177670e-15
5.170843691775828007e-15
5.154771138370816586e-15
5.138757488397372631e-15
5.122801898696090223e-15
5.106904137505837433e-15
5.091064564287025448e-15
5.075282940591764175e-15
5.059558446041138626e-15
5.043890853342204713e-15
5.028280512500429967e-15
5.012726614984890478e-15
4.997229506180709653e-15
4.981788385374490746e-15
4.966403029147773692e-15
4.951073214832100047e-15
4.935799278725515126e-15
4.920579880231970070e-15
4.905416464661581619e-15
4.890307146711933183e-15
4.875252262732196154e-15
4.860252138030906595e-15
4.845305465434491834e-15
4.830413112311520782e-15
4.815574319368566035e-15
4.800788871493887850e-15
4.786056025214735273e-15
4.771376627915738428e-15
4.756749934766378692e-15
4.742175733607098889e-15
4.727653295081583615e-15
4.713183447114887937e-15
4.698764946604189426e-15
4.684398611936529284e-15
4.670083212410498369e-15
4.655819052660470641e-15
4.641605423933247199e-15
4.627443125866439400e-15
4.613330952114365929e-15
4.599269199395004856e-15
4.585257663480864039e-15
4.571295652315010090e-15
4.557383456820868543e-15
4.543520391476922001e-15
4.529706743400300320e-15
4.515942311874017327e-15
4.502226421081490088e-15
4.488559352558760107e-15
4.474940436864453835e-15
4.461369951868184503e-15
4.447847234440947283e-15
4.434372558840364849e-15
4.420945268187557603e-15
4.407565174578123529e-15
4.394232547969840377e-15
4.380946745906697907e-15
4.367707588577140823e-15
4.354515345831845596e-15
4.341369385250437986e-15
4.328269528807259379e-15
4.315216041138984848e-15
4.302207858909974622e-15
4.289245687718905370e-15
4.276328909815223542e-15
4.263457350107934064e-15
4.250630834082820667e-15
4.237849187801779304e-15
4.225112664123384681e-15
4.212420235603447709e-15
4.199772158475654501e-15
4.187168680717801102e-15
4.174608789848500474e-15
4.162092737177693968e-15
4.149620352779328650e-15
4.137191467297373004e-15
4.124805911944989428e-15
4.112463518503668844e-15
4.100164119322372424e-15
4.087907144754485502e-15
4.075692834997796762e-15
4.063521024062445936e-15
4.051391150156605000e-15
4.039303843191574320e-15
4.027258148153081995e-15
4.015253907357108500e-15
4.003291740149157916e-15
3.991370705306901486e-15
3.979490646686646329e-15
3.967651790951706414e-15
3.955853977053061636e-15
3.944096666091512266e-15
3.932379703945817825e-15
3.920703311521346047e-15
3.909067329920471700e-15
3.897471230081561492e-15
3.885914859895725981e-15
3.874398434675775300e-15
3.862921432598819228e-15
3.851483703042096284e-15
3.840085457213453450e-15
3.828726180425417789e-15
3.817405723535442476e-15
3.806123937882618926e-15
3.794881029328465252e-15
3.783676493319722941e-15
3.772510186602430716e-15
3.761381967165780575e-15
3.750291693450580287e-15
3.739239569487941386e-15
3.728224762591626978e-15
3.717247821101993526e-15
3.706307920233972643e-15
3.695405264067478742e-15
3.684540050227209003e-15
3.673711465628631447e-15
3.662920043594204074e-15
3.652164978740057057e-15
3.641446468777041443e-15
3.630764377078016465e-15
3.620118567460651623e-15
3.609508904186790858e-15
3.598934928825816227e-15
3.588396832915565487e-15
3.577894482019052635e-15
3.567427742140973310e-15
3.556996163044112388e-15
3.546599931478850024e-15
3.536238914743980170e-15
3.525912668640262200e-15
3.515621376409435169e-15
3.505364906638875622e-15
3.495142821082796510e-15
3.484954993816753061e-15
3.474801603502209607e-15
3.464682520418536134e-15
3.454597314111607585e-15
3.444545860241743947e-15
3.434528333018729021e-15
3.424544604403892314e-15
3.414593956390627090e-15
3.404676858086669654e-15
3.394793182695579037e-15
3.384942222230572180e-15
3.375124438160332484e-15
3.365339417001507039e-15
3.355587037914505289e-15
3.345867465506996700e-15
3.336180291796126290e-15
3.326525397099775048e-15
3.316902662112769316e-15
3.307311967906415750e-15
3.297753195928027614e-15
3.288226228000432924e-15
3.278731221644009505e-15
3.269267507965928098e-15
3.259835249307355869e-15
3.250434603475614066e-15
3.241064913515846318e-15
3.231726339292185900e-15
3.222418768416763494e-15
3.213142088855476426e-15
3.203896188927507067e-15
3.194680693974082399e-15
3.185496020977198015e-15
3.176341533933522354e-15
3.167217385880009737e-15
3.158123466873787123e-15
3.149059410402529731e-15
3.140025366665981060e-15
3.131021226750145820e-15
3.122046628933452693e-15
3.113101720637222637e-15
3.104186393972171746e-15
3.095300291942172367e-15
3.086443559247587098e-15
3.077615842000095356e-15
3.068817283110765039e-15
3.060047531770880859e-15
3.051306729126958636e-15
3.042594527421939825e-15
3.033910825015370835e-15
3.025255760442873366e-15
3.016628990463506325e-15
3.008030651908661949e-15
2.999460404520406449e-15
2.990918148215453881e-15
2.982404017303370673e-15
2.973917442988346002e-15
2.965458793149236165e-15
2.957027734840216484e-15
2.948624399082876006e-15
2.940248227358390322e-15
2.931899579764597054e-15
2.923577902837041268e-15
2.915283552843943023e-15
2.907016205394618147e-15
2.898775763752618539e-15
2.890561909573388981e-15
2.882374991603012518e-15
2.874214691014980154e-15
2.866080912264918321e-15
2.857973342453400373e-15
2.849892322983115206e-15
2.841837324933565423e-15
2.833808471943569930e-15
2.825805885229266262e-15
2.817828832703631909e-15
2.809877863487641040e-15
2.801952462612692383e-15
2.794052751745796920e-15
2.786178640375541270e-15
2.778330038271887694e-15
2.770506649075384357e-15
2.762708591507031726e-15
2.754935571726180466e-15
2.747187707002842892e-15
2.739464908476064748e-15
2.731766886049443339e-15
2.724093554310413894e-15
2.716445027685836994e-15
2.708821218397111834e-15
2.701221841252774823e-15
2.693646811858551639e-15
2.686096241874646975e-15
2.678569849724029323e-15
2.671067745711561851e-15
2.663589650648188096e-15
2.656135481398198201e-15
2.648705155070847288e-15
2.641298779300422735e-15
2.633916079596215558e-15
2.626556973815099345e-15
2.619221380057762109e-15
2.611909403359596864e-15
2.604620588040220627e-15
2.597355225436181446e-15
2.590113047943316991e-15
2.582893974890900264e-15
2.575697925850179461e-15
2.568524820634062428e-15
2.561374579296806244e-15
2.554247122133691814e-15
2.547142369680699257e-15
2.540060242714178158e-15
2.533000662250507573e-15
2.525963373180140010e-15
2.518948650561213679e-15
2.511956064219740653e-15
2.504985712481423201e-15
2.498037517544717284e-15
2.491111401846077804e-15
2.484207116618501894e-15
2.477324757826138885e-15
2.470464248604613466e-15
2.463625512560896294e-15
2.456808306232121147e-15
2.450012724683141445e-15
2.443238526705322534e-15
2.436485806216564961e-15
2.429754489119743317e-15
2.423044337207924677e-15
2.416355279145162855e-15
2.409687406601085887e-15
2.403040646361513158e-15
2.396414764153408039e-15
2.389809689473672923e-15
2.383225511803056274e-15
2.376661999768640787e-15
2.370119241778473977e-15
2.363597008376081051e-15
2.357095230087879946e-15
2.350613837640877787e-15
2.344152917328837996e-15
2.337712088823757405e-15
2.331291747395138439e-15
2.324891360650304142e-15
2.318511014970503796e-15
2.312150794082074515e-15
2.305810325837176892e-15
2.299489845452141394e-15
2.293189133680951846e-15
2.286908123265243457e-15
2.280646598840917909e-15
2.274404790838662843e-15
2.268182483599211856e-15
2.261979610653955630e-15
2.255795960152603594e-15
2.249631757849249147e-15
2.243486647373589288e-15
2.237360852181452422e-15
2.231254018970859345e-15
2.225166226676049492e-15
2.219097268595782038e-15
2.213047363657686136e-15
2.207016164601560179e-15
2.201003748487607099e-15
2.195010050976062071e-15
2.189034869555333214e-15
2.183078279909842153e-15
2.177140081173177863e-15
2.171220348124403664e-15
2.165319017369605266e-15
2.159435890488907384e-15
2.153571040930348055e-15
2.147724272040682720e-15
2.141895657170563352e-15
2.136085002038052598e-15
2.130292379276427704e-15
2.124517596177994647e-15
2.118760593569754188e-15
2.113021442791072225e-15
2.107299953466206850e-15
2.101596066931067194e-15
2.095909853256384881e-15
2.090241124369003588e-15
2.084589822111798245e-15
2.078956015311608824e-15
2.073339391928031661e-15
2.067740147365149280e-15
2.062158097317368754e-15
2.056593184462208647e-15
2.051045351641732862e-15
2.045514541862338834e-15
2.040000821130425319e-15
2.034503886551079135e-15
2.029023805018657437e-15
2.023560641366249869e-15
2.018114096526339377e-15
2.012684236210252874e-15
2.007271004568556777e-15
2.001874345914357960e-15
1.996494204723069845e-15
1.991130525632170230e-15
1.985783253440958713e-15
1.980452099402917967e-15
1.975137477110378093e-15
1.969838865476705375e-15
1.964556674194695215e-15
1.959290386699706786e-15
1.954040180343112352e-15
1.948806001034526133e-15
1.943587568414264287e-15
1.938385282588985078e-15
1.933198638097849859e-15
1.928027807902488957e-15
1.922872738694260000e-15
1.917733155939539183e-15
1.912609450408040110e-15
1.907501127483263258e-15
1.902408137442456564e-15
1.897330865563928114e-15
1.892268823610162074e-15
1.887222177764014321e-15
1.882190661422409102e-15
1.877174652806892966e-15
1.872173460074321325e-15
1.867187673061128496e-15
1.862216816775145589e-15
1.857261053253852380e-15
1.852320123239383223e-15
1.847394187161305592e-15
1.842482987910192060e-15
1.837586684325494494e-15
1.832705226561451383e-15
1.827838360702352876e-15
1.822986243242139388e-15
1.818148622366068795e-15
1.813325653021466460e-15
1.808517085475927458e-15
1.803723073147215299e-15
1.798943368366800940e-15
1.794178123039730191e-15
1.789427091543056995e-15
1.784690424285754428e-15
1.779967877672331001e-15
1.775259406175381732e-15
1.770565157984155471e-15
1.765884892504449687e-15
1.761218756470221840e-15
1.756566511270251540e-15
1.751928112009402272e-15
1.747303703262325140e-15
1.742693049353298108e-15
1.738096105762124726e-15
1.733513014939558749e-15
1.728943544106689177e-15
1.724387649116782486e-15
1.719845285943273123e-15
1.715316594255038273e-15
1.710801345072393436e-15
1.706299494740260280e-15
1.701811180883823707e-15
1.697336177332081671e-15
1.692874440799832998e-15
1.688425928120965518e-15
1.683990596248312496e-15
1.679568579467012494e-15
1.675159479762315700e-15
1.670763608099524326e-15
1.666380744703514454e-15
1.662010847130796932e-15
1.657653873055865038e-15
1.653309952872350480e-15
1.648978698531838015e-15
1.644660241533309279e-15
1.640354710919112748e-15
1.636061724177157619e-15
1.631781580295897558e-15
1.627514068091408380e-15
1.623258979451549642e-15
1.619016609268098645e-15
1.614786748921319042e-15
1.610569192820370224e-15
1.606364231822546333e-15
1.602171496070999657e-15
1.597991273767394508e-15
1.593823198147135287e-15
1.589667554783140264e-15
1.585523979974977577e-15
1.581392596458239924e-15
1.577273364735637599e-15
1.573166245421497422e-15
1.569071199241583855e-15
1.564988187032920927e-15
1.560917169743610983e-15
1.556857952326669897e-15
1.552810653411296420e-15
1.548775234268049260e-15
1.544751656277897675e-15
1.540739880932033921e-15
1.536739717077430535e-15
1.532751280501011551e-15
1.528774533014058608e-15
1.524809285756174603e-15
1.520855802971321901e-15
1.516913745881618668e-15
1.512983227507224186e-15
1.509064062001972556e-15
1.505156361294480762e-15
1.501260087940404326e-15
1.497375058318212043e-15
1.493501528400892991e-15
1.489639024093408173e-15
1.485787945340228614e-15
1.481947965789419934e-15
1.478119050489273443e-15
1.474301307126616234e-15
1.470494699091311813e-15
1.466699048553150335e-15
1.462914461655653307e-15
1.459140761983558937e-15
1.455378054662321927e-15
1.451626303596585642e-15
1.447885334475213830e-15
1.444155113303877340e-15
1.440435743762426304e-15
1.436727054275892264e-15
1.433029147644151011e-15
1.429341853653643728e-15
1.425665274122683544e-15
1.421999240187567232e-15
1.418343852695426470e-15
1.414698944120960742e-15
1.411064481831166922e-15
1.407440565231603986e-15
1.403827028779368422e-15
1.400223840103342160e-15
1.396631097190308371e-15
1.393048636454717959e-15
1.389476425786317521e-15
1.385914561775513141e-15
1.382362882769394340e-15
1.378821356917513136e-15
1.375290079435913467e-15
1.371768890579924000e-15
1.368257758757810591e-15
1.364756652461330753e-15
1.361265540265635050e-15
1.357784515139067029e-15
1.354313420459116344e-15
1.350852225057853327e-15
1.347400897850291318e-15
1.343959530050341491e-15
1.340527845789057041e-15
1.337106058149168497e-15
1.333694014167501923e-15
1.330291683179306329e-15
1.326899034602084066e-15
1.323516037935480784e-15
1.320142662761172621e-15
1.316778996886071420e-15
1.313424773270373437e-15
1.310080197533860222e-15
1.306745004794164591e-15
1.303419398849023241e-15
1.300103116954666959e-15
1.296796245918278246e-15
1.293498870674944284e-15
1.290210731653879213e-15
1.286932028175144652e-15
1.283662502760212061e-15
1.280402352968567827e-15
1.277151323395705424e-15
1.273909498019247889e-15
1.270676847747577040e-15
1.267453344010413936e-15
1.264238958425299131e-15
1.261033662686667597e-15
1.257837319053442677e-15
1.254650118856900280e-15
1.251471815451511510e-15
1.248302490344088245e-15
1.245142115605484437e-15
1.241990663382757019e-15
1.238847999108531730e-15
1.235714202765193688e-15
1.232589246721528704e-15
1.229473103422061126e-15
1.226365745386924859e-15
1.223267040632915328e-15
1.220177067282403935e-15
1.217095798075595085e-15
1.214023102551952592e-15
1.210959057738387485e-15
1.207903636594192931e-15
1.204856710162798625e-15
1.201818354392547888e-15
1.198788542460818232e-15
1.195767146896536814e-15
1.192754242586087336e-15
1.189749802923905345e-15
1.186753701906179363e-15
1.183766013373661710e-15
1.180786612288826494e-15
1.177815571802404469e-15
1.174852767835271057e-15
1.171898272855223165e-15
1.168951963733722086e-15
1.166013912262635771e-15
1.163084092475745891e-15
1.160162382658589113e-15
1.157248758180250977e-15
1.154343289501454243e-15
1.151445856299149940e-15
1.148556528378684261e-15
1.145675186336977625e-15
1.142801805862279423e-15
1.139936455786773568e-15
1.137079110768952908e-15
1.134229560907516997e-15
1.131388059093836843e-15
1.128554304385878078e-15
1.125728456344325217e-15
1.122910399166627485e-15
1.120100109147830421e-15
1.117297653106341428e-15
1.114502917166033697e-15
1.111715967628859624e-15
1.108936602536164195e-15
1.106164977258908432e-15
1.103400979643548037e-15
1.100644586911406656e-15
1.097895863838461784e-15
1.095154699546116649e-15
1.092421071433421514e-15
1.089694956956901075e-15
1.086976333630483859e-15
1.084265264742589194e-15
1.081561641502178190e-15
1.078865441599667871e-15
1.076176642782567096e-15
1.073495222855403198e-15
1.070821159679648617e-15
1.068154431173647339e-15
1.065495098603915141e-15
1.062842973079160562e-15
1.060198198933278894e-15
1.057560588749749402e-15
1.054930285619959192e-15
1.052307103589768411e-15
1.049691184519763655e-15
1.047082424846062081e-15
1.044480722389563252e-15
1.041886217186349837e-15
1.039298806839424606e-15
1.036718390318722984e-15
1.034145105861494233e-15
1.031578773241365676e-15
1.029019450849421959e-15
1.026467195844362797e-15
1.023921830098499290e-15
1.021383411201299889e-15
1.018851918136557137e-15
1.016327329943305333e-15
1.013809548952763169e-15
1.011298708151590550e-15
1.008794633526802776e-15
1.006297381096383026e-15
1.003806930170169126e-15
1.001323260112731451e-15
9.988463503432826011e-16
9.963761057242734534e-16
9.939125809992094245e-16
9.914557557466861502e-16
9.890055359802354911e-16
9.865619761413135454e-16
9.841250565040658501e-16
9.816947573944203498e-16
9.792709866649702756e-16
9.768537978556311119e-16
9.744431714432994535e-16
9.720390163059409802e-16
9.696413852516565503e-16
9.672502589076509350e-16
9.648655471651500923e-16
9.624873021113251547e-16
9.601154343050052034e-16
9.577499953574561806e-16
9.553909661436534181e-16
9.530382582158535236e-16
9.506919224821614107e-16
9.483518711493778097e-16
9.460181546614166339e-16
9.436906858744854770e-16
9.413695147729104527e-16
9.390545548572093848e-16
9.367458556566731038e-16
9.344433313110752346e-16
9.321470308991751284e-16
9.298568691949868310e-16
9.275728284610350112e-16
9.252949571068725371e-16
9.230231708468352590e-16
9.207575176510063679e-16
9.184979138556324360e-16
9.162444069956629511e-16
9.139968492327174350e-16
9.117554175133184229e-16
9.095199000764840624e-16
9.072904083880115728e-16
9.050668606174638201e-16
9.028493030166001530e-16
9.006375911038840447e-16
8.984318344715234940e-16
8.962320152365012911e-16
8.940379905649309001e-16
8.918498686671643892e-16
8.896675697968386975e-16
8.874910769995160280e-16
8.853204348720841114e-16
8.831555032799513707e-16
8.809963881702481517e-16
8.788430112493724103e-16
8.766953557748191565e-16
8.745534654143870054e-16
8.724172030439011498e-16
8.702866728361354016e-16
8.681617387783292502e-16
8.660425041678541095e-16
8.639288931288497602e-16
8.618208896420410594e-16
8.597184777275605095e-16
8.576216414448981652e-16
8.555303648928508509e-16
8.534446322094691095e-16
8.513644275720068142e-16
8.492897351968679201e-16
8.472205965983217105e-16
8.451568813267415531e-16
8.430986312020378320e-16
8.410458305966770248e-16
8.389984639220077738e-16
8.369565156282051737e-16
8.349199702042154517e-16
8.328888121777000578e-16
8.308629706423632360e-16
8.288425413673538180e-16
8.268273982680357093e-16
8.248176363146173634e-16
8.228131303716479341e-16
8.208139202306841335e-16
8.188199906860543462e-16
8.168313265703585438e-16
8.148478590078173046e-16
8.128696270772616694e-16
8.108966690472667812e-16
8.089288099275788509e-16
8.069661947112544958e-16
8.050087024350196305e-16
8.030563713067895444e-16
8.011091864579186527e-16
7.991671330575235507e-16
7.972301444384661407e-16
7.952982581264981885e-16
7.933714594010471471e-16
7.914496823135568963e-16
7.895329638861438745e-16
7.876212895080630179e-16
7.857145939411474688e-16
7.838129137111632715e-16
7.819161840481916802e-16
7.800244411502506989e-16
7.781376705877066837e-16
7.762558082876106409e-16
7.743788900195956752e-16
7.725068524500180479e-16
7.706397313072771041e-16
7.687774637671584185e-16
7.669200852385739516e-16
7.650675818733998617e-16
7.632198915220658247e-16
7.613770009731690915e-16
7.595389450058381672e-16
7.577056621350983191e-16
7.558771868297142383e-16
7.540534580443834094e-16
7.522345099404863359e-16
7.504202819090624445e-16
7.486107609579941737e-16
7.468059807919421313e-16
7.450058814491304848e-16
7.432104963341554946e-16
7.414197659133934150e-16
7.396336773498498707e-16
7.378522178365336276e-16
7.360754201842386202e-16
7.343032711143791546e-16
7.325356669142646232e-16
7.307726855451624938e-16
7.290142689433515905e-16
7.272604044855453807e-16
7.255111241140968027e-16
7.237663260206253755e-16
7.220260865714500063e-16
7.202903927480965021e-16
7.185591438676553907e-16
7.168324153572963180e-16
7.151101072756004085e-16
7.133922944291624235e-16
7.116789207860735212e-16
7.099700170298774307e-16
7.082654846867838562e-16
7.065653546661012206e-16
7.048696572423003586e-16
7.031783373710517345e-16
7.014913406958271279e-16
6.998087395975916551e-16
6.981304796144878947e-16
6.964565486591616915e-16
6.947869346733055376e-16
6.931216256276181435e-16
6.914606095217663755e-16
6.898038743843433471e-16
6.881514082728282864e-16
6.865031993148545117e-16
6.848592358317640811e-16
6.832195062140862956e-16
6.815839988801112600e-16
6.799527022758522157e-16
6.783256048750067867e-16
6.767026155639053396e-16
6.750838824076918431e-16
6.734693140404363998e-16
6.718588203458981036e-16
6.702525476385842536e-16
6.686503274567915922e-16
6.670523049603448905e-16
6.654583129468961893e-16
6.638684182306109887e-16
6.622826095561937662e-16
6.607008756956165678e-16
6.591232054480789741e-16
6.575495876399647120e-16
6.559800111248016209e-16
6.544143893413308412e-16
6.528527872170001332e-16
6.512952685481272566e-16
6.497416722758893279e-16
6.481920625382996020e-16
6.466464283473377031e-16
6.451046850158453708e-16
6.435669693433700073e-16
6.420331232499103377e-16
6.405032095771880760e-16
6.389772174676310547e-16
6.374551360903356341e-16
6.359368825889952491e-16
6.344225187879317875e-16
6.329121054357321323e-16
6.314054172949062971e-16
6.299026581733087125e-16
6.284037458926270095e-16
6.269085993852196146e-16
6.254172789840712131e-16
6.239297042063714339e-16
6.224460045116452206e-16
6.209660298501636963e-16
6.194898395811328687e-16
6.180174232065721646e-16
6.165487016910010210e-16
6.150837336735934433e-16
6.136225087312945713e-16
6.121649486824055344e-16
6.107111789825185293e-16
6.092610540020889544e-16
6.078145643354376165e-16
6.063718341468181329e-16
6.049326530555409611e-16
6.034972112704030532e-16
6.020653659785154773e-16
6.006371736607137151e-16
5.992126243153924365e-16
5.977916427098891612e-16
5.963742846427367123e-16
5.949605401838253080e-16
5.935503349105677166e-16
5.921437239480412760e-16
5.907406334075465028e-16
5.893411179690519843e-16
5.879451678198981851e-16
5.865527098660538251e-16
5.851637981285103652e-16
5.837783600369766632e-16
5.823965117677853169e-16
5.810180558521898478e-16
5.796431082721310591e-16
5.782716593773320939e-16
5.769036378908614511e-16
5.755390963271251017e-16
5.741780251057285170e-16
5.728203537145042597e-16
5.714660733107180836e-16
5.701152355673724810e-16
5.687678309948512889e-16
5.674237900852549259e-16
5.660831040752360642e-16
5.647458238108337176e-16
5.634119398926618306e-16
5.620813838018727338e-16
5.607541468541428464e-16
5.594303377819487869e-16
5.581097711778983625e-16
5.567925555948984036e-16
5.554786817678596199e-16
5.541680248117174901e-16
5.528607496253080675e-16
5.515567315833779728e-16
5.502559621585114117e-16
5.489584897998701554e-16
5.476642486306887650e-16
5.463732301807035311e-16
5.450854823176825827e-16
5.438009959742861118e-16
5.425197062078974499e-16
5.412416046468169167e-16
5.399667385016621216e-16
5.386950436452060036e-16
5.374265118662771460e-16
5.361611898309643663e-16
5.348990140929427384e-16
5.336399764961197057e-16
5.323841231482737950e-16
5.311313912762982169e-16
5.298818266205525307e-16
5.286353668533229832e-16
5.273920039106833844e-16
5.261517829865239037e-16
5.249146424137193603e-16
5.236805741828829419e-16
5.224495703019742958e-16
5.212216752463003323e-16
5.199968282171776554e-16
5.187750733363877243e-16
5.175563502357484578e-16
5.163406510143350086e-16
5.151279677884490823e-16
5.139183439794949010e-16
5.127117200682842820e-16
5.115080882249703232e-16
5.103074406368517186e-16
5.091098200368239643e-16
5.079151174015138412e-16
5.067234759932804468e-16
5.055347370485704890e-16
5.043489929639170535e-16
5.031661362842128532e-16
5.019862586970565680e-16
5.008093519778535239e-16
4.996353098324444900e-16
4.984642228981002800e-16
4.972959856457368338e-16
4.961306880181171492e-16
4.949682735668307869e-16
4.938087828659469076e-16
4.926521119011173531e-16
4.914983492452324804e-16
4.903474392404169157e-16
4.891993743878111560e-16
4.880541472053006515e-16
4.869117502274954926e-16
4.857722229132273288e-16
4.846354638418479139e-16
4.835015592408177999e-16
4.823704084172323512e-16
4.812420969580766413e-16
4.801165710286849013e-16
4.789938233895603026e-16
4.778738925239163911e-16
4.767566796425766756e-16
4.756422234305459131e-16
4.745305619147806177e-16
4.734215973655974463e-16
4.723154128784724758e-16
4.712119114233210930e-16
4.701111754627712934e-16
4.690131086610081429e-16
4.679177928529524635e-16
4.668251764392805828e-16
4.657352523749549143e-16
4.646480136308365743e-16
4.635634096312382532e-16
4.624815206640307624e-16
4.614022960241619853e-16
4.603257287458756454e-16
4.592518118792059964e-16
4.581804957233863295e-16
4.571118590504038605e-16
4.560458520330455633e-16
4.549824677842885087e-16
4.539216572917345930e-16
4.528634981366533372e-16
4.518079411824837767e-16
4.507549379264605486e-16
4.497045650694196187e-16
4.486567326132644259e-16
4.476114754567881527e-16
4.465688279057465548e-16
4.455287009214648747e-16
4.444911289919342173e-16
4.434561053995957884e-16
4.424236234423265340e-16
4.413936764334152273e-16
4.403662175269270130e-16
4.393413205632833336e-16
4.383188986986551559e-16
4.372990252154882565e-16
4.362816138869144194e-16
4.352666979973598143e-16
4.342542709656366235e-16
4.332443262257862847e-16
4.322368182137685749e-16
4.312318185632107303e-16
4.302292428686456760e-16
4.292291236364113120e-16
4.282314543880944433e-16
4.272361904083027314e-16
4.262434020666987504e-16
4.252530065240115343e-16
4.242650357322366627e-16
4.232794833524357890e-16
4.222963430603637417e-16
4.213155710719578600e-16
4.203371988400721423e-16
4.193612200828001243e-16
4.183876285328405591e-16
4.174163810064206546e-16
4.164475452620159991e-16
4.154810046849048598e-16
4.145168634539156052e-16
4.135550785763429287e-16
4.125956076069255017e-16
4.116384809058059321e-16
4.106836563184507741e-16
4.097311639668370481e-16
4.087809977237964626e-16
4.078331514765179943e-16
4.068875836471344433e-16
4.059443238887076868e-16
4.050033661298455972e-16
4.040646692193219487e-16
4.031282624632173609e-16
4.021941398313735640e-16
4.012622953078274952e-16
4.003326883034970343e-16
3.994053132071798526e-16
3.984801987556882119e-16
3.975573389866839403e-16
3.966367279519121531e-16
3.957183257524934855e-16
3.948021606791063241e-16
3.938881931051792848e-16
3.929764511003678535e-16
3.920669287836152265e-16
3.911595869338373437e-16
3.902544200600434810e-16
3.893514889082560823e-16
3.884507213045289742e-16
3.875521117939203543e-16
3.866556876874586864e-16
3.857614105605561514e-16
3.848693400297778728e-16
3.839793727777272026e-16
3.830915683277616014e-16
3.822059209440217075e-16
3.813223928718031755e-16
3.804410107776371804e-16
3.795617372559677835e-16
3.786845987842326511e-16
3.778095582112584399e-16
3.769366418085347026e-16
3.760658126774429501e-16
3.751970968852135231e-16
3.743304577839685546e-16
3.734659212383536294e-16
3.726034508494308782e-16
3.717430722809208930e-16
3.708847493810385887e-16
3.700284770336902157e-16
3.691742806036532858e-16
3.683221243059245284e-16
3.674720333084447838e-16
3.666239720689649757e-16
3.657779655601996827e-16
3.649339784809125630e-16
3.640920057916941482e-16
3.632520721747885987e-16
3.624141722911177125e-16
3.615782418182155945e-16
3.607443348626982458e-16
3.599124461213659429e-16
3.590825119410870694e-16
3.582545858258883266e-16
3.574286625082835485e-16
3.566047078652813093e-16
3.557827169654766155e-16
3.549627135490908909e-16
3.541446352796461871e-16
3.533285629333292597e-16
3.525144059451325039e-16
3.517022162469992924e-16
3.508919605150269821e-16
3.500836619419858697e-16
3.492772594792730427e-16
3.484728042905967231e-16
3.476702912496462294e-16
3.468696599411763838e-16
3.460709609608841006e-16
3.452741892173276816e-16
3.444792849216711994e-16
3.436862981082595290e-16
3.428951965608246444e-16
3.421059755262360310e-16
3.413186302613985694e-16
3.405331829025065665e-16
3.397496016664799250e-16
3.389678818477713324e-16
3.381880187520789351e-16
3.374100341823994008e-16
3.366338967877990175e-16
3.358596019048462775e-16
3.350871448800139202e-16
3.343165210696674939e-16
3.335477518580656482e-16
3.327807804924848903e-16
3.320156543028113511e-16
3.312523426678890075e-16
3.304908666432702492e-16
3.297311702562922030e-16
3.289733001402622265e-16
3.282172007077779336e-16
3.274629182474036195e-16
3.267104227494057320e-16
3.259597096801725456e-16
3.252107745158249064e-16
3.244636376692780985e-16
3.237182446932242045e-16
3.229746161090192729e-16
3.222327720935392763e-16
3.214926833339984257e-16
3.207543453656278021e-16
3.200177293334841597e-16
3.192828796784091251e-16
3.185497674776414749e-16
3.178183883048817331e-16
3.170887377434142457e-16
3.163608353555054669e-16
3.156346287196273939e-16
3.149101375025812004e-16
3.141873573258508358e-16
3.134663074512944634e-16
3.127469361738495441e-16
3.120292628585292928e-16
3.113133065450511563e-16
3.105990160589272765e-16
3.098864105420073934e-16
3.091754856821002680e-16
3.084662602268891602e-16
3.077586837004168241e-16
3.070527749511518327e-16
3.063485525108238151e-16
3.056459664207772268e-16
3.049450353125280654e-16
3.042457549395285250e-16
3.035481210645523747e-16
3.028521295194632513e-16
3.021577763841489221e-16
3.014650578064649165e-16
3.007739477738169074e-16
3.000844868656444723e-16
2.993966490067850770e-16
2.987104084431180226e-16
2.980258053087175096e-16
2.973427920082510374e-16
2.966613866792269785e-16
2.959815855329439160e-16
2.953033847886940595e-16
2.946267806737513623e-16
2.939517480258018799e-16
2.932783259586971960e-16
2.926064680034429250e-16
2.919361918158503338e-16
2.912674936621025594e-16
2.906003698163020642e-16
2.899348165604598876e-16
2.892708093097846886e-16
2.886083653839476434e-16
2.879475018155868731e-16
2.872881527340449406e-16
2.866303766432633000e-16
2.859741491438647732e-16
2.853194461348655249e-16
2.846662845414979465e-16
2.840146607148364691e-16
2.833645710137573583e-16
2.827159916539781533e-16
2.820689393027081061e-16
2.814234103413689790e-16
2.807793812201364496e-16
2.801368882840697296e-16
2.794958881294288688e-16
2.788563971068261210e-16
2.782183919755302214e-16
2.775819085517683439e-16
2.769469040187326254e-16
2.763133750245727027e-16
2.756813569939930876e-16
2.750508075447094857e-16
2.744217233448135920e-16
2.737941394319647819e-16
2.731680138537655527e-16
2.725433623454957967e-16
2.719201624202661396e-16
2.712984296929079644e-16
2.706781606714463338e-16
2.700593329388358433e-16
2.694419611764399906e-16
2.688260410108029224e-16
2.682115494943308322e-16
2.675985009893955336e-16
2.669868726986065272e-16
2.663766972634659786e-16
2.657679151914339687e-16
2.651605773400940962e-16
2.645546428201385715e-16
2.639501075311020343e-16
2.633469854516876832e-16
2.627452723095354933e-16
2.621449458985659206e-16
2.615460200365221958e-16
2.609484726624621160e-16
2.603523174876606940e-16
2.597575325953248721e-16
2.591641315911107034e-16
2.585721102721612462e-16
2.579814469364060067e-16
2.573921550329865481e-16
2.568042130015364965e-16
2.562176168612045832e-16
2.556323799058111813e-16
2.550484979910533876e-16
2.544659498370958457e-16
2.538847314992510868e-16
2.533048560675560535e-16
2.527263194363756846e-16
2.521491006026106773e-16
2.515731956574855190e-16
2.509986174904713872e-16
2.504253620343056336e-16
2.498533918861828803e-16
2.492827531910980411e-16
2.487133920663811889e-16
2.481453378276224640e-16
2.475785864547934974e-16
2.470131175535603277e-16
2.464489272947118049e-16
2.458860281276041414e-16
2.453243998565300715e-16
2.447640548352217155e-16
2.442049729994807877e-16
2.436471505636169041e-16
2.430905997390303786e-16
2.425353006568247205e-16
2.419812495571163905e-16
2.414284585106493875e-16
2.408769084421887386e-16
2.403266143275981080e-16
2.397775445492562399e-16
2.392297459391472309e-16
2.386831713803589058e-16
2.381378518781414931e-16
2.375937716796915910e-16
2.370509306322727122e-16
2.365093439137652473e-16
2.359689959250388571e-16
2.354298865048197058e-16
2.348920306631553639e-16
2.343554129529995425e-16
2.338200332047060276e-16
2.332858912456829494e-16
2.327530018649500475e-16
2.322213498156024403e-16
2.316909349168933589e-16
2.311617717943995863e-16
2.306338305918552824e-16
2.301071406873165879e-16
2.295817017355737797e-16
2.290574841803351393e-16
2.285345170850807718e-16
2.280127710913475245e-16
2.274922750544771656e-16
2.269730286187897667e-16
2.264550027204729148e-16
2.259382259061206447e-16
2.254226693062299514e-16
2.249083612631188944e-16
2.243952872556169739e-16
2.238834611698654575e-16
2.233728545213540088e-16
2.228634952489706137e-16
2.223553690188200555e-16
2.218484616886848855e-16
2.213428008984423153e-16
2.208383862686585324e-16
2.203351898817138080e-16
2.198332253615803131e-16
2.193325061390911598e-16
2.188330045752199477e-16
2.183347477224290185e-16
2.178377216579815021e-16
2.173419261301292287e-16
2.168473608847355546e-16
2.163540256652923972e-16
2.158619202129359872e-16
2.153710442664634101e-16
2.148813954584474008e-16
2.143929630167387044e-16
2.139057472626753978e-16
2.134197090190297242e-16
2.129348617997708252e-16
2.124511666829629976e-16
2.119686370756852725e-16
2.114872343095689095e-16
2.110069716857244655e-16
2.105278107876466670e-16
2.100497520059733205e-16
2.095727955906026679e-16
2.090969034996779930e-16
2.086220887733015651e-16
2.081483136173121886e-16
2.076755909689285235e-16
2.072038832800540478e-16
2.067332033858651329e-16
2.062635139827195200e-16
2.057948153899104108e-16
2.053270954186540596e-16
2.048603419155375675e-16
2.043945427624220494e-16
2.039296858763474039e-16
2.034657592094359984e-16
2.030027507487972661e-16
2.025406485164320074e-16
2.020794284917406474e-16
2.016191029625380894e-16
2.011596359413843909e-16
2.007010396191211398e-16
2.002432782427870179e-16
1.997863401646814011e-16
1.993302374311250310e-16
1.988749582169051895e-16
1.984204437356519481e-16
1.979667529684304701e-16
1.975138039414094164e-16
1.970616319617867478e-16
1.966102253752141341e-16
1.961595494656676283e-16
1.957095928862958703e-16
1.952603672598937895e-16
1.948118382095496865e-16
1.943639944868533890e-16
1.939168475760827295e-16
1.934703860582868770e-16
1.930245534607868262e-16
1.925793838310193706e-16
1.921348658493109859e-16
