# te
3.986684322357177734e+00
4.449101924896240234e+00
4.141963481903076172e+00
3.474212408065795898e+00
2.721888065338134766e+00
2.047212123870849609e+00
1.526635646820068359e+00
1.176717758178710938e+00
9.834809303283691406e-01
9.127705097198486328e-01
9.253243207931518555e-01
9.809609651565551758e-01
1.044468879699707031e+00
1.108285903930664062e+00
1.172545075416564941e+00
1.237313866615295410e+00
1.304447650909423828e+00
1.376254200935363770e+00
1.452687382698059082e+00
1.538172006607055664e+00
1.634111642837524414e+00
1.730256915092468262e+00
1.815690159797668457e+00
1.888399839401245117e+00
1.950010776519775391e+00
2.000578880310058594e+00
2.041441202163696289e+00
2.075491428375244141e+00
2.104481220245361328e+00
2.130345106124877930e+00
2.153425693511962891e+00
2.167665243148803711e+00
2.167867422103881836e+00
2.155642271041870117e+00
2.132422685623168945e+00
2.095996856689453125e+00
2.045850276947021484e+00
1.983061432838439941e+00
1.908903837203979492e+00
1.823941946029663086e+00
1.726723432540893555e+00
1.615311145782470703e+00
1.488659143447875977e+00
1.345796108245849609e+00
1.184197783470153809e+00
1.005011081695556641e+00
8.129576444625854492e-01
6.121644973754882812e-01
3.999743759632110596e-01
1.721845865249633789e-01
-7.595533877611160278e-02
-3.474817574024200439e-01
-6.374604105949401855e-01
-9.408409595489501953e-01
-1.258875727653503418e+00
-1.591713428497314453e+00
-1.940459251403808594e+00
-2.306240081787109375e+00
-2.688750028610229492e+00
-3.087407350540161133e+00
-3.502912044525146484e+00
-3.935912132263183594e+00
-4.387279510498046875e+00
-4.857290744781494141e+00
-5.343906879425048828e+00
-5.844893455505371094e+00
-6.359266281127929688e+00
-6.885968208312988281e+00
-7.427360534667968750e+00
-7.986268997192382812e+00
-8.563442230224609375e+00
-9.158610343933105469e+00
-9.770015716552734375e+00
-1.039530754089355469e+01
-1.103318595886230469e+01
-1.168367099761962891e+01
-1.234857654571533203e+01
-1.302451610565185547e+01
-1.371330451965332031e+01
-1.441576480865478516e+01
-1.513097667694091797e+01
-1.585851478576660156e+01
-1.659646797180175781e+01
-1.734589576721191406e+01
-1.810569763183593750e+01
-1.887503051757812500e+01
-1.965386199951171875e+01
-2.044364929199218750e+01
-2.124138450622558594e+01
-2.204777336120605469e+01
-2.286198806762695312e+01
-2.368394088745117188e+01
-2.451205444335937500e+01
-2.534698104858398438e+01
-2.618789100646972656e+01
-2.703394699096679688e+01
-2.788282966613769531e+01
-2.873742675781250000e+01
-2.959318161010742188e+01
-3.045298576354980469e+01
-3.131451416015625000e+01
-3.217842483520507812e+01
-3.304164886474609375e+01
-3.390559387207031250e+01
-3.476941680908203125e+01
-3.563155364990234375e+01
-3.649264907836914062e+01
-3.735112762451171875e+01
-3.820542144775390625e+01
-3.905692291259765625e+01
-3.990481185913085938e+01
-4.074751663208007812e+01
-4.158421325683593750e+01
-4.241481781005859375e+01
-4.323851394653320312e+01
-4.405447006225585938e+01
-4.486334991455078125e+01
-4.566284561157226562e+01
-4.645287322998046875e+01
-4.723335647583007812e+01
-4.800346755981445312e+01
-4.876313018798828125e+01
-4.950928878784179688e+01
-5.024409866333007812e+01
-5.096672821044921875e+01
-5.167636108398437500e+01
-5.237217330932617188e+01
-5.305334091186523438e+01
-5.371904373168945312e+01
-5.437068939208984375e+01
-5.500521850585937500e+01
-5.562479400634765625e+01
-5.622486877441406250e+01
-5.680832672119140625e+01
-5.737138366699218750e+01
-5.791619110107421875e+01
-5.844117355346679688e+01
-5.894551086425781250e+01
-5.942987442016601562e+01
-5.989194869995117188e+01
-6.033239746093750000e+01
-6.075114822387695312e+01
-6.114736938476562500e+01
-6.152024459838867188e+01
-6.186969757080078125e+01
-6.219416046142578125e+01
-6.249504852294921875e+01
-6.277078247070312500e+01
-6.301906967163085938e+01
-6.324280929565429688e+01
-6.344047927856445312e+01
-6.360982513427734375e+01
-6.375305938720703125e+01
-6.386940383911132812e+01
-6.395884323120117188e+01
-6.401986694335937500e+01
-6.405319213867187500e+01
-6.405878448486328125e+01
-6.403515625000000000e+01
-6.398375320434570312e+01
-6.390455627441406250e+01
-6.379606246948242188e+01
-6.365972900390625000e+01
-6.349329376220703125e+01
-6.329823303222656250e+01
-6.307526779174804688e+01
-6.282213592529296875e+01
-6.253881072998046875e+01
-6.222677612304687500e+01
-6.188375473022460938e+01
-6.151122665405273438e+01
-6.110916519165039062e+01
-6.067753982543945312e+01
-6.021559524536132812e+01
-5.972330474853515625e+01
-5.920220184326171875e+01
-5.865082550048828125e+01
-5.806922531127929688e+01
-5.745892715454101562e+01
-5.681997680664062500e+01
-5.615091705322265625e+01
-5.545328140258789062e+01
-5.472637176513671875e+01
-5.397244644165039062e+01
-5.318858718872070312e+01
-5.237630844116210938e+01
-5.153714370727539062e+01
-5.066964721679687500e+01
-4.977608489990234375e+01
-4.885352706909179688e+01
-4.790423965454101562e+01
-4.692975234985351562e+01
-4.592787170410156250e+01
-4.490086746215820312e+01
-4.384804153442382812e+01
-4.277091217041015625e+01
-4.166877365112304688e+01
-4.054241943359375000e+01
-3.939262008666992188e+01
-3.821866989135742188e+01
-3.702209091186523438e+01
-3.580216979980468750e+01
-3.456190872192382812e+01
-3.329910278320312500e+01
-3.201505279541015625e+01
-3.071022415161132812e+01
-2.938517189025878906e+01
-2.804029655456542969e+01
-2.667651367187500000e+01
-2.529391479492187500e+01
-2.389346122741699219e+01
-2.247513961791992188e+01
-2.104017829895019531e+01
-1.958934783935546875e+01
-1.812215614318847656e+01
-1.664063453674316406e+01
-1.514458942413330078e+01
-1.363307762145996094e+01
-1.211058521270751953e+01
-1.057490921020507812e+01
-9.027559280395507812e+00
-7.467818737030029297e+00
-5.899427890777587891e+00
-4.319438457489013672e+00
-2.731589555740356445e+00
-1.134420275688171387e+00
4.705605804920196533e-01
2.081842899322509766e+00
3.700146913528442383e+00
5.324707031250000000e+00
6.954013824462890625e+00
8.586559295654296875e+00
1.022306442260742188e+01
1.186202335357666016e+01
1.350341129302978516e+01
1.514572334289550781e+01
1.678893852233886719e+01
1.843229293823242188e+01
2.007353782653808594e+01
2.171339607238769531e+01
2.335110282897949219e+01
2.498515701293945312e+01
2.661627960205078125e+01
2.824148178100585938e+01
2.986222839355468750e+01
3.147627258300781250e+01
3.308359909057617188e+01
3.468344879150390625e+01
3.627431106567382812e+01
3.785693359375000000e+01
3.942990493774414062e+01
4.099181747436523438e+01
4.254276275634765625e+01
4.408283233642578125e+01
4.561211013793945312e+01
4.712250518798828125e+01
4.862675094604492188e+01
5.011006927490234375e+01
5.158741378784179688e+01
5.303657150268554688e+01
5.447993469238281250e+01
5.591016006469726562e+01
5.731990432739257812e+01
5.870182800292968750e+01
6.007831192016601562e+01
6.142715835571289062e+01
6.276332092285156250e+01
6.407945251464843750e+01
6.537564849853515625e+01
6.665200042724609375e+01
6.790116882324218750e+01
6.913810729980468750e+01
7.034062194824218750e+01
7.153107452392578125e+01
7.268728637695312500e+01
7.383163452148437500e+01
7.494191741943359375e+01
7.602566528320312500e+01
7.709781646728515625e+01
7.813618469238281250e+01
7.914829254150390625e+01
8.013421630859375000e+01
8.109407043457031250e+01
8.202793884277343750e+01
8.292847442626953125e+01
8.381063842773437500e+01
8.465966796875000000e+01
8.548307037353515625e+01
8.628095245361328125e+01
8.703854370117187500e+01
8.777822875976562500e+01
8.847779083251953125e+01
8.915963745117187500e+01
8.980155181884765625e+01
9.041849517822265625e+01
9.101055908203125000e+01
9.156297302246093750e+01
9.208325195312500000e+01
9.257149505615234375e+01
9.303523254394531250e+01
9.347455596923828125e+01
9.387472534179687500e+01
9.423583221435546875e+01
9.457284545898437500e+01
9.487845611572265625e+01
9.514533233642578125e+01
9.539586639404296875e+01
9.560044860839843750e+01
9.578146362304687500e+01
9.592417144775390625e+01
9.604353332519531250e+01
9.612478637695312500e+01
9.618289947509765625e+01
9.620312500000000000e+01
9.619297790527343750e+01
9.615258026123046875e+01
9.608201599121093750e+01
9.598141479492187500e+01
9.585828399658203125e+01
9.569788360595703125e+01
9.550772857666015625e+01
9.528793334960937500e+01
9.503115844726562500e+01
9.475980377197265625e+01
9.444425201416015625e+01
9.410688018798828125e+01
9.374779510498046875e+01
9.335224151611328125e+01
9.292773437500000000e+01
9.248181152343750000e+01
9.201457977294921875e+01
9.151868438720703125e+01
9.099423980712890625e+01
9.044132995605468750e+01
8.986749267578125000e+01
8.925795745849609375e+01
8.863510894775390625e+01
8.798419189453125000e+01
8.732014465332031250e+01
8.662078094482421875e+01
8.590105438232421875e+01
8.516104888916015625e+01
8.440087127685546875e+01
8.362061309814453125e+01
8.282778167724609375e+01
8.200762176513671875e+01
8.116764068603515625e+01
8.030794525146484375e+01
7.943605041503906250e+01
7.854456329345703125e+01
7.763335418701171875e+01
7.671710205078125000e+01
7.577333831787109375e+01
7.481674957275390625e+01
7.385457611083984375e+01
7.287178039550781250e+01
7.188303375244140625e+01
7.087330627441406250e+01
6.985354614257812500e+01
6.881912231445312500e+01
6.777282714843750000e+01
6.671669769287109375e+01
6.564683532714843750e+01
6.456900024414062500e+01
6.348004150390625000e+01
6.238199234008789062e+01
6.127616119384765625e+01
6.016012954711914062e+01
5.903891754150390625e+01
5.790861892700195312e+01
5.677350234985351562e+01
5.563041687011718750e+01
5.448287582397460938e+01
5.333069992065429688e+01
5.217370605468750000e+01
5.101467132568359375e+01
4.985042953491210938e+01
4.868526077270507812e+01
4.751673889160156250e+01
4.634764862060546875e+01
4.517854309082031250e+01
4.400774383544921875e+01
4.283877944946289062e+01
4.166997146606445312e+01
4.050335311889648438e+01
3.933874130249023438e+01
3.817742156982421875e+01
3.701921463012695312e+01
3.586614227294921875e+01
3.471654129028320312e+01
3.357318496704101562e+01
3.243513488769531250e+01
3.130443763732910156e+01
3.017940330505371094e+01
2.906341171264648438e+01
2.795493507385253906e+01
2.685511207580566406e+01
2.576462364196777344e+01
2.468416023254394531e+01
2.361409568786621094e+01
2.255496788024902344e+01
2.150696563720703125e+01
2.047123718261718750e+01
1.944655990600585938e+01
1.843475151062011719e+01
1.743391609191894531e+01
1.644810295104980469e+01
1.547467708587646484e+01
1.451397132873535156e+01
1.356780624389648438e+01
1.263502883911132812e+01
1.171671867370605469e+01
1.081246757507324219e+01
9.924096107482910156e+00
9.049711227416992188e+00
8.189647674560546875e+00
7.346470832824707031e+00
6.519030094146728516e+00
5.706919193267822266e+00
4.911217689514160156e+00
4.130775928497314453e+00
3.367417335510253906e+00
2.619993209838867188e+00
1.890327692031860352e+00
1.177272439002990723e+00
4.796797335147857666e-01
-1.991390287876129150e-01
-8.610739707946777344e-01
-1.506528615951538086e+00
-2.134419679641723633e+00
-2.745893239974975586e+00
-3.338378667831420898e+00
-3.915250539779663086e+00
-4.474680900573730469e+00
-5.017069816589355469e+00
-5.541331768035888672e+00
-6.047867774963378906e+00
-6.538561344146728516e+00
-7.010840415954589844e+00
-7.467331886291503906e+00
-7.906205177307128906e+00
-8.328599929809570312e+00
-8.733427047729492188e+00
-9.121824264526367188e+00
-9.492702484130859375e+00
-9.848686218261718750e+00
-1.018868350982666016e+01
-1.051160049438476562e+01
-1.082006168365478516e+01
-1.111218833923339844e+01
-1.139039421081542969e+01
-1.165259170532226562e+01
-1.190041160583496094e+01
-1.213399219512939453e+01
-1.234678840637207031e+01
-1.255305862426757812e+01
-1.273436450958251953e+01
-1.290645027160644531e+01
-1.306350898742675781e+01
-1.320642280578613281e+01
-1.332938194274902344e+01
-1.345110034942626953e+01
-1.354199218750000000e+01
-1.363191413879394531e+01
-1.369870662689208984e+01
-1.375736808776855469e+01
-1.380060005187988281e+01
-1.383596611022949219e+01
-1.385616588592529297e+01
-1.386133003234863281e+01
-1.385902309417724609e+01
-1.384194278717041016e+01
-1.381764984130859375e+01
-1.377884006500244141e+01
-1.372787284851074219e+01
-1.367453479766845703e+01
-1.360037803649902344e+01
-1.353004837036132812e+01
-1.344435310363769531e+01
-1.334713172912597656e+01
-1.324445438385009766e+01
-1.313867473602294922e+01
-1.302397060394287109e+01
-1.290195178985595703e+01
-1.277497005462646484e+01
-1.264314937591552734e+01
-1.250586605072021484e+01
-1.236472702026367188e+01
-1.221911048889160156e+01
-1.207211017608642578e+01
-1.192310047149658203e+01
-1.177071571350097656e+01
-1.161878967285156250e+01
-1.146595478057861328e+01
-1.131381607055664062e+01
-1.116174602508544922e+01
-1.101283454895019531e+01
-1.086422729492187500e+01
-1.072049903869628906e+01
-1.058018016815185547e+01
-1.044289016723632812e+01
-1.031037902832031250e+01
-1.018067932128906250e+01
-1.005702686309814453e+01
-9.936712265014648438e+00
-9.821481704711914062e+00
-9.710113525390625000e+00
-9.605097770690917969e+00
-9.505208969116210938e+00
-9.409967422485351562e+00
-9.320375442504882812e+00
-9.237438201904296875e+00
-9.160674095153808594e+00
-9.089599609375000000e+00
-9.025219917297363281e+00
-8.967796325683593750e+00
-8.917588233947753906e+00
-8.873372077941894531e+00
-8.837635993957519531e+00
-8.809898376464843750e+00
-8.789678573608398438e+00
-8.777977943420410156e+00
-8.775060653686523438e+00
-8.779699325561523438e+00
-8.793642044067382812e+00
-8.817151069641113281e+00
-8.851229667663574219e+00
-8.893912315368652344e+00
-8.948431968688964844e+00
-9.011336326599121094e+00
-9.085860252380371094e+00
-9.171522140502929688e+00
-9.268587112426757812e+00
-9.377316474914550781e+00
-9.497233390808105469e+00
-9.629343986511230469e+00
-9.773911476135253906e+00
-9.931201934814453125e+00
-1.010148048400878906e+01
-1.028427028656005859e+01
-1.048132228851318359e+01
-1.069171714782714844e+01
-1.091594123840332031e+01
-1.115411663055419922e+01
-1.140680694580078125e+01
-1.167383670806884766e+01
-1.195577144622802734e+01
-1.225283622741699219e+01
-1.256513977050781250e+01
-1.289277648925781250e+01
-1.323614978790283203e+01
-1.359476280212402344e+01
-1.396871185302734375e+01
-1.435809230804443359e+01
-1.476233386993408203e+01
-1.518250274658203125e+01
-1.561728382110595703e+01
-1.606670379638671875e+01
-1.653153419494628906e+01
-1.701105690002441406e+01
-1.750530052185058594e+01
-1.801206398010253906e+01
-1.853583717346191406e+01
-1.907219314575195312e+01
-1.962338829040527344e+01
-2.018797302246093750e+01
-2.076672172546386719e+01
-2.135669708251953125e+01
-2.196239089965820312e+01
-2.258086967468261719e+01
-2.321142387390136719e+01
-2.385558128356933594e+01
-2.451114845275878906e+01
-2.517965126037597656e+01
-2.585890388488769531e+01
-2.654968643188476562e+01
-2.725204658508300781e+01
-2.796453666687011719e+01
-2.868868827819824219e+01
-2.942157936096191406e+01
-3.016473960876464844e+01
-3.091821289062500000e+01
-3.167982292175292969e+01
-3.245035934448242188e+01
-3.322913360595703125e+01
-3.401544952392578125e+01
-3.481010437011718750e+01
-3.561091995239257812e+01
-3.641795349121093750e+01
-3.723126220703125000e+01
-3.805089950561523438e+01
-3.887394332885742188e+01
-3.970269393920898438e+01
-4.053422927856445312e+01
-4.137009811401367188e+01
-4.220813369750976562e+01
-4.304839324951171875e+01
-4.388945770263671875e+01
-4.473213577270507812e+01
-4.557508468627929688e+01
-4.641880035400390625e+01
-4.726088333129882812e+01
-4.810340118408203125e+01
-4.894544601440429688e+01
-4.978684616088867188e+01
-5.062744903564453125e+01
-5.146708679199218750e+01
-5.230559539794921875e+01
-5.314282226562500000e+01
-5.397785949707031250e+01
-5.480980682373046875e+01
-5.564073562622070312e+01
-5.646899414062500000e+01
-5.729369735717773438e+01
-5.811467361450195312e+01
-5.893177795410156250e+01
-5.974559783935546875e+01
-6.055300140380859375e+01
-6.135607147216796875e+01
-6.215390396118164062e+01
-6.294635772705078125e+01
-6.373104095458984375e+01
-6.450929260253906250e+01
-6.528096771240234375e+01
-6.604442596435546875e+01
-6.679950714111328125e+01
-6.754608154296875000e+01
-6.828324890136718750e+01
-6.901159667968750000e+01
-6.972801971435546875e+01
-7.043458557128906250e+01
-7.112892913818359375e+01
-7.181089782714843750e+01
-7.247998046875000000e+01
-7.313534545898437500e+01
-7.377746582031250000e+01
-7.440401458740234375e+01
-7.501583862304687500e+01
-7.561118316650390625e+01
-7.618992614746093750e+01
-7.675115966796875000e+01
-7.729425811767578125e+01
-7.781839752197265625e+01
-7.832314300537109375e+01
-7.880767822265625000e+01
-7.927170562744140625e+01
-7.971315765380859375e+01
-8.013262939453125000e+01
-8.052848052978515625e+01
-8.090071105957031250e+01
-8.124914550781250000e+01
-8.157298278808593750e+01
-8.187219238281250000e+01
-8.214821624755859375e+01
-8.240025329589843750e+01
-8.262752532958984375e+01
-8.283147430419921875e+01
-8.301130676269531250e+01
-8.316696929931640625e+01
-8.329769134521484375e+01
-8.340563964843750000e+01
-8.349002838134765625e+01
-8.354932403564453125e+01
-8.358496093750000000e+01
-8.359615325927734375e+01
-8.358359527587890625e+01
-8.354721832275390625e+01
-8.348623657226562500e+01
-8.339987182617187500e+01
-8.329027557373046875e+01
-8.315666198730468750e+01
-8.299749755859375000e+01
-8.281419372558593750e+01
-8.260670471191406250e+01
-8.237349700927734375e+01
-8.211598205566406250e+01
-8.183410644531250000e+01
-8.152707672119140625e+01
-8.119554901123046875e+01
-8.083800506591796875e+01
-8.045659637451171875e+01
-8.005125427246093750e+01
-7.962042236328125000e+01
-7.916479492187500000e+01
-7.867612457275390625e+01
-7.816622161865234375e+01
-7.763354492187500000e+01
-7.707131958007812500e+01
-7.648765563964843750e+01
-7.587578582763671875e+01
-7.523638916015625000e+01
-7.457755279541015625e+01
-7.388507843017578125e+01
-7.316706848144531250e+01
-7.243904876708984375e+01
-7.167195129394531250e+01
-7.088130187988281250e+01
-7.006032562255859375e+01
-6.921710968017578125e+01
-6.835236358642578125e+01
-6.745209503173828125e+01
-6.654697418212890625e+01
-6.560076141357421875e+01
-6.462924957275390625e+01
-6.364080429077148438e+01
-6.262889480590820312e+01
-6.157960128784179688e+01
-6.052355194091796875e+01
-5.943938827514648438e+01
-5.832801818847656250e+01
-5.720521926879882812e+01
-5.604962158203125000e+01
-5.487699508666992188e+01
-5.368825149536132812e+01
-5.247687149047851562e+01
-5.123633193969726562e+01
-4.998983764648437500e+01
-4.870856475830078125e+01
-4.742314529418945312e+01
-4.610475540161132812e+01
-4.476916503906250000e+01
-4.342470169067382812e+01
-4.206483459472656250e+01
-4.068302917480468750e+01
-3.928018569946289062e+01
-3.787205505371093750e+01
-3.644467544555664062e+01
-3.500636291503906250e+01
-3.355058288574218750e+01
-3.207822418212890625e+01
-3.059017181396484375e+01
-2.910217857360839844e+01
-2.758539772033691406e+01
-2.607787895202636719e+01
-2.454334449768066406e+01
-2.301240158081054688e+01
-2.145620536804199219e+01
-1.989792633056640625e+01
-1.833844566345214844e+01
-1.677120590209960938e+01
-1.518965053558349609e+01
-1.360951995849609375e+01
-1.201681900024414062e+01
-1.043471813201904297e+01
-8.826929092407226562e+00
-7.231477737426757812e+00
-5.634369850158691406e+00
-4.043904304504394531e+00
-2.446084022521972656e+00
-8.490968942642211914e-01
7.541725039482116699e-01
2.348655700683593750e+00
3.949009656906127930e+00
5.540169239044189453e+00
7.129360675811767578e+00
8.723813056945800781e+00
1.031589508056640625e+01
1.189797401428222656e+01
1.347728061676025391e+01
1.505361652374267578e+01
1.662678146362304688e+01
1.819658088684082031e+01
1.975538253784179688e+01
2.131785583496093750e+01
2.286893844604492188e+01
2.441587066650390625e+01
2.596588134765625000e+01
2.749649047851562500e+01
2.902236366271972656e+01
3.054330253601074219e+01
3.206654739379882812e+01
3.356961441040039062e+01
3.505974197387695312e+01
3.654415893554687500e+01
3.801525497436523438e+01
3.948025894165039062e+01
4.093898010253906250e+01
4.237636566162109375e+01
4.380708694458007812e+01
4.521608734130859375e+01
4.660317230224609375e+01
4.799044418334960938e+01
4.936285018920898438e+01
5.071275711059570312e+01
5.206970977783203125e+01
5.339635086059570312e+01
5.469991683959960938e+01
5.598021697998046875e+01
5.725191879272460938e+01
5.850738906860351562e+01
5.973157882690429688e+01
6.094657897949218750e+01
6.212989807128906250e+01
6.329621124267578125e+01
6.443045043945312500e+01
6.554727935791015625e+01
6.663163757324218750e+01
6.769075012207031250e+01
6.872441864013671875e+01
6.972518157958984375e+01
7.071590423583984375e+01
7.166018676757812500e+01
7.258849334716796875e+01
7.348671722412109375e+01
7.435559082031250000e+01
7.519585418701171875e+01
7.601569366455078125e+01
7.680097198486328125e+01
7.756729888916015625e+01
7.830724334716796875e+01
7.901707458496093750e+01
7.969827270507812500e+01
8.035380554199218750e+01
8.098217773437500000e+01
8.158411407470703125e+01
8.215961456298828125e+01
8.270864105224609375e+01
8.323120880126953125e+01
8.372801208496093750e+01
8.419683837890625000e+01
8.463986968994140625e+01
8.505709075927734375e+01
8.544848632812500000e+01
8.581254577636718750e+01
8.615071868896484375e+01
8.646150207519531250e+01
8.674634552001953125e+01
8.700448608398437500e+01
8.723439788818359375e+01
8.743827819824218750e+01
8.761534118652343750e+01
8.776556396484375000e+01
8.788963317871093750e+01
8.798678588867187500e+01
8.805770874023437500e+01
8.810161590576171875e+01
8.811920166015625000e+01
8.811118316650390625e+01
8.807599639892578125e+01
8.801286315917968750e+01
8.792543792724609375e+01
8.780847930908203125e+01
8.766637420654296875e+01
8.749684143066406250e+01
8.730004882812500000e+01
8.707696533203125000e+01
8.682634735107421875e+01
8.654947662353515625e+01
8.624593353271484375e+01
8.591584014892578125e+01
8.555966949462890625e+01
8.517761993408203125e+01
8.476918029785156250e+01
8.433625030517578125e+01
8.387789154052734375e+01
8.339427947998046875e+01
8.288632202148437500e+01
8.235569000244140625e+01
8.180030059814453125e+01
8.122108459472656250e+01
8.061968231201171875e+01
7.999477386474609375e+01
7.934800720214843750e+01
7.867805480957031250e+01
7.798656463623046875e+01
7.727369689941406250e+01
7.654032897949218750e+01
7.578664398193359375e+01
7.501277160644531250e+01
7.421887207031250000e+01
7.340657806396484375e+01
7.257528686523437500e+01
7.172515106201171875e+01
7.085855102539062500e+01
6.997486877441406250e+01
6.907350921630859375e+01
6.815609741210937500e+01
6.722351837158203125e+01
6.627590179443359375e+01
6.531265258789062500e+01
6.433537292480468750e+01
6.334346389770507812e+01
6.234002304077148438e+01
6.132294845581054688e+01
6.029386138916015625e+01
5.925363159179687500e+01
5.820238113403320312e+01
5.714097976684570312e+01
5.606880950927734375e+01
5.498895645141601562e+01
5.390155410766601562e+01
5.280597305297851562e+01
5.170307540893554688e+01
5.059595870971679688e+01
4.948249816894531250e+01
4.836505126953125000e+01
4.724372863769531250e+01
4.611864852905273438e+01
4.499215316772460938e+01
4.386349487304687500e+01
4.273371887207031250e+01
4.160225296020507812e+01
4.046928024291992188e+01
3.933498001098632812e+01
3.819952774047851562e+01
3.706310272216796875e+01
3.592662811279296875e+01
3.478879165649414062e+01
3.365199279785156250e+01
3.251418685913085938e+01
3.137703132629394531e+01
3.023996353149414062e+01
2.910463714599609375e+01
2.797049140930175781e+01
2.683695220947265625e+01
2.570642852783203125e+01
2.457686233520507812e+01
2.344991874694824219e+01
2.232502555847167969e+01
2.120310211181640625e+01
2.008506965637207031e+01
1.897109985351562500e+01
1.786062812805175781e+01
1.675457191467285156e+01
1.565459346771240234e+01
1.455938529968261719e+01
1.346986770629882812e+01
1.238770198822021484e+01
1.131158256530761719e+01
1.024317264556884766e+01
9.182653427124023438e+00
8.130947113037109375e+00
7.088975906372070312e+00
6.054694652557373047e+00
5.031255722045898438e+00
4.018100261688232422e+00
3.016154289245605469e+00
2.025603294372558594e+00
1.047375321388244629e+00
8.165732026100158691e-02
-8.706201910972595215e-01
-1.808525443077087402e+00
-2.732612133026123047e+00
-3.641202688217163086e+00
-4.534105777740478516e+00
-5.409641742706298828e+00
-6.268359661102294922e+00
-7.108577251434326172e+00
-7.930841445922851562e+00
-8.733614921569824219e+00
-9.516690254211425781e+00
-1.028149223327636719e+01
-1.102721500396728516e+01
-1.175453853607177734e+01
-1.246413898468017578e+01
-1.315446376800537109e+01
-1.382767581939697266e+01
-1.448295688629150391e+01
-1.511875247955322266e+01
-1.573796081542968750e+01
-1.633902168273925781e+01
-1.692259979248046875e+01
-1.748787498474121094e+01
-1.803625297546386719e+01
-1.856690979003906250e+01
-1.908050346374511719e+01
-1.957695198059082031e+01
-2.005542182922363281e+01
-2.051805496215820312e+01
-2.096327590942382812e+01
-2.139098930358886719e+01
-2.180258941650390625e+01
-2.219797897338867188e+01
-2.257557487487792969e+01
-2.293676376342773438e+01
-2.328069877624511719e+01
-2.360816764831542969e+01
-2.391847419738769531e+01
-2.421239852905273438e+01
-2.448983383178710938e+01
-2.475037002563476562e+01
-2.499453735351562500e+01
-2.522222137451171875e+01
-2.543360137939453125e+01
-2.562828636169433594e+01
-2.580697059631347656e+01
-2.596908760070800781e+01
-2.611391448974609375e+01
-2.624348068237304688e+01
-2.635639572143554688e+01
-2.645326805114746094e+01
-2.653396415710449219e+01
-2.659760856628417969e+01
-2.664554977416992188e+01
-2.667690467834472656e+01
-2.669301605224609375e+01
-2.669151496887207031e+01
-2.667448616027832031e+01
-2.664177894592285156e+01
-2.659179306030273438e+01
-2.652602386474609375e+01
-2.644524955749511719e+01
-2.634876823425292969e+01
-2.623586845397949219e+01
-2.610881423950195312e+01
-2.596689224243164062e+01
-2.581013488769531250e+01
-2.563930892944335938e+01
-2.545444297790527344e+01
-2.525556182861328125e+01
-2.504491424560546875e+01
-2.481955146789550781e+01
-2.458246421813964844e+01
-2.433218193054199219e+01
-2.407020950317382812e+01
-2.379656219482421875e+01
-2.351124954223632812e+01
-2.321502876281738281e+01
-2.290790939331054688e+01
-2.259063911437988281e+01
-2.226323127746582031e+01
-2.192345809936523438e+01
-2.157578468322753906e+01
-2.121575546264648438e+01
-2.084857177734375000e+01
-2.047275161743164062e+01
-2.008754920959472656e+01
-1.969593620300292969e+01
-1.929642295837402344e+01
-1.888826751708984375e+01
-1.847740364074707031e+01
-1.805937004089355469e+01
-1.763490295410156250e+01
-1.720622444152832031e+01
-1.677332687377929688e+01
-1.633620262145996094e+01
-1.589558219909667969e+01
-1.544848537445068359e+01
-1.500084590911865234e+01
-1.454819297790527344e+01
-1.409571743011474609e+01
-1.363969039916992188e+01
-1.318455696105957031e+01
-1.273104858398437500e+01
-1.227246284484863281e+01
-1.182439136505126953e+01
-1.137270069122314453e+01
-1.091811847686767578e+01
-1.046880722045898438e+01
-1.002538394927978516e+01
-9.580597877502441406e+00
-9.141955375671386719e+00
-8.709527015686035156e+00
-8.275954246520996094e+00
-7.848741054534912109e+00
-7.420527458190917969e+00
-6.998819351196289062e+00
-6.576257228851318359e+00
-6.160346031188964844e+00
-5.743728637695312500e+00
-5.333909511566162109e+00
-4.923532009124755859e+00
-4.527533531188964844e+00
-4.131127834320068359e+00
-3.734390258789062500e+00
-3.337397336959838867e+00
-2.947657585144042969e+00
-2.572680234909057617e+00
-2.197680950164794922e+00
-1.822739839553833008e+00
-1.447936773300170898e+00
-1.080783724784851074e+00
-7.213624715805053711e-01
-3.697559237480163574e-01
-1.861664280295372009e-02
3.171084523200988770e-01
6.670580506324768066e-01
9.939899444580078125e-01
1.312678337097167969e+00
1.630465507507324219e+00
1.939829945564270020e+00
2.240680217742919922e+00
2.532924175262451172e+00
2.823898315429687500e+00
3.091214895248413086e+00
3.371932268142700195e+00
3.628797292709350586e+00
3.884003877639770508e+00
4.115157604217529297e+00
4.351881027221679688e+00
4.571777343750000000e+00
4.782171726226806641e+00
4.975526809692382812e+00
5.151733875274658203e+00
5.325545310974121094e+00
5.489418506622314453e+00
5.635807991027832031e+00
5.764599800109863281e+00
5.883108615875244141e+00
5.986139297485351562e+00
6.076436996459960938e+00
6.151668071746826172e+00
6.213955402374267578e+00
6.261705875396728516e+00
6.297039508819580078e+00
6.319101333618164062e+00
6.327778816223144531e+00
6.324442863464355469e+00
6.308232784271240234e+00
6.280517101287841797e+00
6.239687442779541016e+00
6.188594341278076172e+00
6.124883174896240234e+00
6.049170017242431641e+00
5.962812900543212891e+00
5.864937782287597656e+00
5.757640361785888672e+00
5.638557434082031250e+00
5.509037494659423828e+00
5.370428562164306641e+00
5.220359802246093750e+00
5.060174942016601562e+00
4.890471935272216797e+00
4.711846828460693359e+00
4.522663593292236328e+00
4.324258804321289062e+00
4.115735054016113281e+00
3.899166584014892578e+00
3.672910690307617188e+00
3.436808347702026367e+00
3.192926406860351562e+00
2.939616680145263672e+00
2.678200006484985352e+00
2.408509254455566406e+00
2.128888845443725586e+00
1.842883944511413574e+00
1.547349095344543457e+00
1.245081901550292969e+00
9.336764216423034668e-01
6.151835322380065918e-01
2.886797785758972168e-01
-4.601697623729705811e-02
-3.883475363254547119e-01
-7.377544641494750977e-01
-1.094425201416015625e+00
-1.458549022674560547e+00
-1.829573512077331543e+00
-2.208434581756591797e+00
-2.593839645385742188e+00
-2.985969781875610352e+00
-3.384944915771484375e+00
-3.790873050689697266e+00
-4.201632022857666016e+00
-4.618819236755371094e+00
-5.042544841766357422e+00
-5.470692634582519531e+00
-5.904863357543945312e+00
-6.343686580657958984e+00
-6.788764476776123047e+00
-7.237244129180908203e+00
-7.690729141235351562e+00
-8.148598670959472656e+00
-8.610229492187500000e+00
-9.075004577636718750e+00
-9.543787002563476562e+00
-1.001596069335937500e+01
-1.049016666412353516e+01
-1.096875953674316406e+01
-1.144815158843994141e+01
-1.193070220947265625e+01
-1.241505336761474609e+01
-1.290059375762939453e+01
-1.338782596588134766e+01
-1.387606334686279297e+01
-1.436544036865234375e+01
-1.485490036010742188e+01
-1.534450340270996094e+01
-1.583386135101318359e+01
-1.632266616821289062e+01
-1.681060791015625000e+01
-1.729737472534179688e+01
-1.778250885009765625e+01
-1.826579666137695312e+01
-1.874671554565429688e+01
-1.922509574890136719e+01
-1.970046043395996094e+01
-2.017257308959960938e+01
-2.064075660705566406e+01
-2.110484695434570312e+01
-2.156416702270507812e+01
-2.201855850219726562e+01
-2.246741104125976562e+01
-2.291020011901855469e+01
-2.334661102294921875e+01
-2.377648544311523438e+01
-2.419892120361328125e+01
-2.461472129821777344e+01
-2.502104759216308594e+01
-2.541885757446289062e+01
-2.580838966369628906e+01
-2.618805694580078125e+01
-2.655936050415039062e+01
-2.692155838012695312e+01
-2.727540397644042969e+01
-2.762016296386718750e+01
-2.795732116699218750e+01
-2.828465652465820312e+01
-2.860366058349609375e+01
-2.891507530212402344e+01
-2.921816062927246094e+01
-2.951217842102050781e+01
-2.979712295532226562e+01
-3.007448387145996094e+01
-3.034351348876953125e+01
-3.060420608520507812e+01
-3.085582160949707031e+01
-3.109983253479003906e+01
-3.133400535583496094e+01
-3.156056404113769531e+01
-3.177800941467285156e+01
-3.198781585693359375e+01
-3.218700408935546875e+01
-3.237926864624023438e+01
-3.256237030029296875e+01
-3.273554611206054688e+01
-3.290026473999023438e+01
-3.305502319335937500e+01
-3.320127868652343750e+01
-3.333678436279296875e+01
-3.346300125122070312e+01
-3.357841873168945312e+01
-3.368523025512695312e+01
-3.378044128417968750e+01
-3.386550140380859375e+01
-3.393963623046875000e+01
-3.400355529785156250e+01
-3.405647277832031250e+01
-3.409835433959960938e+01
-3.412766647338867188e+01
-3.414585876464843750e+01
-3.415065765380859375e+01
-3.414520645141601562e+01
-3.412566757202148438e+01
-3.409362792968750000e+01
-3.404732513427734375e+01
-3.398826599121093750e+01
-3.391571807861328125e+01
-3.382873535156250000e+01
-3.372740936279296875e+01
-3.361163330078125000e+01
-3.348165893554687500e+01
-3.333739852905273438e+01
-3.317936325073242188e+01
-3.300797271728515625e+01
-3.282319259643554688e+01
-3.262554550170898438e+01
-3.241519165039062500e+01
-3.219242858886718750e+01
-3.195745086669921875e+01
-3.171060752868652344e+01
-3.145194816589355469e+01
-3.118202781677246094e+01
-3.090110969543457031e+01
-3.060923385620117188e+01
-3.030650329589843750e+01
-2.999347686767578125e+01
-2.967032814025878906e+01
-2.933679199218750000e+01
-2.899430274963378906e+01
-2.864177513122558594e+01
-2.827974700927734375e+01
-2.790876388549804688e+01
-2.752861785888671875e+01
-2.713910293579101562e+01
-2.674149322509765625e+01
-2.633484268188476562e+01
-2.592041969299316406e+01
-2.549726676940917969e+01
-2.506739997863769531e+01
-2.462837219238281250e+01
-2.418218994140625000e+01
-2.372863388061523438e+01
-2.326822280883789062e+01
-2.279998970031738281e+01
-2.232518959045410156e+01
-2.184285354614257812e+01
-2.135498237609863281e+01
-2.085911178588867188e+01
-2.035798072814941406e+01
-1.985061073303222656e+01
-1.933750724792480469e+01
-1.881917572021484375e+01
-1.829240226745605469e+01
-1.776214981079101562e+01
-1.722445678710937500e+01
-1.668279266357421875e+01
-1.613542747497558594e+01
-1.558360004425048828e+01
-1.502631664276123047e+01
-1.446407985687255859e+01
-1.389666938781738281e+01
-1.332610511779785156e+01
-1.275068759918212891e+01
-1.217243385314941406e+01
-1.158889675140380859e+01
-1.100135040283203125e+01
-1.041254711151123047e+01
-9.818555831909179688e+00
-9.222871780395507812e+00
-8.623788833618164062e+00
-8.021829605102539062e+00
-7.418259620666503906e+00
-6.811369419097900391e+00
-6.203165531158447266e+00
-5.592681407928466797e+00
-4.981178760528564453e+00
-4.367689609527587891e+00
-3.754218101501464844e+00
-3.139051437377929688e+00
-2.524193048477172852e+00
-1.907929658889770508e+00
-1.291520595550537109e+00
-6.762244701385498047e-01
-6.032735109329223633e-02
5.541692376136779785e-01
1.167493343353271484e+00
1.781359314918518066e+00
2.392279863357543945e+00
3.001969575881958008e+00
3.609912872314453125e+00
4.214852333068847656e+00
4.818501472473144531e+00
5.418116092681884766e+00
6.014667034149169922e+00
6.609123706817626953e+00
7.198741912841796875e+00
7.784489154815673828e+00
8.365108489990234375e+00
8.940078735351562500e+00
9.511115074157714844e+00
1.007621002197265625e+01
1.063558864593505859e+01
1.118873119354248047e+01
1.173586082458496094e+01
1.227422618865966797e+01
1.280627727508544922e+01
1.333075141906738281e+01
1.384712123870849609e+01
1.435486507415771484e+01
1.485354614257812500e+01
1.534383296966552734e+01
1.582499408721923828e+01
1.629703903198242188e+01
1.676072692871093750e+01
1.721457481384277344e+01
1.766156959533691406e+01
1.810171318054199219e+01
1.853130149841308594e+01
1.895405006408691406e+01
1.936773681640625000e+01
1.977458953857421875e+01
2.017089653015136719e+01
2.056111717224121094e+01
2.094375801086425781e+01
2.131659317016601562e+01
2.168184280395507812e+01
2.203950309753417969e+01
2.238956451416015625e+01
2.273053169250488281e+01
2.306388282775878906e+01
2.338885879516601562e+01
2.370544815063476562e+01
2.401437568664550781e+01
2.431414222717285156e+01
2.460620880126953125e+01
2.488907432556152344e+01
2.516345787048339844e+01
2.542933082580566406e+01
2.568592834472656250e+01
2.593470954895019531e+01
2.617489814758300781e+01
2.640497779846191406e+01
2.662639999389648438e+01
2.683838844299316406e+01
2.704090690612792969e+01
2.723390960693359375e+01
2.741661834716796875e+01
2.759047508239746094e+01
2.775245857238769531e+01
2.790475082397460938e+01
2.804656791687011719e+01
2.817784881591796875e+01
2.829705619812011719e+01
2.840636825561523438e+01
2.850275039672851562e+01
2.858837127685546875e+01
2.866243362426757812e+01
2.872412300109863281e+01
2.877337837219238281e+01
2.881021881103515625e+01
2.883427619934082031e+01
2.884676742553710938e+01
2.884740447998046875e+01
2.883665466308593750e+01
2.881348609924316406e+01
2.877984428405761719e+01
2.873544502258300781e+01
2.868073272705078125e+01
2.861468315124511719e+01
2.853921890258789062e+01
2.845405578613281250e+01
2.835888862609863281e+01
2.825490379333496094e+01
2.814106178283691406e+01
2.801779174804687500e+01
2.788479614257812500e+01
2.774473381042480469e+01
2.759506988525390625e+01
2.743697547912597656e+01
2.727087974548339844e+01
2.709647178649902344e+01
2.691417312622070312e+01
2.672440910339355469e+01
2.652685737609863281e+01
2.632194137573242188e+01
2.611007881164550781e+01
2.589019966125488281e+01
2.566494941711425781e+01
2.543102645874023438e+01
2.519181632995605469e+01
2.494549751281738281e+01
2.469322586059570312e+01
2.443466758728027344e+01
2.416947937011718750e+01
2.389732933044433594e+01
2.362084579467773438e+01
2.333671951293945312e+01
2.304906463623046875e+01
2.275456619262695312e+01
2.245362091064453125e+01
2.214811325073242188e+01
2.183843994140625000e+01
2.152276611328125000e+01
2.120148658752441406e+01
2.087647628784179688e+01
2.054813003540039062e+01
2.021237945556640625e+01
1.987333106994628906e+01
1.952988433837890625e+01
1.918094635009765625e+01
1.882693290710449219e+01
1.847048950195312500e+01
1.811054420471191406e+01
1.774603080749511719e+01
1.737661743164062500e+01
1.700494766235351562e+01
1.662995338439941406e+01
1.625278854370117188e+01
1.587163448333740234e+01
1.548690509796142578e+01
1.509975624084472656e+01
1.471059608459472656e+01
1.431909465789794922e+01
1.392491626739501953e+01
1.352921772003173828e+01
1.313091850280761719e+01
1.273117160797119141e+01
1.232964515686035156e+01
1.192749023437500000e+01
1.152288532257080078e+01
1.111772441864013672e+01
1.071093273162841797e+01
1.030440139770507812e+01
9.897054672241210938e+00
9.488556861877441406e+00
9.080803871154785156e+00
8.672718048095703125e+00
8.264484405517578125e+00
7.856958866119384766e+00
7.450104236602783203e+00
7.044106960296630859e+00
6.639080524444580078e+00
6.235361099243164062e+00
5.833061695098876953e+00
5.432668685913085938e+00
5.034147262573242188e+00
4.637910366058349609e+00
4.243999958038330078e+00
3.852859020233154297e+00
3.464567899703979492e+00
3.079526901245117188e+00
2.697899580001831055e+00
2.319983959197998047e+00
1.946071386337280273e+00
1.576506614685058594e+00
1.211486220359802246e+00
8.512822985649108887e-01
4.963169991970062256e-01
1.467901319265365601e-01
-1.968708634376525879e-01
-5.351155996322631836e-01
-8.677946329116821289e-01
-1.194831609725952148e+00
-1.516594767570495605e+00
-1.833005309104919434e+00
-2.144131422042846680e+00
-2.450337171554565430e+00
-2.751465320587158203e+00
-3.047802686691284180e+00
-3.338594436645507812e+00
-3.626057147979736328e+00
-3.907203435897827148e+00
-4.184245586395263672e+00
-4.455680847167968750e+00
-4.723718643188476562e+00
-4.986109256744384766e+00
-5.242828845977783203e+00
-5.496825695037841797e+00
-5.745102405548095703e+00
-5.988374233245849609e+00
-6.227355480194091797e+00
-6.461270809173583984e+00
-6.690832138061523438e+00
-6.915260791778564453e+00
-7.134521961212158203e+00
-7.350063323974609375e+00
-7.559617042541503906e+00
-7.763884067535400391e+00
-7.963564872741699219e+00
-8.158615112304687500e+00
-8.347501754760742188e+00
-8.530177116394042969e+00
-8.709564208984375000e+00
-8.881894111633300781e+00
-9.049345016479492188e+00
-9.211116790771484375e+00
-9.366411209106445312e+00
-9.515911102294921875e+00
-9.658814430236816406e+00
-9.796545982360839844e+00
-9.926811218261718750e+00
-1.005177402496337891e+01
-1.016913795471191406e+01
-1.027957725524902344e+01
-1.038376617431640625e+01
-1.048014354705810547e+01
-1.056937980651855469e+01
-1.065065479278564453e+01
-1.072463512420654297e+01
-1.079131031036376953e+01
-1.084945678710937500e+01
-1.089940547943115234e+01
-1.094297027587890625e+01
-1.097899246215820312e+01
-1.100854015350341797e+01
-1.103119182586669922e+01
-1.104652976989746094e+01
-1.105635738372802734e+01
-1.106025123596191406e+01
-1.105778503417968750e+01
-1.105001640319824219e+01
-1.103577232360839844e+01
-1.101610851287841797e+01
-1.099133491516113281e+01
-1.096027469635009766e+01
-1.092546367645263672e+01
-1.088512516021728516e+01
-1.084001159667968750e+01
-1.079005146026611328e+01
-1.073495197296142578e+01
-1.067620182037353516e+01
-1.061290836334228516e+01
-1.054544353485107422e+01
-1.047380447387695312e+01
-1.039820957183837891e+01
-1.031872940063476562e+01
-1.023535442352294922e+01
-1.014830207824707031e+01
-1.005763721466064453e+01
-9.963422775268554688e+00
-9.865794181823730469e+00
-9.764814376831054688e+00
-9.660691261291503906e+00
-9.553334236145019531e+00
-9.442838668823242188e+00
-9.329535484313964844e+00
-9.213325500488281250e+00
-9.094245910644531250e+00
-8.972404479980468750e+00
-8.847859382629394531e+00
-8.720609664916992188e+00
-8.591005325317382812e+00
-8.458871841430664062e+00
-8.324110984802246094e+00
-8.187067031860351562e+00
-8.047713279724121094e+00
-7.905949115753173828e+00
-7.762117862701416016e+00
-7.616191387176513672e+00
-7.468143939971923828e+00
-7.318038463592529297e+00
-7.166308403015136719e+00
-7.013095378875732422e+00
-6.857420921325683594e+00
-6.700909614562988281e+00
-6.543105602264404297e+00
-6.382808208465576172e+00
-6.221790313720703125e+00
-6.059594631195068359e+00
-5.895763874053955078e+00
-5.731327533721923828e+00
-5.565827846527099609e+00
-5.399551868438720703e+00
-5.232042789459228516e+00
-5.063585758209228516e+00
-4.894468307495117188e+00
-4.724977970123291016e+00
-4.555400848388671875e+00
-4.385281085968017578e+00
-4.214906692504882812e+00
-4.044566631317138672e+00
-3.874547958374023438e+00
-3.703654050827026367e+00
-3.533660411834716797e+00
-3.364113569259643555e+00
-3.194561243057250977e+00
-3.026036500930786133e+00
-2.857345342636108398e+00
-2.690265417098999023e+00
-2.523602962493896484e+00
-2.358394622802734375e+00
-2.194190740585327148e+00
-2.031286001205444336e+00
-1.869975209236145020e+00
-1.709811091423034668e+00
-1.552576780319213867e+00
-1.396339774131774902e+00
-1.242141604423522949e+00
-1.091023802757263184e+00
-9.417999982833862305e-01
-7.940275073051452637e-01
-6.502369046211242676e-01
-5.107302665710449219e-01
-3.728383183479309082e-01
-2.383511066436767578e-01
-1.060873493552207947e-01
2.067469619214534760e-02
1.438575387001037598e-01
2.638964951038360596e-01
3.783065676689147949e-01
4.900160729885101318e-01
5.982899069786071777e-01
7.001626491546630859e-01
8.008417487144470215e-01
8.966162800788879395e-01
9.889758825302124023e-01
1.077179670333862305e+00
1.162714958190917969e+00
1.244838118553161621e+00
1.322804808616638184e+00
1.397354841232299805e+00
1.469970464706420898e+00
1.539159655570983887e+00
1.604915380477905273e+00
1.666486263275146484e+00
1.726834535598754883e+00
1.782976627349853516e+00
1.837128520011901855e+00
1.888532996177673340e+00
1.935687780380249023e+00
1.980804562568664551e+00
2.023120641708374023e+00
2.062615871429443359e+00
2.099267244338989258e+00
2.133050918579101562e+00
2.163940906524658203e+00
2.191910028457641602e+00
2.216928720474243164e+00
2.239709615707397461e+00
2.259476661682128906e+00
2.274709463119506836e+00
2.288344383239746094e+00
2.298114538192749023e+00
2.304723262786865234e+00
2.309615612030029297e+00
2.310519456863403320e+00
2.307390213012695312e+00
2.302410364151000977e+00
2.293303251266479492e+00
2.280018568038940430e+00
2.263991355895996094e+00
2.244425535202026367e+00
2.219779968261718750e+00
2.192970991134643555e+00
2.160968303680419922e+00
2.125198841094970703e+00
2.084858179092407227e+00
2.041369915008544922e+00
1.992441415786743164e+00
1.939542174339294434e+00
1.882109999656677246e+00
1.819630384445190430e+00
1.753816843032836914e+00
1.684152126312255859e+00
1.610860824584960938e+00
1.532680392265319824e+00
1.452062010765075684e+00
1.367740392684936523e+00
1.280678391456604004e+00
1.191094636917114258e+00
1.097720265388488770e+00
1.001514792442321777e+00
9.034367799758911133e-01
8.014712333679199219e-01
6.980605721473693848e-01
5.919311046600341797e-01
4.832942187786102295e-01
3.731034398078918457e-01
2.600822448730468750e-01
1.459255516529083252e-01
2.935508266091346741e-02
-8.867896348237991333e-02
-2.087133973836898804e-01
-3.297996222972869873e-01
-4.532190263271331787e-01
-5.772814154624938965e-01
-7.032697200775146484e-01
-8.302382230758666992e-01
-9.572418332099914551e-01
-1.087051868438720703e+00
-1.216495275497436523e+00
-1.347601652145385742e+00
-1.479428291320800781e+00
-1.611033558845520020e+00
-1.745192050933837891e+00
-1.878733515739440918e+00
-2.012947559356689453e+00
-2.148381233215332031e+00
-2.284095287322998047e+00
-2.419151544570922852e+00
-2.556328058242797852e+00
-2.692458391189575195e+00
-2.829577684402465820e+00
-2.966749906539916992e+00
-3.103782892227172852e+00
-3.241227149963378906e+00
-3.378890752792358398e+00
-3.515096426010131836e+00
-3.652625799179077148e+00
-3.790544748306274414e+00
-3.926432609558105469e+00
-4.063814163208007812e+00
-4.200269699096679688e+00
-4.336351394653320312e+00
-4.471869468688964844e+00
-4.607376575469970703e+00
-4.742682456970214844e+00
-4.877598285675048828e+00
-5.011190414428710938e+00
-5.144755840301513672e+00
-5.277360916137695312e+00
-5.408816814422607422e+00
-5.540418624877929688e+00
-5.670491218566894531e+00
-5.800329685211181641e+00
-5.928256988525390625e+00
-6.055569171905517578e+00
-6.182817459106445312e+00
-6.307581424713134766e+00
-6.431897640228271484e+00
-6.555573940277099609e+00
-6.676187038421630859e+00
-6.797258853912353516e+00
-6.916366577148437500e+00
-7.033313751220703125e+00
-7.150133609771728516e+00
-7.264400959014892578e+00
-7.377403259277343750e+00
-7.488200187683105469e+00
-7.597333431243896484e+00
-7.704604625701904297e+00
-7.809810161590576172e+00
-7.912005424499511719e+00
-8.013215065002441406e+00
-8.111748695373535156e+00
-8.207401275634765625e+00
-8.302192687988281250e+00
-8.392944335937500000e+00
-8.481673240661621094e+00
-8.568170547485351562e+00
-8.650736808776855469e+00
-8.730646133422851562e+00
-8.807682037353515625e+00
-8.881628036499023438e+00
-8.951526641845703125e+00
-9.018641471862792969e+00
-9.081268310546875000e+00
-9.140670776367187500e+00
-9.196628570556640625e+00
-9.247914314270019531e+00
-9.295694351196289062e+00
-9.340130805969238281e+00
-9.379823684692382812e+00
-9.416347503662109375e+00
-9.449264526367187500e+00
-9.478806495666503906e+00
-9.504759788513183594e+00
-9.527503013610839844e+00
-9.547039985656738281e+00
-9.563301086425781250e+00
-9.576586723327636719e+00
-9.586750030517578125e+00
-9.593940734863281250e+00
-9.598158836364746094e+00
-9.599625587463378906e+00
-9.598039627075195312e+00
-9.593696594238281250e+00
-9.586664199829101562e+00
-9.576863288879394531e+00
-9.564361572265625000e+00
-9.549224853515625000e+00
-9.531444549560546875e+00
-9.510935783386230469e+00
-9.487984657287597656e+00
-9.462356567382812500e+00
-9.434111595153808594e+00
-9.403385162353515625e+00
-9.370013236999511719e+00
-9.334052085876464844e+00
-9.295559883117675781e+00
-9.254517555236816406e+00
-9.210756301879882812e+00
-9.164627075195312500e+00
-9.115588188171386719e+00
-9.064133644104003906e+00
-9.009944915771484375e+00
-8.953144073486328125e+00
-8.893553733825683594e+00
-8.831295967102050781e+00
-8.766192436218261719e+00
-8.698285102844238281e+00
-8.627544403076171875e+00
-8.553785324096679688e+00
-8.477123260498046875e+00
-8.397299766540527344e+00
-8.314572334289550781e+00
-8.228530883789062500e+00
-8.139284133911132812e+00
-8.046715736389160156e+00
-7.950818061828613281e+00
-7.851724147796630859e+00
-7.749452590942382812e+00
-7.644316673278808594e+00
-7.536259651184082031e+00
-7.425368309020996094e+00
-7.311954021453857422e+00
-7.196026802062988281e+00
-7.077821254730224609e+00
-6.957197189331054688e+00
-6.834532737731933594e+00
-6.709686756134033203e+00
-6.582810878753662109e+00
-6.454133033752441406e+00
-6.323655605316162109e+00
-6.191527366638183594e+00
-6.057600975036621094e+00
-5.922320842742919922e+00
-5.785462379455566406e+00
-5.647394180297851562e+00
-5.507889747619628906e+00
-5.367315769195556641e+00
-5.225518226623535156e+00
-5.082714557647705078e+00
-4.938897132873535156e+00
-4.794059276580810547e+00
-4.648415565490722656e+00
-4.501958847045898438e+00
-4.354604244232177734e+00
-4.206715583801269531e+00
-4.058060169219970703e+00
-3.908776760101318359e+00
-3.759004592895507812e+00
-3.608733892440795898e+00
-3.458103179931640625e+00
-3.306954145431518555e+00
-3.155648231506347656e+00
-3.003952980041503906e+00
-2.852081537246704102e+00
-2.700098991394042969e+00
-2.547847509384155273e+00
-2.395689487457275391e+00
-2.243319749832153320e+00
-2.090877771377563477e+00
-1.938578724861145020e+00
-1.786415576934814453e+00
-1.634380340576171875e+00
-1.482689619064331055e+00
-1.331113934516906738e+00
-1.179944515228271484e+00
-1.029248833656311035e+00
-8.788676261901855469e-01
-7.286410927772521973e-01
-5.784094333648681641e-01
-4.294998049736022949e-01
-2.813074886798858643e-01
-1.324849724769592285e-01
1.459920778870582581e-02
1.620349436998367310e-01
3.081962168216705322e-01
4.529429972171783447e-01
5.983642339706420898e-01
7.428330183029174805e-01
8.862085938453674316e-01
1.028349876403808594e+00
1.169858574867248535e+00
1.309850215911865234e+00
1.448926091194152832e+00
1.586944460868835449e+00
1.723763346672058105e+00
1.859983563423156738e+00
1.994719624519348145e+00
2.128572225570678711e+00
2.260655641555786133e+00
2.390827178955078125e+00
2.520429849624633789e+00
2.647090911865234375e+00
2.775125980377197266e+00
2.899189472198486328e+00
3.022852897644042969e+00
3.144485950469970703e+00
3.264687061309814453e+00
3.382568120956420898e+00
3.498726844787597656e+00
3.613017559051513672e+00
3.725294113159179688e+00
3.836152315139770508e+00
3.944701433181762695e+00
4.050793647766113281e+00
4.154279232025146484e+00
4.256495475769042969e+00
4.355805397033691406e+00
4.452057361602783203e+00
4.546585083007812500e+00
4.639234066009521484e+00
4.727622032165527344e+00
4.814563751220703125e+00
4.897674083709716797e+00
4.979022979736328125e+00
5.056221008300781250e+00
5.131367206573486328e+00
5.202960491180419922e+00
5.271758079528808594e+00
5.337772369384765625e+00
5.400271892547607422e+00
5.460751533508300781e+00
5.518475532531738281e+00
5.573450088500976562e+00
5.625679492950439453e+00
5.675165653228759766e+00
5.722652912139892578e+00
5.768139362335205078e+00
5.811622619628906250e+00
5.852354526519775391e+00
5.891071319580078125e+00
5.927022457122802734e+00
5.960940361022949219e+00
5.992814064025878906e+00
6.022629737854003906e+00
6.050372123718261719e+00
6.076025009155273438e+00
6.100313186645507812e+00
6.121731281280517578e+00
6.141001224517822266e+00
6.158100128173828125e+00
6.173748493194580078e+00
6.187177181243896484e+00
6.199103832244873047e+00
6.208757400512695312e+00
6.216110229492187500e+00
6.221875667572021484e+00
6.225281238555908203e+00
6.226295471191406250e+00
6.225628852844238281e+00
6.222507476806640625e+00
6.217639446258544922e+00
6.210249423980712891e+00
6.201045513153076172e+00
6.190735340118408203e+00
6.176312923431396484e+00
6.160713672637939453e+00
6.142416477203369141e+00
6.122127532958984375e+00
6.099067211151123047e+00
6.073199748992919922e+00
6.045230388641357422e+00
6.015864849090576172e+00
5.983579635620117188e+00
5.947594642639160156e+00
5.910100460052490234e+00
5.869599342346191406e+00
5.826180458068847656e+00
5.780704498291015625e+00
5.732542514801025391e+00
5.682553291320800781e+00
5.629364967346191406e+00
5.575322151184082031e+00
5.518308639526367188e+00
5.460668563842773438e+00
5.400284290313720703e+00
5.338011741638183594e+00
5.273963451385498047e+00
5.208250045776367188e+00
5.142467975616455078e+00
5.073011875152587891e+00
5.003705501556396484e+00
4.932428359985351562e+00
4.860029220581054688e+00
4.788100719451904297e+00
4.713033199310302734e+00
4.637902259826660156e+00
4.561324119567871094e+00
4.484143733978271484e+00
4.405719280242919922e+00
4.326892375946044922e+00
4.247018814086914062e+00
4.166938304901123047e+00
4.086002826690673828e+00
4.004308223724365234e+00
3.921947240829467773e+00
3.839012145996093750e+00
3.755594730377197266e+00
3.671784400939941406e+00
3.587670564651489258e+00
3.503340959548950195e+00
3.418140172958374023e+00
3.332897663116455078e+00
3.246955394744873047e+00
3.161884784698486328e+00
3.075540542602539062e+00
2.989492416381835938e+00
2.902338027954101562e+00
2.816388845443725586e+00
2.729498386383056641e+00
2.642492771148681641e+00
2.554710865020751953e+00
2.466978788375854492e+00
2.380121707916259766e+00
2.291993856430053711e+00
2.204908132553100586e+00
2.116718053817749023e+00
2.028992414474487305e+00
1.941813349723815918e+00
1.853777289390563965e+00
1.765711307525634766e+00
1.677700638771057129e+00
1.590573906898498535e+00
1.502189159393310547e+00
1.414864063262939453e+00
1.327945113182067871e+00
1.240780234336853027e+00
1.153461694717407227e+00
1.066826462745666504e+00
9.802266955375671387e-01
8.937591314315795898e-01
8.067787289619445801e-01
7.208716273307800293e-01
6.346526741981506348e-01
5.497107505798339844e-01
4.639207422733306885e-01
3.788743317127227783e-01
2.946784794330596924e-01
2.106982320547103882e-01
1.270431727170944214e-01
4.456714168190956116e-02
-3.736111521720886230e-02
-1.193717420101165771e-01
-1.998645812273025513e-01
-2.802110016345977783e-01
-3.588090538978576660e-01
-4.377716481685638428e-01
-5.147523880004882812e-01
-5.926060676574707031e-01
-6.682420372962951660e-01
-7.422849535942077637e-01
-8.153590559959411621e-01
-8.880884647369384766e-01
-9.596109390258789062e-01
-1.029063940048217773e+00
-1.097814559936523438e+00
-1.165000557899475098e+00
-1.231246113777160645e+00
-1.294202804565429688e+00
-1.356724619865417480e+00
-1.417949914932250977e+00
-1.477909326553344727e+00
-1.535519123077392578e+00
-1.591850638389587402e+00
-1.645226240158081055e+00
-1.697832703590393066e+00
-1.748087644577026367e+00
-1.796348333358764648e+00
-1.842844486236572266e+00
-1.887507796287536621e+00
-1.930419802665710449e+00
-1.971661090850830078e+00
-2.011312961578369141e+00
-2.049381494522094727e+00
-2.085873126983642578e+00
-2.120942831039428711e+00
-2.154595613479614258e+00
-2.186836481094360352e+00
-2.217892885208129883e+00
-2.247619867324829102e+00
-2.276093959808349609e+00
-2.303391456604003906e+00
-2.329735755920410156e+00
-2.354754447937011719e+00
-2.378817081451416016e+00
-2.401771783828735352e+00
-2.423835992813110352e+00
-2.444854736328125000e+00
-2.464967489242553711e+00
-2.484090089797973633e+00
-2.502284288406372070e+00
-2.519609689712524414e+00
-2.536124467849731445e+00
-2.551661491394042969e+00
-2.566348075866699219e+00
-2.580161571502685547e+00
-2.593150854110717773e+00
-2.605139970779418945e+00
-2.616396188735961914e+00
-2.626738548278808594e+00
-2.635984897613525391e+00
-2.644544363021850586e+00
-2.652006864547729492e+00
-2.658554792404174805e+00
-2.664071321487426758e+00
-2.668512344360351562e+00
-2.671979427337646484e+00
-2.674277067184448242e+00
-2.675503969192504883e+00
-2.675386428833007812e+00
-2.674243450164794922e+00
-2.671680212020874023e+00
-2.667835474014282227e+00
-2.662631511688232422e+00
-2.655960798263549805e+00
-2.647810935974121094e+00
-2.638142585754394531e+00
-2.626956701278686523e+00
-2.614346265792846680e+00
-2.600329399108886719e+00
-2.584947109222412109e+00
-2.568233489990234375e+00
-2.550252199172973633e+00
-2.531031370162963867e+00
-2.510613441467285156e+00
-2.489042758941650391e+00
-2.466358423233032227e+00
-2.442611694335937500e+00
-2.417836427688598633e+00
-2.392078876495361328e+00
-2.365383625030517578e+00
-2.337799072265625000e+00
-2.309368610382080078e+00
-2.280134439468383789e+00
-2.250133275985717773e+00
-2.219407081604003906e+00
-2.187996864318847656e+00
-2.155948877334594727e+00
-2.123306274414062500e+00
-2.090110540390014648e+00
-2.056411504745483398e+00
-2.022250890731811523e+00
-1.987671494483947754e+00
-1.952723860740661621e+00
-1.917454600334167480e+00
-1.881905555725097656e+00
-1.846126794815063477e+00
-1.810161948204040527e+00
-1.774024367332458496e+00
-1.737786412239074707e+00
-1.701468467712402344e+00
-1.665105938911437988e+00
-1.628747344017028809e+00
-1.592411518096923828e+00
-1.556146144866943359e+00
-1.519975304603576660e+00
-1.483944296836853027e+00
-1.448082566261291504e+00
-1.412410616874694824e+00
-1.376962423324584961e+00
-1.341814875602722168e+00
-1.306880116462707520e+00
-1.272194385528564453e+00
-1.237815141677856445e+00
-1.203797817230224609e+00
-1.170122027397155762e+00
-1.136690616607666016e+00
-1.103850007057189941e+00
-1.071053028106689453e+00
-1.038716673851013184e+00
-1.006661891937255859e+00
-9.750058650970458984e-01
-9.435665607452392578e-01
-9.123842716217041016e-01
-8.816463351249694824e-01
-8.513163328170776367e-01
-8.212086558341979980e-01
-7.915083765983581543e-01
-7.620286941528320312e-01
-7.327310442924499512e-01
-7.038741707801818848e-01
-6.751967668533325195e-01
-6.467351317405700684e-01
-6.186003684997558594e-01
-5.906813740730285645e-01
-5.630167722702026367e-01
-5.356462597846984863e-01
-5.083137154579162598e-01
-4.812104701995849609e-01
-4.543809294700622559e-01
-4.276485741138458252e-01
-4.011362195014953613e-01
-3.748946785926818848e-01
-3.489027917385101318e-01
-3.229191005229949951e-01
-2.973734736442565918e-01
-2.719555795192718506e-01
-2.468779981136322021e-01
-2.219846844673156738e-01
-1.974197328090667725e-01
-1.732559353113174438e-01
-1.493460983037948608e-01
-1.259174793958663940e-01
-1.031260043382644653e-01
-8.053586632013320923e-02
-5.838288739323616028e-02
-3.690552711486816406e-02
-1.604756154119968414e-02
4.393428564071655273e-03
2.394880168139934540e-02
4.274229332804679871e-02
6.067277863621711731e-02
7.771170884370803833e-02
9.382899105548858643e-02
1.090675368905067444e-01
1.230232864618301392e-01
1.360478103160858154e-01
1.478024870157241821e-01
1.584819108247756958e-01
1.680575162172317505e-01
1.765751093626022339e-01
1.839321553707122803e-01
1.902494728565216064e-01
1.955743730068206787e-01
1.995834112167358398e-01
2.026974111795425415e-01
2.048925757408142090e-01
2.060722112655639648e-01
2.061412036418914795e-01
2.055263519287109375e-01
2.038388252258300781e-01
2.011375576257705688e-01
1.978549808263778687e-01
1.930880099534988403e-01
1.871245205402374268e-01
1.805516481399536133e-01
1.733641475439071655e-01
1.655586510896682739e-01
1.571337282657623291e-01
1.473466604948043823e-01
1.369426250457763672e-01
1.266683638095855713e-01
1.150427237153053284e-01
1.020719781517982483e-01
8.924967050552368164e-02
7.509775459766387939e-02
6.111124530434608459e-02
4.655619710683822632e-02
3.144192323088645935e-02
1.652073673903942108e-02
3.152487333863973618e-04
-1.642323657870292664e-02
-3.294431790709495544e-02
-4.998497292399406433e-02
-6.754049658775329590e-02
-8.486476540565490723e-02
-1.034429147839546204e-01
-1.217898279428482056e-01
-1.406521052122116089e-01
-1.592927575111389160e-01
-1.784638166427612305e-01
-1.974340975284576416e-01
-2.177049517631530762e-01
-2.378084808588027954e-01
-2.577665150165557861e-01
-2.783474624156951904e-01
-2.995690405368804932e-01
-3.214081227779388428e-01
-3.423479199409484863e-01
-3.638475835323333740e-01
-3.858836591243743896e-01
-4.076930582523345947e-01
-4.307454526424407959e-01
-4.527982175350189209e-01
-4.753273427486419678e-01
-4.975824058055877686e-01
-5.203020572662353516e-01
-5.434843301773071289e-01
-5.663862228393554688e-01
-5.890100002288818359e-01
-6.121027469635009766e-01
-6.356697678565979004e-01
-6.589743494987487793e-01
-6.835100650787353516e-01
-7.077981829643249512e-01
-7.318465113639831543e-01
-7.556625604629516602e-01
-7.799962759017944336e-01
-8.048537373542785645e-01
-8.302395343780517578e-01
-8.554137349128723145e-01
-8.818639516830444336e-01
-9.073596596717834473e-01
-9.333837628364562988e-01
-9.599299430847167969e-01
-9.869890809059143066e-01
-1.013805627822875977e+00
-1.041849851608276367e+00
-1.069616198539733887e+00
-1.097824692726135254e+00
-1.126448035240173340e+00
-1.155455589294433594e+00
-1.183326125144958496e+00
-1.212993144989013672e+00
-1.242184519767761230e+00
-1.270110487937927246e+00
-1.301922202110290527e+00
-1.331620454788208008e+00
-1.361376762390136719e+00
-1.391129970550537109e+00
-1.421558737754821777e+00
-1.451852798461914062e+00
-1.481198906898498535e+00
-1.511754155158996582e+00
-1.541214942932128906e+00
-1.570991158485412598e+00
-1.599519968032836914e+00
-1.627468824386596680e+00
-1.656248927116394043e+00
-1.684298276901245117e+00
-1.712284326553344727e+00
-1.738646030426025391e+00
-1.764795422554016113e+00
-1.791402697563171387e+00
-1.816167354583740234e+00
-1.840505957603454590e+00
-1.864351868629455566e+00
-1.886897444725036621e+00
-1.908824563026428223e+00
-1.930074810981750488e+00
-1.950593471527099609e+00
-1.969586253166198730e+00
-1.987749099731445312e+00
-2.005038976669311523e+00
-2.022159576416015625e+00
-2.038332939147949219e+00
-2.052042484283447266e+00
-2.065490722656250000e+00
-2.078655481338500977e+00
-2.089586734771728516e+00
-2.100573778152465820e+00
-2.111235380172729492e+00
-2.120077848434448242e+00
-2.128510475158691406e+00
-2.136087417602539062e+00
-2.143033742904663086e+00
-2.148983716964721680e+00
-2.154390335083007812e+00
-2.158817291259765625e+00
-2.162868976593017578e+00
-2.166333913803100586e+00
-2.169224500656127930e+00
-2.171551704406738281e+00
-2.173475503921508789e+00
-2.174932003021240234e+00
-2.176152944564819336e+00
-2.176922082901000977e+00
-2.177466630935668945e+00
-2.177713155746459961e+00
-2.177660703659057617e+00
-2.177525758743286133e+00
-2.177075386047363281e+00
-2.176518201828002930e+00
-2.175759792327880859e+00
-2.174850463867187500e+00
-2.173684597015380859e+00
-2.172384262084960938e+00
-2.170952796936035156e+00
-2.169322252273559570e+00
-2.167716264724731445e+00
-2.166053533554077148e+00
-2.164322137832641602e+00
-2.162502765655517578e+00
-2.160644531250000000e+00
-2.158864259719848633e+00
-2.156902074813842773e+00
-2.155011653900146484e+00
-2.152846813201904297e+00
-2.150725603103637695e+00
-2.148365497589111328e+00
-2.145852565765380859e+00
-2.143119335174560547e+00
-2.139946222305297852e+00
-2.136631488800048828e+00
-2.132875442504882812e+00
-2.128674745559692383e+00
-2.123949050903320312e+00
-2.118618965148925781e+00
-2.112752199172973633e+00
-2.106120347976684570e+00
-2.098793268203735352e+00
-2.090693712234497070e+00
-2.081671953201293945e+00
-2.071805238723754883e+00
-2.061024665832519531e+00
-2.049190998077392578e+00
-2.036318302154541016e+00
-2.022351264953613281e+00
-2.007314443588256836e+00
-1.991088986396789551e+00
-1.973711133003234863e+00
-1.955148935317993164e+00
-1.935451865196228027e+00
-1.914452791213989258e+00
-1.892363190650939941e+00
-1.869030356407165527e+00
-1.844605326652526855e+00
-1.819023489952087402e+00
-1.792227149009704590e+00
-1.764387965202331543e+00
-1.735610246658325195e+00
-1.705706596374511719e+00
-1.674867272377014160e+00
-1.643288254737854004e+00
-1.610798358917236328e+00
-1.577453970909118652e+00
-1.543544769287109375e+00
-1.509017944335937500e+00
-1.473978042602539062e+00
-1.438606023788452148e+00
-1.403009891510009766e+00
-1.367223858833312988e+00
-1.331504583358764648e+00
-1.295885205268859863e+00
-1.260545492172241211e+00
-1.225365638732910156e+00
-1.190668463706970215e+00
-1.156475424766540527e+00
-1.122803568840026855e+00
-1.089961767196655273e+00
-1.057806730270385742e+00
-1.026486158370971680e+00
-9.960662126541137695e-01
-9.666794538497924805e-01
-9.383018612861633301e-01
-9.110491871833801270e-01
-8.848056197166442871e-01
-8.596689701080322266e-01
-8.355789184570312500e-01
-8.126887083053588867e-01
-7.909190654754638672e-01
-7.703295946121215820e-01
-7.507477998733520508e-01
-7.321402430534362793e-01
-7.146133780479431152e-01
-6.978188753128051758e-01
-6.820691227912902832e-01
-6.669998764991760254e-01
-6.526855826377868652e-01
-6.390455365180969238e-01
-6.257701516151428223e-01
-6.129906773567199707e-01
-6.006111502647399902e-01
-5.883092284202575684e-01
-5.761314034461975098e-01
-5.639742612838745117e-01
-5.515849590301513672e-01
-5.390827655792236328e-01
-5.260679125785827637e-01
-5.126633048057556152e-01
-4.986239075660705566e-01
-4.839318096637725830e-01
-4.684260189533233643e-01
-4.520261287689208984e-01
-4.347334802150726318e-01
-4.163345694541931152e-01
0.000000000000000000e+00
0.000000000000000000e+00
0.000000000000000000e+00
0.000000000000000000e+00
0.000000000000000000e+00
0.000000000000000000e+00
0.000000000000000000e+00
0.000000000000000000e+00
0.000000000000000000e+00
0.000000000000000000e+00
0.000000000000000000e+00
0.000000000000000000e+00
0.000000000000000000e+00
0.000000000000000000e+00
0.000000000000000000e+00
0.000000000000000000e+00
0.000000000000000000e+00
0.000000000000000000e+00
0.000000000000000000e+00
0.000000000000000000e+00
0.000000000000000000e+00
0.000000000000000000e+00
0.000000000000000000e+00
0.000000000000000000e+00
0.000000000000000000e+00
0.000000000000000000e+00
0.000000000000000000e+00
0.000000000000000000e+00
0.000000000000000000e+00
0.000000000000000000e+00
0.000000000000000000e+00
0.000000000000000000e+00
0.000000000000000000e+00
0.000000000000000000e+00
0.000000000000000000e+00
0.000000000000000000e+00
0.000000000000000000e+00
0.000000000000000000e+00
0.000000000000000000e+00
0.000000000000000000e+00
0.000000000000000000e+00
0.000000000000000000e+00
0.000000000000000000e+00
0.000000000000000000e+00
0.000000000000000000e+00
0.000000000000000000e+00
0.000000000000000000e+00
0.000000000000000000e+00
0.000000000000000000e+00
0.000000000000000000e+00
0.000000000000000000e+00
0.000000000000000000e+00
0.000000000000000000e+00
0.000000000000000000e+00
0.000000000000000000e+00
0.000000000000000000e+00
0.000000000000000000e+00
0.000000000000000000e+00
0.000000000000000000e+00
0.000000000000000000e+00
0.000000000000000000e+00
0.000000000000000000e+00
0.000000000000000000e+00
0.000000000000000000e+00
0.000000000000000000e+00
0.000000000000000000e+00
0.000000000000000000e+00
0.000000000000000000e+00
0.000000000000000000e+00
0.000000000000000000e+00
0.000000000000000000e+00
0.000000000000000000e+00
0.000000000000000000e+00
0.000000000000000000e+00
0.000000000000000000e+00
0.000000000000000000e+00
0.000000000000000000e+00
0.000000000000000000e+00
0.000000000000000000e+00
0.000000000000000000e+00
0.000000000000000000e+00
0.000000000000000000e+00
0.000000000000000000e+00
0.000000000000000000e+00
0.000000000000000000e+00
0.000000000000000000e+00
0.000000000000000000e+00
0.000000000000000000e+00
0.000000000000000000e+00
0.000000000000000000e+00
0.000000000000000000e+00
0.000000000000000000e+00
0.000000000000000000e+00
0.000000000000000000e+00
0.000000000000000000e+00
0.000000000000000000e+00
0.000000000000000000e+00
0.000000000000000000e+00
0.000000000000000000e+00
0.000000000000000000e+00
