# tt
1.075569580078125000e+03
1.012726196289062500e+03
9.526699218750000000e+02
9.077459716796875000e+02
8.771466674804687500e+02
8.578908081054687500e+02
8.465676879882812500e+02
8.414305419921875000e+02
8.407674560546875000e+02
8.429164428710937500e+02
8.483970947265625000e+02
8.555479125976562500e+02
8.634696655273437500e+02
8.725723266601562500e+02
8.833814086914062500e+02
8.958723144531250000e+02
9.091307373046875000e+02
9.239902343750000000e+02
9.387518920898437500e+02
9.536619262695312500e+02
9.689150390625000000e+02
9.844112548828125000e+02
1.000331726074218750e+03
1.016714111328125000e+03
1.033421386718750000e+03
1.050576904296875000e+03
1.067924072265625000e+03
1.085581420898437500e+03
1.103529785156250000e+03
1.121568969726562500e+03
1.139862304687500000e+03
1.158425170898437500e+03
1.177146728515625000e+03
1.196153808593750000e+03
1.215483642578125000e+03
1.234950317382812500e+03
1.254649902343750000e+03
1.274619873046875000e+03
1.294715698242187500e+03
1.315145874023437500e+03
1.335674682617187500e+03
1.356419677734375000e+03
1.377201293945312500e+03
1.398359985351562500e+03
1.419799804687500000e+03
1.441389160156250000e+03
1.463079589843750000e+03
1.484971801757812500e+03
1.507315063476562500e+03
1.529904052734375000e+03
1.552945556640625000e+03
1.576043212890625000e+03
1.599097778320312500e+03
1.622307617187500000e+03
1.645880126953125000e+03
1.669763183593750000e+03
1.693988647460937500e+03
1.718439331054687500e+03
1.743146728515625000e+03
1.768431640625000000e+03
1.793689331054687500e+03
1.819124267578125000e+03
1.845015380859375000e+03
1.870972900390625000e+03
1.897277832031250000e+03
1.923775268554687500e+03
1.950759521484375000e+03
1.978003540039062500e+03
2.005652587890625000e+03
2.033557495117187500e+03
2.061732177734375000e+03
2.090119628906250000e+03
2.118736572265625000e+03
2.147674560546875000e+03
2.176872070312500000e+03
2.206397705078125000e+03
2.236316894531250000e+03
2.266470703125000000e+03
2.296998779296875000e+03
2.327817382812500000e+03
2.358996826171875000e+03
2.390458251953125000e+03
2.422272216796875000e+03
2.454286376953125000e+03
2.486571533203125000e+03
2.519350585937500000e+03
2.552177490234375000e+03
2.585424804687500000e+03
2.618944335937500000e+03
2.652661132812500000e+03
2.686721923828125000e+03
2.721123535156250000e+03
2.755640136718750000e+03
2.790492187500000000e+03
2.825379394531250000e+03
2.860744628906250000e+03
2.896362548828125000e+03
2.932081298828125000e+03
2.968121093750000000e+03
3.004330322265625000e+03
3.041077880859375000e+03
3.077766357421875000e+03
3.114690673828125000e+03
3.151772705078125000e+03
3.189084716796875000e+03
3.226326416015625000e+03
3.263940673828125000e+03
3.301701904296875000e+03
3.339532958984375000e+03
3.377505859375000000e+03
3.415619140625000000e+03
3.453946044921875000e+03
3.492337402343750000e+03
3.530940917968750000e+03
3.569532714843750000e+03
3.608408935546875000e+03
3.647420166015625000e+03
3.686416748046875000e+03
3.725546875000000000e+03
3.764660644531250000e+03
3.803831542968750000e+03
3.843059082031250000e+03
3.882341552734375000e+03
3.921604492187500000e+03
3.960921142578125000e+03
4.000216064453125000e+03
4.039488525390625000e+03
4.078812255859375000e+03
4.118111328125000000e+03
4.157385253906250000e+03
4.196702636718750000e+03
4.235910644531250000e+03
4.275078125000000000e+03
4.314199707031250000e+03
4.353121582031250000e+03
4.391987304687500000e+03
4.430717285156250000e+03
4.469158203125000000e+03
4.507601562500000000e+03
4.545745605468750000e+03
4.583807128906250000e+03
4.621707031250000000e+03
4.659291992187500000e+03
4.696631347656250000e+03
4.733942382812500000e+03
4.770773437500000000e+03
4.807343261718750000e+03
4.843721191406250000e+03
4.879677734375000000e+03
4.915358886718750000e+03
4.950612304687500000e+03
4.985584472656250000e+03
5.020200683593750000e+03
5.054458007812500000e+03
5.088206054687500000e+03
5.121740722656250000e+03
5.154836425781250000e+03
5.187492675781250000e+03
5.219780273437500000e+03
5.251698730468750000e+03
5.283171875000000000e+03
5.314345703125000000e+03
5.344921875000000000e+03
5.375195800781250000e+03
5.405016113281250000e+03
5.434457031250000000e+03
5.463292480468750000e+03
5.491669921875000000e+03
5.519587890625000000e+03
5.546895019531250000e+03
5.573664550781250000e+03
5.599820800781250000e+03
5.625509765625000000e+03
5.650655761718750000e+03
5.675108886718750000e+03
5.699017578125000000e+03
5.722307128906250000e+03
5.744977050781250000e+03
5.767177246093750000e+03
5.788683593750000000e+03
5.809570312500000000e+03
5.829764160156250000e+03
5.849412109375000000e+03
5.868441406250000000e+03
5.886479492187500000e+03
5.904194824218750000e+03
5.921217285156250000e+03
5.937470703125000000e+03
5.953402343750000000e+03
5.968268554687500000e+03
5.982589355468750000e+03
5.996142089843750000e+03
6.009149414062500000e+03
6.021387695312500000e+03
6.032858398437500000e+03
6.043708984375000000e+03
6.053866210937500000e+03
6.063328613281250000e+03
6.072096679687500000e+03
6.080097167968750000e+03
6.087405273437500000e+03
6.093950683593750000e+03
6.099661132812500000e+03
6.104687011718750000e+03
6.108883300781250000e+03
6.112400390625000000e+03
6.115019042968750000e+03
6.116889648437500000e+03
6.118014648437500000e+03
6.118396484375000000e+03
6.117889648437500000e+03
6.116719726562500000e+03
6.114740234375000000e+03
6.112028320312500000e+03
6.108511230468750000e+03
6.104342285156250000e+03
6.099373046875000000e+03
6.093682128906250000e+03
6.087271484375000000e+03
6.080143066406250000e+03
6.072300781250000000e+03
6.063597167968750000e+03
6.054333007812500000e+03
6.044287109375000000e+03
6.033537597656250000e+03
6.022011230468750000e+03
6.009859863281250000e+03
5.997012207031250000e+03
5.983396484375000000e+03
5.969013671875000000e+03
5.954017089843750000e+03
5.938333984375000000e+03
5.921817871093750000e+03
5.904694824218750000e+03
5.886818847656250000e+03
5.868266113281250000e+03
5.849040527343750000e+03
5.829217285156250000e+03
5.808577636718750000e+03
5.787419921875000000e+03
5.765599121093750000e+03
5.743117187500000000e+03
5.719976562500000000e+03
5.696180664062500000e+03
5.671805175781250000e+03
5.646854003906250000e+03
5.621253906250000000e+03
5.595156738281250000e+03
5.568416503906250000e+03
5.541183593750000000e+03
5.513239257812500000e+03
5.484957031250000000e+03
5.456042968750000000e+03
5.426573730468750000e+03
5.396626464843750000e+03
5.366204589843750000e+03
5.335236328125000000e+03
5.303798828125000000e+03
5.271969238281250000e+03
5.239602050781250000e+03
5.206698730468750000e+03
5.173635742187500000e+03
5.139968750000000000e+03
5.105774902343750000e+03
5.071280273437500000e+03
5.036263671875000000e+03
5.000878417968750000e+03
4.964977050781250000e+03
4.928860351562500000e+03
4.892307617187500000e+03
4.855544921875000000e+03
4.818352050781250000e+03
4.780879882812500000e+03
4.743057617187500000e+03
4.705035644531250000e+03
4.666594238281250000e+03
4.627959472656250000e+03
4.589058593750000000e+03
4.549895996093750000e+03
4.510621582031250000e+03
4.470940429687500000e+03
4.431154296875000000e+03
4.391189941406250000e+03
4.351050781250000000e+03
4.310664550781250000e+03
4.270108886718750000e+03
4.229460449218750000e+03
4.188647460937500000e+03
4.147747558593750000e+03
4.106762207031250000e+03
4.065397460937500000e+03
4.024250732421875000e+03
3.982878173828125000e+03
3.941654541015625000e+03
3.900210937500000000e+03
3.858772460937500000e+03
3.817193115234375000e+03
3.775698974609375000e+03
3.734143554687500000e+03
3.692604003906250000e+03
3.651153808593750000e+03
3.609718994140625000e+03
3.568299072265625000e+03
3.526968017578125000e+03
3.485651611328125000e+03
3.444423339843750000e+03
3.403283203125000000e+03
3.362305175781250000e+03
3.321340087890625000e+03
3.280536621093750000e+03
3.239894287109375000e+03
3.199338378906250000e+03
3.158942871093750000e+03
3.118707519531250000e+03
3.078632080078125000e+03
3.038716308593750000e+03
2.998959228515625000e+03
2.959435791015625000e+03
2.920144775390625000e+03
2.881012207031250000e+03
2.842111572265625000e+03
2.803442382812500000e+03
2.765005126953125000e+03
2.726873046875000000e+03
2.688897216796875000e+03
2.651226074218750000e+03
2.613859130859375000e+03
2.576721923828125000e+03
2.539887939453125000e+03
2.503431640625000000e+03
2.467203369140625000e+03
2.431277832031250000e+03
2.395728271484375000e+03
2.360406250000000000e+03
2.325459472656250000e+03
2.290887939453125000e+03
2.256616699218750000e+03
2.222793945312500000e+03
2.189270996093750000e+03
2.156046875000000000e+03
2.123270263671875000e+03
2.090866210937500000e+03
2.058908691406250000e+03
2.027248779296875000e+03
1.996034423828125000e+03
1.965191406250000000e+03
1.934792968750000000e+03
1.904764770507812500e+03
1.875180664062500000e+03
1.846188720703125000e+03
1.817415039062500000e+03
1.789154907226562500e+03
1.761256835937500000e+03
1.733867675781250000e+03
1.706910644531250000e+03
1.680383422851562500e+03
1.654358032226562500e+03
1.628683593750000000e+03
1.603506103515625000e+03
1.578749511718750000e+03
1.554485473632812500e+03
1.530637451171875000e+03
1.507277587890625000e+03
1.484329345703125000e+03
1.461864624023437500e+03
1.439881225585937500e+03
1.418228393554687500e+03
1.397201049804687500e+03
1.376573974609375000e+03
1.356345214843750000e+03
1.336586547851562500e+03
1.317295898437500000e+03
1.298471069335937500e+03
1.280035644531250000e+03
1.262135986328125000e+03
1.244695556640625000e+03
1.227637817382812500e+03
1.211035034179687500e+03
1.194959472656250000e+03
1.179260131835937500e+03
1.163935058593750000e+03
1.149130493164062500e+03
1.134844482421875000e+03
1.120851806640625000e+03
1.107373535156250000e+03
1.094258666992187500e+03
1.081579467773437500e+03
1.069333862304687500e+03
1.057519775390625000e+03
1.046135009765625000e+03
1.035103149414062500e+03
1.024570800781250000e+03
1.014387145996093750e+03
1.004550109863281250e+03
9.952062988281250000e+02
9.861306762695312500e+02
9.775440063476562500e+02
9.692956542968750000e+02
9.613835449218750000e+02
9.538802490234375000e+02
9.467851562500000000e+02
9.400236206054687500e+02
9.335955200195312500e+02
9.275748291015625000e+02
9.218126831054687500e+02
9.164575195312500000e+02
9.114346923828125000e+02
9.068184204101562500e+02
9.024596557617187500e+02
8.985068969726562500e+02
8.948112182617187500e+02
8.914467773437500000e+02
8.883390502929687500e+02
8.856364135742187500e+02
8.831900024414062500e+02
8.809996948242187500e+02
8.791394653320312500e+02
8.776093750000000000e+02
8.763346557617187500e+02
8.753895874023437500e+02
8.746995239257812500e+02
8.741901855468750000e+02
8.739356689453125000e+02
8.740100708007812500e+02
8.743389282226562500e+02
8.748477783203125000e+02
8.756107788085937500e+02
8.765535888671875000e+02
8.778246459960937500e+02
8.792752075195312500e+02
8.808307495117187500e+02
8.827142944335937500e+02
8.847026977539062500e+02
8.868702392578125000e+02
8.892910156250000000e+02
8.918906860351562500e+02
8.945949707031250000e+02
8.975522460937500000e+02
9.006139526367187500e+02
9.038543701171875000e+02
9.071246337890625000e+02
9.106478271484375000e+02
9.142751464843750000e+02
9.180067138671875000e+02
9.217679443359375000e+02
9.257075195312500000e+02
9.296768798828125000e+02
9.338245849609375000e+02
9.380761108398437500e+02
9.423578491210937500e+02
9.466723632812500000e+02
9.511712646484375000e+02
9.556350097656250000e+02
9.601408691406250000e+02
9.648406982421875000e+02
9.694403686523437500e+02
9.741658935546875000e+02
9.789461059570312500e+02
9.837842407226562500e+02
9.886090698242187500e+02
9.934979858398437500e+02
9.983796997070312500e+02
1.003257629394531250e+03
1.008134765625000000e+03
1.013088378906250000e+03
1.018121704101562500e+03
1.023089111328125000e+03
1.028068237304687500e+03
1.033136230468750000e+03
1.037999267578125000e+03
1.043031616210937500e+03
1.048013671875000000e+03
1.053022827148437500e+03
1.058061889648437500e+03
1.062985595703125000e+03
1.067871337890625000e+03
1.072796142578125000e+03
1.077689086914062500e+03
1.082553100585937500e+03
1.087391113281250000e+03
1.092280639648437500e+03
1.097001831054687500e+03
1.101631958007812500e+03
1.106396850585937500e+03
1.111076782226562500e+03
1.115674560546875000e+03
1.120193359375000000e+03
1.124710693359375000e+03
1.129229248046875000e+03
1.133529052734375000e+03
1.137910766601562500e+03
1.142228393554687500e+03
1.146485107421875000e+03
1.150609375000000000e+03
1.154678833007812500e+03
1.158696411132812500e+03
1.162664794921875000e+03
1.166661621093750000e+03
1.170541015625000000e+03
1.174231811523437500e+03
1.178033569335937500e+03
1.181651977539062500e+03
1.185163696289062500e+03
1.188794189453125000e+03
1.192174804687500000e+03
1.195604858398437500e+03
1.198864379882812500e+03
1.202104370117187500e+03
1.205178833007812500e+03
1.208312988281250000e+03
1.211286865234375000e+03
1.214251464843750000e+03
1.217134765625000000e+03
1.219939575195312500e+03
1.222668457031250000e+03
1.225249389648437500e+03
1.227833740234375000e+03
1.230423706054687500e+03
1.232873535156250000e+03
1.235185546875000000e+03
1.237436523437500000e+03
1.239703369140625000e+03
1.241914184570312500e+03
1.243922729492187500e+03
1.245954589843750000e+03
1.248086303710937500e+03
1.250023315429687500e+03
1.251916625976562500e+03
1.253694213867187500e+03
1.255655883789062500e+03
1.257358032226562500e+03
1.259026245117187500e+03
1.260662841796875000e+03
1.262270141601562500e+03
1.263850463867187500e+03
1.265480712890625000e+03
1.266940185546875000e+03
1.268454101562500000e+03
1.269950683593750000e+03
1.271358032226562500e+03
1.272826904296875000e+03
1.274210937500000000e+03
1.275661254882812500e+03
1.277031494140625000e+03
1.278472656250000000e+03
1.279838500976562500e+03
1.281279663085937500e+03
1.282724243164062500e+03
1.284174682617187500e+03
1.285706787109375000e+03
1.287170654296875000e+03
1.288713134765625000e+03
1.290257690429687500e+03
1.291802734375000000e+03
1.293346191406250000e+03
1.294960449218750000e+03
1.296569213867187500e+03
1.298170532226562500e+03
1.299911254882812500e+03
1.301491943359375000e+03
1.303282470703125000e+03
1.305057861328125000e+03
1.306890258789062500e+03
1.308703735351562500e+03
1.310570556640625000e+03
1.312488769531250000e+03
1.314456298828125000e+03
1.316397094726562500e+03
1.318457641601562500e+03
1.320487670898437500e+03
1.322559082031250000e+03
1.324744750976562500e+03
1.326968139648437500e+03
1.329227294921875000e+03
1.331594726562500000e+03
1.333919921875000000e+03
1.336349365234375000e+03
1.338881347656250000e+03
1.341513793945312500e+03
1.344021850585937500e+03
1.346701049804687500e+03
1.349474853515625000e+03
1.352341552734375000e+03
1.355299194335937500e+03
1.358271362304687500e+03
1.361405029296875000e+03
1.364549560546875000e+03
1.367777343750000000e+03
1.371086425781250000e+03
1.374549438476562500e+03
1.378089843750000000e+03
1.381706054687500000e+03
1.385321533203125000e+03
1.389083251953125000e+03
1.393063476562500000e+03
1.397111816406250000e+03
1.401449218750000000e+03
1.405776611328125000e+03
1.410166381835937500e+03
1.414690185546875000e+03
1.419343505859375000e+03
1.424046264648437500e+03
1.429016113281250000e+03
1.434024536132812500e+03
1.439214721679687500e+03
1.444283935546875000e+03
1.449672729492187500e+03
1.455226806640625000e+03
1.460792358398437500e+03
1.466512329101562500e+03
1.472381469726562500e+03
1.478245605468750000e+03
1.484322143554687500e+03
1.490457275390625000e+03
1.496719726562500000e+03
1.503178344726562500e+03
1.509679199218750000e+03
1.516216918945312500e+03
1.523008911132812500e+03
1.529752563476562500e+03
1.536665527343750000e+03
1.543742431640625000e+03
1.550828979492187500e+03
1.557994506835937500e+03
1.565307739257812500e+03
1.572763427734375000e+03
1.580281860351562500e+03
1.587932006835937500e+03
1.595560058593750000e+03
1.603309082031250000e+03
1.611248168945312500e+03
1.619149291992187500e+03
1.627229980468750000e+03
1.635410522460937500e+03
1.643537109375000000e+03
1.651827514648437500e+03
1.660202148437500000e+03
1.668655761718750000e+03
1.677182983398437500e+03
1.685778808593750000e+03
1.694363647460937500e+03
1.703080810546875000e+03
1.711925415039062500e+03
1.720743408203125000e+03
1.729604003906250000e+03
1.738650756835937500e+03
1.747580932617187500e+03
1.756687255859375000e+03
1.765815551757812500e+03
1.774961059570312500e+03
1.784119750976562500e+03
1.793436645507812500e+03
1.802685180664062500e+03
1.811936035156250000e+03
1.821334228515625000e+03
1.830727539062500000e+03
1.840037841796875000e+03
1.849558715820312500e+03
1.859063964843750000e+03
1.868549682617187500e+03
1.878086669921875000e+03
1.887597045898437500e+03
1.897151489257812500e+03
1.906672241210937500e+03
1.916229858398437500e+03
1.925820678710937500e+03
1.935292968750000000e+03
1.944939819335937500e+03
1.954460937500000000e+03
1.964075561523437500e+03
1.973557006835937500e+03
1.983124755859375000e+03
1.992626953125000000e+03
2.002133789062500000e+03
2.011567871093750000e+03
2.021000122070312500e+03
2.030426513671875000e+03
2.039769531250000000e+03
2.049174072265625000e+03
2.058488281250000000e+03
2.067708740234375000e+03
2.076979980468750000e+03
2.086076171875000000e+03
2.095067871093750000e+03
2.104025878906250000e+03
2.113020996093750000e+03
2.121826904296875000e+03
2.130588378906250000e+03
2.139228515625000000e+03
2.147817138671875000e+03
2.156277099609375000e+03
2.164678955078125000e+03
2.172870605468750000e+03
2.181072021484375000e+03
2.189130371093750000e+03
2.197042480468750000e+03
2.204804931640625000e+03
2.212414550781250000e+03
2.219941894531250000e+03
2.227310058593750000e+03
2.234520263671875000e+03
2.241574462890625000e+03
2.248474365234375000e+03
2.255147705078125000e+03
2.261744873046875000e+03
2.268119384765625000e+03
2.274496093750000000e+03
2.280579589843750000e+03
2.286594726562500000e+03
2.292395263671875000e+03
2.298056884765625000e+03
2.303656250000000000e+03
2.308897460937500000e+03
2.314080566406250000e+03
2.319132568359375000e+03
2.323981201171875000e+03
2.328628417968750000e+03
2.333150878906250000e+03
2.337401367187500000e+03
2.341679199218750000e+03
2.345614990234375000e+03
2.349433349609375000e+03
2.353062011718750000e+03
2.356502929687500000e+03
2.359832031250000000e+03
2.362903076171875000e+03
2.365792236328125000e+03
2.368501220703125000e+03
2.370957519531250000e+03
2.373386230468750000e+03
2.375491943359375000e+03
2.377499511718750000e+03
2.379261962890625000e+03
2.380855468750000000e+03
2.382133544921875000e+03
2.383321044921875000e+03
2.384196777343750000e+03
2.384910644531250000e+03
2.385391113281250000e+03
2.385713867187500000e+03
2.385806396484375000e+03
2.385670410156250000e+03
2.385382324218750000e+03
2.384794921875000000e+03
2.383910400390625000e+03
2.382804443359375000e+03
2.381553466796875000e+03
2.380084716796875000e+03
2.378325683593750000e+03
2.376353027343750000e+03
2.374171875000000000e+03
2.371713867187500000e+03
2.368984130859375000e+03
2.366137939453125000e+03
2.362883056640625000e+03
2.359597167968750000e+03
2.355914306640625000e+03
2.352137207031250000e+03
2.348048828125000000e+03
2.343729248046875000e+03
2.339332763671875000e+03
2.334567626953125000e+03
2.329662353515625000e+03
2.324474365234375000e+03
2.319157470703125000e+03
2.313569091796875000e+03
2.307788574218750000e+03
2.301822265625000000e+03
2.295600830078125000e+03
2.289204589843750000e+03
2.282564697265625000e+03
2.275760986328125000e+03
2.268724365234375000e+03
2.261609619140625000e+03
2.254124511718750000e+03
2.246498046875000000e+03
2.238884033203125000e+03
2.230842285156250000e+03
2.222675292968750000e+03
2.214388671875000000e+03
2.205839355468750000e+03
2.197181640625000000e+03
2.188346435546875000e+03
2.179264648437500000e+03
2.170091064453125000e+03
2.160681640625000000e+03
2.151116455078125000e+03
2.141401611328125000e+03
2.131615722656250000e+03
2.121616455078125000e+03
2.111482910156250000e+03
2.101146484375000000e+03
2.090612548828125000e+03
2.079960449218750000e+03
2.069344726562500000e+03
2.058398681640625000e+03
2.047350830078125000e+03
2.036206176757812500e+03
2.024970581054687500e+03
2.013574340820312500e+03
2.001947631835937500e+03
1.990391357421875000e+03
1.978612548828125000e+03
1.966837890625000000e+03
1.954848388671875000e+03
1.942722290039062500e+03
1.930463500976562500e+03
1.918224609375000000e+03
1.905786376953125000e+03
1.893227294921875000e+03
1.880625366210937500e+03
1.867910278320312500e+03
1.855234008789062500e+03
1.842378173828125000e+03
1.829346191406250000e+03
1.816290771484375000e+03
1.803289672851562500e+03
1.790124023437500000e+03
1.776946289062500000e+03
1.763611450195312500e+03
1.750272216796875000e+03
1.736857788085937500e+03
1.723297607421875000e+03
1.709818603515625000e+03
1.696201416015625000e+03
1.682524291992187500e+03
1.668939331054687500e+03
1.655227661132812500e+03
1.641541503906250000e+03
1.627810302734375000e+03
1.614037719726562500e+03
1.600301879882812500e+03
1.586458007812500000e+03
1.572732421875000000e+03
1.558832031250000000e+03
1.545057495117187500e+03
1.531264038085937500e+03
1.517380981445312500e+03
1.503635131835937500e+03
1.489881469726562500e+03
1.476123779296875000e+03
1.462440063476562500e+03
1.448685424804687500e+03
1.435086669921875000e+03
1.421572875976562500e+03
1.408147949218750000e+03
1.394741333007812500e+03
1.381282348632812500e+03
1.368072143554687500e+03
1.354816284179687500e+03
1.341662719726562500e+03
1.328610351562500000e+03
1.315583251953125000e+03
1.302580078125000000e+03
1.289822509765625000e+03
1.277011962890625000e+03
1.264295532226562500e+03
1.251671997070312500e+03
1.239214355468750000e+03
1.226772583007812500e+03
1.214419555664062500e+03
1.202154052734375000e+03
1.189974731445312500e+03
1.177731567382812500e+03
1.165943481445312500e+03
1.154014648437500000e+03
1.142240966796875000e+03
1.130546875000000000e+03
1.118931030273437500e+03
1.107466430664062500e+03
1.096077514648437500e+03
1.084763061523437500e+03
1.073595825195312500e+03
1.062500366210937500e+03
1.051475585937500000e+03
1.040742797851562500e+03
1.029929687500000000e+03
1.019331665039062500e+03
1.008873535156250000e+03
9.984796752929687500e+02
9.882230224609375000e+02
9.781768188476562500e+02
9.681168212890625000e+02
9.581905517578125000e+02
9.484710083007812500e+02
9.388082885742187500e+02
9.294241943359375000e+02
9.199461059570312500e+02
9.107442626953125000e+02
9.017431030273437500e+02
8.928673706054687500e+02
8.840414428710937500e+02
8.754871215820312500e+02
8.669804077148437500e+02
8.586686401367187500e+02
8.504764404296875000e+02
8.425514526367187500e+02
8.347437744140625000e+02
8.270524291992187500e+02
8.196242675781250000e+02
8.123067626953125000e+02
8.050210571289062500e+02
7.981342163085937500e+02
7.912702026367187500e+02
7.845730590820312500e+02
7.781126708984375000e+02
7.718845214843750000e+02
7.657355957031250000e+02
7.596613159179687500e+02
7.538060302734375000e+02
7.480908203125000000e+02
7.422884521484375000e+02
7.369889526367187500e+02
7.316677856445312500e+02
7.266176757812500000e+02
7.216114501953125000e+02
7.168676757812500000e+02
7.122332763671875000e+02
7.077039794921875000e+02
7.034241333007812500e+02
6.991663208007812500e+02
6.950749511718750000e+02
6.911457519531250000e+02
6.874486694335937500e+02
6.837565307617187500e+02
6.802880249023437500e+02
6.769645996093750000e+02
6.737076416015625000e+02
6.706615600585937500e+02
6.676735229492187500e+02
6.648879394531250000e+02
6.622262573242187500e+02
6.596843261718750000e+02
6.572579345703125000e+02
6.550173339843750000e+02
6.528095703125000000e+02
6.507792358398437500e+02
6.489221191406250000e+02
6.470855712890625000e+02
6.454139404296875000e+02
6.438289184570312500e+02
6.424749755859375000e+02
6.411994018554687500e+02
6.399981079101562500e+02
6.389414062500000000e+02
6.379508056640625000e+02
6.369479370117187500e+02
6.362260742187500000e+02
6.355582275390625000e+02
6.350148315429687500e+02
6.345927124023437500e+02
6.342145385742187500e+02
6.339517211914062500e+02
6.337268676757812500e+02
6.336114501953125000e+02
6.336766967773437500e+02
6.336968383789062500e+02
6.339660644531250000e+02
6.342586059570312500e+02
6.345714721679687500e+02
6.350504150390625000e+02
6.356181030273437500e+02
6.362717285156250000e+02
6.369340820312500000e+02
6.377507934570312500e+02
6.385703735351562500e+02
6.394643554687500000e+02
6.405040283203125000e+02
6.416123046875000000e+02
6.427119140625000000e+02
6.438743896484375000e+02
6.450968017578125000e+02
6.464506225585937500e+02
6.478587646484375000e+02
6.493182373046875000e+02
6.508262939453125000e+02
6.523057250976562500e+02
6.539766845703125000e+02
6.556133422851562500e+02
6.572872314453125000e+02
6.589954833984375000e+02
6.608095703125000000e+02
6.625780639648437500e+02
6.644467773437500000e+02
6.662642211914062500e+02
6.681018676757812500e+02
6.700312500000000000e+02
6.719752197265625000e+02
6.739309692382812500e+02
6.758955688476562500e+02
6.778662719726562500e+02
6.797659912109375000e+02
6.817404174804687500e+02
6.837867431640625000e+02
6.857535400390625000e+02
6.877122802734375000e+02
6.896601562500000000e+02
6.915942382812500000e+02
6.935116577148437500e+02
6.954103393554687500e+02
6.972166137695312500e+02
6.990805053710937500e+02
7.009288940429687500e+02
7.028375854492187500e+02
7.046591796875000000e+02
7.063951416015625000e+02
7.078980712890625000e+02
7.096151733398437500e+02
7.113248291015625000e+02
7.129541015625000000e+02
7.145784301757812500e+02
7.161992187500000000e+02
7.178178100585937500e+02
7.192867431640625000e+02
7.208302612304687500e+02
7.223753051757812500e+02
7.238488159179687500e+02
7.252520751953125000e+02
7.267348632812500000e+02
7.281498413085937500e+02
7.294982299804687500e+02
7.308555297851562500e+02
7.321486206054687500e+02
7.333787231445312500e+02
7.348442382812500000e+02
7.360262451171875000e+02
7.371486816406250000e+02
7.382871093750000000e+02
7.393684692382812500e+02
7.402451171875000000e+02
7.412898559570312500e+02
7.422064208984375000e+02
7.432189941406250000e+02
7.441057128906250000e+02
7.449420166015625000e+02
7.457289428710937500e+02
7.465418701171875000e+02
7.473076171875000000e+02
7.478786010742187500e+02
7.485531616210937500e+02
7.491093139648437500e+02
7.496224975585937500e+02
7.501680908203125000e+02
7.505239868164062500e+02
7.509144287109375000e+02
7.512658691406250000e+02
7.514307861328125000e+02
7.516331176757812500e+02
7.517252197265625000e+02
7.517827758789062500e+02
7.518088989257812500e+02
7.516582641601562500e+02
7.514829711914062500e+02
7.512122192382812500e+02
7.509237060546875000e+02
7.506208496093750000e+02
7.503814086914062500e+02
7.499856567382812500e+02
7.495115356445312500e+02
7.489622802734375000e+02
7.484156494140625000e+02
7.476519775390625000e+02
7.469719238281250000e+02
7.462302856445312500e+02
7.453559570312500000e+02
7.445752563476562500e+02
7.436686401367187500e+02
7.427136230468750000e+02
7.417879028320312500e+02
7.406718139648437500e+02
7.395914916992187500e+02
7.385503540039062500e+02
7.373286743164062500e+02
7.361526489257812500e+02
7.348769531250000000e+02
7.336533203125000000e+02
7.322622070312500000e+02
7.308553466796875000e+02
7.295103149414062500e+02
7.280073852539062500e+02
7.264982910156250000e+02
7.249863281250000000e+02
7.234747314453125000e+02
7.218921508789062500e+02
7.203162841796875000e+02
7.186758422851562500e+02
7.169739379882812500e+02
7.152881469726562500e+02
7.135471801757812500e+02
7.118285522460937500e+02
7.101352539062500000e+02
7.083218994140625000e+02
7.063915405273437500e+02
7.046444702148437500e+02
7.027865600585937500e+02
7.008951416015625000e+02
6.990476684570312500e+02
6.971729736328125000e+02
6.952738647460937500e+02
6.933533935546875000e+02
6.915620727539062500e+02
6.896045532226562500e+02
6.877054443359375000e+02
6.857180175781250000e+02
6.837926635742187500e+02
6.818567504882812500e+02
6.799121704101562500e+02
6.778863525390625000e+02
6.759296875000000000e+02
6.738952026367187500e+02
6.720078125000000000e+02
6.699718627929687500e+02
6.679377441406250000e+02
6.659816284179687500e+02
6.640308227539062500e+02
6.620128784179687500e+02
6.600037231445312500e+02
6.580795898437500000e+02
6.560935058593750000e+02
6.541215820312500000e+02
6.521654663085937500e+02
6.501527099609375000e+02
6.482336425781250000e+02
6.462614135742187500e+02
6.443120727539062500e+02
6.423873291015625000e+02
6.404890136718750000e+02
6.386188354492187500e+02
6.366300048828125000e+02
6.348214111328125000e+02
6.329719848632812500e+02
6.310834350585937500e+02
6.293062744140625000e+02
6.274934692382812500e+02
6.257212524414062500e+02
6.239913330078125000e+02
6.223055419921875000e+02
6.206656494140625000e+02
6.189990844726562500e+02
6.173820800781250000e+02
6.158162841796875000e+02
6.143036499023437500e+02
6.126973266601562500e+02
6.112962646484375000e+02
6.098794555664062500e+02
6.085230102539062500e+02
6.071544799804687500e+02
6.059242553710937500e+02
6.046856689453125000e+02
6.035885009765625000e+02
6.024088134765625000e+02
6.014423828125000000e+02
6.004646606445312500e+02
5.995484008789062500e+02
5.986177368164062500e+02
5.977454223632812500e+02
5.970042114257812500e+02
5.963183593750000000e+02
5.955377197265625000e+02
5.949578857421875000e+02
5.943545532226562500e+02
5.938004150390625000e+02
5.933684082031250000e+02
5.929083251953125000e+02
5.924187622070312500e+02
5.921210937500000000e+02
5.917910156250000000e+02
5.915756225585937500e+02
5.913991699218750000e+02
5.911859130859375000e+02
5.910830078125000000e+02
5.910148315429687500e+02
5.909798583984375000e+02
5.909766845703125000e+02
5.909296875000000000e+02
5.910603637695312500e+02
5.911443481445312500e+02
5.914032592773437500e+02
5.916128540039062500e+02
5.919202880859375000e+02
5.921757202148437500e+02
5.925263061523437500e+02
5.928965454101562500e+02
5.933593139648437500e+02
5.938391113281250000e+02
5.944088745117187500e+02
5.949930419921875000e+02
5.955903320312500000e+02
5.962738647460937500e+02
5.969679565429687500e+02
5.977457885742187500e+02
5.985316772460937500e+02
5.993988647460937500e+02
6.003460083007812500e+02
6.012234497070312500e+02
6.022527465820312500e+02
6.032841796875000000e+02
6.043908691406250000e+02
6.054974365234375000e+02
6.067509155273437500e+02
6.079257202148437500e+02
6.092418823242187500e+02
6.105477905273437500e+02
6.119147338867187500e+02
6.133399047851562500e+02
6.148945922851562500e+02
6.164273071289062500e+02
6.179350585937500000e+02
6.195636596679687500e+02
6.211614990234375000e+02
6.228743896484375000e+02
6.245507812500000000e+02
6.263364257812500000e+02
6.281542358398437500e+02
6.300012207031250000e+02
6.317260131835937500e+02
6.336229248046875000e+02
6.354662475585937500e+02
6.374017944335937500e+02
6.393524169921875000e+02
6.413152465820312500e+02
6.432876586914062500e+02
6.452666015625000000e+02
6.473237915039062500e+02
6.493819580078125000e+02
6.515128173828125000e+02
6.535648803710937500e+02
6.556839599609375000e+02
6.576444702148437500e+02
6.597407836914062500e+02
6.618215942382812500e+02
6.640327758789062500e+02
6.661486206054687500e+02
6.685379638671875000e+02
6.707521972656250000e+02
6.729371948242187500e+02
6.751646728515625000e+02
6.773574218750000000e+02
6.795128173828125000e+02
6.817767944335937500e+02
6.839236450195312500e+02
6.860993652343750000e+02
6.883010864257812500e+02
6.905263671875000000e+02
6.926980590820312500e+02
6.948134155273437500e+02
6.969442138671875000e+02
6.990877075195312500e+02
7.012411499023437500e+02
7.033278198242187500e+02
7.054948730468750000e+02
7.075179443359375000e+02
7.095444335937500000e+02
7.115729980468750000e+02
7.136766967773437500e+02
7.157055053710937500e+02
7.176582641601562500e+02
7.196078491210937500e+02
7.215531005859375000e+02
7.234925537109375000e+02
7.254250488281250000e+02
7.273492431640625000e+02
7.291895141601562500e+02
7.310932617187500000e+02
7.329104003906250000e+02
7.347141113281250000e+02
7.365104370117187500e+02
7.382980957031250000e+02
7.400386962890625000e+02
7.417680053710937500e+02
7.434550170898437500e+02
7.450983886718750000e+02
7.467266845703125000e+02
7.483234863281250000e+02
7.498803100585937500e+02
7.514104614257812500e+02
7.529053955078125000e+02
7.543710327148437500e+02
7.558062133789062500e+02
7.572020263671875000e+02
7.585646362304687500e+02
7.598852539062500000e+02
7.611700439453125000e+02
7.624025878906250000e+02
7.635966186523437500e+02
7.647506713867187500e+02
7.658632812500000000e+02
7.669258422851562500e+02
7.679368286132812500e+02
7.689022827148437500e+02
7.698134155273437500e+02
7.706688232421875000e+02
7.714819335937500000e+02
7.722290649414062500e+02
7.729161987304687500e+02
7.735493164062500000e+02
7.741196289062500000e+02
7.746181640625000000e+02
7.750657348632812500e+02
7.754465942382812500e+02
7.757542114257812500e+02
7.759974365234375000e+02
7.761776733398437500e+02
7.762962646484375000e+02
7.763397827148437500e+02
7.763393554687500000e+02
7.762739257812500000e+02
7.761376342773437500e+02
7.759539184570312500e+02
7.757019042968750000e+02
7.754201049804687500e+02
7.750578613281250000e+02
7.746460571289062500e+02
7.741713256835937500e+02
7.736497192382812500e+02
7.730751342773437500e+02
7.724339599609375000e+02
7.717423095703125000e+02
7.709940795898437500e+02
7.701905517578125000e+02
7.693402709960937500e+02
7.684370727539062500e+02
7.674822387695312500e+02
7.664695434570312500e+02
7.654150390625000000e+02
7.642902832031250000e+02
7.631334838867187500e+02
7.619161376953125000e+02
7.606469116210937500e+02
7.593343505859375000e+02
7.579573974609375000e+02
7.565393676757812500e+02
7.550665893554687500e+02
7.535402221679687500e+02
7.519688110351562500e+02
7.503460083007812500e+02
7.486655273437500000e+02
7.469432373046875000e+02
7.451654052734375000e+02
7.433331909179687500e+02
7.414475708007812500e+02
7.395170288085937500e+02
7.375352172851562500e+02
7.354883422851562500e+02
7.333996582031250000e+02
7.312628784179687500e+02
7.290640258789062500e+02
7.268264770507812500e+02
7.245214233398437500e+02
7.221724853515625000e+02
7.197595214843750000e+02
7.173073120117187500e+02
7.147958984375000000e+02
7.122501220703125000e+02
7.096574096679687500e+02
7.070127563476562500e+02
7.043112792968750000e+02
7.015700073242187500e+02
6.987691650390625000e+02
6.959481811523437500e+02
6.930650024414062500e+02
6.901514892578125000e+02
6.871730346679687500e+02
6.842432861328125000e+02
6.812011108398437500e+02
6.781232910156250000e+02
6.750863037109375000e+02
6.719438476562500000e+02
6.687726440429687500e+02
6.655748901367187500e+02
6.623529052734375000e+02
6.591090087890625000e+02
6.558454589843750000e+02
6.525644531250000000e+02
6.492683105468750000e+02
6.459594116210937500e+02
6.426397705078125000e+02
6.392374877929687500e+02
6.358291625976562500e+02
6.324168701171875000e+02
6.288543701171875000e+02
6.254410400390625000e+02
6.218818969726562500e+02
6.183278198242187500e+02
6.147810058593750000e+02
6.111693115234375000e+02
6.077179565429687500e+02
6.041318969726562500e+02
6.004875488281250000e+02
5.969359130859375000e+02
5.933304443359375000e+02
5.897476806640625000e+02
5.861155395507812500e+02
5.825104980468750000e+02
5.789348144531250000e+02
5.753162841796875000e+02
5.716571044921875000e+02
5.680338745117187500e+02
5.644487915039062500e+02
5.608294677734375000e+02
5.572515258789062500e+02
5.536417236328125000e+02
5.500012207031250000e+02
5.464796752929687500e+02
5.428552856445312500e+02
5.392034301757812500e+02
5.357482299804687500e+02
5.321190795898437500e+02
5.286145019531250000e+02
5.250867919921875000e+02
5.215371704101562500e+02
5.178924560546875000e+02
5.143765869140625000e+02
5.108421630859375000e+02
5.073645629882812500e+02
5.037962341308593750e+02
5.002869873046875000e+02
4.967635803222656250e+02
4.933015441894531250e+02
4.898276062011718750e+02
4.864172058105468750e+02
4.829229431152343750e+02
4.795687866210937500e+02
4.761330261230468750e+02
4.726910705566406250e+02
4.693927001953125000e+02
4.660161437988281250e+02
4.626368713378906250e+02
4.593304138183593750e+02
4.560234985351562500e+02
4.527173767089843750e+02
4.495618896484375000e+02
4.463352050781250000e+02
4.431128234863281250e+02
4.399703063964843750e+02
4.367601623535156250e+02
4.336322326660156250e+02
4.305134582519531250e+02
4.274792785644531250e+02
4.244566650390625000e+02
4.214468383789062500e+02
4.184509887695312500e+02
4.155446777343750000e+02
4.125805664062500000e+02
4.097827453613281250e+02
4.068552856445312500e+02
4.040967102050781250e+02
4.013596191406250000e+02
3.986452941894531250e+02
3.960289611816406250e+02
3.933614196777343750e+02
3.907903137207031250e+02
3.883147277832031250e+02
3.858593444824218750e+02
3.834232788085937500e+02
3.809313049316406250e+02
3.786053771972656250e+02
3.762960510253906250e+02
3.740023498535156250e+02
3.717977294921875000e+02
3.696069641113281250e+02
3.673549194335937500e+02
3.652635803222656250e+02
3.631092224121093750e+02
3.611138916015625000e+02
3.590538330078125000e+02
3.570768127441406250e+02
3.551820373535156250e+02
3.531456909179687500e+02
3.513385925292968750e+02
3.495369873046875000e+02
3.477401123046875000e+02
3.458728027343750000e+02
3.441572875976562500e+02
3.424441528320312500e+02
3.408070068359375000e+02
3.391706848144531250e+02
3.376088562011718750e+02
3.360464477539062500e+02
3.344902038574218750e+02
3.330137023925781250e+02
3.315493469238281250e+02
3.301484985351562500e+02
3.287583923339843750e+02
3.274007568359375000e+02
3.260748596191406250e+02
3.248023071289062500e+02
3.235379028320312500e+02
3.223181762695312500e+02
3.211350402832031250e+02
3.199952697753906250e+02
3.188834228515625000e+02
3.178063354492187500e+02
3.167708129882812500e+02
3.157688598632812500e+02
3.147998352050781250e+02
3.138780212402343750e+02
3.129880371093750000e+02
3.121367187500000000e+02
3.113233032226562500e+02
3.105463256835937500e+02
3.098114624023437500e+02
3.091096801757812500e+02
3.084392395019531250e+02
3.078059692382812500e+02
3.072081604003906250e+02
3.066441955566406250e+02
3.061049499511718750e+02
3.056111145019531250e+02
3.051313171386718750e+02
3.046861572265625000e+02
3.042666625976562500e+02
3.038860168457031250e+02
3.035500793457031250e+02
3.032200012207031250e+02
3.029239807128906250e+02
3.026529235839843750e+02
3.024052124023437500e+02
3.021942138671875000e+02
3.019959106445312500e+02
3.018162536621093750e+02
3.016684265136718750e+02
3.015360412597656250e+02
3.014249267578125000e+02
3.013409423828125000e+02
3.012751159667968750e+02
3.012258300781250000e+02
3.011989746093750000e+02
3.011929626464843750e+02
3.011988220214843750e+02
3.012298583984375000e+02
3.012696533203125000e+02
3.013314514160156250e+02
3.014063720703125000e+02
3.014927978515625000e+02
3.016040649414062500e+02
3.017312316894531250e+02
3.018355102539062500e+02
3.019749145507812500e+02
3.021255187988281250e+02
3.022857971191406250e+02
3.024468383789062500e+02
3.026219177246093750e+02
3.028094787597656250e+02
3.029931945800781250e+02
3.031863403320312500e+02
3.033948059082031250e+02
3.036022338867187500e+02
3.038218994140625000e+02
3.040301818847656250e+02
3.042558288574218750e+02
3.044758911132812500e+02
3.047044067382812500e+02
3.049257812500000000e+02
3.051615905761718750e+02
3.053962097167968750e+02
3.056362609863281250e+02
3.058884887695312500e+02
3.061372070312500000e+02
3.063668518066406250e+02
3.065989074707031250e+02
3.068401184082031250e+02
3.070896301269531250e+02
3.073467102050781250e+02
3.075957336425781250e+02
3.078359680175781250e+02
3.080813903808593750e+02
3.083387451171875000e+02
3.085923461914062500e+02
3.088488464355468750e+02
3.090925903320312500e+02
3.093376770019531250e+02
3.095980834960937500e+02
3.098434143066406250e+02
3.100875854492187500e+02
3.103298950195312500e+02
3.105694580078125000e+02
3.108129272460937500e+02
3.110371704101562500e+02
3.112562255859375000e+02
3.114840698242187500e+02
3.116902160644531250e+02
3.119034729003906250e+02
3.120933227539062500e+02
3.122885742187500000e+02
3.124735717773437500e+02
3.126547851562500000e+02
3.128165588378906250e+02
3.129653930664062500e+02
3.131152954101562500e+02
3.132430419921875000e+02
3.133626403808593750e+02
3.134582824707031250e+02
3.135513610839843750e+02
3.136335449218750000e+02
3.136890258789062500e+02
3.137317504882812500e+02
3.137533264160156250e+02
3.137602539062500000e+02
3.137444152832031250e+02
3.136987304687500000e+02
3.136535949707031250e+02
3.135798645019531250e+02
3.134930114746093750e+02
3.133862609863281250e+02
3.132601318359375000e+02
3.131152648925781250e+02
3.129671325683593750e+02
3.128013916015625000e+02
3.126112365722656250e+02
3.124194946289062500e+02
3.121970214843750000e+02
3.119740905761718750e+02
3.117363891601562500e+02
3.114770202636718750e+02
3.112113952636718750e+02
3.109325561523437500e+02
3.106262512207031250e+02
3.103300781250000000e+02
3.100148925781250000e+02
3.096885681152343750e+02
3.093441772460937500e+02
3.089971313476562500e+02
3.086404113769531250e+02
3.082670898437500000e+02
3.078776550292968750e+02
3.074799804687500000e+02
3.070745544433593750e+02
3.066618347167968750e+02
3.062199401855468750e+02
3.057864685058593750e+02
3.053395996093750000e+02
3.048946228027343750e+02
3.044222412109375000e+02
3.039451293945312500e+02
3.034562988281250000e+02
3.029487304687500000e+02
3.024450988769531250e+02
3.019235229492187500e+02
3.013843994140625000e+02
3.008429565429687500e+02
3.002846984863281250e+02
2.997100524902343750e+02
2.991267700195312500e+02
2.985278015136718750e+02
2.979283752441406250e+02
2.973139953613281250e+02
2.966849365234375000e+02
2.960416259765625000e+02
2.953844909667968750e+02
2.947219238281250000e+02
2.940401611328125000e+02
2.933476867675781250e+02
2.926530151367187500e+02
2.919423828125000000e+02
2.912093505859375000e+02
2.904847717285156250e+02
2.897473754882812500e+02
2.889907836914062500e+02
2.882383422851562500e+02
2.874687805175781250e+02
2.866980590820312500e+02
2.859122924804687500e+02
2.851273803710937500e+02
2.843369750976562500e+02
2.835346069335937500e+02
2.827362060546875000e+02
2.819278869628906250e+02
2.811107177734375000e+02
2.803005371093750000e+02
2.794835205078125000e+02
2.786532592773437500e+02
2.778330078125000000e+02
2.769940490722656250e+02
2.761671752929687500e+02
2.753384704589843750e+02
2.744941101074218750e+02
2.736573791503906250e+02
2.728218383789062500e+02
2.719884948730468750e+02
2.711434631347656250e+02
2.703100585937500000e+02
2.694744262695312500e+02
2.686449890136718750e+02
2.678152770996093750e+02
2.669788818359375000e+02
2.661591186523437500e+02
2.653272399902343750e+02
2.644991149902343750e+02
2.636831665039062500e+02
2.628729858398437500e+02
2.620620727539062500e+02
2.612515258789062500e+02
2.604571838378906250e+02
2.596651916503906250e+02
2.588690490722656250e+02
2.580921630859375000e+02
2.573206481933593750e+02
2.565555419921875000e+02
2.557902526855468750e+02
2.550476531982421875e+02
2.543058166503906250e+02
2.535726013183593750e+02
2.528484191894531250e+02
2.521262207031250000e+02
2.514213104248046875e+02
2.507192687988281250e+02
2.500279083251953125e+02
2.493402557373046875e+02
2.486567077636718750e+02
2.479925689697265625e+02
2.473259735107421875e+02
2.466648101806640625e+02
2.460095062255859375e+02
2.453753509521484375e+02
2.447405242919921875e+02
2.441054687500000000e+02
2.434854888916015625e+02
2.428810729980468750e+02
2.422777709960937500e+02
2.416909332275390625e+02
2.411061706542968750e+02
2.405239715576171875e+02
2.399522247314453125e+02
2.393913879394531250e+02
2.388419799804687500e+02
2.382970581054687500e+02
2.377719573974609375e+02
2.372374725341796875e+02
2.367238311767578125e+02
2.362166290283203125e+02
2.357238616943359375e+02
2.352385864257812500e+02
2.347613220214843750e+02
2.343000488281250000e+02
2.338478393554687500e+02
2.334052276611328125e+02
2.329876251220703125e+02
2.325658721923828125e+02
2.321776123046875000e+02
2.317863311767578125e+02
2.314148101806640625e+02
2.310562133789062500e+02
2.307111053466796875e+02
2.303800354003906250e+02
2.300710601806640625e+02
2.297698822021484375e+02
2.294845581054687500e+02
2.292156219482421875e+02
2.289635620117187500e+02
2.287354125976562500e+02
2.285232849121093750e+02
2.283266143798828125e+02
2.281449890136718750e+02
2.279852905273437500e+02
2.278321685791015625e+02
2.276851654052734375e+02
2.275660858154296875e+02
2.274521789550781250e+02
2.273503875732421875e+02
2.272602844238281250e+02
2.271888427734375000e+02
2.271356201171875000e+02
2.270778808593750000e+02
2.270374450683593750e+02
2.270065307617187500e+02
2.269846801757812500e+02
2.269788970947265625e+02
2.269739227294921875e+02
2.269842071533203125e+02
2.270093536376953125e+02
2.270267028808593750e+02
2.270655517578125000e+02
2.271106719970703125e+02
2.271691131591796875e+02
2.272182312011718750e+02
2.272873535156250000e+02
2.273612976074218750e+02
2.274470977783203125e+02
2.275444030761718750e+02
2.276306152343750000e+02
2.277350463867187500e+02
2.278574371337890625e+02
2.279751129150390625e+02
2.281026000976562500e+02
2.282395782470703125e+02
2.283857574462890625e+02
2.285333404541015625e+02
2.286820526123046875e+02
2.288464355468750000e+02
2.290187225341796875e+02
2.291837921142578125e+02
2.293710327148437500e+02
2.295653228759765625e+02
2.297366027832031250e+02
2.299514617919921875e+02
2.301576385498046875e+02
2.303696746826171875e+02
2.305946960449218750e+02
2.308323974609375000e+02
2.310820770263671875e+02
2.313281402587890625e+02
2.315698699951171875e+02
2.318213348388671875e+02
2.320892639160156250e+02
2.323506469726562500e+02
2.326195983886718750e+02
2.328953857421875000e+02
2.331772613525390625e+02
2.334496917724609375e+02
2.337341918945312500e+02
2.340226135253906250e+02
2.343068389892578125e+02
2.346009826660156250e+02
2.348969116210937500e+02
2.351864624023437500e+02
2.354763488769531250e+02
2.357510070800781250e+02
2.360468444824218750e+02
2.363483428955078125e+02
2.366398773193359375e+02
2.369579315185546875e+02
2.372497558593750000e+02
2.375443572998046875e+02
2.378336029052734375e+02
2.381316680908203125e+02
2.384155273437500000e+02
2.386993408203125000e+02
2.389823913574218750e+02
2.392639770507812500e+02
2.395359802246093750e+02
2.398125152587890625e+02
2.400854949951171875e+02
2.403467407226562500e+02
2.406029815673828125e+02
2.408609313964843750e+02
2.411124877929687500e+02
2.413495025634765625e+02
2.415935211181640625e+02
2.418289947509765625e+02
2.420551910400390625e+02
2.422714233398437500e+02
2.424844055175781250e+02
2.427082519531250000e+02
2.428976898193359375e+02
2.430891571044921875e+02
2.432670135498046875e+02
2.434380493164062500e+02
2.436014862060546875e+02
2.437343902587890625e+02
2.438884582519531250e+02
2.440114746093750000e+02
2.441329040527343750e+02
2.442450714111328125e+02
2.443552246093750000e+02
2.444481811523437500e+02
2.445312042236328125e+02
2.446114044189453125e+02
2.446737213134765625e+02
2.447401733398437500e+02
2.447956237792968750e+02
2.448249816894531250e+02
2.448650970458984375e+02
2.448860168457031250e+02
2.449097137451171875e+02
2.449062042236328125e+02
2.449049377441406250e+02
2.448981628417968750e+02
2.448781738281250000e+02
2.448447113037109375e+02
2.448122558593750000e+02
2.447657165527343750e+02
2.447121429443359375e+02
2.446512756347656250e+02
2.445753479003906250e+02
2.444914245605468750e+02
2.443917694091796875e+02
2.442909393310546875e+02
2.441811370849609375e+02
2.440619964599609375e+02
2.439257659912109375e+02
2.437869567871093750e+02
2.436377410888671875e+02
2.434777832031250000e+02
2.432992706298828125e+02
2.431092834472656250e+02
2.429222717285156250e+02
2.427081451416015625e+02
2.424888000488281250e+02
2.422638549804687500e+02
2.420180206298828125e+02
2.417583465576171875e+02
2.414918670654296875e+02
2.412032623291015625e+02
2.409070587158203125e+02
2.406027526855468750e+02
2.402750854492187500e+02
2.399385070800781250e+02
2.395776977539062500e+02
2.392072296142578125e+02
2.388273468017578125e+02
2.384235687255859375e+02
2.380260162353515625e+02
2.375830535888671875e+02
2.371396179199218750e+02
2.366886444091796875e+02
2.362230377197265625e+02
2.357358245849609375e+02
2.352420959472656250e+02
2.347423095703125000e+02
2.342293090820312500e+02
2.337109222412109375e+02
2.331725616455078125e+02
2.326294708251953125e+02
2.320670928955078125e+02
2.315080718994140625e+02
2.309304046630859375e+02
2.303492736816406250e+02
2.297575836181640625e+02
2.291482086181640625e+02
2.285437011718750000e+02
2.279221038818359375e+02
2.272837219238281250e+02
2.266585540771484375e+02
2.260097351074218750e+02
2.253449554443359375e+02
2.246942443847656250e+02
2.240207519531250000e+02
2.233469696044921875e+02
2.226732025146484375e+02
2.219848327636718750e+02
2.212895965576171875e+02
2.205876922607421875e+02
2.198794097900390625e+02
2.191649780273437500e+02
2.184372100830078125e+02
2.177112121582031250e+02
2.169797821044921875e+02
2.162357177734375000e+02
2.154941253662109375e+02
2.147329254150390625e+02
2.139746398925781250e+02
2.132120513916015625e+02
2.124305267333984375e+02
2.116525421142578125e+02
2.108560485839843750e+02
2.100709533691406250e+02
2.092677459716796875e+02
2.084615020751953125e+02
2.076524505615234375e+02
2.068336639404296875e+02
2.060130767822265625e+02
2.051837921142578125e+02
2.043463287353515625e+02
2.035012054443359375e+02
2.026860809326171875e+02
2.018123168945312500e+02
2.009621887207031250e+02
2.000990142822265625e+02
1.992381896972656250e+02
1.983728027343750000e+02
1.975033416748046875e+02
1.966303558349609375e+02
1.957617645263671875e+02
1.948831939697265625e+02
1.940100402832031250e+02
1.931205291748046875e+02
1.922448730468750000e+02
1.913538665771484375e+02
1.904703216552734375e+02
1.895798645019531250e+02
1.886904602050781250e+02
1.878100128173828125e+02
1.869167938232421875e+02
1.860261383056640625e+02
1.851385650634765625e+02
1.842471771240234375e+02
1.833599090576171875e+02
1.824772644042968750e+02
1.815849151611328125e+02
1.806982421875000000e+02
1.798177337646484375e+02
1.789365234375000000e+02
1.780625457763671875e+02
1.771814575195312500e+02
1.763012237548828125e+02
1.754297943115234375e+02
1.745602874755859375e+02
1.737006225585937500e+02
1.728290863037109375e+02
1.719610595703125000e+02
1.711044769287109375e+02
1.702524719238281250e+02
1.694130249023437500e+02
1.685643615722656250e+02
1.677219085693359375e+02
1.668936309814453125e+02
1.660652008056640625e+02
1.652371826171875000e+02
1.644249267578125000e+02
1.636138305664062500e+02
1.628114929199218750e+02
1.620181121826171875e+02
1.612190093994140625e+02
1.604366912841796875e+02
1.596490478515625000e+02
1.588786010742187500e+02
1.581106567382812500e+02
1.573379974365234375e+02
1.565831298828125000e+02
1.558314056396484375e+02
1.550756225585937500e+02
1.543382415771484375e+02
1.536046447753906250e+02
1.528825225830078125e+02
1.521497344970703125e+02
1.514288482666015625e+02
1.507126617431640625e+02
1.500088043212890625e+02
1.493101348876953125e+02
1.486094207763671875e+02
1.479143676757812500e+02
1.472326202392578125e+02
1.465421447753906250e+02
1.458729400634765625e+02
1.452103729248046875e+02
1.445398559570312500e+02
1.438913879394531250e+02
1.432355041503906250e+02
1.425873413085937500e+02
1.419545898437500000e+02
1.413226928710937500e+02
1.407067718505859375e+02
1.400848388671875000e+02
1.394720611572265625e+02
1.388761444091796875e+02
1.382676544189453125e+02
1.376840820312500000e+02
1.371108551025390625e+02
1.365334472656250000e+02
1.359744415283203125e+02
1.354118804931640625e+02
1.348758239746093750e+02
1.343368530273437500e+02
1.338176116943359375e+02
1.332961730957031250e+02
1.327877044677734375e+02
1.322925567626953125e+02
1.318036651611328125e+02
1.313138732910156250e+02
1.308527526855468750e+02
1.303903503417968750e+02
1.299413299560546875e+02
1.294980316162109375e+02
1.290676879882812500e+02
1.286500701904296875e+02
1.282375488281250000e+02
1.278373718261718750e+02
1.274418945312500000e+02
1.270583724975585938e+02
1.266791763305664062e+02
1.263115539550781250e+02
1.259404754638671875e+02
1.255806045532226562e+02
1.252391967773437500e+02
1.248938217163085938e+02
1.245517120361328125e+02
1.242275695800781250e+02
1.238989562988281250e+02
1.235805664062500000e+02
1.232722396850585938e+02
1.229663925170898438e+02
1.226703262329101562e+02
1.223764419555664062e+02
1.220846023559570312e+02
1.218095245361328125e+02
1.215362243652343750e+02
1.212496795654296875e+02
1.209943542480468750e+02
1.207329635620117188e+02
1.204802398681640625e+02
1.202360458374023438e+02
1.199854049682617188e+02
1.197579193115234375e+02
1.195237350463867188e+02
1.192975845336914062e+02
1.190719299316406250e+02
1.188615264892578125e+02
1.186439666748046875e+02
1.184488372802734375e+02
1.182463226318359375e+02
1.180437545776367188e+02
1.178558578491210938e+02
1.176751098632812500e+02
1.174939804077148438e+02
1.173198013305664062e+02
1.171524505615234375e+02
1.169918441772460938e+02
1.168378753662109375e+02
1.166829681396484375e+02
1.165342788696289062e+02
1.163914489746093750e+02
1.162615966796875000e+02
1.161220779418945312e+02
1.159948730468750000e+02
1.158722076416015625e+02
1.157463150024414062e+02
1.156391754150390625e+02
1.155281600952148438e+02
1.154203796386718750e+02
1.153154830932617188e+02
1.152131958007812500e+02
1.151205749511718750e+02
1.150224609375000000e+02
1.149408264160156250e+02
1.148530349731445312e+02
1.147662277221679688e+02
1.146874923706054688e+02
1.146016540527343750e+02
1.145232467651367188e+02
1.144445266723632812e+02
1.143726043701171875e+02
1.143071746826171875e+02
1.142330245971679688e+02
1.141721496582031250e+02
1.141019210815429688e+02
1.140443420410156250e+02
1.139767608642578125e+02
1.139137573242187500e+02
1.138549728393554688e+02
1.138000946044921875e+02
1.137413864135742188e+02
1.136859436035156250e+02
1.136259994506835938e+02
1.135686874389648438e+02
1.135136566162109375e+02
1.134531478881835938e+02
1.134017028808593750e+02
1.133441162109375000e+02
1.132949295043945312e+02
1.132314910888671875e+02
1.131683654785156250e+02
1.131051712036132812e+02
1.130490341186523438e+02
1.129847335815429688e+02
1.129193496704101562e+02
1.128674011230468750e+02
1.128062438964843750e+02
1.127355346679687500e+02
1.126698226928710938e+02
1.126014862060546875e+02
1.125304336547851562e+02
1.124565277099609375e+02
1.123870544433593750e+02
1.123144836425781250e+02
1.122386474609375000e+02
1.121668548583984375e+02
1.120840988159179688e+02
1.120050888061523438e+02
1.119222640991210938e+02
1.118428955078125000e+02
1.117593994140625000e+02
1.116716232299804688e+02
1.115868301391601562e+02
1.115048828125000000e+02
1.114107284545898438e+02
1.113190689086914062e+02
1.112371902465820312e+02
1.111500244140625000e+02
1.110499649047851562e+02
1.109591445922851562e+02
1.108699569702148438e+02
1.107747650146484375e+02
1.106733932495117188e+02
1.105730743408203125e+02
1.104885025024414062e+02
1.103897323608398438e+02
1.102839965820312500e+02
1.101785507202148438e+02
1.100731811523437500e+02
1.099676666259765625e+02
1.098543930053710938e+02
1.097405853271484375e+02
1.096259918212890625e+02
1.095104370117187500e+02
1.094011230468750000e+02
1.092755279541015625e+02
1.091557312011718750e+02
1.090415191650390625e+02
1.089103546142578125e+02
1.087843093872070312e+02
1.086483001708984375e+02
1.085169219970703125e+02
1.083751220703125000e+02
1.082374877929687500e+02
1.080963745117187500e+02
1.079440917968750000e+02
1.077878265380859375e+02
1.076347656250000000e+02
1.074773025512695312e+02
1.073080520629882812e+02
1.071494293212890625e+02
1.069718551635742188e+02
1.068051452636718750e+02
1.066271362304687500e+02
1.064453735351562500e+02
1.062673950195312500e+02
1.060784530639648438e+02
1.058935012817382812e+02
1.057052383422851562e+02
1.055137405395507812e+02
1.053191146850585938e+02
1.051214599609375000e+02
1.049208602905273438e+02
1.047174148559570312e+02
1.045186386108398438e+02
1.043097534179687500e+02
1.041131362915039062e+02
1.039065704345703125e+02
1.036901397705078125e+02
1.034861984252929688e+02
1.032799606323242188e+02
1.030640792846679688e+02
1.028460388183593750e+02
1.026333236694335938e+02
1.024185867309570312e+02
1.022018737792968750e+02
1.019906692504882812e+02
1.017701721191406250e+02
1.015552978515625000e+02
1.013312301635742188e+02
1.011128768920898438e+02
1.009002990722656250e+02
1.006860961914062500e+02
1.004703063964843750e+02
1.002455520629882812e+02
1.000192947387695312e+02
9.979900360107421875e+01
9.956242370605468750e+01
9.933188629150390625e+01
9.911485290527343750e+01
9.891135406494140625e+01
9.868427276611328125e+01
9.845592498779296875e+01
9.822634124755859375e+01
9.800299835205078125e+01
9.777103424072265625e+01
9.753793334960937500e+01
9.731114959716796875e+01
9.707587432861328125e+01
9.683968353271484375e+01
9.661016845703125000e+01
9.638010406494140625e+01
9.614219665527343750e+01
9.591151428222656250e+01
9.567333984375000000e+01
9.543529510498046875e+01
9.520498657226562500e+01
9.496772766113281250e+01
9.473112487792968750e+01
9.449534606933593750e+01
9.426058197021484375e+01
9.401957702636718750e+01
9.377250671386718750e+01
9.353441619873046875e+01
9.330548858642578125e+01
9.307103729248046875e+01
9.283125305175781250e+01
9.259375000000000000e+01
9.236614227294921875e+01
9.213375091552734375e+01
9.189678192138671875e+01
9.167025756835937500e+01
9.143209075927734375e+01
9.121218872070312500e+01
9.098845672607421875e+01
9.075364685058593750e+01
9.053025054931640625e+01
9.030359649658203125e+01
9.008130645751953125e+01
8.985616302490234375e+01
8.962833404541015625e+01
8.941290283203125000e+01
8.919519805908203125e+01
8.896054840087890625e+01
8.873145294189453125e+01
8.853039550781250000e+01
8.831300354003906250e+01
8.810176849365234375e+01
8.790431976318359375e+01
8.772087097167968750e+01
8.751445007324218750e+01
8.731500244140625000e+01
8.712273406982421875e+01
8.691555023193359375e+01
8.673081207275390625e+01
8.654644775390625000e+01
8.635522460937500000e+01
8.617965698242187500e+01
8.598276519775390625e+01
8.580178833007812500e+01
8.563677215576171875e+01
8.545804595947265625e+01
8.528796386718750000e+01
8.511914825439453125e+01
8.492936706542968750e+01
8.477069854736328125e+01
8.462833404541015625e+01
8.447261810302734375e+01
8.431105041503906250e+01
8.415856170654296875e+01
8.400035095214843750e+01
8.385134887695312500e+01
8.370421600341796875e+01
8.355158996582031250e+01
8.340841674804687500e+01
8.326734161376953125e+01
8.312101745605468750e+01
8.298439025878906250e+01
8.285756683349609375e+01
8.271833038330078125e+01
8.257421112060546875e+01
8.244761657714843750e+01
8.231632995605468750e+01
8.218791198730468750e+01
8.206246185302734375e+01
8.195495605468750000e+01
8.183576965332031250e+01
8.171247100830078125e+01
8.158517456054687500e+01
8.146885681152343750e+01
8.135623168945312500e+01
8.122512054443359375e+01
8.111280822753906250e+01
8.100457763671875000e+01
8.089314270019531250e+01
8.078606414794921875e+01
8.067606353759765625e+01
8.057070159912109375e+01
8.048500823974609375e+01
8.038196563720703125e+01
8.028403472900390625e+01
8.019136047363281250e+01
8.010411071777343750e+01
8.002243804931640625e+01
7.994649505615234375e+01
7.986160278320312500e+01
7.979763793945312500e+01
7.971018981933593750e+01
7.962910461425781250e+01
7.956178283691406250e+01
7.949330139160156250e+01
7.943844604492187500e+01
7.937485504150390625e+01
7.931732940673828125e+01
7.925836181640625000e+01
7.920533752441406250e+01
7.915074920654296875e+01
7.910196685791015625e+01
7.905892944335937500e+01
7.901414489746093750e+01
7.896755218505859375e+01
7.892652130126953125e+01
7.889098358154296875e+01
7.884604644775390625e+01
7.881391143798828125e+01
7.877967834472656250e+01
7.874328613281250000e+01
7.870468139648437500e+01
7.867865753173828125e+01
7.865032196044921875e+01
7.861215972900390625e+01
7.858643341064453125e+01
7.855078887939453125e+01
7.852747344970703125e+01
7.849412536621093750e+01
7.847302246093750000e+01
7.844178771972656250e+01
7.842268371582031250e+01
7.840081024169921875e+01
7.837610626220703125e+01
7.834854125976562500e+01
7.832550048828125000e+01
7.829951477050781250e+01
7.827796936035156250e+01
7.825341796875000000e+01
7.822579956054687500e+01
7.820251464843750000e+01
7.818354797363281250e+01
7.815399169921875000e+01
7.812868499755859375e+01
7.811502838134765625e+01
7.808329010009765625e+01
7.806314086914062500e+01
7.803971862792968750e+01
7.802042388916015625e+01
7.799037933349609375e+01
7.797928619384765625e+01
7.795740509033203125e+01
7.793214416503906250e+01
7.791828155517578125e+01
7.789344024658203125e+01
7.787239074707031250e+01
7.784762573242187500e+01
7.783391571044921875e+01
7.780887603759765625e+01
7.778730010986328125e+01
7.776165771484375000e+01
7.774673461914062500e+01
7.772756958007812500e+01
7.769664764404296875e+01
7.767618560791015625e+01
7.765122985839843750e+01
7.762911224365234375e+01
7.760974884033203125e+01
7.758561706542968750e+01
7.756404113769531250e+01
7.753751373291015625e+01
7.751335906982421875e+01
7.748403930664062500e+01
7.746432495117187500e+01
7.743180847167968750e+01
7.740125274658203125e+01
7.737998199462890625e+01
7.734558105468750000e+01
7.731279754638671875e+01
7.728895568847656250e+01
7.725164031982421875e+01
7.722301483154296875e+01
7.718066406250000000e+01
7.715418243408203125e+01
7.710628509521484375e+01
7.707399749755859375e+01
7.703488922119140625e+01
7.699625396728515625e+01
7.695795440673828125e+01
7.691240692138671875e+01
7.686691284179687500e+01
7.682873535156250000e+01
7.677546691894531250e+01
7.672922515869140625e+01
7.667501068115234375e+01
7.662009429931640625e+01
7.656432342529296875e+01
7.650755310058593750e+01
7.644962310791015625e+01
7.638294219970703125e+01
7.632223510742187500e+01
7.625247955322265625e+01
7.618095397949218750e+01
7.610018157958984375e+01
7.603243255615234375e+01
7.595534515380859375e+01
7.587634277343750000e+01
7.579536437988281250e+01
7.571239471435546875e+01
7.561995697021484375e+01
7.554031372070312500e+01
7.545114135742187500e+01
7.535239410400390625e+01
7.526635742187500000e+01
7.517067718505859375e+01
7.507278442382812500e+01
7.498006439208984375e+01
7.487763214111328125e+01
7.477288818359375000e+01
7.466580200195312500e+01
7.455634307861328125e+01
7.444448852539062500e+01
7.433764648437500000e+01
7.422833251953125000e+01
7.411654663085937500e+01
7.400223541259765625e+01
7.388536834716796875e+01
7.377334594726562500e+01
7.365126800537109375e+01
7.353395080566406250e+01
7.340649414062500000e+01
7.329114532470703125e+01
7.315813446044921875e+01
7.303711700439453125e+01
7.290575408935546875e+01
7.277661895751953125e+01
7.265037536621093750e+01
7.252177429199218750e+01
7.238922882080078125e+01
7.225861358642578125e+01
7.212314605712890625e+01
7.198793792724609375e+01
7.185140991210937500e+01
7.171122741699218750e+01
7.157173156738281250e+01
7.143058013916015625e+01
7.128690338134765625e+01
7.114131164550781250e+01
7.099442291259765625e+01
7.084461212158203125e+01
7.069469451904296875e+01
7.054081726074218750e+01
0.000000000000000000e+00
0.000000000000000000e+00
0.000000000000000000e+00
0.000000000000000000e+00
0.000000000000000000e+00
0.000000000000000000e+00
0.000000000000000000e+00
0.000000000000000000e+00
0.000000000000000000e+00
0.000000000000000000e+00
0.000000000000000000e+00
0.000000000000000000e+00
0.000000000000000000e+00
0.000000000000000000e+00
0.000000000000000000e+00
0.000000000000000000e+00
0.000000000000000000e+00
0.000000000000000000e+00
0.000000000000000000e+00
0.000000000000000000e+00
0.000000000000000000e+00
0.000000000000000000e+00
0.000000000000000000e+00
0.000000000000000000e+00
0.000000000000000000e+00
0.000000000000000000e+00
0.000000000000000000e+00
0.000000000000000000e+00
0.000000000000000000e+00
0.000000000000000000e+00
0.000000000000000000e+00
0.000000000000000000e+00
0.000000000000000000e+00
0.000000000000000000e+00
0.000000000000000000e+00
0.000000000000000000e+00
0.000000000000000000e+00
0.000000000000000000e+00
0.000000000000000000e+00
0.000000000000000000e+00
0.000000000000000000e+00
0.000000000000000000e+00
0.000000000000000000e+00
0.000000000000000000e+00
0.000000000000000000e+00
0.000000000000000000e+00
0.000000000000000000e+00
0.000000000000000000e+00
0.000000000000000000e+00
0.000000000000000000e+00
0.000000000000000000e+00
0.000000000000000000e+00
0.000000000000000000e+00
0.000000000000000000e+00
0.000000000000000000e+00
0.000000000000000000e+00
0.000000000000000000e+00
0.000000000000000000e+00
0.000000000000000000e+00
0.000000000000000000e+00
0.000000000000000000e+00
0.000000000000000000e+00
0.000000000000000000e+00
0.000000000000000000e+00
0.000000000000000000e+00
0.000000000000000000e+00
0.000000000000000000e+00
0.000000000000000000e+00
0.000000000000000000e+00
0.000000000000000000e+00
0.000000000000000000e+00
0.000000000000000000e+00
0.000000000000000000e+00
0.000000000000000000e+00
0.000000000000000000e+00
0.000000000000000000e+00
0.000000000000000000e+00
0.000000000000000000e+00
0.000000000000000000e+00
0.000000000000000000e+00
0.000000000000000000e+00
0.000000000000000000e+00
0.000000000000000000e+00
0.000000000000000000e+00
0.000000000000000000e+00
0.000000000000000000e+00
0.000000000000000000e+00
0.000000000000000000e+00
0.000000000000000000e+00
0.000000000000000000e+00
0.000000000000000000e+00
0.000000000000000000e+00
0.000000000000000000e+00
0.000000000000000000e+00
0.000000000000000000e+00
0.000000000000000000e+00
0.000000000000000000e+00
0.000000000000000000e+00
0.000000000000000000e+00
0.000000000000000000e+00
