# k_h
1.112504287448246032e-05
1.228504061145940796e-05
1.356599022983573377e-05
1.498050369264092296e-05
1.654250627325382084e-05
1.826737934607081115e-05
2.017210135818459094e-05
2.227542790933512151e-05
2.459806637489236891e-05
2.716288327064830810e-05
2.999513162649236619e-05
3.312269836897030473e-05
3.657636989373713732e-05
4.039015402668155730e-05
4.460159834707155824e-05
4.925216489937156439e-05
5.438764128484763205e-05
6.005859177093952894e-05
6.632084841839969158e-05
7.323605677811428905e-05
8.087231253739446402e-05
8.930479816626757383e-05
9.861652506515383720e-05
1.088991775759495795e-04
1.202539933728985488e-04
1.327927602687850595e-04
1.466389367124065757e-04
1.619288523215800524e-04
1.788130175555124879e-04
1.974576880456879735e-04
2.180464216507971287e-04
2.407819119980558753e-04
2.658880257513374090e-04
2.936119271907955408e-04
3.242265665903687477e-04
3.580333723220974207e-04
3.953651757910847664e-04
4.365895292721688747e-04
4.821123147848993540e-04
5.323817022144794464e-04
5.878926604054868221e-04
6.491916719824075699e-04
7.168822921812534332e-04
7.916309405118227005e-04
8.741735946387052536e-04
9.653228335082530975e-04
1.065976219251751900e-03
1.177124562673270702e-03
1.299862167797982693e-03
1.435397658497095108e-03
1.585065270774066448e-03
1.750338473357260227e-03
1.932844636030495167e-03
2.134380629286170006e-03
2.356930403038859367e-03
2.602685475721955299e-03
2.874064957723021507e-03
3.173741046339273453e-03
3.504664171487092972e-03
3.870092332363128662e-03
4.273623228073120117e-03
4.719229880720376968e-03
5.211299750953912735e-03
5.754677113145589828e-03
6.354711949825286865e-03
7.017311640083789825e-03
7.749000098556280136e-03
8.556981571018695831e-03
9.449210017919540405e-03
1.043447013944387436e-02
1.152246259152889252e-02
1.272389944642782211e-02
1.405060850083827972e-02
1.551565248519182205e-02
1.713345572352409363e-02
1.891994476318359375e-02
2.089270949363708496e-02
2.307117357850074768e-02
2.547678351402282715e-02
2.813322283327579498e-02
3.106664866209030151e-02
3.430593758821487427e-02
3.788298740983009338e-02
4.183300957083702087e-02
4.619489982724189758e-02
5.101159960031509399e-02
5.633053183555603027e-02
6.220406293869018555e-02
6.869002431631088257e-02
7.585226744413375854e-02
8.376131206750869751e-02
9.249503165483474731e-02
1.021393984556198120e-01
1.127893850207328796e-01
1.245498284697532654e-01
1.375365257263183594e-01
1.518773287534713745e-01
1.677134335041046143e-01
1.844847798347473145e-01
2.012561261653900146e-01
2.180274724960327148e-01
2.347988039255142212e-01
2.515701651573181152e-01
2.683415114879608154e-01
2.851128578186035156e-01
3.018841743469238281e-01
3.186555206775665283e-01
3.354268670082092285e-01
3.521982133388519287e-01
3.773431181907653809e-01
4.024879932403564453e-01
4.276328980922698975e-01
4.527777731418609619e-01
4.779226779937744141e-01
5.030675530433654785e-01
5.282124280929565430e-01
5.533573627471923828e-01
5.785022377967834473e-01
5.919438600540161133e-01
6.169438362121582031e-01
6.419438123703002930e-01
6.669438481330871582e-01
6.919438242912292480e-01
7.169438600540161133e-01
7.419438362121582031e-01
7.669438123703002930e-01
7.919438481330871582e-01
8.169438242912292480e-01
8.419438600540161133e-01
8.929556012153625488e-01
9.470580220222473145e-01
1.004438400268554688e+00
1.065295457839965820e+00
1.129839658737182617e+00
1.198294401168823242e+00
1.270896792411804199e+00
1.347897887229919434e+00
1.429564476013183594e+00
1.516178965568542480e+00
1.608041286468505859e+00
1.705469369888305664e+00
2.380174398422241211e+00
3.321800947189331055e+00
4.635946750640869141e+00
6.469984531402587891e+00
9.029590606689453125e+00
1.260180950164794922e+01
1.758724212646484375e+01
2.454497337341308594e+01
3.425526809692382812e+01
4.780707931518554688e+01
6.672015380859375000e+01
9.311547851562500000e+01
1.299531097412109375e+02
1.813641815185546875e+02
2.531141052246093750e+02
