# mu
-inf
3.240053869841427314e+01
3.392191879166469448e+01
3.481836564176240501e+01
3.545881496895352569e+01
3.595889030348219251e+01
3.637009585503163578e+01
3.671990749699172341e+01
3.702472751657322902e+01
3.729513712385359270e+01
3.753836230578337307e+01
3.775955812582655824e+01
3.796253183090293248e+01
3.815017552343051932e+01
3.832473803195698281e+01
3.848800275891699840e+01
3.864140801389616087e+01
3.878613080273055402e+01
3.892314663120253471e+01
3.905327311844915528e+01
3.917720241085330457e+01
3.929552567970470989e+01
3.940875191507121400e+01
3.951732253891809421e+01
3.962162290619173888e+01
3.972199145683704558e+01
3.981872707202442996e+01
3.991209504155362708e+01
4.000233194570461137e+01
4.008964968024893238e+01
4.017423879901681971e+01
4.025627130835803769e+01
4.033590301795931765e+01
4.041327552996580863e+01
4.048851793121965414e+01
4.056174824027029047e+01
4.063307465061992474e+01
4.070259660371164756e+01
4.077040571890970000e+01
4.083658660276485364e+01
4.090121755590541142e+01
4.096437119272322036e+01
4.102611498646427890e+01
4.108651175025620716e+01
4.114562006290916685e+01
4.120349464693669006e+01
4.126018670509672859e+01
4.131574422080467457e+01
4.137021222698124490e+01
4.142363304723950534e+01
4.147604651276285637e+01
4.152749015776151253e+01
4.157799939600201355e+01
4.162760768057215444e+01
4.167634664876027983e+01
4.172424625368702777e+01
4.177133488412054874e+01
4.181763947372927959e+01
4.186318560087345730e+01
4.190799757990492935e+01
4.195209854483069734e+01
4.199551052609660928e+01
4.203825452116176109e+01
4.208035055945871505e+01
4.212181776226944407e+01
4.216267439798901506e+01
4.220293793319903841e+01
4.224262507992800408e+01
4.228175183943704951e+01
4.232033354283458948e+01
4.235838488879316799e+01
4.239591997861447936e+01
4.243295234886444689e+01
4.246949500177899495e+01
4.250556043362193748e+01
4.254116066115931716e+01
4.257630724639948738e+01
4.261101131973440204e+01
4.264528360160542064e+01
4.267913442280601544e+01
4.271257374352374114e+01
4.274561117121503173e+01
4.277825597739840191e+01
4.281051711344426280e+01
4.284240322543305268e+01
4.287392266814757846e+01
4.290508351825982913e+01
4.293589358676790368e+01
4.296636043073410605e+01
4.299649136437126629e+01
4.302629346952067380e+01
4.305577360556166866e+01
4.308493841878986075e+01
4.311379435129822468e+01
4.314234764939261879e+01
4.317060437157107344e+01
4.319857039609402705e+01
4.322625142817069843e+01
4.325365300678495828e+01
4.328078051118244218e+01
4.330763916703914163e+01
4.333423405233034487e+01
4.336057010291720104e+01
4.338665211786760523e+01
4.341248476452628324e+01
4.343807258334851440e+01
4.346341999251069410e+01
4.348853129231008552e+01
4.351341066936544877e+01
4.353806220062942600e+01
4.356248985722270106e+01
4.358669750809961130e+01
4.361068892355411464e+01
4.363446777857443237e+01
4.365803765605432574e+01
4.368140204986826092e+01
4.370456436781761056e+01
4.372752793445421560e+01
4.375029599378762413e+01
4.377287171188162063e+01
4.379525817934570853e+01
4.381745841372648442e+01
4.383947536180384219e+01
4.386131190179661132e+01
4.388297084548183591e+01
4.390445494023182960e+01
4.392576687097294297e+01
4.394690926206942549e+01
4.396788467913615506e+01
4.398869563078321221e+01
4.400934457029551794e+01
4.402983389725044105e+01
4.405016595907611077e+01
4.407034305255302797e+01
4.409036742526160424e+01
4.411024127697773878e+01
4.412996676101892035e+01
4.414954598554283649e+01
4.416898101480051508e+01
4.418827387034598075e+01
4.420742653220419527e+01
4.422644093999898018e+01
4.424531899404274071e+01
4.426406255638929110e+01
4.428267345185152237e+01
4.430115346898520556e+01
4.431950436104028768e+01
4.433772784688106583e+01
4.435582561187634099e+01
4.437379930876079470e+01
4.439165055846876839e+01
4.440938095094139726e+01
4.442699204590813622e+01
4.444448537364382901e+01
4.446186243570193142e+01
4.447912470562511089e+01
4.449627362963385480e+01
4.451331062729398980e+01
4.453023709216384418e+01
4.454705439242188447e+01
4.456376387147540186e+01
4.458036684855107978e+01
4.459686461926798273e+01
4.461325845619364827e+01
4.462954960938387217e+01
4.464573930690676207e+01
4.466182875535157848e+01
4.467781914032296697e+01
4.469371162692100796e+01
4.470950736020760985e+01
4.472520746565970740e+01
4.474081304960974137e+01
4.475632519967378187e+01
4.477174498516775003e+01
4.478707345751219293e+01
4.480231165062585319e+01
4.481746058130852362e+01
4.483252124961353502e+01
4.484749463921006907e+01
4.486238171773587169e+01
4.487718343714043812e+01
4.489190073401909586e+01
4.490653452993828409e+01
4.492108573175227093e+01
4.493555523191157164e+01
4.494994390876335189e+01
4.496425262684405766e+01
4.497848223716452765e+01
4.499263357748777992e+01
4.500670747259972870e+01
4.502070473457308708e+01
4.503462616302451238e+01
4.504847254536542778e+01
4.506224465704649162e+01
4.507594326179602717e+01
4.508956911185258321e+01
4.510312294819171797e+01
4.511660550074734033e+01
4.513001748862754425e+01
4.514335962032528471e+01
4.515663259392398743e+01
4.516983709729814933e+01
4.518297380830925647e+01
4.519604339499695556e+01
4.520904651576576327e+01
4.522198381956734892e+01
4.523485594607857507e+01
4.524766352587535323e+01
4.526040718060249901e+01
4.527308752313965101e+01
4.528570515776337402e+01
4.529826068030552477e+01
4.531075467830810055e+01
4.532318773117444266e+01
4.533556041031714301e+01
4.534787327930258272e+01
4.536012689399220221e+01
4.537232180268066628e+01
4.538445854623099507e+01
4.539653765820662557e+01
4.540855966500062380e+01
4.542052508596208327e+01
4.543243443351973099e+01
4.544428821330286894e+01
4.545608692425971498e+01
4.546783105877313602e+01
4.547952110277401516e+01
4.549115753585209632e+01
4.550274083136449832e+01
4.551427145537181218e+01
4.552574987138562790e+01
4.553717653355971606e+01
4.554855189136099369e+01
4.555987638853307686e+01
4.557115046319189844e+01
4.558237454791930787e+01
4.559354906985478806e+01
4.560467445078522530e+01
4.561575110723292426e+01
4.562677945054180384e+01
4.563775988696180264e+01
4.564869281773170684e+01
4.565957863916014503e+01
4.567041774270514054e+01
4.568121051505191588e+01
4.569195733818931870e+01
4.570265858948457804e+01
4.571331464175668913e+01
4.572392586334834874e+01
4.573449261819644818e+01
4.574501526590122324e+01
4.575549416179406137e+01
4.576592965700397286e+01
4.577632209852284007e+01
4.578667182926935197e+01
4.579697918815173097e+01
4.580724451012933685e+01
4.581746812627300613e+01
4.582765036382427581e+01
4.583779154625356256e+01
4.584789199331714826e+01
4.585795202111317792e+01
4.586797194213659168e+01
4.587795206533300529e+01
4.588789269615166688e+01
4.589779413659734786e+01
4.590765668528137411e+01
4.591748063747164821e+01
4.592726628514179765e+01
4.593701391701945624e+01
4.594672381863357913e+01
4.595639627236103308e+01
4.596603155747223468e+01
4.597562995017604237e+01
4.598519172366381724e+01
4.599471714815273060e+01
4.600420649092822600e+01
4.601366001638587022e+01
4.602307798607230893e+01
4.603246065872561132e+01
4.604180829031489708e+01
4.605112113407921015e+01
4.606039944056582414e+01
4.606964345766774471e+01
4.607885343066071471e+01
4.608802960223945888e+01
4.609717221255339581e+01
4.610628149924170316e+01
4.611535769746775770e+01
4.612440103995304241e+01
4.613341175701047803e+01
4.614239007657712222e+01
4.615133622424642823e+01
4.616025042329985695e+01
4.616913289473806969e+01
4.617798385731146027e+01
4.618680352755035301e+01
4.619559211979455426e+01
4.620434984622248464e+01
4.621307691687983521e+01
4.622177353970775471e+01
4.623043992057050389e+01
4.623907626328281850e+01
4.624768276963662572e+01
4.625625963942751184e+01
4.626480707048064289e+01
4.627332525867632995e+01
4.628181439797515395e+01
4.629027468044270677e+01
4.629870629627392020e+01
4.630710943381705391e+01
4.631548427959722858e+01
4.632383101833967487e+01
4.633214983299251344e+01
4.634044090474929334e+01
4.634870441307108280e+01
4.635694053570828999e+01
4.636514944872207167e+01
4.637333132650546474e+01
4.638148634180416252e+01
4.638961466573701387e+01
4.639771646781612446e+01
4.640579191596676623e+01
4.641384117654683905e+01
4.642186441436618338e+01
4.642986179270550906e+01
4.643783347333506129e+01
4.644577961653297393e+01
4.645370038110343103e+01
4.646159592439445163e+01
4.646946640231550418e+01
4.647731196935478692e+01
4.648513277859626669e+01
4.649292898173648325e+01
4.650070072910112629e+01
4.650844816966129969e+01
4.651617145104960827e+01
4.652387071957596731e+01
4.653154612024321324e+01
4.653919779676248680e+01
4.654682589156834638e+01
4.655443054583373197e+01
4.656201189948463082e+01
4.656957009121461510e+01
4.657710525849912386e+01
4.658461753760953172e+01
4.659210706362704002e+01
4.659957397045639027e+01
4.660701839083930764e+01
4.661444045636783073e+01
4.662184029749741399e+01
4.662921804355987376e+01
4.663657382277608576e+01
4.664390776226862556e+01
4.665121998807408943e+01
4.665851062515533698e+01
4.666577979741354198e+01
4.667302762770007263e+01
4.668025423782821548e+01
4.668745974858470049e+01
4.669464427974113363e+01
4.670180795006520214e+01
4.670895087733178030e+01
4.671607317833384343e+01
4.672317496889328226e+01
4.673025636387151849e+01
4.673731747717998530e+01
4.674435842179050837e+01
4.675137930974551637e+01
4.675838025216808091e+01
4.676536135927189264e+01
4.677232274037104531e+01
4.677926450388973478e+01
4.678618675737179444e+01
4.679308960749008861e+01
4.679997316005584196e+01
4.680683752002781262e+01
4.681368279152133027e+01
4.682050907781722771e+01
4.682731648137065861e+01
4.683410510381980885e+01
4.684087504599445140e+01
4.684762640792448707e+01
4.685435928884822943e+01
4.686107378722071815e+01
4.686777000072184052e+01
4.687444802626441032e+01
4.688110796000205482e+01
4.688774989733711607e+01
4.689437393292833889e+01
4.690098016069854481e+01
4.690756867384217799e+01
4.691413956483272329e+01
4.692069292543008885e+01
4.692722884668784644e+01
4.693374741896043645e+01
4.694024873191018798e+01
4.694673287451436750e+01
4.695319993507206391e+01
4.695965000121098853e+01
4.696608315989421811e+01
