# bb
7.882497925493225921e-07
1.576848035256261937e-06
2.628848960739560425e-06
3.944715444959001616e-06
5.525010237761307508e-06
7.370402727246982977e-06
9.481661436439026147e-06
1.185964629257796332e-05
1.450530726287979633e-05
1.741966843837872148e-05
2.060382939816918224e-05
2.405895611445885152e-05
2.778626731014810503e-05
3.178702900186181068e-05
3.606254540500231087e-05
4.061415529577061534e-05
4.544321200228296220e-05
5.055107612861320376e-05
5.593912283075042069e-05
6.160870543681085110e-05
6.756117363693192601e-05
7.379786256933584809e-05
8.032004552660509944e-05
8.712898124940693378e-05
9.422588482266291976e-05
1.016118985717184842e-04
1.092881502700038254e-04
1.172556512756273150e-04
1.255153911188244820e-04
1.340682647423818707e-04
1.429151161573827267e-04
1.520567020634189248e-04
1.614937209524214268e-04
1.712267840048298240e-04
1.812564441934227943e-04
1.915831817314028740e-04
2.022074040723964572e-04
2.131294459104537964e-04
2.243496273877099156e-04
2.358681667828932405e-04
2.476852678228169680e-04
2.598010469228029251e-04
2.722156350500881672e-04
2.849291195161640644e-04
2.979415585286915302e-04
3.112530393991619349e-04
3.248635621275752783e-04
3.387732140254229307e-04
3.529820533003658056e-04
3.674901672638952732e-04
3.822977014351636171e-04
3.974047722294926643e-04
4.128116706851869822e-04
4.285185132175683975e-04
4.445257945917546749e-04
4.608337476383894682e-04
4.774429835379123688e-04
4.943539388477802277e-04
5.115672247484326363e-04
5.290837143547832966e-04
5.469039897434413433e-04
5.650291568599641323e-04
5.834600888192653656e-04
6.021979497745633125e-04
6.212439620867371559e-04
6.405992899090051651e-04
6.602654466405510902e-04
6.802438874728977680e-04
7.005361258052289486e-04
7.211439078673720360e-04
7.420689798891544342e-04
7.633130298927426338e-04
7.848780369386076927e-04
8.067659800872206688e-04
8.289788383990526199e-04
8.515186491422355175e-04
8.743876242078840733e-04
8.975876844488084316e-04
9.211211581714451313e-04
9.449901990592479706e-04
9.691970190033316612e-04
9.937437716871500015e-04
1.018632552586495876e-03
1.043865690007805824e-03
1.069445279426872730e-03
1.095373416319489479e-03
1.121652312576770782e-03
1.148283830843865871e-03
1.175270066596567631e-03
1.202612882480025291e-03
1.230314373970031738e-03
1.258376403711736202e-03
1.286800601519644260e-03
1.315588597208261490e-03
1.344742369838058949e-03
1.374263316392898560e-03
1.404153066687285900e-03
1.434413134120404720e-03
1.465045032091438770e-03
1.496050157584249973e-03
1.527429907582700253e-03
1.559185562655329704e-03
1.591318519786000252e-03
1.623830175958573818e-03
1.656721578910946846e-03
1.689994591288268566e-03
1.723649795167148113e-03
1.757689286023378372e-03
1.792113878764212132e-03
1.826925319619476795e-03
1.862125121988356113e-03
1.897714799270033836e-03
1.933695864863693714e-03
1.970070414245128632e-03
2.006839960813522339e-03
2.044006483629345894e-03
2.081572543829679489e-03
2.119539771229028702e-03
2.157911192625761032e-03
2.196688670665025711e-03
2.235875464975833893e-03
2.275473903864622116e-03
2.315487712621688843e-03
2.355919685214757919e-03
2.396773081272840500e-03
2.438052091747522354e-03
2.479759743437170982e-03
2.521900692954659462e-03
2.564478665590286255e-03
2.607498317956924438e-03
2.650964073836803436e-03
2.694880589842796326e-03
2.739252522587776184e-03
2.784085460007190704e-03
2.829384058713912964e-03
2.875153906643390656e-03
2.921400591731071472e-03
2.968129236251115799e-03
3.015346126630902290e-03
3.063056617975234985e-03
3.111266996711492538e-03
3.159983083605766296e-03
3.209210466593503952e-03
3.258955432102084160e-03
3.309224499389529228e-03
3.360022790729999542e-03
3.411357058212161064e-03
3.463233588263392448e-03
3.515657503157854080e-03
3.568635089322924614e-03
3.622172400355339050e-03
3.676274791359901428e-03
3.730948315933346748e-03
3.786198562011122704e-03
3.842030419036746025e-03
3.898449474945664406e-03
3.955460619181394577e-03
4.013069439679384232e-03
4.071280360221862793e-03
4.130097571760416031e-03
4.189525730907917023e-03
4.249569494277238846e-03
4.310233052819967270e-03
4.371519200503826141e-03
4.433433525264263153e-03
4.495976958423852921e-03
4.559155553579330444e-03
4.622970242053270340e-03
4.687425680458545685e-03
4.752523265779018402e-03
4.818266723304986954e-03
4.884657915681600571e-03
4.951699636876583099e-03
5.019393749535083771e-03
5.087742581963539124e-03
5.156748462468385696e-03
5.226412322372198105e-03
5.296736955642700195e-03
5.367723759263753891e-03
5.439373664557933807e-03
5.511689465492963791e-03
5.584672559052705765e-03
5.658323876559734344e-03
5.732645280659198761e-03
5.807638633996248245e-03
5.883304867893457413e-03
5.959646776318550110e-03
6.036664359271526337e-03
6.114360410720109940e-03
6.192735861986875534e-03
6.271793041378259659e-03
6.351533345878124237e-03
6.431959569454193115e-03
6.513072643429040909e-03
6.594874430447816849e-03
6.677367724478244781e-03
6.760553922504186630e-03
6.844435352832078934e-03
6.929015275090932846e-03
7.014294154942035675e-03
7.100275717675685883e-03
7.186960894614458084e-03
7.274352945387363434e-03
7.362454198300838470e-03
7.451265584677457809e-03
7.540791295468807220e-03
7.631032261997461319e-03
7.721990812569856644e-03
7.813669741153717041e-03
7.906069979071617126e-03
7.999193854629993439e-03
8.093044161796569824e-03
8.187620900571346283e-03
8.282925002276897430e-03
8.378959260880947113e-03
8.475724607706069946e-03
8.573221974074840546e-03
8.671451359987258911e-03
8.770411834120750427e-03
8.870106190443038940e-03
8.970531634986400604e-03
9.071690030395984650e-03
9.173578582704067230e-03
9.276197291910648346e-03
9.379544295370578766e-03
9.483617730438709259e-03
9.588416665792465210e-03
9.693936444818973541e-03
9.800176136195659637e-03
9.907131083309650421e-03
1.001479849219322205e-02
1.012317463755607605e-02
1.023225486278533936e-02
1.034203451126813889e-02
1.045250985771417618e-02
1.056367438286542892e-02
1.067552249878644943e-02
1.078804861754179001e-02
1.090124621987342834e-02
1.101510971784591675e-02
1.112963166087865829e-02
1.124480552971363068e-02
1.136062294244766235e-02
1.147707737982273102e-02
1.159416232258081436e-02
1.171186752617359161e-02
1.183018554002046585e-02
1.194910984486341476e-02
1.206863019615411758e-02
1.218873914331197739e-02
1.230942737311124802e-02
1.243068743497133255e-02
1.255251001566648483e-02
1.267488580197095871e-02
1.279780734330415726e-02
1.292126439511775970e-02
1.304524857550859451e-02
1.316975243389606476e-02
1.329476479440927505e-02
1.342028006911277771e-02
1.354628615081310272e-02
1.367277652025222778e-02
1.379974186420440674e-02
1.392717286944389343e-02
1.405506301671266556e-02
1.418340206146240234e-02
1.431218162178993225e-02
1.444139424711465836e-02
1.457103062421083450e-02
1.470108237117528915e-02
1.483154296875000000e-02
1.496240124106407166e-02
1.509365066885948181e-02
1.522528380155563354e-02
1.535728946328163147e-02
1.548966206610202789e-02
1.562238950282335281e-02
1.575546897947788239e-02
1.588888652622699738e-02
1.602263748645782471e-02
1.615670882165431976e-02
1.629109680652618408e-02
1.642578840255737305e-02
1.656077615916728973e-02
1.669605076313018799e-02
1.683159917593002319e-02
1.696741767227649689e-02
1.710349135100841522e-02
1.723981276154518127e-02
1.737637072801589966e-02
1.751315407454967499e-02
1.765015162527561188e-02
1.778735406696796417e-02
1.792474836111068726e-02
1.806232146918773651e-02
1.820006407797336578e-02
1.833796314895153046e-02
1.847600564360618591e-02
1.861417852342128754e-02
1.875246874988079071e-02
1.889086328446865082e-02
1.902934908866882324e-02
1.916791312396526337e-02
1.930654048919677734e-02
1.944521442055702209e-02
1.958392560482025146e-02
1.972265541553497314e-02
1.986139081418514252e-02
2.000011689960956573e-02
2.013881877064704895e-02
2.027747966349124908e-02
2.041608653962612152e-02
2.055462449789047241e-02
2.069307491183280945e-02
2.083142660558223724e-02
2.096966095268726349e-02
2.110776677727699280e-02
2.124572545289993286e-02
2.138352207839488983e-02
2.152114361524581909e-02
2.165857516229152679e-02
2.179579995572566986e-02
2.193280309438705444e-02
2.206957340240478516e-02
2.220609411597251892e-02
2.234235405921936035e-02
2.247833646833896637e-02
2.261402830481529236e-02
2.274941839277744293e-02
2.288449183106422424e-02
2.301923558115959167e-02
2.315363660454750061e-02
2.328768558800220490e-02
2.342136949300765991e-02
2.355467528104782104e-02
2.368759177625179291e-02
2.382010780274868011e-02
2.395221404731273651e-02
2.408389933407306671e-02
2.421515062451362610e-02
2.434596046805381775e-02
2.447631955146789551e-02
2.460621669888496399e-02
2.473564259707927704e-02
2.486458607017993927e-02
2.499303966760635376e-02
2.512099407613277435e-02
2.524843998253345490e-02
2.537536993622779846e-02
2.550177462399005890e-02
2.562764286994934082e-02
2.575296908617019653e-02
2.587774395942687988e-02
2.600195817649364471e-02
2.612560614943504333e-02
2.624867483973503113e-02
2.637115865945816040e-02
2.649305015802383423e-02
2.661434002220630646e-02
2.673501521348953247e-02
2.685507200658321381e-02
2.697450108826160431e-02
2.709329500794410706e-02
2.721144445240497589e-02
2.732893452048301697e-02
2.744576521217823029e-02
2.756192535161972046e-02
2.767740190029144287e-02
2.779218554496765137e-02
2.790627442300319672e-02
2.801965549588203430e-02
2.813231945037841797e-02
2.824425511062145233e-02
2.835545875132083893e-02
2.846591919660568237e-02
2.857562340795993805e-02
2.868456579744815826e-02
2.879273891448974609e-02
2.890013344585895538e-02
2.900674194097518921e-02
2.911254949867725372e-02
2.921755611896514893e-02
2.932175062596797943e-02
2.942512556910514832e-02
2.952767163515090942e-02
2.962938323616981506e-02
2.973025292158126831e-02
2.983027324080467224e-02
2.992943860590457916e-02
3.002774156630039215e-02
3.012517839670181274e-02
3.022174350917339325e-02
3.031743131577968597e-02
3.041223436594009399e-02
3.050615265965461731e-02
3.059918060898780823e-02
3.069131821393966675e-02
3.078255429863929749e-02
3.087289445102214813e-02
3.096233122050762177e-02
3.105086646974086761e-02
3.113849647343158722e-02
3.122522309422492981e-02
3.131104260683059692e-02
3.139595687389373779e-02
3.147996589541435242e-02
3.156306967139244080e-02
3.164527192711830139e-02
3.172657266259193420e-02
3.180697560310363770e-02
3.188647702336311340e-02
3.196508437395095825e-02
3.204280138015747070e-02
3.211962804198265076e-02
3.219556808471679688e-02
3.227062895894050598e-02
3.234481066465377808e-02
3.241811692714691162e-02
3.249055147171020508e-02
3.256212174892425537e-02
3.263283148407936096e-02
3.270268067717552185e-02
3.277168422937393188e-02
3.283983841538429260e-02
3.290714696049690247e-02
3.297362104058265686e-02
3.303926065564155579e-02
3.310407698154449463e-02
3.316806256771087646e-02
3.323123604059219360e-02
3.329360112547874451e-02
3.335515037178993225e-02
3.341589868068695068e-02
3.347584977746009827e-02
3.353501111268997192e-02
3.359337896108627319e-02
3.365096822381019592e-02
3.370777145028114319e-02
3.376380726695060730e-02
3.381907194852828979e-02
3.387357294559478760e-02
3.392731025815010071e-02
3.398029878735542297e-02
3.403253480792045593e-02
3.408402577042579651e-02
3.413477912545204163e-02
3.418479487299919128e-02
3.423407673835754395e-02
3.428263962268829346e-02
3.433048352599143982e-02
3.437760844826698303e-02
3.442402929067611694e-02
3.446974977850914001e-02
3.451477363705635071e-02
3.455910459160804749e-02
3.460275754332542419e-02
3.464573249220848083e-02
3.468803688883781433e-02
3.472967818379402161e-02
3.477066755294799805e-02
3.481100872159004211e-02
3.485071659088134766e-02
3.488979116082191467e-02
3.492824360728263855e-02
3.496608883142471313e-02
3.500333428382873535e-02
3.503998368978500366e-02
3.507605195045471191e-02
3.511155024170875549e-02
3.514648601412773132e-02
3.518087789416313171e-02
3.521472960710525513e-02
3.524805232882499695e-02
3.528086468577384949e-02
3.531317040324211121e-02
3.534499183297157288e-02
3.537633642554283142e-02
3.540721908211708069e-02
3.543765097856521606e-02
3.546764329075813293e-02
3.549721464514732361e-02
3.552637621760368347e-02
3.555514290928840637e-02
3.558352217078208923e-02
3.561154007911682129e-02
3.563920035958290100e-02
3.566652163863182068e-02
3.569351509213447571e-02
3.572019562125205994e-02
3.574657812714576721e-02
3.577267378568649292e-02
3.579850494861602783e-02
3.582407161593437195e-02
3.584939613938331604e-02
3.587448969483375549e-02
3.589936718344688416e-02
3.592403978109359741e-02
3.594851866364479065e-02
3.597281873226165771e-02
3.599695116281509399e-02
3.602092713117599487e-02
3.604475781321525574e-02
3.606846183538436890e-02
3.609204292297363281e-02
3.611551597714424133e-02
3.613888844847679138e-02
3.616217896342277527e-02
3.618538752198219299e-02
3.620853275060653687e-02
3.623162209987640381e-02
3.625466302037239075e-02
3.627766668796539307e-02
3.630064427852630615e-02
3.632360696792602539e-02
3.634655848145484924e-02
3.636951372027397156e-02
3.639247640967369080e-02
3.641545772552490234e-02
3.643846884369850159e-02
3.646151721477508545e-02
3.648461028933525085e-02
3.650775924324989319e-02
3.653096780180931091e-02
3.655425086617469788e-02
3.657761588692665100e-02
3.660107403993606567e-02
3.662462159991264343e-02
3.664828464388847351e-02
3.667205944657325745e-02
3.669596835970878601e-02
3.672000393271446228e-02
3.674418479204177856e-02
3.676852211356163025e-02
3.679302334785461426e-02
3.681769594550132751e-02
3.684255108237266541e-02
3.686759620904922485e-02
3.689284622669219971e-02
3.691830858588218689e-02
3.694399073719978333e-02
3.696990758180618286e-02
3.699606657028198242e-02
3.702247887849807739e-02
3.704915195703506470e-02
3.707610070705413818e-02
3.710332885384559631e-02
3.713085502386093140e-02
3.715868294239044189e-02
3.718682378530502319e-02
3.721529245376586914e-02
3.724409267306327820e-02
3.727323561906814575e-02
3.730272874236106873e-02
3.733259066939353943e-02
3.736282140016555786e-02
3.739343583583831787e-02
3.742443770170211792e-02
3.745584189891815186e-02
3.748765215277671814e-02
3.751987591385841370e-02
3.755252435803413391e-02
3.758560493588447571e-02
3.761912137269973755e-02
3.765307739377021790e-02
3.768749162554740906e-02
3.772235661745071411e-02
3.775769099593162537e-02
3.779348731040954590e-02
3.782976046204566956e-02
3.786651045083999634e-02
3.790374100208282471e-02
3.794145211577415466e-02
3.797965869307518005e-02
3.801835328340530396e-02
3.805753961205482483e-02
3.809722512960433960e-02
3.813740983605384827e-02
3.817809373140335083e-02
3.821927681565284729e-02
3.826096281409263611e-02
3.830315172672271729e-02
3.834583982825279236e-02
3.838903084397315979e-02
3.843272849917411804e-02
3.847692161798477173e-02
3.852161765098571777e-02
3.856681659817695618e-02
3.861251473426818848e-02
3.865870833396911621e-02
3.870539739727973938e-02
3.875258192420005798e-02
3.880025818943977356e-02
3.884842619299888611e-02
3.889708593487739563e-02
3.894623368978500366e-02
3.899586200714111328e-02
3.904597833752632141e-02
3.909657523036003113e-02
3.914765641093254089e-02
3.919921442866325378e-02
3.925124183297157288e-02
3.930374979972839355e-02
3.935672715306282043e-02
3.941017761826515198e-02
3.946409747004508972e-02
3.951847925782203674e-02
3.957333043217658997e-02
3.962864354252815247e-02
3.968441858887672424e-02
3.974065184593200684e-02
3.979734703898429871e-02
3.985449671745300293e-02
3.991210088133811951e-02
3.997015953063964844e-02
4.002866521477699280e-02
4.008762538433074951e-02
4.014702886343002319e-02
4.020687937736511230e-02
4.026716947555541992e-02
4.032790288329124451e-02
4.038907214999198914e-02
4.045067727565765381e-02
4.051271826028823853e-02
4.057518765330314636e-02
4.063808172941207886e-02
4.070140048861503601e-02
4.076513648033142090e-02
4.082928597927093506e-02
4.089384898543357849e-02
4.095881804823875427e-02
4.102418944239616394e-02
4.108995571732521057e-02
4.115611314773559570e-02
4.122265800833702087e-02
4.128957912325859070e-02
4.135687649250030518e-02
4.142453521490097046e-02
4.149255529046058655e-02
4.156092554330825806e-02
4.162963852286338806e-02
4.169869050383567810e-02
4.176807031035423279e-02
4.183776676654815674e-02
4.190777242183685303e-02
4.197807610034942627e-02
4.204867407679557800e-02
4.211955517530441284e-02
4.219070822000503540e-02
4.226211830973625183e-02
4.233378171920776367e-02
4.240568354725837708e-02
4.247781634330749512e-02
4.255016893148422241e-02
4.262272641062736511e-02
4.269548505544662476e-02
4.276842251420021057e-02
4.284153878688812256e-02
4.291481897234916687e-02
4.298824816942214966e-02
4.306181520223617554e-02
4.313551634550094604e-02
4.320933669805526733e-02
4.328326135873794556e-02
4.335728287696838379e-02
4.343138635158538818e-02
4.350556433200836182e-02
4.357980936765670776e-02
4.365410655736923218e-02
4.372844472527503967e-02
4.380281269550323486e-02
4.387720674276351929e-02
4.395161196589469910e-02
4.402602091431617737e-02
4.410041868686676025e-02
4.417480155825614929e-02
4.424916207790374756e-02
4.432348161935806274e-02
4.439776018261909485e-02
4.447198286652565002e-02
4.454614594578742981e-02
4.462024196982383728e-02
4.469425231218338013e-02
4.476818069815635681e-02
4.484201222658157349e-02
4.491574317216873169e-02
4.498936235904693604e-02
4.506286233663558960e-02
4.513623192906379700e-02
4.520947113633155823e-02
4.528256505727767944e-02
4.535550624132156372e-02
4.542829096317291260e-02
4.550091177225112915e-02
4.557335749268531799e-02
4.564562067389488220e-02
4.571769386529922485e-02
4.578956961631774902e-02
4.586123675107955933e-02
4.593268781900405884e-02
4.600391536951065063e-02
4.607491567730903625e-02
4.614567011594772339e-02
4.621617868542671204e-02
4.628642648458480835e-02
4.635640978813171387e-02
4.642611742019653320e-02
4.649553820490837097e-02
4.656466096639633179e-02
4.663348197937011719e-02
4.670199006795883179e-02
4.677017033100128174e-02
4.683801904320716858e-02
4.690552502870559692e-02
4.697267338633537292e-02
4.703946039080619812e-02
4.710587486624717712e-02
4.717190191149711609e-02
4.723753780126571655e-02
4.730276763439178467e-02
4.736758396029472351e-02
4.743197560310363770e-02
4.749593138694763184e-02
4.755944386124610901e-02
4.762249812483787537e-02
4.768509417772293091e-02
4.774721339344978333e-02
4.780885204672813416e-02
4.786999523639678955e-02
4.793063923716545105e-02
4.799077287316322327e-02
4.805038124322891235e-02
4.810947179794311523e-02
4.816802218556404114e-02
4.822602868080139160e-02
4.828348383307456970e-02
4.834038391709327698e-02
4.839671775698661804e-02
4.845248162746429443e-02
4.850766435265541077e-02
4.856226220726966858e-02
4.861627146601676941e-02
4.866968095302581787e-02
4.872249066829681396e-02
4.877469688653945923e-02
4.882629588246345520e-02
4.887727275490760803e-02
4.892763867974281311e-02
4.897737503051757812e-02
4.902648925781250000e-02
4.907497763633728027e-02
4.912282899022102356e-02
4.917005077004432678e-02
4.921663179993629456e-02
4.926257580518722534e-02
4.930787906050682068e-02
4.935253784060478210e-02
4.939655214548110962e-02
4.943992570042610168e-02
4.948264360427856445e-02
4.952472075819969177e-02
4.956614226102828979e-02
4.960691928863525391e-02
4.964703693985939026e-02
4.968650639057159424e-02
4.972532391548156738e-02
4.976348578929901123e-02
4.980098828673362732e-02
4.983783885836601257e-02
4.987403377890586853e-02
4.990956932306289673e-02
4.994444176554679871e-02
4.997865855693817139e-02
5.001221597194671631e-02
5.004511028528213501e-02
5.007734522223472595e-02
5.010891333222389221e-02
5.013981834053993225e-02
5.017006024718284607e-02
5.019963532686233521e-02
5.022854357957839966e-02
5.025677755475044250e-02
5.028435215353965759e-02
5.031124874949455261e-02
5.033747851848602295e-02
5.036303400993347168e-02
5.038791522383689880e-02
5.041212588548660278e-02
5.043565854430198669e-02
5.045852065086364746e-02
5.048070102930068970e-02
5.050221085548400879e-02
5.052303895354270935e-02
5.054319277405738831e-02
5.056266859173774719e-02
5.058147013187408447e-02
5.059958994388580322e-02
5.061703920364379883e-02
5.063381046056747437e-02
5.064990743994712830e-02
5.066533014178276062e-02
5.068008601665496826e-02
5.069417133927345276e-02
5.070758983492851257e-02
5.072034150362014771e-02
5.073243007063865662e-02
5.074385926127433777e-02
5.075463280081748962e-02
5.076475068926811218e-02
5.077422410249710083e-02
5.078304931521415710e-02
5.079123377799987793e-02
5.079878121614456177e-02
5.080569535493850708e-02
5.081198737025260925e-02
5.081765726208686829e-02
5.082270875573158264e-02
5.082715302705764771e-02
5.083099380135536194e-02
5.083423852920532227e-02
5.083689093589782715e-02
5.083895847201347351e-02
5.084045231342315674e-02
5.084137246012687683e-02
5.084173008799552917e-02
5.084153264760971069e-02
5.084078758955001831e-02
5.083950236439704895e-02
5.083768069744110107e-02
5.083533748984336853e-02
5.083247274160385132e-02
5.082909762859344482e-02
5.082522332668304443e-02
5.082084983587265015e-02
5.081598833203315735e-02
5.081064999103546143e-02
5.080483853816986084e-02
5.079855769872665405e-02
5.079182237386703491e-02
5.078463628888130188e-02
5.077700689435005188e-02
5.076894164085388184e-02
5.076044797897338867e-02
5.075153335928916931e-02
5.074220150709152222e-02
5.073245987296104431e-02
5.072231963276863098e-02
5.071178451180458069e-02
5.070086196064949036e-02
5.068955197930335999e-02
5.067786946892738342e-02
5.066581815481185913e-02
5.065340548753738403e-02
5.064063146710395813e-02
5.062750726938247681e-02
5.061404034495353699e-02
5.060023069381713867e-02
5.058608949184417725e-02
5.057162046432495117e-02
5.055683106184005737e-02
5.054172500967979431e-02
5.052630975842475891e-02
5.051059275865554810e-02
5.049457773566246033e-02
5.047827214002609253e-02
5.046168342232704163e-02
5.044481530785560608e-02
5.042767152190208435e-02
5.041026324033737183e-02
5.039259791374206543e-02
5.037468299269676208e-02
5.035651847720146179e-02
5.033811926841735840e-02
5.031948909163475037e-02
5.030063539743423462e-02
5.028156191110610962e-02
5.026227980852127075e-02
5.024280026555061340e-02
5.022312700748443604e-02
5.020326748490333557e-02
5.018322914838790894e-02
5.016302317380905151e-02
5.014265701174736023e-02
5.012213811278343201e-02
5.010147392749786377e-02
5.008067935705184937e-02
5.005975440144538879e-02
5.003871396183967590e-02
5.001756548881530762e-02
4.999631270766258240e-02
4.997497424483299255e-02
4.995355010032653809e-02
4.993205145001411438e-02
4.991049319505691528e-02
4.988887533545494080e-02
4.986721277236938477e-02
4.984551295638084412e-02
4.982378333806991577e-02
4.980202764272689819e-02
4.978026449680328369e-02
4.975849762558937073e-02
4.973673447966575623e-02
4.971497878432273865e-02
4.969324916601181030e-02
4.967154189944267273e-02
4.964987561106681824e-02
4.962824657559394836e-02
4.960666596889495850e-02
4.958514496684074402e-02
4.956368356943130493e-02
4.954229667782783508e-02
4.952098056674003601e-02
4.949975013732910156e-02
4.947860538959503174e-02
4.945755377411842346e-02
4.943659901618957520e-02
4.941574856638908386e-02
4.939500987529754639e-02
4.937437921762466431e-02
4.935386776924133301e-02
4.933347925543785095e-02
4.931321740150451660e-02
4.929308593273162842e-02
4.927308857440948486e-02
4.925322905182838440e-02
4.923351109027862549e-02
4.921393841505050659e-02
4.919451475143432617e-02
4.917523637413978577e-02
4.915611818432807922e-02
4.913715645670890808e-02
4.911835119128227234e-02
4.909971356391906738e-02
4.908123984932899475e-02
4.906293377280235291e-02
4.904480278491973877e-02
4.902683943510055542e-02
4.900905862450599670e-02
4.899145290255546570e-02
4.897403344511985779e-02
4.895679652690887451e-02
4.893974587321281433e-02
4.892288893461227417e-02
4.890622198581695557e-02
4.888975247740745544e-02
4.887348040938377380e-02
4.885740950703620911e-02
4.884154349565505981e-02
4.882588610053062439e-02
4.881043732166290283e-02
4.879520460963249207e-02
4.878018423914909363e-02
4.876538366079330444e-02
4.875080659985542297e-02
4.873645305633544922e-02
4.872232675552368164e-02
4.870843514800071716e-02
4.869477450847625732e-02
4.868135228753089905e-02
4.866816475987434387e-02
4.865522310137748718e-02
4.864252358675003052e-02
4.863007366657257080e-02
4.861787334084510803e-02
4.860592260956764221e-02
4.859422519803047180e-02
4.858278483152389526e-02
4.857160523533821106e-02
4.856067895889282227e-02
4.855002090334892273e-02
4.853962361812591553e-02
4.852949082851409912e-02
4.851961880922317505e-02
4.851001873612403870e-02
4.850068315863609314e-02
4.849161207675933838e-02
4.848280921578407288e-02
4.847427457571029663e-02
4.846600443124771118e-02
4.845800250768661499e-02
4.845026880502700806e-02
4.844279214739799500e-02
4.843558743596076965e-02
4.842863976955413818e-02
4.842195659875869751e-02
4.841553047299385071e-02
4.840936139225959778e-02
4.840344563126564026e-02
4.839778691530227661e-02
4.839237034320831299e-02
4.838720709085464478e-02
4.838228970766067505e-02
4.837761074304580688e-02
4.837317019701004028e-02
4.836896806955337524e-02
4.836499318480491638e-02
4.836124926805496216e-02
4.835773259401321411e-02
4.835443198680877686e-02
4.835135489702224731e-02
4.834848642349243164e-02
4.834583029150962830e-02
4.834338277578353882e-02
4.834113642573356628e-02
4.833908751606941223e-02
4.833723604679107666e-02
4.833557456731796265e-02
4.833409935235977173e-02
4.833280667662620544e-02
4.833169654011726379e-02
4.833076521754264832e-02
4.833000525832176208e-02
4.832940921187400818e-02
4.832898452877998352e-02
4.832872003316879272e-02
4.832861199975013733e-02
4.832866415381431580e-02
4.832886531949043274e-02
4.832921549677848816e-02
4.832971096038818359e-02
4.833035171031951904e-02
4.833112657070159912e-02
4.833204299211502075e-02
4.833308979868888855e-02
4.833426699042320251e-02
4.833557456731796265e-02
4.833700507879257202e-02
4.833855107426643372e-02
4.834022000432014465e-02
4.834200441837310791e-02
4.834390059113502502e-02
4.834590852260589600e-02
4.834801703691482544e-02
4.835022985935211182e-02
4.835254326462745667e-02
4.835495352745056152e-02
4.835745692253112793e-02
4.836004972457885742e-02
4.836272820830345154e-02
4.836548864841461182e-02
4.836832731962203979e-02
4.837124049663543701e-02
4.837422445416450500e-02
4.837727919220924377e-02
4.838038980960845947e-02
4.838356003165245056e-02
4.838678613305091858e-02
4.839006066322326660e-02
4.839337617158889771e-02
4.839673265814781189e-02
4.840011894702911377e-02
4.840354248881340027e-02
4.840698465704917908e-02
4.841044545173645020e-02
4.841392114758491516e-02
4.841740056872367859e-02
4.842088744044303894e-02
4.842436686158180237e-02
4.842783510684967041e-02
4.843128845095634460e-02
4.843471944332122803e-02
4.843812435865402222e-02
4.844149202108383179e-02
4.844482243061065674e-02
4.844810813665390015e-02
4.845133796334266663e-02
4.845451191067695618e-02
4.845761880278587341e-02
4.846065863966941833e-02
4.846362024545669556e-02
4.846649616956710815e-02
4.846929013729095459e-02
4.847198352217674255e-02
4.847458004951477051e-02
4.847706854343414307e-02
4.847944527864456177e-02
4.848170652985572815e-02
4.848384112119674683e-02
4.848585277795791626e-02
4.848773032426834106e-02
4.848946630954742432e-02
4.849106073379516602e-02
4.849250987172126770e-02
4.849380254745483398e-02
4.849493876099586487e-02
4.849591478705406189e-02
4.849672317504882812e-02
4.849736392498016357e-02
4.849782958626747131e-02
4.849811643362045288e-02
4.849821701645851135e-02
4.849813506007194519e-02
4.849786683917045593e-02
4.849740490317344666e-02
4.849674552679061890e-02
4.849588498473167419e-02
4.849482700228691101e-02
4.849356040358543396e-02
4.849208891391754150e-02
4.849040135741233826e-02
4.848850145936012268e-02
4.848638549447059631e-02
4.848404601216316223e-02
4.848148673772811890e-02
4.847870394587516785e-02
4.847569018602371216e-02
4.847244918346405029e-02
4.846896976232528687e-02
4.846525937318801880e-02
4.846130684018135071e-02
4.845711588859558105e-02
4.845267906785011292e-02
4.844799637794494629e-02
4.844306409358978271e-02
4.843787848949432373e-02
4.843243956565856934e-02
4.842674359679222107e-02
4.842078313231468201e-02
4.841456189751625061e-02
4.840807616710662842e-02
4.840132221579551697e-02
4.839429631829261780e-02
4.838699474930763245e-02
4.837941378355026245e-02
4.837155342102050781e-02
4.836340993642807007e-02
4.835497587919235229e-02
4.834625869989395142e-02
4.833724722266197205e-02
4.832793772220611572e-02
4.831833392381668091e-02
4.830842837691307068e-02
4.829822108149528503e-02
4.828770458698272705e-02
4.827688261866569519e-02
4.826574400067329407e-02
4.825429618358612061e-02
4.824253171682357788e-02
4.823044687509536743e-02
4.821803793311119080e-02
4.820531234145164490e-02
4.819225892424583435e-02
4.817887768149375916e-02
4.816516861319541931e-02
4.815113171935081482e-02
4.813675954937934875e-02
4.812205582857131958e-02
4.810701683163642883e-02
4.809164255857467651e-02
4.807593300938606262e-02
4.805988445878028870e-02
4.804350063204765320e-02
4.802677407860755920e-02
4.800971224904060364e-02
4.799231141805648804e-02
4.797456786036491394e-02
4.795649275183677673e-02
4.793807491660118103e-02
4.791932180523872375e-02
4.790022596716880798e-02
4.788079485297203064e-02
4.786103218793869019e-02
4.784093052148818970e-02
4.782049730420112610e-02
4.779972881078720093e-02
4.777862876653671265e-02
4.775720089673995972e-02
4.773544147610664368e-02
4.771335422992706299e-02
4.769094288349151611e-02
4.766820743680000305e-02
4.764514788985252380e-02
4.762176796793937683e-02
4.759807139635086060e-02
4.757405444979667664e-02
4.754972085356712341e-02
4.752507433295249939e-02
4.750011861324310303e-02
4.747485369443893433e-02
4.744927957653999329e-02
4.742339625954627991e-02
4.739721119403839111e-02
4.737072438001632690e-02
4.734393581748008728e-02
4.731684923171997070e-02
4.728946834802627563e-02
4.726178571581840515e-02
4.723381623625755310e-02
4.720555245876312256e-02
4.717700183391571045e-02
4.714816063642501831e-02
4.711903631687164307e-02
4.708962142467498779e-02
4.705993086099624634e-02
4.702995344996452332e-02
4.699970409274101257e-02
4.696917161345481873e-02
4.693836718797683716e-02
4.690728336572647095e-02
4.687592759728431702e-02
4.684430733323097229e-02
4.681241139769554138e-02
4.678025096654891968e-02
4.674782603979110718e-02
4.671513661742210388e-02
4.668218269944190979e-02
4.664897546172142029e-02
4.661550745368003845e-02
4.658178240060806274e-02
4.654780402779579163e-02
4.651357978582382202e-02
4.647910222411155701e-02
4.644437879323959351e-02
4.640941321849822998e-02
4.637420177459716797e-02
4.633875563740730286e-02
4.630307480692863464e-02
4.626715928316116333e-02
4.623101279139518738e-02
4.619463905692100525e-02
4.615804180502891541e-02
4.612122103571891785e-02
4.608418419957160950e-02
4.604693502187728882e-02
4.600947350263595581e-02
4.597180709242820740e-02
4.593393206596374512e-02
4.589585959911346436e-02
4.585758969187736511e-02
4.581913352012634277e-02
4.578048363327980042e-02
4.574165120720863342e-02
4.570263996720314026e-02
4.566344991326332092e-02
4.562408849596977234e-02
4.558455944061279297e-02
4.554486647248268127e-02
4.550501704216003418e-02
4.546501114964485168e-02
4.542485252022743225e-02
4.538454860448837280e-02
4.534410312771797180e-02
4.530351981520652771e-02
4.526280239224433899e-02
4.522195458412170410e-02
4.518098384141921997e-02
4.513989016413688660e-02
4.509868100285530090e-02
4.505735635757446289e-02
4.501592367887496948e-02
4.497438669204711914e-02
4.493274912238121033e-02
4.489101469516754150e-02
4.484919086098670959e-02
4.480727016925811768e-02
4.476526752114295959e-02
4.472317919135093689e-02
4.468101263046264648e-02
4.463877528905868530e-02
4.459645971655845642e-02
4.455407708883285522e-02
4.451163113117218018e-02
4.446912184357643127e-02
4.442655295133590698e-02
4.438392817974090576e-02
4.434124752879142761e-02
4.429851844906806946e-02
4.425574094057083130e-02
4.421291872859001160e-02
4.417005181312561035e-02
4.412715137004852295e-02
4.408420994877815247e-02
4.404123499989509583e-02
4.399823397397994995e-02
4.395519942045211792e-02
4.391213506460189819e-02
4.386905208230018616e-02
4.382594674825668335e-02
4.378282278776168823e-02
4.373968020081520081e-02
4.369653016328811646e-02
4.365336149930953979e-02
4.361018911004066467e-02
4.356701299548149109e-02
4.352382943034172058e-02
4.348064959049224854e-02
4.343746602535247803e-02
4.339428991079330444e-02
4.335112124681472778e-02
4.330796375870704651e-02
4.326481744647026062e-02
4.322168603539466858e-02
4.317857325077056885e-02
4.313548281788825989e-02
4.309241846203804016e-02
4.304937645792961121e-02
4.300636798143386841e-02
4.296338930726051331e-02
4.292044416069984436e-02
4.287753999233245850e-02
4.283467680215835571e-02
4.279185831546783447e-02
4.274908825755119324e-02
4.270636662840843201e-02
4.266369715332984924e-02
4.262108728289604187e-02
4.257853329181671143e-02
4.253603890538215637e-02
4.249361157417297363e-02
4.245125502347946167e-02
4.240896180272102356e-02
4.236674681305885315e-02
4.232460632920265198e-02
4.228254407644271851e-02
4.224056005477905273e-02
4.219866171479225159e-02
4.215684905648231506e-02
4.211512207984924316e-02
4.207348823547363281e-02
4.203194007277488708e-02
4.199049249291419983e-02
4.194914177060127258e-02
4.190788790583610535e-02
4.186673462390899658e-02
4.182568192481994629e-02
4.178473353385925293e-02
4.174389317631721497e-02
4.170315340161323547e-02
4.166252911090850830e-02
4.162200912833213806e-02
4.158159717917442322e-02
4.154130071401596069e-02
4.150111600756645203e-02
4.146104305982589722e-02
4.142108559608459473e-02
4.138124361634254456e-02
4.134151712059974670e-02
4.130190610885620117e-02
4.126241058111190796e-02
4.122303053736686707e-02
4.118376970291137695e-02
4.114462807774543762e-02
4.110560193657875061e-02
4.106669500470161438e-02
4.102790355682373047e-02
4.098923131823539734e-02
4.095067828893661499e-02
4.091224074363708496e-02
4.087392240762710571e-02
4.083572328090667725e-02
4.079763963818550110e-02
4.075967147946357727e-02
4.072182625532150269e-02
4.068409651517868042e-02
4.064648598432540894e-02
4.060898721218109131e-02
4.057161137461662292e-02
4.053434729576110840e-02
4.049719870090484619e-02
4.046017304062843323e-02
4.042325913906097412e-02
4.038646444678306580e-02
4.034978523850440979e-02
4.031322151422500610e-02
4.027677327394485474e-02
4.024044424295425415e-02
4.020422697067260742e-02
4.016812518239021301e-02
4.013214632868766785e-02
4.009627550840377808e-02
4.006052389740943909e-02
4.002488777041435242e-02
3.998936712741851807e-02
3.995396196842193604e-02
3.991867229342460632e-02
3.988349810242652893e-02
3.984844312071800232e-02
3.981349617242813110e-02
3.977866843342781067e-02
3.974395617842674255e-02
3.970935568213462830e-02
3.967487439513206482e-02
3.964050486683845520e-02
3.960625082254409790e-02
3.957211226224899292e-02
3.953808546066284180e-02
3.950417041778564453e-02
3.947036713361740112e-02
3.943667560815811157e-02
3.940309584140777588e-02
3.936962783336639404e-02
3.933626785874366760e-02
3.930301591753959656e-02
3.926987573504447937e-02
3.923683613538742065e-02
3.920390456914901733e-02
3.917108103632926941e-02
3.913835436105728149e-02
3.910573571920394897e-02
3.907321393489837646e-02
3.904079273343086243e-02
3.900846838951110840e-02
3.897624090313911438e-02
3.894410654902458191e-02
3.891206160187721252e-02
3.888011351227760315e-02
3.884825110435485840e-02
3.881647437810897827e-02
3.878478333353996277e-02
3.875317424535751343e-02
3.872164711356163025e-02
3.869019821286201477e-02
3.865882381796836853e-02
3.862752392888069153e-02
3.859629854559898376e-02
3.856514021754264832e-02
3.853405267000198364e-02
3.850302845239639282e-02
3.847206756472587585e-02
3.844116628170013428e-02
3.841032460331916809e-02
3.837953880429267883e-02
3.834880515933036804e-02
3.831812366843223572e-02
3.828749433159828186e-02
3.825691342353820801e-02
3.822636976838111877e-02
3.819587826728820801e-02
3.816542774438858032e-02
3.813501074910163879e-02
3.810463473200798035e-02
3.807429224252700806e-02
3.804398700594902039e-02
3.801370784640312195e-02
3.798346221446990967e-02
3.795324638485908508e-02
3.792305290699005127e-02
3.789288923144340515e-02
3.786274790763854980e-02
3.783262521028518677e-02
3.780252858996391296e-02
3.777245059609413147e-02
3.774238750338554382e-02
3.771233931183815002e-02
3.768230974674224854e-02
3.765229135751724243e-02
3.762229159474372864e-02
3.759229555726051331e-02
3.756231442093849182e-02
3.753234446048736572e-02
3.750237450003623962e-02
3.747241571545600891e-02
3.744246438145637512e-02
3.741251677274703979e-02
3.738257288932800293e-02
3.735262900590896606e-02
3.732268512248992920e-02
3.729274496436119080e-02
3.726279735565185547e-02
3.723284974694252014e-02
3.720289841294288635e-02
3.717294335365295410e-02
3.714297711849212646e-02
3.711300343275070190e-02
3.708302229642868042e-02
3.705302998423576355e-02
3.702301904559135437e-02
3.699300065636634827e-02
3.696296364068984985e-02
3.693290799856185913e-02
3.690283372998237610e-02
3.687273710966110229e-02
3.684262186288833618e-02
3.681247681379318237e-02
3.678230568766593933e-02
3.675210848450660706e-02
3.672187775373458862e-02
3.669161722064018250e-02
3.666131943464279175e-02
3.663099184632301331e-02
3.660061955451965332e-02
3.657021000981330872e-02
3.653975576162338257e-02
3.650926053524017334e-02
3.647872060537338257e-02
3.644812852144241333e-02
3.641748800873756409e-02
3.638679534196853638e-02
3.635605052113533020e-02
3.632524982094764709e-02
3.629439324140548706e-02
3.626347705721855164e-02
3.623249754309654236e-02
3.620145842432975769e-02
3.617035597562789917e-02
3.613918274641036987e-02
3.610794991254806519e-02
3.607664629817008972e-02
3.604527190327644348e-02
3.601383045315742493e-02
3.598231449723243713e-02
3.595072776079177856e-02
3.591907024383544922e-02
3.588733449578285217e-02
3.585552424192428589e-02
3.582363575696945190e-02
3.579167649149894714e-02
3.575963526964187622e-02
3.572752326726913452e-02
3.569532558321952820e-02
3.566305339336395264e-02
3.563070669770240784e-02
3.559827804565429688e-02
3.556577116250991821e-02
3.553318977355957031e-02
3.550052642822265625e-02
3.546778485178947449e-02
3.543496504426002502e-02
3.540206700563430786e-02
3.536909073591232300e-02
3.533603623509407043e-02
3.530291095376014709e-02
3.526969999074935913e-02
3.523641452193260193e-02
3.520305454730987549e-02
3.516961634159088135e-02
3.513609990477561951e-02
3.510251268744468689e-02
3.506884723901748657e-02
3.503510355949401855e-02
3.500128909945487976e-02
3.496739640831947327e-02
3.493342921137809753e-02
3.489938750863075256e-02
3.486527130007743835e-02
3.483107686042785645e-02
3.479680791497230530e-02
3.476246818900108337e-02
3.472804650664329529e-02
3.469355404376983643e-02
3.465898334980010986e-02
3.462433815002441406e-02
3.458961471915245056e-02
3.455481678247451782e-02
3.451993688941001892e-02
3.448498621582984924e-02
3.444995358586311340e-02
3.441484272480010986e-02
3.437965363264083862e-02
3.434438258409500122e-02
3.430903702974319458e-02
3.427360951900482178e-02
3.423810005187988281e-02
3.420251235365867615e-02
3.416684269905090332e-02
3.413109108805656433e-02
3.409525379538536072e-02
3.405933827161788940e-02
3.402333706617355347e-02
3.398725390434265137e-02
3.395108878612518311e-02
3.391483798623085022e-02
3.387850522994995117e-02
3.384209051728248596e-02
3.380559384822845459e-02
3.376901149749755859e-02
3.373235091567039490e-02
3.369560465216636658e-02
3.365877643227577209e-02
3.362186625599861145e-02
3.358487784862518311e-02
3.354781121015548706e-02
3.351066634058952332e-02
3.347343951463699341e-02
3.343613445758819580e-02
3.339875862002372742e-02
3.336130455136299133e-02
3.332377970218658447e-02
3.328618034720420837e-02
3.324851393699645996e-02
3.321077674627304077e-02
3.317297250032424927e-02
3.313510119915008545e-02
3.309716284275054932e-02
3.305916860699653625e-02
3.302111104130744934e-02
3.298299014568328857e-02
3.294481337070465088e-02
3.290658444166183472e-02
3.286829963326454163e-02
3.282996267080307007e-02
3.279157727956771851e-02
3.275314345955848694e-02
3.271466493606567383e-02
3.267613798379898071e-02
3.263757005333900452e-02
3.259896114468574524e-02
3.256031125783920288e-02
3.252162784337997437e-02
3.248289972543716431e-02
3.244414553046226501e-02
3.240535035729408264e-02
3.236652910709381104e-02
3.232767060399055481e-02
3.228878974914550781e-02
3.224987536668777466e-02
3.221093490719795227e-02
3.217196837067604065e-02
3.213297575712203979e-02
3.209395706653594971e-02
3.205491602420806885e-02
3.201585263013839722e-02
3.197676315903663635e-02
3.193765506148338318e-02
3.189852461218833923e-02
3.185937181115150452e-02
3.182020038366317749e-02
3.178100660443305969e-02
3.174179792404174805e-02
3.170256316661834717e-02
3.166331723332405090e-02
3.162404894828796387e-02
3.158476203680038452e-02
3.154546022415161133e-02
3.150613978505134583e-02
3.146680071949958801e-02
3.142744675278663635e-02
3.138807788491249084e-02
3.134869039058685303e-02
3.130929172039031982e-02
3.126987814903259277e-02
3.123045153915882111e-02
3.119101002812385559e-02
3.115155734121799469e-02
3.111209347844123840e-02
3.107262216508388519e-02
3.103314153850078583e-02
3.099364973604679108e-02
3.095415607094764709e-02
3.091465122997760773e-02
3.087514825165271759e-02
3.083564154803752899e-02
3.079613484442234039e-02
3.075662814080715179e-02
3.071712516248226166e-02
3.067762404680252075e-02
3.063813410699367523e-02
3.059864789247512817e-02
3.055917285382747650e-02
3.051971085369586945e-02
3.048026375472545624e-02
3.044083341956138611e-02
3.040141984820365906e-02
3.036202676594257355e-02
3.032265789806842804e-02
3.028331510722637177e-02
3.024399839341640472e-02
3.020471148192882538e-02
3.016545251011848450e-02
3.012622892856597900e-02
3.008704446256160736e-02
3.004789352416992188e-02
3.000878356397151947e-02
2.996971085667610168e-02
2.993068471550941467e-02
2.989170141518115997e-02
2.985276468098163605e-02
2.981387451291084290e-02
2.977503091096878052e-02
2.973624132573604584e-02
2.969750016927719116e-02
2.965881116688251495e-02
2.962017990648746490e-02
2.958159893751144409e-02
2.954307012259960175e-02
2.950460277497768402e-02
2.946618758141994476e-02
2.942782640457153320e-02
2.938952483236789703e-02
2.935128100216388702e-02
2.931309305131435394e-02
2.927496097981929779e-02
2.923688665032386780e-02
2.919886820018291473e-02
2.916090749204158783e-02
2.912300266325473785e-02
2.908515371382236481e-02
2.904735878109931946e-02
2.900962531566619873e-02
2.897194027900695801e-02
2.893431298434734344e-02
2.889673784375190735e-02
2.885922044515609741e-02
2.882175333797931671e-02
2.878434211015701294e-02
2.874698117375373840e-02
2.870967425405979156e-02
2.867242135107517242e-02
2.863521873950958252e-02
2.859807200729846954e-02
2.856097556650638580e-02
2.852393127977848053e-02
2.848694100975990295e-02
2.845000289380550385e-02
2.841312065720558167e-02
2.837629243731498718e-02
2.833951823413372040e-02
2.830279618501663208e-02
2.826613374054431915e-02
2.822952717542648315e-02
2.819297835230827332e-02
2.815648913383483887e-02
2.812006138265132904e-02
2.808369137346744537e-02
2.804738655686378479e-02
2.801114320755004883e-02
2.797496505081653595e-02
2.793885767459869385e-02
2.790281362831592560e-02
2.786684036254882812e-02
2.783093787729740143e-02
2.779510617256164551e-02
2.775935083627700806e-02
2.772367186844348907e-02
2.768806740641593933e-02
2.765254303812980652e-02
2.761709503829479218e-02
2.758172713220119476e-02
2.754644490778446198e-02
2.751124277710914612e-02
2.747612632811069489e-02
2.744109556078910828e-02
2.740615233778953552e-02
2.737129293382167816e-02
2.733651921153068542e-02
2.730183862149715424e-02
2.726724371314048767e-02
2.723273448646068573e-02
2.719831652939319611e-02
2.716398984193801880e-02
2.712974883615970612e-02
2.709559537470340729e-02
2.706153318285942078e-02
2.702755667269229889e-02
2.699366398155689240e-02
2.695986069738864899e-02
2.692614123225212097e-02
2.689250372350215912e-02
2.685895189642906189e-02
2.682548202574253082e-02
2.679209038615226746e-02
2.675877697765827179e-02
2.672554180026054382e-02
2.669238299131393433e-02
2.665930055081844330e-02
2.662628702819347382e-02
2.659334801137447357e-02
2.656047604978084564e-02
2.652767486870288849e-02
2.649493888020515442e-02
2.646226808428764343e-02
2.642965875566005707e-02
2.639711648225784302e-02
2.636463195085525513e-02
2.633220702409744263e-02
2.629983983933925629e-02
2.626753039658069611e-02
2.623527683317661285e-02
2.620307728648185730e-02
2.617093361914157867e-02
2.613884210586547852e-02
2.610680460929870605e-02
2.607481926679611206e-02
2.604288607835769653e-02
2.601100504398345947e-02
2.597917430102825165e-02
2.594739757478237152e-02
2.591567300260066986e-02
2.588399872183799744e-02
2.585237845778465271e-02
2.582081034779548645e-02
2.578929625451564789e-02
2.575783617794513702e-02
2.572643198072910309e-02
2.569508180022239685e-02
2.566378749907016754e-02
2.563255466520786285e-02
2.560137584805488586e-02
2.557025849819183350e-02
2.553920075297355652e-02
2.550820261240005493e-02
2.547726780176162720e-02
2.544639632105827332e-02
2.541558630764484406e-02
2.538484148681163788e-02
2.535416185855865479e-02
2.532354928553104401e-02
2.529300004243850708e-02
2.526251785457134247e-02
2.523210272192955017e-02
2.520175464451313019e-02
2.517147362232208252e-02
2.514125965535640717e-02
2.511111274361610413e-02
2.508103102445602417e-02
2.505101636052131653e-02
2.502106316387653351e-02
2.499117888510227203e-02
2.496135421097278595e-02
2.493159472942352295e-02
2.490189298987388611e-02
2.487225271761417389e-02
2.484266832470893860e-02
2.481314167380332947e-02
2.478366903960704803e-02
2.475424855947494507e-02
2.472488023340702057e-02
2.469555661082267761e-02
2.466628327965736389e-02
2.463705278933048248e-02
2.460786513984203339e-02
2.457871660590171814e-02
2.454960532486438751e-02
2.452052943408489227e-02
2.449148520827293396e-02
2.446247264742851257e-02
2.443348802626132965e-02
2.440452948212623596e-02
2.437559701502323151e-02
2.434668317437171936e-02
2.431779168546199799e-02
2.428891882300376892e-02
2.426006086170673370e-02
2.423121966421604156e-02
2.420239150524139404e-02
2.417357824742794037e-02
2.414477430284023285e-02
2.411597967147827148e-02
2.408719807863235474e-02
2.405842207372188568e-02
2.402965538203716278e-02
2.400089614093303680e-02
2.397214621305465698e-02
2.394340559840202332e-02
2.391466870903968811e-02
2.388594485819339752e-02
2.385722845792770386e-02
2.382852137088775635e-02
2.379982545971870422e-02
2.377113886177539825e-02
2.374246530234813690e-02
2.371380664408206940e-02
2.368515916168689728e-02
2.365652844309806824e-02
2.362791448831558228e-02
2.359931915998458862e-02
2.357074059545993805e-02
2.354218438267707825e-02
2.351364865899085999e-02
2.348513528704643250e-02
2.345664799213409424e-02
2.342818304896354675e-02
2.339974604547023773e-02
2.337133511900901794e-02
2.334295213222503662e-02
2.331459522247314453e-02
2.328627184033393860e-02
2.325797267258167267e-02
2.322970703244209290e-02
2.320146933197975159e-02
2.317326143383979797e-02
2.314508333802223206e-02
2.311693504452705383e-02
2.308881469070911407e-02
2.306072041392326355e-02
2.303265593945980072e-02
2.300461381673812866e-02
2.297659963369369507e-02
2.294860780239105225e-02
2.292063646018505096e-02
2.289268560707569122e-02
2.286475151777267456e-02
2.283683419227600098e-02
2.280893363058567047e-02
2.278104051947593689e-02
2.275316044688224792e-02
2.272528782486915588e-02
2.269741892814636230e-02
2.266955375671386719e-02
2.264168858528137207e-02
2.261382155120372772e-02
2.258594892919063568e-02
2.255807258188724518e-02
2.253018505871295929e-02
2.250228822231292725e-02
2.247437834739685059e-02
2.244645357131958008e-02
2.241851203143596649e-02
2.239055372774600983e-02
2.236257307231426239e-02
2.233457379043102264e-02
2.230655215680599213e-02
2.227850444614887238e-02
2.225043624639511108e-02
2.222234196960926056e-02
2.219422347843647003e-02
2.216607891023159027e-02
2.213791012763977051e-02
2.210971899330615997e-02
2.208149991929531097e-02
2.205325849354267120e-02
2.202499657869338989e-02
2.199671044945716858e-02
2.196840383112430573e-02
2.194008044898509979e-02
2.191173844039440155e-02
2.188337966799736023e-02
2.185500785708427429e-02
2.182662487030029297e-02
2.179823070764541626e-02
2.176982909440994263e-02
2.174142189323902130e-02
2.171300910413265228e-02
2.168459631502628326e-02
2.165618352591991425e-02
2.162777632474899292e-02
2.159937098622322083e-02
2.157097309827804565e-02
2.154258638620376587e-02
2.151420898735523224e-02
2.148584462702274323e-02
2.145749516785144806e-02
2.142916060984134674e-02
2.140084467828273773e-02
2.137254551053047180e-02
2.134426496922969818e-02
2.131600491702556610e-02
2.128776721656322479e-02
2.125955000519752502e-02
2.123135142028331757e-02
2.120317704975605011e-02
2.117502130568027496e-02
2.114688605070114136e-02
2.111877128481864929e-02
2.109067514538764954e-02
2.106259576976299286e-02
2.103453129529953003e-02
2.100648358464241028e-02
2.097844891250133514e-02
2.095042355358600616e-02
2.092241123318672180e-02
2.089440450072288513e-02
2.086640335619449615e-02
2.083840593695640564e-02
2.081041038036346436e-02
2.078241296112537384e-02
2.075441367924213409e-02
2.072640694677829742e-02
2.069839462637901306e-02
2.067036926746368408e-02
2.064233459532260895e-02
2.061428502202033997e-02
2.058621868491172791e-02
2.055813558399677277e-02
2.053003571927547455e-02
2.050191164016723633e-02
2.047376707196235657e-02
2.044560015201568604e-02
2.041740901768207550e-02
2.038919553160667419e-02
2.036095596849918365e-02
2.033269219100475311e-02
2.030440233647823334e-02
2.027609013020992279e-02
2.024775557219982147e-02
2.021939679980278015e-02
2.019101753830909729e-02
2.016261965036392212e-02
2.013419941067695618e-02
2.010576426982879639e-02
2.007731609046459198e-02
2.004885487258434296e-02
2.002038247883319855e-02
1.999190263450145721e-02
1.996341906487941742e-02
1.993493176996707916e-02
1.990644633769989014e-02
1.987796463072299957e-02
1.984949037432670593e-02
1.982102543115615845e-02
1.979257352650165558e-02
1.976413838565349579e-02
1.973572187125682831e-02
1.970732770860195160e-02
1.967895589768886566e-02
1.965061388909816742e-02
1.962230168282985687e-02
1.959402300417423248e-02
1.956577971577644348e-02
1.953757368028163910e-02
1.950940489768981934e-02
1.948127895593643188e-02
1.945319212973117828e-02
1.942515186965465546e-02
1.939715258777141571e-02
1.936919987201690674e-02
1.934129372239112854e-02
1.931343041360378265e-02
1.928561367094516754e-02
1.925784163177013397e-02
1.923011429607868195e-02
1.920242980122566223e-02
1.917478814721107483e-02
1.914718560874462128e-02
1.911962404847145081e-02
1.909209974110126495e-02
1.906461268663406372e-02
1.903715543448925018e-02
1.900973170995712280e-02
1.898233592510223389e-02
1.895496621727943420e-02
1.892762072384357452e-02
1.890029758214950562e-02
1.887299120426177979e-02
1.884569972753524780e-02
1.881842315196990967e-02
1.879115775227546692e-02
1.876390166580677032e-02
1.873664930462837219e-02
1.870940253138542175e-02
1.868215762078762054e-02
1.865491271018981934e-02
1.862766593694686890e-02
1.860041543841362000e-02
1.857316121459007263e-02
1.854590512812137604e-02
1.851863972842693329e-02
1.849137060344219208e-02
1.846409402787685394e-02
1.843681372702121735e-02
1.840952597558498383e-02
1.838223263621330261e-02
1.835493929684162140e-02
1.832764036953449249e-02
1.830034330487251282e-02
1.827304624021053314e-02
1.824575290083885193e-02
1.821846514940261841e-02
1.819118671119213104e-02
1.816391944885253906e-02
1.813666895031929016e-02
1.810943335294723511e-02
1.808221824467182159e-02
1.805502921342849731e-02
1.802786439657211304e-02
1.800073496997356415e-02
1.797363907098770142e-02
1.794658042490482330e-02
1.791956648230552673e-02
1.789259538054466248e-02
1.786567457020282745e-02
1.783880591392517090e-02
1.781199313700199127e-02
1.778523623943328857e-02
1.775854267179965973e-02
1.773191243410110474e-02
1.770534925162792206e-02
1.767885312438011169e-02
1.765242591500282288e-02
1.762607134878635406e-02
1.759978942573070526e-02
1.757358014583587646e-02
1.754744537174701691e-02
1.752138510346412659e-02
1.749539934098720551e-02
1.746948622167110443e-02
1.744364947080612183e-02
1.741788163781166077e-02
1.739218644797801971e-02
1.736656017601490021e-02
1.734099909663200378e-02
1.731550507247447968e-02
1.729007437825202942e-02
1.726470142602920532e-02
1.723938621580600739e-02
1.721412688493728638e-02
1.718891598284244537e-02
1.716375537216663361e-02
1.713863760232925415e-02
1.711356267333030701e-02
1.708852313458919525e-02
1.706352084875106812e-02
1.703854836523532867e-02
1.701360195875167847e-02
1.698868162930011749e-02
1.696378178894519806e-02
1.693890243768692017e-02
1.691403612494468689e-02
1.688918471336364746e-02
1.686434261500835419e-02
1.683951169252395630e-02
1.681468822062015533e-02
1.678987033665180206e-02
1.676505804061889648e-02
1.674024760723114014e-02
1.671544089913368225e-02
1.669063977897167206e-02
1.666584424674510956e-02
1.664105057716369629e-02
1.661626063287258148e-02
1.659148000180721283e-02
1.656670868396759033e-02
1.654194481670856476e-02
1.651719585061073303e-02
1.649245992302894592e-02
1.646774262189865112e-02
1.644304767251014709e-02
1.641837507486343384e-02
1.639372855424880981e-02
1.636911556124687195e-02
1.634453609585762024e-02
1.631999574601650238e-02
1.629549823701381683e-02
1.627104543149471283e-02
1.624664291739463806e-02
1.622229442000389099e-02
1.619800366461277008e-02
1.617377437651157379e-02
1.614961028099060059e-02
1.612551510334014893e-02
1.610149256885051727e-02
1.607754267752170563e-02
1.605366915464401245e-02
1.602987572550773621e-02
1.600616425275802612e-02
1.598253473639488220e-02
1.595899090170860291e-02
1.593553274869918823e-02
1.591216027736663818e-02
1.588887348771095276e-02
1.586567424237728119e-02
1.584256067872047424e-02
1.581953465938568115e-02
1.579659059643745422e-02
1.577372848987579346e-02
1.575094833970069885e-02
1.572824455797672272e-02
1.570561528205871582e-02
1.568306237459182739e-02
1.566057465970516205e-02
1.563815400004386902e-02
1.561579667031764984e-02
1.559349521994590759e-02
1.557124964892864227e-02
1.554905436933040619e-02
1.552690286189317703e-02
1.550479326397180557e-02
1.548272091895341873e-02
1.546068117022514343e-02
1.543866749852895737e-02
1.541667990386486053e-02
1.539471093565225601e-02
1.537275966256856918e-02
1.535081863403320312e-02
1.532888785004615784e-02
1.530696265399456024e-02
1.528503932058811188e-02
1.526311598718166351e-02
1.524118892848491669e-02
1.521926000714302063e-02
1.519732363522052765e-02
1.517537981271743774e-02
1.515342947095632553e-02
1.513147074729204178e-02
1.510950271040201187e-02
1.508752908557653427e-02
1.506554801017045975e-02
1.504355948418378830e-02
1.502156909555196762e-02
1.499957591295242310e-02
1.497758366167545319e-02
1.495559420436620712e-02
1.493361126631498337e-02
1.491163857281208038e-02
1.488967891782522202e-02
1.486773509532213211e-02
1.484581362456083298e-02
1.482391729950904846e-02
1.480205077677965164e-02
1.478021685034036636e-02
1.475842203944921494e-02
1.473667100071907043e-02
1.471496466547250748e-02
1.469331048429012299e-02
1.467171125113964081e-02
1.465017162263393402e-02
1.462869532406330109e-02
1.460728514939546585e-02
1.458594482392072678e-02
1.456467807292938232e-02
1.454348675906658173e-02
1.452237367630004883e-02
1.450133975595235825e-02
1.448038686066865921e-02
1.445951592177152634e-02
1.443872880190610886e-02
1.441802363842725754e-02
1.439740322530269623e-02
1.437686290591955185e-02
1.435640454292297363e-02
1.433602627366781235e-02
1.431572530418634415e-02
1.429550070315599442e-02
1.427534688264131546e-02
1.425526197999715805e-02
1.423524413257837296e-02
1.421528588980436325e-02
1.419538818299770355e-02
1.417553983628749847e-02
1.415574271231889725e-02
1.413598936051130295e-02
1.411627419292926788e-02
1.409659162163734436e-02
1.407693699002265930e-02
1.405730657279491425e-02
1.403769478201866150e-02
1.401809602975845337e-02
1.399850286543369293e-02
1.397891435772180557e-02
1.395932491868734360e-02
1.393972896039485931e-02
1.392012368887662888e-02
1.390050351619720459e-02
1.388086564838886261e-02
1.386120822280645370e-02
1.384152751415967941e-02
1.382182072848081589e-02
1.380208786576986313e-02
1.378232520073652267e-02
1.376253273338079453e-02
1.374271139502525330e-02
1.372285932302474976e-02
1.370297651737928391e-02
1.368306577205657959e-02
1.366312988102436066e-02
1.364316698163747787e-02
1.362318079918622971e-02
1.360317785292863846e-02
1.358315534889698029e-02
1.356311980634927750e-02
1.354307588189840317e-02
1.352302636951208115e-02
1.350297685712575912e-02
1.348293107002973557e-02
1.346289459615945816e-02
1.344287209212779999e-02
1.342286821454763412e-02
1.340288855135440826e-02
1.338294055312871933e-02
1.336302515119314194e-02
1.334314886480569839e-02
1.332331821322441101e-02
1.330353599041700363e-02
1.328380871564149857e-02
1.326413825154304504e-02
1.324453018605709076e-02
1.322498545050621033e-02
1.320551242679357529e-02
1.318610925227403641e-02
1.316677872091531754e-02
1.314752548933029175e-02
1.312834862619638443e-02
1.310924999415874481e-02
1.309022959321737289e-02
1.307128742337226868e-02
1.305242162197828293e-02
1.303363312035799026e-02
1.301491912454366684e-02
1.299627870321273804e-02
1.297770719975233078e-02
1.295920182019472122e-02
1.294076070189476013e-02
1.292237918823957443e-02
1.290405262261629105e-02
1.288577541708946228e-02
1.286754384636878967e-02
1.284935325384140015e-02
1.283119712024927139e-02
1.281307078897953033e-02
1.279496774077415466e-02
1.277688145637512207e-02
1.275880727916955948e-02
1.274073962122201920e-02
1.272267196327447891e-02
1.270459964871406555e-02
1.268651708960533142e-02
1.266841683536767960e-02
1.265029702335596085e-02
1.263215206563472748e-02
1.261397730559110641e-02
1.259576901793479919e-02
1.257752347737550735e-02
1.255923788994550705e-02
1.254091039299964905e-02
1.252253819257020950e-02
1.250412035733461380e-02
1.248565595597028732e-02
1.246714405715465546e-02
1.244858559221029282e-02
1.242998149245977402e-02
1.241133175790309906e-02
1.239263918250799179e-02
1.237390562891960144e-02
1.235513575375080109e-02
1.233633048832416534e-02
1.231749448925256729e-02
1.229863334447145462e-02
1.227975077927112579e-02
1.226085051894187927e-02
1.224194001406431198e-02
1.222302298992872238e-02
1.220410689711570740e-02
1.218519639223814011e-02
1.216629799455404282e-02
1.214741822332143784e-02
1.212856266647577286e-02
1.210973691195249557e-02
1.209094841033220291e-02
1.207220181822776794e-02
1.205350272357463837e-02
1.203485764563083649e-02
1.201627030968666077e-02
1.199774537235498428e-02
1.197928842157125473e-02
1.196090131998062134e-02
1.194259058684110641e-02
1.192435529083013535e-02
1.190620101988315582e-02
1.188812684267759323e-02
1.187013741582632065e-02
1.185222994536161423e-02
1.183440722525119781e-02
1.181666739284992218e-02
1.179900858551263809e-02
1.178142987191677094e-02
1.176393032073974609e-02
1.174650620669126511e-02
1.172915287315845490e-02
1.171186752617359161e-02
1.169464737176895142e-02
1.167748495936393738e-02
1.166037656366825104e-02
1.164331752806901932e-02
1.162630040198564529e-02
1.160931959748268127e-02
1.159237045794725418e-02
1.157544460147619247e-02
1.155853644013404846e-02
1.154163945466279984e-02
1.152474805712699890e-02
1.150785386562347412e-02
1.149095222353935242e-02
1.147403568029403687e-02
1.145710144191980362e-02
1.144014019519090652e-02
1.142314914613962173e-02
1.140612363815307617e-02
1.138905808329582214e-02
1.137194875627756119e-02
1.135479472577571869e-02
1.133759040385484695e-02
1.132033392786979675e-02
1.130302622914314270e-02
1.128566358238458633e-02
1.126824785023927689e-02
1.125077623873949051e-02
1.123325340449810028e-02
1.121567934751510620e-02
1.119805499911308289e-02
1.118038501590490341e-02
1.116267126053571701e-02
1.114491932094097137e-02
1.112713199108839035e-02
1.110931485891342163e-02
1.109147351235151291e-02
1.107361353933811188e-02
1.105574145913124084e-02
1.103786379098892212e-02
1.101998519152402878e-02
1.100211404263973236e-02
1.098425872623920441e-02
1.096642389893531799e-02
1.094861794263124466e-02
1.093084737658500671e-02
1.091311778873205185e-02
1.089543849229812622e-02
1.087781414389610291e-02
1.086025219410657883e-02
1.084275729954242706e-02
1.082533597946166992e-02
1.080799195915460587e-02
1.079072989523410797e-02
1.077355444431304932e-02
1.075646933168172836e-02
1.073947548866271973e-02
1.072257757186889648e-02
1.070577651262283325e-02
1.068907137960195541e-02
1.067246403545141220e-02
1.065595354884862900e-02
1.063953991979360580e-02
1.062321942299604416e-02
1.060699019581079483e-02
1.059085037559270859e-02
1.057479530572891235e-02
1.055882032960653305e-02
1.054292172193527222e-02
1.052709389477968216e-02
1.051133032888174057e-02
1.049562543630599976e-02
1.047997362911701202e-02
1.046436652541160583e-02
1.044879946857690811e-02
1.043326314538717270e-02
1.041775196790695190e-02
1.040225662291049957e-02
1.038677059113979340e-02
1.037128828465938568e-02
1.035580039024353027e-02
1.034030225127935410e-02
1.032478548586368561e-02
1.030924450606107712e-02
1.029367465525865555e-02
1.027806848287582397e-02
1.026242226362228394e-02
1.024673227220773697e-02
1.023099385201931000e-02
1.021520327776670456e-02
1.019935961812734604e-02
1.018346007913351059e-02
1.016750279814004898e-02
1.015148963779211044e-02
1.013541873544454575e-02
1.011929102241992950e-02
1.010311022400856018e-02
1.008687727153301239e-02
1.007059495896100998e-02
1.005426701158285141e-02
1.003789901733398438e-02
1.002149377018213272e-02
1.000505872070789337e-02
9.988598525524139404e-03
9.972120635211467743e-03
9.955631569027900696e-03
9.939137846231460571e-03
9.922646917402744293e-03
9.906167164444923401e-03
9.889705106616020203e-03
9.873270988464355469e-03
9.856869466602802277e-03
9.840510785579681396e-03
9.824201464653015137e-03
9.807948954403400421e-03
9.791761636734008789e-03
9.775644168257713318e-03
9.759605862200260162e-03
9.743650443851947784e-03
9.727785363793373108e-03
9.712014347314834595e-03
9.696342051029205322e-03
9.680771268904209137e-03
9.665307588875293732e-03
9.649952873587608337e-03
9.634707123041152954e-03
9.619572199881076813e-03
9.604548104107379913e-03
9.589634835720062256e-03
9.574830532073974609e-03
9.560134261846542358e-03
9.545542299747467041e-03
9.531050920486450195e-03
9.516656398773193359e-03
9.502354077994823456e-03
9.488139301538467407e-03
9.474003687500953674e-03
9.459943510591983795e-03
9.445949457585811615e-03
9.432015940546989441e-03
9.418135508894920349e-03
9.404298849403858185e-03
9.390498511493206024e-03
9.376726113259792328e-03
9.362973272800445557e-03
9.349232539534568787e-03
9.335495531558990479e-03
9.321752935647964478e-03
9.307998232543468475e-03
9.294223971664905548e-03
9.280421771109104156e-03
9.266586042940616608e-03
0.000000000000000000e+00
0.000000000000000000e+00
0.000000000000000000e+00
0.000000000000000000e+00
0.000000000000000000e+00
0.000000000000000000e+00
0.000000000000000000e+00
0.000000000000000000e+00
0.000000000000000000e+00
0.000000000000000000e+00
0.000000000000000000e+00
0.000000000000000000e+00
0.000000000000000000e+00
0.000000000000000000e+00
0.000000000000000000e+00
0.000000000000000000e+00
0.000000000000000000e+00
0.000000000000000000e+00
0.000000000000000000e+00
0.000000000000000000e+00
0.000000000000000000e+00
0.000000000000000000e+00
0.000000000000000000e+00
0.000000000000000000e+00
0.000000000000000000e+00
0.000000000000000000e+00
0.000000000000000000e+00
0.000000000000000000e+00
0.000000000000000000e+00
0.000000000000000000e+00
0.000000000000000000e+00
0.000000000000000000e+00
0.000000000000000000e+00
0.000000000000000000e+00
0.000000000000000000e+00
0.000000000000000000e+00
0.000000000000000000e+00
0.000000000000000000e+00
0.000000000000000000e+00
0.000000000000000000e+00
0.000000000000000000e+00
0.000000000000000000e+00
0.000000000000000000e+00
0.000000000000000000e+00
0.000000000000000000e+00
0.000000000000000000e+00
0.000000000000000000e+00
0.000000000000000000e+00
0.000000000000000000e+00
0.000000000000000000e+00
0.000000000000000000e+00
0.000000000000000000e+00
0.000000000000000000e+00
0.000000000000000000e+00
0.000000000000000000e+00
0.000000000000000000e+00
0.000000000000000000e+00
0.000000000000000000e+00
0.000000000000000000e+00
0.000000000000000000e+00
0.000000000000000000e+00
0.000000000000000000e+00
0.000000000000000000e+00
0.000000000000000000e+00
0.000000000000000000e+00
0.000000000000000000e+00
0.000000000000000000e+00
0.000000000000000000e+00
0.000000000000000000e+00
0.000000000000000000e+00
0.000000000000000000e+00
0.000000000000000000e+00
0.000000000000000000e+00
0.000000000000000000e+00
0.000000000000000000e+00
0.000000000000000000e+00
0.000000000000000000e+00
0.000000000000000000e+00
0.000000000000000000e+00
0.000000000000000000e+00
0.000000000000000000e+00
0.000000000000000000e+00
0.000000000000000000e+00
0.000000000000000000e+00
0.000000000000000000e+00
0.000000000000000000e+00
0.000000000000000000e+00
0.000000000000000000e+00
0.000000000000000000e+00
0.000000000000000000e+00
0.000000000000000000e+00
0.000000000000000000e+00
0.000000000000000000e+00
0.000000000000000000e+00
0.000000000000000000e+00
0.000000000000000000e+00
0.000000000000000000e+00
0.000000000000000000e+00
0.000000000000000000e+00
0.000000000000000000e+00
