# ee
2.505617775022983551e-02
4.876999557018280029e-02
6.598076224327087402e-02
7.176815718412399292e-02
6.641105562448501587e-02
5.370571091771125793e-02
3.862223401665687561e-02
2.534072287380695343e-02
1.620325818657875061e-02
1.156902220100164413e-02
1.047644298523664474e-02
1.093877945095300674e-02
1.167037989944219589e-02
1.186377648264169693e-02
1.100990828126668930e-02
9.535556659102439880e-03
7.883600890636444092e-03
6.474147550761699677e-03
5.683947820216417313e-03
5.471783224493265152e-03
5.752905271947383881e-03
6.326965056359767914e-03
6.965649779886007309e-03
7.615681737661361694e-03
8.247863501310348511e-03
8.918491192162036896e-03
9.723634459078311920e-03
1.071849372237920761e-02
1.194263622164726257e-02
1.337454933673143387e-02
1.496907975524663925e-02
1.669585332274436951e-02
1.854247413575649261e-02
2.050537616014480591e-02
2.259450033307075500e-02
2.483229711651802063e-02
2.724168263375759125e-02
2.980672754347324371e-02
3.250734135508537292e-02
3.533440828323364258e-02
3.830255940556526184e-02
4.143217206001281738e-02
4.472877085208892822e-02
4.820828139781951904e-02
5.188504233956336975e-02
5.575369298458099365e-02
5.981100350618362427e-02
6.403145194053649902e-02
6.838208436965942383e-02
7.282871007919311523e-02
7.745862007141113281e-02
8.242470026016235352e-02
8.772382885217666626e-02
9.333801269531250000e-02
9.912744909524917603e-02
1.049852669239044189e-01
1.109206080436706543e-01
1.169723346829414368e-01
1.231941580772399902e-01
1.296818256378173828e-01
1.364315897226333618e-01
1.434148848056793213e-01
1.506551206111907959e-01
1.581385731697082520e-01
1.658066064119338989e-01
1.736587584018707275e-01
1.817313432693481445e-01
1.899789869785308838e-01
1.984380632638931274e-01
2.070952206850051880e-01
2.159317731857299805e-01
2.249239236116409302e-01
2.340701818466186523e-01
2.433913350105285645e-01
2.528983354568481445e-01
2.625923752784729004e-01
2.725094258785247803e-01
2.826036810874938965e-01
2.928887903690338135e-01
3.033232092857360840e-01
3.139342367649078369e-01
3.247014284133911133e-01
3.356266617774963379e-01
3.466894924640655518e-01
3.579075932502746582e-01
3.692578971385955811e-01
3.807629644870758057e-01
3.924155235290527344e-01
4.041861295700073242e-01
4.160748720169067383e-01
4.280737638473510742e-01
4.401822090148925781e-01
4.523698389530181885e-01
4.646434485912322998e-01
4.769949316978454590e-01
4.894163310527801514e-01
5.019069314002990723e-01
5.144363045692443848e-01
5.270113945007324219e-01
5.396983027458190918e-01
5.523553490638732910e-01
5.650635957717895508e-01
5.778297781944274902e-01
5.905863642692565918e-01
6.034145951271057129e-01
6.161726117134094238e-01
6.289414167404174805e-01
6.416535973548889160e-01
6.543160080909729004e-01
6.670088171958923340e-01
6.796602010726928711e-01
6.922717690467834473e-01
7.047708630561828613e-01
7.173076868057250977e-01
7.296609282493591309e-01
7.419065833091735840e-01
7.541947960853576660e-01
7.663786411285400391e-01
7.783110141754150391e-01
7.902909517288208008e-01
8.020227551460266113e-01
8.135823011398315430e-01
8.250455856323242188e-01
8.363398909568786621e-01
8.475412130355834961e-01
8.585025072097778320e-01
8.693742156028747559e-01
8.800089955329895020e-01
8.904087543487548828e-01
9.007221460342407227e-01
9.107947945594787598e-01
9.206934571266174316e-01
9.304111003875732422e-01
9.398657679557800293e-01
9.490503668785095215e-01
9.580317139625549316e-01
9.667282104492187500e-01
9.752811193466186523e-01
9.834601879119873047e-01
9.913324117660522461e-01
9.989647269248962402e-01
1.006349802017211914e+00
1.013406038284301758e+00
1.020274758338928223e+00
1.026725649833679199e+00
1.032974123954772949e+00
1.038864612579345703e+00
1.044463872909545898e+00
1.049838900566101074e+00
1.054906845092773438e+00
1.059579730033874512e+00
1.063991427421569824e+00
1.068127155303955078e+00
1.071971893310546875e+00
1.075510859489440918e+00
1.078729271888732910e+00
1.081686615943908691e+00
1.084219336509704590e+00
1.086461186408996582e+00
1.088471770286560059e+00
1.090087652206420898e+00
1.091368198394775391e+00
1.092372775077819824e+00
1.093012452125549316e+00
1.093420863151550293e+00
1.093360304832458496e+00
1.093187570571899414e+00
1.092590332031250000e+00
1.091776967048645020e+00
1.090732574462890625e+00
1.089367866516113281e+00
1.087668180465698242e+00
1.085915684700012207e+00
1.083798527717590332e+00
1.081523299217224121e+00
1.078993082046508789e+00
1.076406955718994141e+00
1.073443651199340820e+00
1.070302128791809082e+00
1.066958427429199219e+00
1.063462853431701660e+00
1.059717297554016113e+00
1.055771827697753906e+00
1.051751375198364258e+00
1.047490596771240234e+00
1.043106794357299805e+00
1.038561105728149414e+00
1.033866763114929199e+00
1.029051661491394043e+00
1.024114370346069336e+00
1.019052982330322266e+00
1.013888120651245117e+00
1.008625745773315430e+00
1.003278851509094238e+00
9.978606700897216797e-01
9.923917651176452637e-01
9.868705272674560547e-01
9.813101291656494141e-01
9.757162928581237793e-01
9.701280593872070312e-01
9.645473361015319824e-01
9.590316414833068848e-01
9.536012411117553711e-01
9.482988715171813965e-01
9.431596398353576660e-01
9.382038712501525879e-01
9.334816932678222656e-01
9.290134310722351074e-01
9.248490929603576660e-01
9.210165739059448242e-01
9.175433516502380371e-01
9.144723415374755859e-01
9.117939472198486328e-01
9.096995592117309570e-01
9.080011844635009766e-01
9.068531990051269531e-01
9.062533378601074219e-01
9.061997532844543457e-01
9.068390727043151855e-01
9.080950617790222168e-01
9.101141691207885742e-01
9.128201603889465332e-01
9.162110686302185059e-01
9.204335808753967285e-01
9.254854917526245117e-01
9.313648343086242676e-01
9.380697011947631836e-01
9.456723332405090332e-01
9.541706442832946777e-01
9.636369943618774414e-01
9.739949703216552734e-01
9.854654669761657715e-01
9.978978037834167480e-01
1.011364340782165527e+00
1.025863051414489746e+00
1.041465997695922852e+00
1.058245420455932617e+00
1.076050877571105957e+00
1.094954371452331543e+00
1.115102529525756836e+00
1.136344552040100098e+00
1.158827185630798340e+00
1.182474017143249512e+00
1.207356929779052734e+00
1.233474135398864746e+00
1.260749220848083496e+00
1.289551258087158203e+00
1.319358468055725098e+00
1.350614190101623535e+00
1.383028626441955566e+00
1.416869044303894043e+00
1.451966643333435059e+00
1.488672494888305664e+00
1.526743173599243164e+00
1.566604137420654297e+00
1.607863426208496094e+00
1.650946378707885742e+00
1.695758223533630371e+00
1.742352962493896484e+00
1.790710210800170898e+00
1.841106653213500977e+00
1.893372774124145508e+00
1.947637438774108887e+00
2.003879547119140625e+00
2.062376499176025391e+00
2.122810125350952148e+00
2.185605764389038086e+00
2.250520229339599609e+00
2.317681550979614258e+00
2.387069225311279297e+00
2.459033966064453125e+00
2.533035993576049805e+00
2.609722614288330078e+00
2.688627958297729492e+00
2.770028591156005859e+00
2.853978395462036133e+00
2.940456628799438477e+00
3.029443025588989258e+00
3.120991230010986328e+00
3.215229034423828125e+00
3.311913490295410156e+00
3.411321401596069336e+00
3.513431310653686523e+00
3.618297576904296875e+00
3.725825071334838867e+00
3.836068153381347656e+00
3.949079751968383789e+00
4.064839839935302734e+00
4.183253288269042969e+00
4.305117130279541016e+00
4.429369926452636719e+00
4.555694580078125000e+00
4.685630321502685547e+00
4.817745208740234375e+00
4.953578472137451172e+00
5.090955257415771484e+00
5.232158184051513672e+00
5.376498222351074219e+00
5.522542476654052734e+00
5.671833038330078125e+00
5.823693752288818359e+00
5.978936195373535156e+00
6.137629985809326172e+00
6.298357009887695312e+00
6.461929798126220703e+00
6.628417015075683594e+00
6.799373626708984375e+00
6.971896171569824219e+00
7.146796703338623047e+00
7.326372623443603516e+00
7.507721900939941406e+00
7.692398548126220703e+00
7.880471706390380859e+00
8.070524215698242188e+00
8.264110565185546875e+00
8.459814071655273438e+00
8.659932136535644531e+00
8.862305641174316406e+00
9.067746162414550781e+00
9.277063369750976562e+00
9.488100051879882812e+00
9.702409744262695312e+00
9.920804023742675781e+00
1.013963699340820312e+01
1.036343574523925781e+01
1.059004116058349609e+01
1.081877708435058594e+01
1.105119991302490234e+01
1.128589057922363281e+01
1.152366352081298828e+01
1.176532840728759766e+01
1.200946998596191406e+01
1.225689792633056641e+01
1.250619792938232422e+01
1.275892257690429688e+01
1.301514053344726562e+01
1.327343654632568359e+01
1.353610706329345703e+01
1.380099296569824219e+01
1.406816291809082031e+01
1.433991527557373047e+01
1.461334419250488281e+01
1.489000797271728516e+01
1.516923141479492188e+01
1.545256900787353516e+01
1.573786067962646484e+01
1.602591705322265625e+01
1.631755447387695312e+01
1.661135101318359375e+01
1.690885162353515625e+01
1.720930671691894531e+01
1.751196098327636719e+01
1.781754302978515625e+01
1.812603187561035156e+01
1.843741607666015625e+01
1.875093460083007812e+01
1.906582832336425781e+01
1.938356971740722656e+01
1.970413970947265625e+01
2.002678298950195312e+01
2.035148048400878906e+01
2.067896270751953125e+01
2.100698280334472656e+01
2.133775520324707031e+01
2.167051887512207031e+01
2.200377273559570312e+01
2.233973121643066406e+01
2.267763519287109375e+01
2.301672744750976562e+01
2.335698890686035156e+01
2.369914817810058594e+01
2.404244804382324219e+01
2.438761329650878906e+01
2.473388862609863281e+01
2.508199882507324219e+01
2.543044281005859375e+01
2.577994728088378906e+01
2.613124084472656250e+01
2.648430633544921875e+01
2.683541297912597656e+01
2.718975067138671875e+01
2.754432487487792969e+01
2.789912796020507812e+01
2.825636291503906250e+01
2.861379623413085938e+01
2.897140502929687500e+01
2.932992172241210938e+01
2.968709564208984375e+01
3.004811859130859375e+01
3.040851211547851562e+01
3.077123641967773438e+01
3.113330078125000000e+01
3.149617958068847656e+01
3.185910987854003906e+01
3.222282409667968750e+01
3.258729934692382812e+01
3.295178985595703125e+01
3.331700897216796875e+01
3.368294906616210938e+01
3.404883575439453125e+01
3.441454315185546875e+01
3.478142929077148438e+01
3.514786911010742188e+01
3.551372909545898438e+01
3.588035964965820312e+01
3.624613952636718750e+01
3.661167144775390625e+01
3.697756958007812500e+01
3.734146499633789062e+01
3.770545578002929688e+01
3.806865692138671875e+01
3.843094253540039062e+01
3.879216766357421875e+01
3.915294265747070312e+01
3.951165390014648438e+01
3.986964035034179688e+01
4.022454071044921875e+01
4.057920074462890625e+01
4.093273162841796875e+01
4.128425979614257812e+01
4.163364410400390625e+01
4.198075866699218750e+01
4.232620620727539062e+01
4.266910934448242188e+01
4.301081848144531250e+01
4.334971237182617188e+01
4.368639755249023438e+01
4.402074432373046875e+01
4.435335540771484375e+01
4.468260574340820312e+01
4.500910949707031250e+01
4.533422088623046875e+01
4.565556716918945312e+01
4.597525024414062500e+01
4.629164123535156250e+01
4.660461044311523438e+01
4.691476821899414062e+01
4.722270965576171875e+01
4.752682876586914062e+01
4.782772445678710938e+01
4.812527084350585938e+01
4.842006301879882812e+01
4.871197891235351562e+01
4.899864196777343750e+01
4.928364181518554688e+01
4.956535720825195312e+01
4.984215927124023438e+01
5.011614990234375000e+01
5.038718795776367188e+01
5.065365600585937500e+01
5.091688919067382812e+01
5.117673873901367188e+01
5.143230438232421875e+01
5.168418502807617188e+01
5.193148040771484375e+01
5.217552947998046875e+01
5.241543960571289062e+01
5.265179824829101562e+01
5.288297271728515625e+01
5.311029815673828125e+01
5.333287811279296875e+01
5.355204391479492188e+01
5.376691055297851562e+01
5.397731781005859375e+01
5.418238067626953125e+01
5.438342666625976562e+01
5.458031463623046875e+01
5.477139663696289062e+01
5.495875549316406250e+01
5.514224243164062500e+01
5.532021713256835938e+01
5.549327087402343750e+01
5.566199874877929688e+01
5.582476425170898438e+01
5.598364639282226562e+01
5.613700103759765625e+01
5.628468704223632812e+01
5.642803573608398438e+01
5.656614685058593750e+01
5.669887924194335938e+01
5.682681274414062500e+01
5.694906997680664062e+01
5.706623077392578125e+01
5.717740631103515625e+01
5.728393173217773438e+01
5.738491439819335938e+01
5.747945404052734375e+01
5.756889343261718750e+01
5.765306854248046875e+01
5.773110580444335938e+01
5.780357742309570312e+01
5.786886215209960938e+01
5.792977142333984375e+01
5.798392868041992188e+01
5.803266906738281250e+01
5.807509994506835938e+01
5.811032104492187500e+01
5.814041519165039062e+01
5.816300582885742188e+01
5.818019104003906250e+01
5.819118881225585938e+01
5.819525909423828125e+01
5.819312667846679688e+01
5.818553543090820312e+01
5.817186355590820312e+01
5.815182495117187500e+01
5.812643814086914062e+01
5.809473037719726562e+01
5.805736541748046875e+01
5.801402664184570312e+01
5.796516418457031250e+01
5.791053771972656250e+01
5.785044097900390625e+01
5.778478240966796875e+01
5.771363067626953125e+01
5.763712310791015625e+01
5.755510330200195312e+01
5.746778869628906250e+01
5.737509155273437500e+01
5.727707290649414062e+01
5.717395401000976562e+01
5.706557846069335938e+01
5.695192718505859375e+01
5.683314514160156250e+01
5.670921707153320312e+01
5.658014678955078125e+01
5.644590759277343750e+01
5.630680084228515625e+01
5.616259002685546875e+01
5.601319122314453125e+01
5.585888671875000000e+01
5.569953155517578125e+01
5.553517150878906250e+01
5.536588668823242188e+01
5.519151306152343750e+01
5.501211547851562500e+01
5.482783508300781250e+01
5.463836288452148438e+01
5.444413757324218750e+01
5.424469375610351562e+01
5.404025650024414062e+01
5.383088684082031250e+01
5.361642456054687500e+01
5.339686203002929688e+01
5.317196273803710938e+01
5.294194030761718750e+01
5.270679092407226562e+01
5.246649932861328125e+01
5.222105407714843750e+01
5.197047805786132812e+01
5.171492004394531250e+01
5.145307159423828125e+01
5.118807220458984375e+01
5.091787719726562500e+01
5.064340591430664062e+01
5.036408996582031250e+01
5.008159255981445312e+01
4.979386138916015625e+01
4.950181579589843750e+01
4.920637893676757812e+01
4.890772247314453125e+01
4.860453796386718750e+01
4.829922866821289062e+01
4.798900604248046875e+01
4.767626953125000000e+01
4.735971450805664062e+01
4.704099655151367188e+01
4.671955490112304688e+01
4.639482116699218750e+01
4.606771087646484375e+01
4.573766326904296875e+01
4.540485000610351562e+01
4.507019424438476562e+01
4.473237991333007812e+01
4.439307785034179688e+01
4.405171203613281250e+01
4.370772171020507812e+01
4.336277008056640625e+01
4.301553726196289062e+01
4.266621017456054688e+01
4.231570434570312500e+01
4.196345138549804688e+01
4.160962677001953125e+01
4.125441360473632812e+01
4.089723205566406250e+01
4.053974914550781250e+01
4.018066024780273438e+01
3.982088088989257812e+01
3.945909500122070312e+01
3.909772109985351562e+01
3.873394393920898438e+01
3.837092590332031250e+01
3.800661087036132812e+01
3.764042663574218750e+01
3.727552413940429688e+01
3.690761947631835938e+01
3.654060745239257812e+01
3.617317199707031250e+01
3.580549240112304688e+01
3.543775177001953125e+01
3.506867599487304688e+01
3.470072555541992188e+01
3.433189010620117188e+01
3.396314620971679688e+01
3.359470748901367188e+01
3.322681045532226562e+01
3.285966491699218750e+01
3.249202346801757812e+01
3.212485122680664062e+01
3.175910568237304688e+01
3.139502143859863281e+01
3.102910614013671875e+01
3.066604042053222656e+01
3.030307579040527344e+01
2.994266700744628906e+01
2.958355712890625000e+01
2.922596168518066406e+01
2.887085723876953125e+01
2.851548957824707031e+01
2.816305541992187500e+01
2.781229782104492188e+01
2.746269607543945312e+01
2.711521339416503906e+01
2.677007865905761719e+01
2.642751502990722656e+01
2.608700370788574219e+01
2.574876785278320312e+01
2.541303062438964844e+01
2.508002090454101562e+01
2.474995994567871094e+01
2.442232894897460938e+01
2.409883689880371094e+01
2.377673721313476562e+01
2.345922660827636719e+01
2.314578628540039062e+01
2.283366584777832031e+01
2.252680778503417969e+01
2.222246170043945312e+01
2.192308235168457031e+01
2.162740516662597656e+01
2.133491325378417969e+01
2.104805946350097656e+01
2.076335144042968750e+01
2.048398780822753906e+01
2.020944786071777344e+01
1.993921089172363281e+01
1.967424774169921875e+01
1.941329193115234375e+01
1.915731430053710938e+01
1.890799903869628906e+01
1.866321754455566406e+01
1.842230033874511719e+01
1.818755722045898438e+01
1.795831680297851562e+01
1.773391342163085938e+01
1.751442527770996094e+01
1.730066871643066406e+01
1.709197616577148438e+01
1.688768196105957031e+01
1.668860435485839844e+01
1.649556541442871094e+01
1.630789375305175781e+01
1.612417984008789062e+01
1.594598770141601562e+01
1.577339267730712891e+01
1.560572910308837891e+01
1.544381332397460938e+01
1.528697872161865234e+01
1.513530254364013672e+01
1.499034786224365234e+01
1.484921646118164062e+01
1.471495819091796875e+01
1.458541870117187500e+01
1.446141815185546875e+01
1.434303092956542969e+01
1.423033714294433594e+01
1.412266635894775391e+01
1.402158069610595703e+01
1.392641544342041016e+01
1.383650207519531250e+01
1.375191879272460938e+01
1.367496871948242188e+01
1.360201358795166016e+01
1.353610420227050781e+01
1.347582912445068359e+01
1.342274856567382812e+01
1.337471294403076172e+01
1.333328437805175781e+01
1.329928112030029297e+01
1.326980876922607422e+01
1.324865818023681641e+01
1.323367595672607422e+01
1.322494029998779297e+01
1.322475624084472656e+01
1.323022842407226562e+01
1.324291896820068359e+01
1.326216220855712891e+01
1.328952026367187500e+01
1.332358360290527344e+01
1.336513710021972656e+01
1.341481494903564453e+01
1.347098827362060547e+01
1.353500080108642578e+01
1.360522079467773438e+01
1.368299484252929688e+01
1.376743316650390625e+01
1.385913753509521484e+01
1.395722103118896484e+01
1.406154060363769531e+01
1.417269611358642578e+01
1.429054450988769531e+01
1.441420078277587891e+01
1.454500579833984375e+01
1.468133354187011719e+01
1.482378101348876953e+01
1.497294998168945312e+01
1.512795543670654297e+01
1.528716468811035156e+01
1.545341205596923828e+01
1.562655067443847656e+01
1.580421161651611328e+01
1.598847961425781250e+01
1.617772674560546875e+01
1.637329673767089844e+01
1.657578849792480469e+01
1.678208923339843750e+01
1.699279785156250000e+01
1.721000289916992188e+01
1.743281555175781250e+01
1.765961265563964844e+01
1.789396286010742188e+01
1.813201141357421875e+01
1.837584304809570312e+01
1.862382698059082031e+01
1.887731552124023438e+01
1.913689994812011719e+01
1.940170288085937500e+01
1.967083549499511719e+01
1.994489669799804688e+01
2.022300720214843750e+01
2.050873756408691406e+01
2.079971504211425781e+01
2.109431457519531250e+01
2.139388084411621094e+01
2.169901084899902344e+01
2.200808143615722656e+01
2.232317733764648438e+01
2.264118576049804688e+01
2.296568298339843750e+01
2.329427719116210938e+01
2.362898254394531250e+01
2.396658325195312500e+01
2.430982017517089844e+01
2.465696525573730469e+01
2.500852775573730469e+01
2.536501312255859375e+01
2.572469711303710938e+01
2.608808708190917969e+01
2.645568656921386719e+01
2.682726287841796875e+01
2.720257759094238281e+01
2.758213806152343750e+01
2.796421623229980469e+01
2.834932708740234375e+01
2.873871612548828125e+01
2.913140106201171875e+01
2.952640533447265625e+01
2.992348861694335938e+01
3.032465171813964844e+01
3.072816467285156250e+01
3.113453865051269531e+01
3.154353332519531250e+01
3.195491790771484375e+01
3.236845397949218750e+01
3.278464508056640625e+01
3.320251464843750000e+01
3.362257003784179688e+01
3.404457473754882812e+01
3.446680831909179688e+01
3.489274978637695312e+01
3.531918716430664062e+01
3.574737548828125000e+01
3.617707443237304688e+01
3.660731124877929688e+01
3.703858566284179688e+01
3.747140884399414062e+01
3.790406036376953125e+01
3.833630371093750000e+01
3.877162170410156250e+01
3.920605468750000000e+01
3.964160537719726562e+01
4.007803344726562500e+01
4.051436233520507812e+01
4.094961166381835938e+01
4.138577270507812500e+01
4.182039260864257812e+01
4.225545120239257812e+01
4.268997573852539062e+01
4.312298965454101562e+01
4.355575942993164062e+01
4.398739242553710938e+01
4.441701507568359375e+01
4.484672927856445312e+01
4.527491760253906250e+01
4.570145034790039062e+01
4.612768173217773438e+01
4.655273056030273438e+01
4.697648239135742188e+01
4.739879226684570312e+01
4.781954193115234375e+01
4.824007797241210938e+01
4.865729904174804688e+01
4.907405090332031250e+01
4.948871231079101562e+01
4.990190124511718750e+01
5.031274032592773438e+01
5.072258758544921875e+01
5.112982940673828125e+01
5.153506851196289062e+01
5.193744277954101562e+01
5.233904266357421875e+01
5.273751831054687500e+01
5.313421630859375000e+01
5.352751922607421875e+01
5.391953659057617188e+01
5.430790710449218750e+01
5.469397354125976562e+01
5.507762145996093750e+01
5.545796585083007812e+01
5.583488464355468750e+01
5.620824432373046875e+01
5.657865905761718750e+01
5.694525527954101562e+01
5.730938339233398438e+01
5.766870117187500000e+01
5.802453994750976562e+01
5.837678909301757812e+01
5.872456741333007812e+01
5.906922531127929688e+01
5.940841674804687500e+01
5.974274826049804688e+01
6.007283401489257812e+01
6.039853668212890625e+01
6.071825027465820312e+01
6.103480529785156250e+01
6.134436798095703125e+01
6.164902877807617188e+01
6.194792556762695312e+01
6.224165725708007812e+01
6.252938842773437500e+01
6.281190109252929688e+01
6.308777236938476562e+01
6.335854339599609375e+01
6.362355041503906250e+01
6.388136672973632812e+01
6.413428497314453125e+01
6.438311767578125000e+01
6.462347412109375000e+01
6.485913848876953125e+01
6.508942413330078125e+01
6.531365966796875000e+01
6.553263854980468750e+01
6.574496459960937500e+01
6.595217132568359375e+01
6.615358734130859375e+01
6.635002899169921875e+01
6.654006195068359375e+01
6.672450256347656250e+01
6.690267181396484375e+01
6.707537841796875000e+01
6.724268341064453125e+01
6.740391540527343750e+01
6.755987548828125000e+01
6.770841217041015625e+01
6.785255432128906250e+01
6.799012756347656250e+01
6.812121582031250000e+01
6.824736785888671875e+01
6.836714935302734375e+01
6.847989654541015625e+01
6.858714294433593750e+01
6.868898010253906250e+01
6.878321838378906250e+01
6.887216186523437500e+01
6.895514678955078125e+01
6.903072357177734375e+01
6.910119628906250000e+01
6.916367340087890625e+01
6.922117614746093750e+01
6.927153778076171875e+01
6.931482696533203125e+01
6.935260009765625000e+01
6.938269042968750000e+01
6.940589904785156250e+01
6.942303466796875000e+01
6.943341827392578125e+01
6.943638610839843750e+01
6.943272399902343750e+01
6.942176055908203125e+01
6.940358734130859375e+01
6.937835693359375000e+01
6.934626007080078125e+01
6.930673217773437500e+01
6.926145172119140625e+01
6.920835876464843750e+01
6.914839172363281250e+01
6.908173370361328125e+01
6.900856018066406250e+01
6.892980957031250000e+01
6.884267425537109375e+01
6.875032806396484375e+01
6.865071105957031250e+01
6.854476165771484375e+01
6.843265533447265625e+01
6.831383514404296875e+01
6.818996429443359375e+01
6.805899810791015625e+01
6.792187500000000000e+01
6.777875518798828125e+01
6.762984466552734375e+01
6.747456359863281250e+01
6.731310272216796875e+01
6.714638519287109375e+01
6.697311401367187500e+01
6.679495239257812500e+01
6.661059570312500000e+01
6.642096710205078125e+01
6.622551727294921875e+01
6.602365875244140625e+01
6.581784057617187500e+01
6.560523223876953125e+01
6.538753509521484375e+01
6.516565704345703125e+01
6.493756103515625000e+01
6.470415496826171875e+01
6.446637725830078125e+01
6.422365570068359375e+01
6.397469711303710938e+01
6.372190856933593750e+01
6.346398544311523438e+01
6.320110321044921875e+01
6.293344879150390625e+01
6.266120529174804688e+01
6.238380432128906250e+01
6.210292053222656250e+01
6.181723785400390625e+01
6.152843475341796875e+01
6.123371887207031250e+01
6.093548583984375000e+01
6.063393020629882812e+01
6.032844161987304688e+01
6.001766586303710938e+01
5.970397949218750000e+01
5.938603210449218750e+01
5.906470108032226562e+01
5.873863220214843750e+01
5.840871429443359375e+01
5.807656860351562500e+01
5.774009704589843750e+01
5.740018081665039062e+01
5.705696105957031250e+01
5.671057128906250000e+01
5.636040115356445312e+01
5.600733947753906250e+01
5.565151214599609375e+01
5.529306030273437500e+01
5.492989349365234375e+01
5.456437683105468750e+01
5.419663619995117188e+01
5.382608032226562500e+01
5.345208740234375000e+01
5.307555007934570312e+01
5.269733428955078125e+01
5.231684112548828125e+01
5.193271636962890625e+01
5.154732894897460938e+01
5.116006851196289062e+01
5.077107238769531250e+01
5.037973022460937500e+01
4.998543548583984375e+01
4.959129714965820312e+01
4.919522094726562500e+01
4.879586029052734375e+01
4.839705657958984375e+01
4.799672698974609375e+01
4.759499359130859375e+01
4.719348907470703125e+01
4.679011917114257812e+01
4.638947296142578125e+01
4.598499298095703125e+01
4.558054351806640625e+01
4.517550659179687500e+01
4.477150726318359375e+01
4.436718750000000000e+01
4.396120834350585938e+01
4.355815505981445312e+01
4.315444946289062500e+01
4.275171279907226562e+01
4.235008239746093750e+01
4.194892120361328125e+01
4.154825592041015625e+01
4.114955902099609375e+01
4.075133895874023438e+01
4.035433959960937500e+01
3.995780944824218750e+01
3.956248855590820312e+01
3.916836929321289062e+01
3.877544403076171875e+01
3.838445663452148438e+01
3.799539566040039062e+01
3.760677337646484375e+01
3.722081375122070312e+01
3.683528137207031250e+01
3.645240020751953125e+01
3.606993484497070312e+01
3.569011306762695312e+01
3.531069946289062500e+01
3.493465423583984375e+01
3.455826187133789062e+01
3.418449401855468750e+01
3.381333923339843750e+01
3.344330978393554688e+01
3.307513809204101562e+01
3.271031188964843750e+01
3.234659194946289062e+01
3.198694992065429688e+01
3.162914848327636719e+01
3.127318382263183594e+01
3.092053604125976562e+01
3.057045745849609375e+01
3.022145652770996094e+01
2.987649917602539062e+01
2.953558349609375000e+01
2.919647407531738281e+01
2.885990524291992188e+01
2.852736663818359375e+01
2.819884490966796875e+01
2.787285232543945312e+01
2.755012893676757812e+01
2.723214912414550781e+01
2.691668701171875000e+01
2.660521697998046875e+01
2.629699707031250000e+01
2.599498939514160156e+01
2.569547843933105469e+01
2.539993858337402344e+01
2.510911369323730469e+01
2.482299804687500000e+01
2.454084205627441406e+01
2.426336860656738281e+01
2.399049758911132812e+01
2.372212791442871094e+01
2.345890998840332031e+01
2.320074081420898438e+01
2.294678497314453125e+01
2.269768524169921875e+01
2.245408630371093750e+01
2.221440696716308594e+01
2.197929191589355469e+01
2.175012779235839844e+01
2.152533531188964844e+01
2.130555725097656250e+01
2.109069824218750000e+01
2.087991714477539062e+01
2.067460060119628906e+01
2.047465324401855469e+01
2.027923583984375000e+01
2.008973693847656250e+01
1.990382766723632812e+01
1.972438621520996094e+01
1.954908752441406250e+01
1.937931632995605469e+01
1.921497917175292969e+01
1.905449295043945312e+01
1.889998626708984375e+01
1.875062370300292969e+01
1.860704994201660156e+01
1.846768188476562500e+01
1.833316612243652344e+01
1.820563697814941406e+01
1.808276748657226562e+01
1.796446228027343750e+01
1.785210800170898438e+01
1.774486732482910156e+01
1.764338874816894531e+01
1.754757690429687500e+01
1.745510101318359375e+01
1.736958503723144531e+01
1.728944778442382812e+01
1.721384620666503906e+01
1.714343070983886719e+01
1.707959175109863281e+01
1.702000427246093750e+01
1.696754455566406250e+01
1.691840171813964844e+01
1.687545394897460938e+01
1.683860588073730469e+01
1.680702018737792969e+01
1.678134155273437500e+01
1.675999259948730469e+01
1.674436569213867188e+01
1.673437500000000000e+01
1.673066902160644531e+01
1.673167419433593750e+01
1.673729705810546875e+01
1.674893951416015625e+01
1.676502037048339844e+01
1.678470993041992188e+01
1.681237602233886719e+01
1.684495544433593750e+01
1.688236045837402344e+01
1.692598724365234375e+01
1.697351646423339844e+01
1.702708816528320312e+01
1.708587074279785156e+01
1.714977645874023438e+01
1.721945381164550781e+01
1.729333496093750000e+01
1.737281227111816406e+01
1.745705604553222656e+01
1.754597663879394531e+01
1.764096832275390625e+01
1.773971939086914062e+01
1.784362602233886719e+01
1.795259475708007812e+01
1.806579971313476562e+01
1.818463706970214844e+01
1.830827331542968750e+01
1.843587875366210938e+01
1.856810951232910156e+01
1.870487403869628906e+01
1.884683036804199219e+01
1.899240493774414062e+01
1.914225006103515625e+01
1.929702377319335938e+01
1.945514869689941406e+01
1.961877059936523438e+01
1.978482627868652344e+01
1.995620346069335938e+01
2.012983894348144531e+01
2.030861663818359375e+01
2.049022483825683594e+01
2.067531776428222656e+01
2.086528968811035156e+01
2.105783081054687500e+01
2.125433349609375000e+01
2.145322990417480469e+01
2.165591621398925781e+01
2.186156272888183594e+01
2.207009696960449219e+01
2.228149032592773438e+01
2.249647140502929688e+01
2.271428489685058594e+01
2.293491744995117188e+01
2.315761375427246094e+01
2.338310050964355469e+01
2.361211204528808594e+01
2.384314155578613281e+01
2.407766723632812500e+01
2.431418991088867188e+01
2.455343818664550781e+01
2.479539871215820312e+01
2.504005813598632812e+01
2.528666114807128906e+01
2.553593444824218750e+01
2.578712844848632812e+01
2.604096794128417969e+01
2.629669952392578125e+01
2.655430793762207031e+01
2.681452751159667969e+01
2.707659721374511719e+01
2.734050941467285156e+01
2.760550880432128906e+01
2.787231826782226562e+01
2.814093208312988281e+01
2.841207885742187500e+01
2.868351745605468750e+01
2.895820617675781250e+01
2.923390388488769531e+01
2.950985527038574219e+01
2.978753280639648438e+01
3.006618499755859375e+01
3.034505462646484375e+01
3.062635612487792969e+01
3.090784835815429688e+01
3.119026565551757812e+01
3.147285079956054688e+01
3.175633430480957031e+01
3.203996276855468750e+01
3.232446289062500000e+01
3.260908508300781250e+01
3.289381027221679688e+01
3.317863464355468750e+01
3.346354293823242188e+01
3.374926376342773438e+01
3.403355789184570312e+01
3.431789779663085938e+01
3.460153198242187500e+01
3.488518905639648438e+01
3.516738128662109375e+01
3.545035934448242188e+01
3.573194503784179688e+01
3.601290893554687500e+01
3.629180908203125000e+01
3.657090759277343750e+01
3.684875869750976562e+01
3.712614440917968750e+01
3.740161514282226562e+01
3.767594909667968750e+01
3.794993209838867188e+01
3.822211456298828125e+01
3.849253463745117188e+01
3.876271057128906250e+01
3.903045654296875000e+01
3.929729843139648438e+01
3.956252670288085938e+01
3.982692718505859375e+01
4.008829879760742188e+01
4.034817504882812500e+01
4.060585021972656250e+01
4.086284637451171875e+01
4.111771011352539062e+01
4.136900329589843750e+01
4.161972808837890625e+01
4.186769866943359375e+01
4.211368942260742188e+01
4.235774230957031250e+01
4.259915161132812500e+01
4.283795547485351562e+01
4.307493209838867188e+01
4.330863952636718750e+01
4.354133987426757812e+01
4.377009582519531250e+01
4.399717712402343750e+01
4.422039413452148438e+01
4.444126892089843750e+01
4.465983963012695312e+01
4.487465286254882812e+01
4.508723831176757812e+01
4.529614639282226562e+01
4.550364303588867188e+01
4.570604705810546875e+01
4.590711593627929688e+01
4.610465240478515625e+01
4.629795455932617188e+01
4.648854827880859375e+01
4.667572021484375000e+01
4.686100006103515625e+01
4.704144668579101562e+01
4.721784591674804688e+01
4.739244842529296875e+01
4.756231689453125000e+01
4.772822952270507812e+01
4.789168930053710938e+01
4.805050277709960938e+01
4.820618438720703125e+01
4.835727691650390625e+01
4.850530242919921875e+01
4.864878845214843750e+01
4.878926086425781250e+01
4.892600631713867188e+01
4.905830383300781250e+01
4.918693161010742188e+01
4.931116867065429688e+01
4.943179321289062500e+01
4.954734039306640625e+01
4.966082000732421875e+01
4.976779174804687500e+01
4.987126159667968750e+01
4.997125625610351562e+01
5.006706619262695312e+01
5.015797042846679688e+01
5.024399566650390625e+01
5.032666015625000000e+01
5.040525054931640625e+01
5.047978591918945312e+01
5.054955673217773438e+01
5.061458969116210938e+01
5.067640304565429688e+01
5.073353195190429688e+01
5.078600311279296875e+01
5.083459472656250000e+01
5.087858200073242188e+01
5.091873931884765625e+01
5.095360946655273438e+01
5.098470687866210938e+01
5.101130676269531250e+01
5.103418731689453125e+01
5.105188751220703125e+01
5.106592178344726562e+01
5.107408523559570312e+01
5.108011627197265625e+01
5.108108139038085938e+01
5.107773971557617188e+01
5.107086181640625000e+01
5.105973434448242188e+01
5.104438400268554688e+01
5.102483367919921875e+01
5.100037002563476562e+01
5.097323989868164062e+01
5.094121551513671875e+01
5.090501785278320312e+01
5.086537551879882812e+01
5.082080459594726562e+01
5.077350616455078125e+01
5.072124862670898438e+01
5.066475677490234375e+01
5.060327529907226562e+01
5.053902435302734375e+01
5.047050476074218750e+01
5.039844131469726562e+01
5.032133865356445312e+01
5.024066925048828125e+01
5.015642166137695312e+01
5.006709289550781250e+01
4.997564315795898438e+01
4.987834930419921875e+01
4.977742004394531250e+01
4.967284393310546875e+01
4.956535339355468750e+01
4.945195770263671875e+01
4.933561706542968750e+01
4.921557617187500000e+01
4.909182357788085938e+01
4.896434402465820312e+01
4.883386230468750000e+01
4.869962310791015625e+01
4.856087112426757812e+01
4.841833496093750000e+01
4.827274703979492188e+01
4.812334442138671875e+01
4.797011184692382812e+01
4.781452560424804688e+01
4.765433883666992188e+01
4.749176788330078125e+01
4.732456970214843750e+01
4.715496063232421875e+01
4.698143386840820312e+01
4.680546569824218750e+01
4.662703323364257812e+01
4.644464874267578125e+01
4.625903320312500000e+01
4.607016754150390625e+01
4.587952804565429688e+01
4.568486785888671875e+01
4.548765945434570312e+01
4.528788757324218750e+01
4.508404922485351562e+01
4.487910461425781250e+01
4.467080307006835938e+01
4.445986557006835938e+01
4.424775314331054688e+01
4.403221893310546875e+01
4.381397628784179688e+01
4.359448623657226562e+01
4.337149429321289062e+01
4.314646911621093750e+01
4.291938018798828125e+01
4.269168853759765625e+01
4.245965576171875000e+01
4.222623062133789062e+01
4.199064254760742188e+01
4.175360870361328125e+01
4.151436614990234375e+01
4.127288818359375000e+01
4.102915191650390625e+01
4.078535461425781250e+01
4.053850173950195312e+01
4.029080581665039062e+01
4.004148483276367188e+01
3.979052352905273438e+01
3.953863525390625000e+01
3.928505325317382812e+01
3.902975463867187500e+01
3.877345275878906250e+01
3.851686859130859375e+01
3.825700378417968750e+01
3.799829101562500000e+01
3.773624420166015625e+01
3.747455978393554688e+01
3.721171569824218750e+01
3.694769668579101562e+01
3.668321609497070312e+01
3.641750717163085938e+01
3.615128326416015625e+01
3.588452529907226562e+01
3.561645889282226562e+01
3.534780502319335938e+01
3.507927703857421875e+01
3.481011199951171875e+01
3.454027938842773438e+01
3.427050018310546875e+01
3.400000000000000000e+01
3.372875976562500000e+01
3.345823669433593750e+01
3.318692016601562500e+01
3.291478347778320312e+01
3.264403152465820312e+01
3.237240982055664062e+01
3.209989166259765625e+01
3.182871627807617188e+01
3.155740165710449219e+01
3.128669357299804688e+01
3.101511383056640625e+01
3.074490165710449219e+01
3.047457313537597656e+01
3.020413780212402344e+01
2.993508529663085938e+01
2.966593933105468750e+01
2.939744758605957031e+01
2.913035964965820312e+01
2.886394500732421875e+01
2.859819793701171875e+01
2.833313560485839844e+01
2.806950378417968750e+01
2.780582237243652344e+01
2.754358291625976562e+01
2.728279685974121094e+01
2.702346801757812500e+01
2.676485824584960938e+01
2.650772094726562500e+01
2.625205993652343750e+01
2.599788284301757812e+01
2.574519538879394531e+01
2.549400520324707031e+01
2.524431991577148438e+01
2.499540138244628906e+01
2.474948883056640625e+01
2.450435447692871094e+01
2.426075363159179688e+01
2.401943397521972656e+01
2.377965927124023438e+01
2.354217910766601562e+01
2.330551719665527344e+01
2.307116127014160156e+01
2.283912467956542969e+01
2.260792350769042969e+01
2.237979507446289062e+01
2.215326309204101562e+01
2.192833137512207031e+01
2.170575523376464844e+01
2.148627662658691406e+01
2.126768302917480469e+01
2.105220413208007812e+01
2.083762359619140625e+01
2.062617111206054688e+01
2.041711807250976562e+01
2.020898437500000000e+01
2.000400352478027344e+01
1.980144882202148438e+01
1.960061264038085938e+01
1.940228271484375000e+01
1.920649719238281250e+01
1.901255607604980469e+01
1.882199096679687500e+01
1.863261222839355469e+01
1.844669151306152344e+01
1.826278686523437500e+01
1.808242607116699219e+01
1.790267944335937500e+01
1.772656059265136719e+01
1.755337333679199219e+01
1.738241386413574219e+01
1.721446990966796875e+01
1.704958343505859375e+01
1.688705444335937500e+01
1.672766876220703125e+01
1.657072830200195312e+01
1.641627311706542969e+01
1.626583480834960938e+01
1.611797142028808594e+01
1.597272491455078125e+01
1.583014011383056641e+01
1.569025993347167969e+01
1.555386924743652344e+01
1.542027091979980469e+01
1.528950691223144531e+01
1.516236782073974609e+01
1.503814888000488281e+01
1.491615581512451172e+01
1.479791736602783203e+01
1.468273258209228516e+01
1.456990432739257812e+01
1.446022129058837891e+01
1.435446834564208984e+01
1.425046157836914062e+01
1.415047359466552734e+01
1.405380725860595703e+01
1.395902061462402344e+01
1.386764335632324219e+01
1.377972126007080078e+01
1.369381332397460938e+01
1.361145019531250000e+01
1.353267478942871094e+01
1.345679092407226562e+01
1.338310050964355469e+01
1.331313419342041016e+01
1.324545097351074219e+01
1.318158054351806641e+01
1.312008380889892578e+01
1.306174564361572266e+01
1.300660800933837891e+01
1.295396900177001953e+01
1.290461349487304688e+01
1.285784244537353516e+01
1.281443881988525391e+01
1.277370357513427734e+01
1.273493385314941406e+01
1.270040416717529297e+01
1.266792488098144531e+01
1.263828182220458984e+01
1.261151981353759766e+01
1.258842182159423828e+01
1.256754589080810547e+01
1.254893398284912109e+01
1.253337287902832031e+01
1.252090263366699219e+01
1.251008319854736328e+01
1.250244331359863281e+01
1.249802303314208984e+01
1.249538230895996094e+01
1.249530601501464844e+01
1.249857997894287109e+01
1.250450515747070312e+01
1.251238155364990234e+01
1.252225112915039062e+01
1.253564548492431641e+01
1.255112075805664062e+01
1.256872081756591797e+01
1.258923149108886719e+01
1.261269760131835938e+01
1.263767623901367188e+01
1.266569709777832031e+01
1.269605922698974609e+01
1.272806739807128906e+01
1.276324748992919922e+01
1.280090332031250000e+01
1.283959102630615234e+01
1.288084125518798828e+01
1.292544078826904297e+01
1.297194957733154297e+01
1.301966667175292969e+01
1.307086563110351562e+01
1.312336349487304688e+01
1.317794609069824219e+01
1.323540115356445312e+01
1.329503059387207031e+01
1.335613536834716797e+01
1.341950321197509766e+01
1.348517036437988281e+01
1.355240154266357422e+01
1.362268066406250000e+01
1.369526290893554688e+01
1.376866054534912109e+01
1.384361553192138672e+01
1.392086887359619141e+01
1.400041961669921875e+01
1.408003902435302734e+01
1.416269397735595703e+01
1.424615764617919922e+01
1.433191490173339844e+01
1.441847515106201172e+01
1.450732612609863281e+01
1.459623718261718750e+01
1.468743610382080078e+01
1.477795124053955078e+01
1.487223625183105469e+01
1.496657752990722656e+01
1.506320285797119141e+01
1.516211128234863281e+01
1.525958728790283203e+01
1.535934352874755859e+01
1.545915126800537109e+01
1.556123924255371094e+01
1.566189002990722656e+01
1.576481914520263672e+01
1.586853885650634766e+01
1.597230625152587891e+01
1.607834815979003906e+01
1.618443679809570312e+01
1.629131317138671875e+01
1.639748954772949219e+01
1.650594139099121094e+01
1.661517715454101562e+01
1.672371292114257812e+01
1.683377456665039062e+01
1.694387817382812500e+01
1.705476570129394531e+01
1.716569137573242188e+01
1.727739906311035156e+01
1.738988876342773438e+01
1.750241661071777344e+01
1.761572456359863281e+01
1.772981071472167969e+01
1.784319114685058594e+01
1.795734977722167969e+01
1.807154083251953125e+01
1.818651199340820312e+01
1.830225753784179688e+01
1.841802978515625000e+01
1.853304100036621094e+01
1.864872932434082031e+01
1.876430320739746094e+01
1.888045310974121094e+01
1.899638938903808594e+01
1.911280632019042969e+01
1.922965049743652344e+01
1.934464454650878906e+01
1.945997047424316406e+01
1.957557868957519531e+01
1.968992996215820312e+01
1.980446243286132812e+01
1.991912841796875000e+01
2.003313446044921875e+01
2.014643096923828125e+01
2.025970840454101562e+01
2.037217903137207031e+01
2.048379135131835938e+01
2.059523963928222656e+01
2.070498657226562500e+01
2.081521224975585938e+01
2.092438125610351562e+01
2.103318786621093750e+01
2.114009475708007812e+01
2.124728202819824219e+01
2.135247039794921875e+01
2.145784187316894531e+01
2.156185722351074219e+01
2.166521263122558594e+01
2.176711273193359375e+01
2.186750984191894531e+01
2.196784019470214844e+01
2.206656455993652344e+01
2.216512298583984375e+01
2.226049232482910156e+01
2.235633659362792969e+01
2.245112037658691406e+01
2.254405403137207031e+01
2.263582420349121094e+01
2.272638511657714844e+01
2.281568336486816406e+01
2.290515899658203125e+01
2.299104499816894531e+01
2.307625961303710938e+01
2.316075897216796875e+01
2.324374389648437500e+01
2.332516860961914062e+01
2.340571975708007812e+01
2.348386383056640625e+01
2.356178092956542969e+01
2.363644027709960938e+01
2.371075820922851562e+01
2.378467750549316406e+01
2.385665893554687500e+01
2.392664337158203125e+01
2.399531745910644531e+01
2.406188201904296875e+01
2.412701988220214844e+01
2.419142341613769531e+01
2.425354576110839844e+01
2.431481933593750000e+01
2.437443923950195312e+01
2.443160820007324219e+01
2.448775672912597656e+01
2.454207992553710938e+01
2.459527015686035156e+01
2.464652061462402344e+01
2.469652175903320312e+01
2.474447059631347656e+01
2.479030990600585938e+01
2.483472633361816406e+01
2.487691879272460938e+01
2.491905784606933594e+01
2.495811462402343750e+01
2.499477577209472656e+01
2.503120994567871094e+01
2.506438827514648438e+01
2.509722518920898438e+01
2.512743377685546875e+01
2.515495491027832031e+01
2.518196296691894531e+01
2.520765304565429688e+01
2.523048400878906250e+01
2.525188064575195312e+01
2.527178573608398438e+01
2.528865623474121094e+01
2.530466461181640625e+01
2.531900596618652344e+01
2.533087921142578125e+01
2.534171485900878906e+01
2.534922218322753906e+01
2.535557365417480469e+01
2.536071014404296875e+01
2.536234474182128906e+01
2.536338996887207031e+01
2.536155891418457031e+01
2.535827827453613281e+01
2.535274887084960938e+01
2.534416580200195312e+01
2.533544921875000000e+01
2.532360076904296875e+01
2.531083488464355469e+01
2.529489707946777344e+01
2.527800369262695312e+01
2.525716018676757812e+01
2.523531723022460938e+01
2.521245956420898438e+01
2.518782043457031250e+01
2.516212844848632812e+01
2.513461685180664062e+01
2.510378456115722656e+01
2.507183647155761719e+01
2.503875541687011719e+01
2.500303649902343750e+01
2.496614265441894531e+01
2.492731475830078125e+01
2.488727569580078125e+01
2.484526062011718750e+01
2.480199241638183594e+01
2.475745582580566406e+01
2.471013832092285156e+01
2.466151046752929688e+01
2.461229324340820312e+01
2.456023788452148438e+01
2.450755119323730469e+01
2.445273208618164062e+01
2.439798545837402344e+01
2.434106063842773438e+01
2.428194236755371094e+01
2.422134590148925781e+01
2.415925788879394531e+01
2.409639549255371094e+01
2.403125381469726562e+01
2.396529960632324219e+01
2.389702415466308594e+01
2.382863616943359375e+01
2.375788879394531250e+01
2.368624114990234375e+01
2.361293220520019531e+01
2.353794288635253906e+01
2.346199417114257812e+01
2.338431930541992188e+01
2.330564308166503906e+01
2.322445678710937500e+01
2.314296722412109375e+01
2.306041526794433594e+01
2.297677421569824219e+01
2.289053726196289062e+01
2.280317115783691406e+01
2.271392059326171875e+01
2.262280464172363281e+01
2.252986145019531250e+01
2.243660736083984375e+01
2.234285163879394531e+01
2.224684333801269531e+01
2.214973068237304688e+01
2.205139732360839844e+01
2.195202064514160156e+01
2.185171127319335938e+01
2.175035285949707031e+01
2.164789962768554688e+01
2.154468536376953125e+01
2.144066619873046875e+01
2.133557510375976562e+01
2.122959709167480469e+01
2.112276077270507812e+01
2.101524925231933594e+01
2.090694236755371094e+01
2.079780197143554688e+01
2.068807792663574219e+01
2.057758712768554688e+01
2.046642875671386719e+01
2.035471343994140625e+01
2.024239730834960938e+01
2.012943458557128906e+01
2.001608657836914062e+01
1.990208435058593750e+01
1.978768157958984375e+01
1.967276191711425781e+01
1.955735969543457031e+01
1.944157791137695312e+01
1.932537841796875000e+01
1.920871353149414062e+01
1.909176635742187500e+01
1.897442054748535156e+01
1.885685348510742188e+01
1.873887825012207031e+01
1.862059593200683594e+01
1.850204277038574219e+01
1.838317298889160156e+01
1.826409530639648438e+01
1.814476394653320312e+01
1.802513694763183594e+01
1.790547180175781250e+01
1.778549957275390625e+01
1.766525268554687500e+01
1.754483795166015625e+01
1.742436218261718750e+01
1.730370521545410156e+01
1.718283081054687500e+01
1.706178855895996094e+01
1.694070625305175781e+01
1.681948661804199219e+01
1.669833374023437500e+01
1.657722663879394531e+01
1.645614242553710938e+01
1.633491325378417969e+01
1.621366691589355469e+01
1.609267997741699219e+01
1.597178268432617188e+01
1.585110092163085938e+01
1.573054409027099609e+01
1.561016368865966797e+01
1.549001026153564453e+01
1.537006855010986328e+01
1.525039005279541016e+01
1.513102626800537109e+01
1.501210784912109375e+01
1.489331626892089844e+01
1.477500343322753906e+01
1.465700054168701172e+01
1.453950786590576172e+01
1.442213439941406250e+01
1.430515956878662109e+01
1.418945026397705078e+01
1.407387733459472656e+01
1.395871353149414062e+01
1.384327030181884766e+01
1.372983169555664062e+01
1.361622428894042969e+01
1.350324249267578125e+01
1.339094257354736328e+01
1.327863597869873047e+01
1.316786289215087891e+01
1.305867576599121094e+01
1.294816017150878906e+01
1.283933925628662109e+01
1.273152732849121094e+01
1.262329006195068359e+01
1.251691436767578125e+01
1.241096496582031250e+01
1.230550003051757812e+01
1.220131397247314453e+01
1.209772014617919922e+01
1.199551677703857422e+01
1.189401245117187500e+01
1.179326438903808594e+01
1.169332599639892578e+01
1.159425354003906250e+01
1.149683952331542969e+01
1.140112018585205078e+01
1.130490016937255859e+01
1.120969867706298828e+01
1.111480617523193359e+01
1.102174091339111328e+01
1.093053722381591797e+01
1.083899688720703125e+01
1.074938488006591797e+01
1.065950298309326172e+01
1.057161426544189453e+01
1.048426628112792969e+01
1.039823532104492188e+01
1.031429576873779297e+01
1.023025417327880859e+01
1.014688396453857422e+01
1.006496429443359375e+01
9.983782768249511719e+00
9.903375625610351562e+00
9.824516296386718750e+00
9.747239112854003906e+00
9.670091629028320312e+00
9.594594001770019531e+00
9.519291877746582031e+00
9.445705413818359375e+00
9.373126029968261719e+00
9.301587104797363281e+00
9.230378150939941406e+00
9.160276412963867188e+00
9.091317176818847656e+00
9.023530960083007812e+00
8.957697868347167969e+00
8.891620635986328125e+00
8.828306198120117188e+00
8.764817237854003906e+00
8.703414916992187500e+00
8.642648696899414062e+00
8.582552909851074219e+00
8.523905754089355469e+00
8.466740608215332031e+00
8.411090850830078125e+00
8.356249809265136719e+00
8.302995681762695312e+00
8.250617980957031250e+00
8.199895858764648438e+00
8.150864601135253906e+00
8.102072715759277344e+00
8.055040359497070312e+00
8.009804725646972656e+00
7.964912891387939453e+00
7.921878814697265625e+00
7.879959583282470703e+00
7.839143753051757812e+00
7.800909042358398438e+00
7.763017177581787109e+00
7.726202487945556641e+00
7.691941738128662109e+00
7.657995700836181641e+00
7.625100612640380859e+00
7.594731330871582031e+00
7.564651966094970703e+00
7.535594940185546875e+00
7.507552623748779297e+00
7.480514526367187500e+00
7.455217838287353516e+00
7.430908203125000000e+00
7.406834125518798828e+00
7.385217666625976562e+00
7.363819599151611328e+00
7.343373775482177734e+00
7.324615955352783203e+00
7.306050777435302734e+00
7.289155483245849609e+00
7.273178100585937500e+00
7.257367610931396484e+00
7.243944168090820312e+00
7.231412410736083984e+00
7.219764709472656250e+00
7.208991050720214844e+00
7.199083805084228516e+00
7.189290523529052734e+00
7.181832313537597656e+00
7.174470901489257812e+00
7.168684482574462891e+00
7.162976264953613281e+00
7.159568786621093750e+00
7.154737472534179688e+00
7.152931690216064453e+00
7.151170730590820312e+00
7.150932312011718750e+00
7.151463985443115234e+00
7.152758598327636719e+00
7.155548572540283203e+00
7.157598495483398438e+00
7.162614345550537109e+00
7.167614459991455078e+00
7.174078464508056641e+00
7.181252956390380859e+00
7.188387393951416016e+00
7.197703361511230469e+00
7.208444118499755859e+00
7.218346595764160156e+00
7.230346679687500000e+00
7.242918491363525391e+00
7.256768703460693359e+00
7.271115779876708984e+00
7.285922527313232422e+00
7.301893234252929688e+00
7.318247795104980469e+00
7.336435317993164062e+00
7.354932308197021484e+00
7.374443531036376953e+00
7.394188880920410156e+00
7.414874076843261719e+00
7.435719490051269531e+00
7.456687450408935547e+00
7.479227066040039062e+00
7.501815319061279297e+00
7.525158405303955078e+00
7.550704956054687500e+00
7.575445652008056641e+00
7.600087165832519531e+00
7.626822471618652344e+00
7.652641773223876953e+00
7.679738044738769531e+00
7.706587791442871094e+00
7.734640121459960938e+00
7.763116836547851562e+00
7.791979789733886719e+00
7.821192264556884766e+00
7.850718021392822266e+00
7.880520343780517578e+00
7.910562515258789062e+00
7.941550731658935547e+00
7.971961021423339844e+00
8.003244400024414062e+00
8.035362243652343750e+00
8.067536354064941406e+00
8.100472450256347656e+00
8.133388519287109375e+00
8.165507316589355469e+00
8.199018478393554688e+00
8.233144760131835938e+00
8.266358375549316406e+00
8.300111770629882812e+00
8.333622932434082031e+00
8.367598533630371094e+00
8.402743339538574219e+00
8.436791419982910156e+00
8.471933364868164062e+00
8.507390022277832031e+00
8.542384147644042969e+00
8.577624320983886719e+00
8.613078117370605469e+00
8.647967338562011719e+00
8.684488296508789062e+00
8.719635963439941406e+00
8.754860877990722656e+00
8.790874481201171875e+00
8.826896667480468750e+00
8.862154006958007812e+00
8.898096084594726562e+00
8.933204650878906250e+00
8.969673156738281250e+00
9.005241394042968750e+00
9.041359901428222656e+00
9.077251434326171875e+00
9.113031387329101562e+00
9.148666381835937500e+00
9.184121131896972656e+00
9.219958305358886719e+00
9.255549430847167969e+00
9.291007995605468750e+00
9.326302528381347656e+00
9.361472129821777344e+00
9.396483421325683594e+00
9.431451797485351562e+00
9.466196060180664062e+00
9.500757217407226562e+00
9.535099983215332031e+00
9.569267272949218750e+00
9.603151321411132812e+00
9.636940002441406250e+00
9.670454025268554688e+00
9.703660011291503906e+00
9.736597061157226562e+00
9.769309043884277344e+00
9.801613807678222656e+00
9.833700180053710938e+00
9.865386962890625000e+00
9.896641731262207031e+00
9.927653312683105469e+00
9.958242416381835938e+00
9.988373756408691406e+00
1.001808929443359375e+01
1.004735755920410156e+01
1.007614421844482422e+01
1.010449028015136719e+01
1.013236331939697266e+01
1.015965557098388672e+01
1.018641376495361328e+01
1.021269989013671875e+01
1.023843479156494141e+01
1.026361274719238281e+01
1.028822708129882812e+01
1.031242084503173828e+01
1.033611202239990234e+01
1.035922145843505859e+01
1.038189125061035156e+01
1.040389060974121094e+01
1.042551136016845703e+01
1.044667243957519531e+01
1.046729183197021484e+01
1.048743820190429688e+01
1.050710296630859375e+01
1.052627944946289062e+01
1.054488754272460938e+01
1.056299304962158203e+01
1.058066272735595703e+01
1.059781455993652344e+01
1.061444187164306641e+01
1.063061046600341797e+01
1.064623928070068359e+01
1.066131973266601562e+01
1.067584419250488281e+01
1.068987941741943359e+01
1.070341587066650391e+01
1.071637344360351562e+01
1.072881793975830078e+01
1.074066543579101562e+01
1.075205802917480469e+01
1.076276397705078125e+01
1.077292442321777344e+01
1.078260517120361328e+01
1.079157447814941406e+01
1.079997444152832031e+01
1.080779647827148438e+01
1.081495666503906250e+01
1.082152366638183594e+01
1.082741451263427734e+01
1.083269500732421875e+01
1.083720874786376953e+01
1.084109687805175781e+01
1.084435272216796875e+01
1.084681701660156250e+01
1.084870815277099609e+01
1.084971904754638672e+01
1.085006618499755859e+01
1.084959411621093750e+01
1.084851646423339844e+01
1.084653377532958984e+01
1.084381198883056641e+01
1.084029483795166016e+01
1.083607673645019531e+01
1.083102989196777344e+01
1.082539749145507812e+01
1.081897640228271484e+01
1.081186199188232422e+01
1.080407333374023438e+01
1.079563045501708984e+01
1.078640651702880859e+01
1.077664184570312500e+01
1.076606178283691406e+01
1.075490760803222656e+01
1.074320125579833984e+01
1.073096084594726562e+01
1.071828174591064453e+01
1.070466232299804688e+01
1.069056987762451172e+01
1.067579936981201172e+01
1.066059303283691406e+01
1.064467430114746094e+01
1.062821102142333984e+01
1.061114788055419922e+01
1.059365272521972656e+01
1.057537174224853516e+01
1.055677032470703125e+01
1.053749561309814453e+01
1.051764011383056641e+01
1.049729728698730469e+01
1.047655773162841797e+01
1.045514488220214844e+01
1.043329811096191406e+01
1.041088771820068359e+01
1.038800430297851562e+01
1.036444377899169922e+01
1.034051895141601562e+01
1.031602668762207031e+01
1.029105663299560547e+01
1.026555442810058594e+01
1.023938560485839844e+01
1.021286487579345703e+01
1.018578720092773438e+01
1.015817070007324219e+01
1.013010406494140625e+01
1.010145664215087891e+01
1.007231998443603516e+01
1.004278564453125000e+01
1.001272106170654297e+01
9.982068061828613281e+00
9.950921058654785156e+00
9.919299125671386719e+00
9.887155532836914062e+00
9.854509353637695312e+00
9.821385383605957031e+00
9.787808418273925781e+00
9.753725051879882812e+00
9.719235420227050781e+00
9.684288978576660156e+00
9.648833274841308594e+00
9.612968444824218750e+00
9.576716423034667969e+00
9.539956092834472656e+00
9.502781867980957031e+00
9.465370178222656250e+00
9.427373886108398438e+00
9.388964653015136719e+00
9.350316047668457031e+00
9.311157226562500000e+00
9.271734237670898438e+00
9.231851577758789062e+00
9.191680908203125000e+00
9.151101112365722656e+00
9.110358238220214844e+00
9.069181442260742188e+00
9.027597427368164062e+00
8.985852241516113281e+00
8.943750381469726562e+00
8.901391983032226562e+00
8.858727455139160156e+00
8.815856933593750000e+00
8.772730827331542969e+00
8.729376792907714844e+00
8.685743331909179688e+00
8.641858100891113281e+00
8.597894668579101562e+00
8.553654670715332031e+00
8.509311676025390625e+00
8.464743614196777344e+00
8.419973373413085938e+00
8.375177383422851562e+00
8.330080032348632812e+00
8.284929275512695312e+00
8.239750862121582031e+00
8.194419860839843750e+00
8.148959159851074219e+00
8.103468894958496094e+00
8.057897567749023438e+00
8.012268066406250000e+00
7.966604709625244141e+00
7.921002388000488281e+00
7.875250816345214844e+00
7.829584121704101562e+00
7.783863544464111328e+00
7.738024711608886719e+00
7.692227363586425781e+00
7.646406173706054688e+00
7.600645542144775391e+00
7.554733276367187500e+00
7.508826255798339844e+00
7.463009357452392578e+00
7.416995525360107422e+00
7.371089458465576172e+00
7.325154304504394531e+00
7.279273033142089844e+00
7.233232498168945312e+00
7.187264442443847656e+00
7.141231060028076172e+00
7.095215797424316406e+00
7.049303531646728516e+00
7.003353595733642578e+00
6.957379341125488281e+00
6.911387443542480469e+00
6.865539550781250000e+00
6.819696426391601562e+00
6.773793220520019531e+00
6.727992057800292969e+00
6.682153224945068359e+00
6.636437416076660156e+00
6.590781211853027344e+00
6.545196533203125000e+00
6.499695301055908203e+00
6.454288959503173828e+00
6.408990859985351562e+00
6.363886356353759766e+00
6.318840980529785156e+00
6.273865699768066406e+00
6.229123592376708984e+00
6.184553146362304688e+00
6.140167236328125000e+00
6.095905303955078125e+00
6.051855087280273438e+00
6.008030891418457031e+00
5.964446544647216797e+00
5.921041011810302734e+00
5.877977371215820312e+00
5.835194587707519531e+00
5.792633533477783203e+00
5.750457286834716797e+00
5.708529949188232422e+00
5.667012214660644531e+00
5.625754356384277344e+00
5.584899902343750000e+00
5.544371604919433594e+00
5.504239082336425781e+00
5.464349746704101562e+00
5.424846649169921875e+00
5.385651588439941406e+00
5.346759319305419922e+00
5.308239936828613281e+00
5.270013332366943359e+00
5.232223033905029297e+00
5.194714546203613281e+00
5.157482624053955078e+00
5.120669841766357422e+00
5.084195137023925781e+00
5.048053264617919922e+00
5.012162208557128906e+00
4.976665496826171875e+00
4.941554069519042969e+00
4.906747817993164062e+00
4.872313976287841797e+00
4.838020801544189453e+00
4.804159164428710938e+00
4.770720481872558594e+00
4.737549304962158203e+00
4.704710960388183594e+00
4.672271728515625000e+00
4.640075206756591797e+00
4.608335971832275391e+00
4.576748371124267578e+00
4.545676708221435547e+00
4.514813899993896484e+00
4.484450340270996094e+00
4.454354286193847656e+00
4.424518108367919922e+00
4.395156860351562500e+00
4.366039752960205078e+00
4.337381839752197266e+00
4.308953762054443359e+00
4.280895233154296875e+00
4.253274917602539062e+00
4.225937366485595703e+00
4.199023723602294922e+00
4.172305583953857422e+00
4.146222591400146484e+00
4.120396614074707031e+00
4.095046997070312500e+00
4.070018291473388672e+00
4.045306205749511719e+00
4.021052837371826172e+00
3.997322559356689453e+00
3.973803758621215820e+00
3.950782299041748047e+00
3.928171634674072266e+00
3.905885696411132812e+00
3.884061813354492188e+00
3.862613677978515625e+00
3.841531038284301758e+00
3.820951223373413086e+00
3.800565719604492188e+00
3.780736684799194336e+00
3.761304140090942383e+00
3.742258310317993164e+00
3.723588228225708008e+00
3.705358505249023438e+00
3.687558889389038086e+00
3.670104503631591797e+00
3.653059959411621094e+00
3.636489152908325195e+00
3.620232582092285156e+00
3.604502916336059570e+00
3.589066267013549805e+00
3.574209928512573242e+00
3.559624671936035156e+00
3.545522928237915039e+00
3.531669616699218750e+00
3.518424987792968750e+00
3.505479812622070312e+00
3.492970228195190430e+00
3.480957984924316406e+00
3.469281673431396484e+00
3.458002567291259766e+00
3.446958303451538086e+00
3.436506986618041992e+00
3.426336526870727539e+00
3.416656255722045898e+00
3.407376289367675781e+00
3.398333787918090820e+00
3.389735937118530273e+00
3.381567001342773438e+00
3.373663187026977539e+00
3.366156578063964844e+00
3.358956813812255859e+00
3.352195978164672852e+00
3.345783472061157227e+00
3.339627981185913086e+00
3.333861589431762695e+00
3.328318595886230469e+00
3.323131084442138672e+00
3.318208217620849609e+00
3.313610792160034180e+00
3.309251546859741211e+00
3.305265903472900391e+00
3.301492691040039062e+00
3.298067808151245117e+00
3.294830083847045898e+00
3.291767358779907227e+00
3.289016723632812500e+00
3.286640405654907227e+00
3.284478664398193359e+00
3.282520532608032227e+00
3.280829668045043945e+00
3.279321432113647461e+00
3.278208971023559570e+00
3.277185678482055664e+00
3.276390790939331055e+00
3.275816202163696289e+00
3.275601625442504883e+00
3.275442838668823242e+00
3.275628805160522461e+00
3.275930166244506836e+00
3.276563167572021484e+00
3.277372598648071289e+00
3.278427124023437500e+00
3.279647111892700195e+00
3.281101226806640625e+00
3.282784700393676758e+00
3.284692764282226562e+00
3.286746740341186523e+00
3.289016246795654297e+00
3.291571617126464844e+00
3.294260263442993164e+00
3.297226667404174805e+00
3.300318002700805664e+00
3.303679227828979492e+00
3.307157754898071289e+00
3.311046123504638672e+00
3.314894914627075195e+00
3.319070577621459961e+00
3.323494434356689453e+00
3.328012943267822266e+00
3.332694768905639648e+00
3.337608814239501953e+00
3.342749357223510742e+00
3.348035573959350586e+00
3.353460550308227539e+00
3.359091520309448242e+00
3.364772558212280273e+00
3.370718002319335938e+00
3.376772165298461914e+00
3.382933855056762695e+00
3.389202594757080078e+00
3.395726203918457031e+00
3.402280807495117188e+00
3.409012556076049805e+00
3.415919780731201172e+00
3.422924757003784180e+00
3.429950714111328125e+00
3.437216281890869141e+00
3.444494962692260742e+00
3.451930999755859375e+00
3.459444999694824219e+00
3.467032194137573242e+00
3.474687337875366211e+00
3.482479572296142578e+00
3.490254402160644531e+00
3.498080730438232422e+00
3.505878210067749023e+00
3.513864040374755859e+00
3.521809577941894531e+00
3.529783964157104492e+00
3.537781000137329102e+00
3.545722246170043945e+00
3.553824663162231445e+00
3.561786413192749023e+00
3.569678068161010742e+00
3.577643394470214844e+00
3.585382461547851562e+00
3.593263626098632812e+00
3.601060867309570312e+00
3.608698844909667969e+00
3.616323709487915039e+00
3.623786449432373047e+00
3.631235599517822266e+00
3.638597249984741211e+00
3.645872116088867188e+00
3.652987480163574219e+00
3.660094738006591797e+00
3.667048215866088867e+00
3.673851013183593750e+00
3.680655717849731445e+00
3.687319278717041016e+00
3.693846464157104492e+00
3.700317144393920898e+00
3.706588983535766602e+00
3.712743759155273438e+00
3.718787431716918945e+00
3.724876880645751953e+00
3.730796098709106445e+00
3.736480712890625000e+00
3.742166042327880859e+00
3.747717618942260742e+00
3.753223419189453125e+00
3.758624315261840820e+00
3.764007568359375000e+00
3.769313812255859375e+00
3.774481534957885742e+00
3.779672384262084961e+00
3.784751892089843750e+00
3.789806365966796875e+00
3.794921636581420898e+00
3.799887418746948242e+00
3.804788351058959961e+00
3.809709072113037109e+00
3.814733743667602539e+00
3.819648027420043945e+00
3.824460268020629883e+00
3.829326629638671875e+00
3.834179162979125977e+00
3.838949203491210938e+00
3.843716144561767578e+00
3.848483324050903320e+00
3.853254556655883789e+00
3.857957363128662109e+00
3.862593173980712891e+00
3.867162942886352539e+00
3.871666431427001953e+00
3.876101970672607422e+00
3.880469322204589844e+00
3.884764671325683594e+00
3.888911962509155273e+00
3.893055677413940430e+00
3.896968841552734375e+00
3.900870800018310547e+00
3.904532909393310547e+00
3.908025503158569336e+00
3.911342859268188477e+00
3.914553880691528320e+00
3.917505264282226562e+00
3.920265436172485352e+00
3.922755718231201172e+00
3.925193786621093750e+00
3.927203893661499023e+00
3.929005622863769531e+00
3.930594205856323242e+00
3.931893587112426758e+00
3.932826519012451172e+00
3.933614730834960938e+00
3.933960914611816406e+00
0.000000000000000000e+00
0.000000000000000000e+00
0.000000000000000000e+00
0.000000000000000000e+00
0.000000000000000000e+00
0.000000000000000000e+00
0.000000000000000000e+00
0.000000000000000000e+00
0.000000000000000000e+00
0.000000000000000000e+00
0.000000000000000000e+00
0.000000000000000000e+00
0.000000000000000000e+00
0.000000000000000000e+00
0.000000000000000000e+00
0.000000000000000000e+00
0.000000000000000000e+00
0.000000000000000000e+00
0.000000000000000000e+00
0.000000000000000000e+00
0.000000000000000000e+00
0.000000000000000000e+00
0.000000000000000000e+00
0.000000000000000000e+00
0.000000000000000000e+00
0.000000000000000000e+00
0.000000000000000000e+00
0.000000000000000000e+00
0.000000000000000000e+00
0.000000000000000000e+00
0.000000000000000000e+00
0.000000000000000000e+00
0.000000000000000000e+00
0.000000000000000000e+00
0.000000000000000000e+00
0.000000000000000000e+00
0.000000000000000000e+00
0.000000000000000000e+00
0.000000000000000000e+00
0.000000000000000000e+00
0.000000000000000000e+00
0.000000000000000000e+00
0.000000000000000000e+00
0.000000000000000000e+00
0.000000000000000000e+00
0.000000000000000000e+00
0.000000000000000000e+00
0.000000000000000000e+00
0.000000000000000000e+00
0.000000000000000000e+00
0.000000000000000000e+00
0.000000000000000000e+00
0.000000000000000000e+00
0.000000000000000000e+00
0.000000000000000000e+00
0.000000000000000000e+00
0.000000000000000000e+00
0.000000000000000000e+00
0.000000000000000000e+00
0.000000000000000000e+00
0.000000000000000000e+00
0.000000000000000000e+00
0.000000000000000000e+00
0.000000000000000000e+00
0.000000000000000000e+00
0.000000000000000000e+00
0.000000000000000000e+00
0.000000000000000000e+00
0.000000000000000000e+00
0.000000000000000000e+00
0.000000000000000000e+00
0.000000000000000000e+00
0.000000000000000000e+00
0.000000000000000000e+00
0.000000000000000000e+00
0.000000000000000000e+00
0.000000000000000000e+00
0.000000000000000000e+00
0.000000000000000000e+00
0.000000000000000000e+00
0.000000000000000000e+00
0.000000000000000000e+00
0.000000000000000000e+00
0.000000000000000000e+00
0.000000000000000000e+00
0.000000000000000000e+00
0.000000000000000000e+00
0.000000000000000000e+00
0.000000000000000000e+00
0.000000000000000000e+00
0.000000000000000000e+00
0.000000000000000000e+00
0.000000000000000000e+00
0.000000000000000000e+00
0.000000000000000000e+00
0.000000000000000000e+00
0.000000000000000000e+00
0.000000000000000000e+00
0.000000000000000000e+00
0.000000000000000000e+00
