# te
2.421393394470214844e+00
3.203183889389038086e+00
3.457327365875244141e+00
3.359577417373657227e+00
3.071786880493164062e+00
2.707854986190795898e+00
2.340330123901367188e+00
2.006483078002929688e+00
1.725894570350646973e+00
1.505129456520080566e+00
1.348286271095275879e+00
1.248360633850097656e+00
1.194198608398437500e+00
1.177135586738586426e+00
1.189399361610412598e+00
1.221102833747863770e+00
1.263654351234436035e+00
1.308995366096496582e+00
1.347699284553527832e+00
1.378677725791931152e+00
1.401702642440795898e+00
1.416554927825927734e+00
1.423448562622070312e+00
1.424247384071350098e+00
1.422342419624328613e+00
1.418376922607421875e+00
1.413827657699584961e+00
1.411123871803283691e+00
1.411044239997863770e+00
1.413125634193420410e+00
1.416561961174011230e+00
1.420563101768493652e+00
1.425047516822814941e+00
1.429703235626220703e+00
1.432658076286315918e+00
1.429890036582946777e+00
1.419458031654357910e+00
1.401048779487609863e+00
1.374552130699157715e+00
1.339564800262451172e+00
1.295331835746765137e+00
1.241027951240539551e+00
1.176720142364501953e+00
1.102549433708190918e+00
1.016899108886718750e+00
9.210030436515808105e-01
8.194648623466491699e-01
7.162935137748718262e-01
6.087135076522827148e-01
4.924819469451904297e-01
3.631199896335601807e-01
2.179408073425292969e-01
6.222807243466377258e-02
-9.861848503351211548e-02
-2.657285034656524658e-01
-4.400339424610137939e-01
-6.236501932144165039e-01
-8.187147378921508789e-01
-1.025931239128112793e+00
-1.245470285415649414e+00
-1.477750658988952637e+00
-1.722880721092224121e+00
-1.981192588806152344e+00
-2.252423763275146484e+00
-2.534028530120849609e+00
-2.823399543762207031e+00
-3.119213104248046875e+00
-3.420071840286254883e+00
-3.727996110916137695e+00
-4.045676708221435547e+00
-4.374546051025390625e+00
-4.715220928192138672e+00
-5.066830158233642578e+00
-5.427909851074218750e+00
-5.797888278961181641e+00
-6.176867008209228516e+00
-6.566583156585693359e+00
-6.963572502136230469e+00
-7.369571685791015625e+00
-7.785389900207519531e+00
-8.210353851318359375e+00
-8.644347190856933594e+00
-9.085766792297363281e+00
-9.535983085632324219e+00
-9.994196891784667969e+00
-1.045985126495361328e+01
-1.093319702148437500e+01
-1.141596698760986328e+01
-1.190543651580810547e+01
-1.240259647369384766e+01
-1.290694904327392578e+01
-1.341873931884765625e+01
-1.393672466278076172e+01
-1.446189498901367188e+01
-1.499374961853027344e+01
-1.553179359436035156e+01
-1.607403945922851562e+01
-1.662370681762695312e+01
-1.717657661437988281e+01
-1.773587417602539062e+01
-1.829961013793945312e+01
-1.886877250671386719e+01
-1.944063377380371094e+01
-2.001692771911621094e+01
-2.059715270996093750e+01
-2.118006896972656250e+01
-2.176666450500488281e+01
-2.235569763183593750e+01
-2.294592666625976562e+01
-2.353907203674316406e+01
-2.413458061218261719e+01
-2.473114395141601562e+01
-2.532819747924804688e+01
-2.592591476440429688e+01
-2.652373504638671875e+01
-2.712109375000000000e+01
-2.771891212463378906e+01
-2.831513404846191406e+01
-2.890994262695312500e+01
-2.950351715087890625e+01
-3.009528732299804688e+01
-3.068543243408203125e+01
-3.127115821838378906e+01
-3.185487937927246094e+01
-3.243602371215820312e+01
-3.301402664184570312e+01
-3.358832550048828125e+01
-3.415835571289062500e+01
-3.472355270385742188e+01
-3.528556060791015625e+01
-3.584150314331054688e+01
-3.639368438720703125e+01
-3.693772125244140625e+01
-3.747666549682617188e+01
-3.800687408447265625e+01
-3.853065109252929688e+01
-3.904658889770507812e+01
-3.955401611328125000e+01
-4.005375671386718750e+01
-4.054365539550781250e+01
-4.102452850341796875e+01
-4.149645996093750000e+01
-4.195877456665039062e+01
-4.241080856323242188e+01
-4.285263824462890625e+01
-4.328285217285156250e+01
-4.370301437377929688e+01
-4.411171340942382812e+01
-4.450679779052734375e+01
-4.489127349853515625e+01
-4.526352310180664062e+01
-4.562114715576171875e+01
-4.596620559692382812e+01
-4.629778289794921875e+01
-4.661570358276367188e+01
-4.691831207275390625e+01
-4.720618057250976562e+01
-4.747914123535156250e+01
-4.773553085327148438e+01
-4.797666931152343750e+01
-4.820237731933593750e+01
-4.841100311279296875e+01
-4.860386657714843750e+01
-4.877855682373046875e+01
-4.893639373779296875e+01
-4.907794570922851562e+01
-4.920082473754882812e+01
-4.930484390258789062e+01
-4.939132308959960938e+01
-4.945786666870117188e+01
-4.950578689575195312e+01
-4.953491210937500000e+01
-4.954506683349609375e+01
-4.953534698486328125e+01
-4.950554656982421875e+01
-4.945680618286132812e+01
-4.938727569580078125e+01
-4.929659271240234375e+01
-4.918586349487304688e+01
-4.905472564697265625e+01
-4.890131759643554688e+01
-4.872676467895507812e+01
-4.852994537353515625e+01
-4.831272506713867188e+01
-4.807176589965820312e+01
-4.780818176269531250e+01
-4.752308654785156250e+01
-4.721462631225585938e+01
-4.688466262817382812e+01
-4.652985763549804688e+01
-4.615206527709960938e+01
-4.575241088867187500e+01
-4.532828521728515625e+01
-4.488156127929687500e+01
-4.441112136840820312e+01
-4.391807937622070312e+01
-4.340132904052734375e+01
-4.286124038696289062e+01
-4.229819107055664062e+01
-4.171105194091796875e+01
-4.110081100463867188e+01
-4.046623229980468750e+01
-3.980977630615234375e+01
-3.912870788574218750e+01
-3.842378997802734375e+01
-3.769495391845703125e+01
-3.694221496582031250e+01
-3.616544342041015625e+01
-3.536502456665039062e+01
-3.454050827026367188e+01
-3.369232559204101562e+01
-3.281992721557617188e+01
-3.192400932312011719e+01
-3.100481033325195312e+01
-3.006130218505859375e+01
-2.909498786926269531e+01
-2.810513687133789062e+01
-2.709027481079101562e+01
-2.605435752868652344e+01
-2.499464797973632812e+01
-2.391212654113769531e+01
-2.280554389953613281e+01
-2.167810821533203125e+01
-2.052634239196777344e+01
-1.935345649719238281e+01
-1.815745353698730469e+01
-1.693931770324707031e+01
-1.570002746582031250e+01
-1.443833255767822266e+01
-1.315447044372558594e+01
-1.184942054748535156e+01
-1.052416229248046875e+01
-9.177446365356445312e+00
-7.810252666473388672e+00
-6.422074317932128906e+00
-5.013890266418457031e+00
-3.585194349288940430e+00
-2.136222600936889648e+00
-6.686978936195373535e-01
8.186299204826354980e-01
2.325524330139160156e+00
3.851006269454956055e+00
5.396326065063476562e+00
6.959017276763916016e+00
8.541073799133300781e+00
1.014077377319335938e+01
1.175862312316894531e+01
1.339438629150390625e+01
1.504708576202392578e+01
1.671789741516113281e+01
1.840549850463867188e+01
2.010848617553710938e+01
2.182695198059082031e+01
2.356097984313964844e+01
2.531066131591796875e+01
2.706790924072265625e+01
2.884544181823730469e+01
3.062848663330078125e+01
3.243199539184570312e+01
3.423376083374023438e+01
3.605616760253906250e+01
3.789186859130859375e+01
3.973352432250976562e+01
4.157378768920898438e+01
4.343504714965820312e+01
4.529508972167968750e+01
4.716887283325195312e+01
4.904904556274414062e+01
5.093570327758789062e+01
5.282893371582031250e+01
5.472139358520507812e+01
5.662802886962890625e+01
5.852664184570312500e+01
6.043960571289062500e+01
6.234472656250000000e+01
6.426438140869140625e+01
6.617636871337890625e+01
6.808819580078125000e+01
7.001482391357421875e+01
7.193405151367187500e+01
7.385339355468750000e+01
7.577294158935546875e+01
7.769278717041015625e+01
7.961300659179687500e+01
8.152626800537109375e+01
8.344752502441406250e+01
8.536199951171875000e+01
8.727721405029296875e+01
8.919325256347656250e+01
9.109535980224609375e+01
9.300589752197265625e+01
9.490267181396484375e+01
9.680806732177734375e+01
9.869987487792968750e+01
1.005930557250976562e+02
1.024876861572265625e+02
1.043690032958984375e+02
1.062445373535156250e+02
1.081143646240234375e+02
1.099858703613281250e+02
1.118584823608398438e+02
1.137166366577148438e+02
1.155596160888671875e+02
1.174015655517578125e+02
1.192343444824218750e+02
1.210498352050781250e+02
1.228695907592773438e+02
1.246631927490234375e+02
1.264522171020507812e+02
1.282210998535156250e+02
1.299839935302734375e+02
1.317253112792968750e+02
1.334592285156250000e+02
1.351701507568359375e+02
1.368648071289062500e+02
1.385424957275390625e+02
1.402025146484375000e+02
1.418441314697265625e+02
1.434740753173828125e+02
1.450767822265625000e+02
1.466589660644531250e+02
1.482199249267578125e+02
1.497515258789062500e+02
1.512753295898437500e+02
1.527609100341796875e+02
1.542298736572265625e+02
1.556814880371093750e+02
1.571002044677734375e+02
1.584927215576171875e+02
1.598657684326171875e+02
1.612186279296875000e+02
1.625431823730468750e+02
1.638387145996093750e+02
1.651045074462890625e+02
1.663472900390625000e+02
1.675514831542968750e+02
1.687386932373046875e+02
1.698933258056640625e+02
1.710295562744140625e+02
1.721243743896484375e+02
1.731918945312500000e+02
1.742314910888671875e+02
1.752423858642578125e+02
1.762238922119140625e+02
1.771827392578125000e+02
1.781033630371093750e+02
1.789924621582031250e+02
1.798493499755859375e+02
1.806807403564453125e+02
1.814784545898437500e+02
1.822415771484375000e+02
1.829840087890625000e+02
1.836825256347656250e+02
1.843509826660156250e+02
1.849958953857421875e+02
1.856014404296875000e+02
1.861815032958984375e+02
1.867202911376953125e+02
1.872279510498046875e+02
1.876991271972656250e+02
1.881358032226562500e+02
1.885392456054687500e+02
1.889047851562500000e+02
1.892374114990234375e+02
1.895332183837890625e+02
1.897934570312500000e+02
1.900186614990234375e+02
1.902056427001953125e+02
1.903586578369140625e+02
1.904730072021484375e+02
1.905522155761718750e+02
1.905923614501953125e+02
1.905962066650390625e+02
1.905627746582031250e+02
1.904911041259765625e+02
1.903832397460937500e+02
1.902352294921875000e+02
1.900505828857421875e+02
1.898261108398437500e+02
1.895638580322265625e+02
1.892635650634765625e+02
1.889228210449218750e+02
1.885443878173828125e+02
1.881258087158203125e+02
1.876683502197265625e+02
1.871710662841796875e+02
1.866344909667968750e+02
1.860576629638671875e+02
1.854418640136718750e+02
1.847846374511718750e+02
1.840880126953125000e+02
1.833502807617187500e+02
1.825727081298828125e+02
1.817528686523437500e+02
1.808933563232421875e+02
1.799918975830078125e+02
1.790488433837890625e+02
1.780641326904296875e+02
1.770376892089843750e+02
1.759692687988281250e+02
1.748595275878906250e+02
1.737088623046875000e+02
1.725187225341796875e+02
1.712881011962890625e+02
1.700190734863281250e+02
1.687100219726562500e+02
1.673652038574218750e+02
1.659822692871093750e+02
1.645617675781250000e+02
1.631058044433593750e+02
1.616134643554687500e+02
1.600860748291015625e+02
1.585234527587890625e+02
1.569277191162109375e+02
1.552971954345703125e+02
1.536324768066406250e+02
1.519363555908203125e+02
1.502079620361328125e+02
1.484471130371093750e+02
1.466551361083984375e+02
1.448311614990234375e+02
1.429772033691406250e+02
1.410924224853515625e+02
1.391788330078125000e+02
1.372355499267578125e+02
1.352616882324218750e+02
1.332607879638671875e+02
1.312311859130859375e+02
1.291727600097656250e+02
1.270867996215820312e+02
1.249724197387695312e+02
1.228324432373046875e+02
1.206637115478515625e+02
1.184683151245117188e+02
1.162460784912109375e+02
1.139983291625976562e+02
1.117249145507812500e+02
1.094241714477539062e+02
1.070989379882812500e+02
1.047467956542968750e+02
1.023698272705078125e+02
9.996711730957031250e+01
9.754000854492187500e+01
9.508757781982421875e+01
9.261115264892578125e+01
9.010834503173828125e+01
8.758049011230468750e+01
8.502889251708984375e+01
8.245117950439453125e+01
7.984958648681640625e+01
7.722265625000000000e+01
7.457353973388671875e+01
7.190171051025390625e+01
6.920809173583984375e+01
6.650033569335937500e+01
6.376523971557617188e+01
6.102233886718750000e+01
5.825696182250976562e+01
5.547600173950195312e+01
5.267964172363281250e+01
4.987477874755859375e+01
4.704376983642578125e+01
4.421727752685546875e+01
4.136651992797851562e+01
3.851473617553710938e+01
3.564799118041992188e+01
3.277466201782226562e+01
2.988826179504394531e+01
2.699715423583984375e+01
2.410227775573730469e+01
2.119714355468750000e+01
1.829012107849121094e+01
1.537471771240234375e+01
1.245930004119873047e+01
9.542581558227539062e+00
6.615837574005126953e+00
3.698584318161010742e+00
7.672374844551086426e-01
-2.157944202423095703e+00
-5.079739093780517578e+00
-8.003153800964355469e+00
-1.092947959899902344e+01
-1.385183620452880859e+01
-1.677077102661132812e+01
-1.968757629394531250e+01
-2.260131645202636719e+01
-2.551030921936035156e+01
-2.841510772705078125e+01
-3.131402778625488281e+01
-3.420911026000976562e+01
-3.709867095947265625e+01
-3.998028564453125000e+01
-4.285673904418945312e+01
-4.572560882568359375e+01
-4.858744049072265625e+01
-5.144056320190429688e+01
-5.428700256347656250e+01
-5.712285995483398438e+01
-5.995165252685546875e+01
-6.277089309692382812e+01
-6.557935333251953125e+01
-6.837795257568359375e+01
-7.116389465332031250e+01
-7.393960571289062500e+01
-7.670154571533203125e+01
-7.945063781738281250e+01
-8.218483734130859375e+01
-8.490582275390625000e+01
-8.761154937744140625e+01
-9.030069732666015625e+01
-9.297346496582031250e+01
-9.563003540039062500e+01
-9.826911163330078125e+01
-1.008893737792968750e+02
-1.034910125732421875e+02
-1.060734710693359375e+02
-1.086362075805664062e+02
-1.111771469116210938e+02
-1.136979751586914062e+02
-1.161973800659179688e+02
-1.186740798950195312e+02
-1.211282348632812500e+02
-1.235593109130859375e+02
-1.259652404785156250e+02
-1.283469696044921875e+02
-1.307039031982421875e+02
-1.330362854003906250e+02
-1.353412780761718750e+02
-1.376213226318359375e+02
-1.398721313476562500e+02
-1.420961151123046875e+02
-1.442919769287109375e+02
-1.464591674804687500e+02
-1.485971221923828125e+02
-1.507045288085937500e+02
-1.527815856933593750e+02
-1.548277435302734375e+02
-1.568424224853515625e+02
-1.588250732421875000e+02
-1.607743835449218750e+02
-1.626912841796875000e+02
-1.645740509033203125e+02
-1.664223175048828125e+02
-1.682353973388671875e+02
-1.700130310058593750e+02
-1.717541961669921875e+02
-1.734586334228515625e+02
-1.751257629394531250e+02
-1.767548522949218750e+02
-1.783453369140625000e+02
-1.798976593017578125e+02
-1.814115295410156250e+02
-1.828872833251953125e+02
-1.843251953125000000e+02
-1.857249450683593750e+02
-1.870877838134765625e+02
-1.884126129150390625e+02
-1.896996765136718750e+02
-1.909499511718750000e+02
-1.921629180908203125e+02
-1.933388214111328125e+02
-1.944756774902343750e+02
-1.955781707763671875e+02
-1.966420593261718750e+02
-1.976698608398437500e+02
-1.986602630615234375e+02
-1.996142883300781250e+02
-2.005291748046875000e+02
-2.014096221923828125e+02
-2.022529144287109375e+02
-2.030585174560546875e+02
-2.038281555175781250e+02
-2.045598449707031250e+02
-2.052552947998046875e+02
-2.059125213623046875e+02
-2.065325012207031250e+02
-2.071154632568359375e+02
-2.076601562500000000e+02
-2.081683044433593750e+02
-2.086371612548828125e+02
-2.090684661865234375e+02
-2.094624328613281250e+02
-2.098170776367187500e+02
-2.101333618164062500e+02
-2.104107818603515625e+02
-2.106488647460937500e+02
-2.108485260009765625e+02
-2.110078125000000000e+02
-2.111269378662109375e+02
-2.112061462402343750e+02
-2.112456665039062500e+02
-2.112427520751953125e+02
-2.111998596191406250e+02
-2.111142883300781250e+02
-2.109877014160156250e+02
-2.108181457519531250e+02
-2.106058197021484375e+02
-2.103494720458984375e+02
-2.100501098632812500e+02
-2.097066802978515625e+02
-2.093204650878906250e+02
-2.088900604248046875e+02
-2.084184722900390625e+02
-2.079057464599609375e+02
-2.073526611328125000e+02
-2.067600250244140625e+02
-2.061285858154296875e+02
-2.054591674804687500e+02
-2.047525482177734375e+02
-2.040087738037109375e+02
-2.032278594970703125e+02
-2.024128417968750000e+02
-2.015630340576171875e+02
-2.006784515380859375e+02
-1.997599029541015625e+02
-1.988081665039062500e+02
-1.978247528076171875e+02
-1.968074951171875000e+02
-1.957594146728515625e+02
-1.946805267333984375e+02
-1.935716247558593750e+02
-1.924312591552734375e+02
-1.912617187500000000e+02
-1.900637817382812500e+02
-1.888367462158203125e+02
-1.875813903808593750e+02
-1.862984771728515625e+02
-1.849880828857421875e+02
-1.836517028808593750e+02
-1.822871856689453125e+02
-1.808975067138671875e+02
-1.794812164306640625e+02
-1.780391387939453125e+02
-1.765716400146484375e+02
-1.750788574218750000e+02
-1.735621490478515625e+02
-1.720201721191406250e+02
-1.704546508789062500e+02
-1.688647766113281250e+02
-1.672513427734375000e+02
-1.656143798828125000e+02
-1.639541931152343750e+02
-1.622708587646484375e+02
-1.605648956298828125e+02
-1.588363800048828125e+02
-1.570859527587890625e+02
-1.553124847412109375e+02
-1.535174865722656250e+02
-1.517002410888671875e+02
-1.498616333007812500e+02
-1.480022430419921875e+02
-1.461219329833984375e+02
-1.442214050292968750e+02
-1.423027801513671875e+02
-1.403659973144531250e+02
-1.384109497070312500e+02
-1.364397735595703125e+02
-1.344523773193359375e+02
-1.324494476318359375e+02
-1.304308776855468750e+02
-1.283995513916015625e+02
-1.263553924560546875e+02
-1.242975692749023438e+02
-1.222282028198242188e+02
-1.201472244262695312e+02
-1.180560379028320312e+02
-1.159552764892578125e+02
-1.138448638916015625e+02
-1.117247085571289062e+02
-1.095977020263671875e+02
-1.074637374877929688e+02
-1.053219985961914062e+02
-1.031746215820312500e+02
-1.010222549438476562e+02
-9.886407470703125000e+01
-9.670221710205078125e+01
-9.453733062744140625e+01
-9.236933898925781250e+01
-9.019961547851562500e+01
-8.802734375000000000e+01
-8.585540008544921875e+01
-8.368444061279296875e+01
-8.151362609863281250e+01
-7.934435272216796875e+01
-7.716911315917968750e+01
-7.500041961669921875e+01
-7.283746337890625000e+01
-7.067420196533203125e+01
-6.851945495605468750e+01
-6.636718750000000000e+01
-6.421879577636718750e+01
-6.208311843872070312e+01
-5.994666290283203125e+01
-5.781827163696289062e+01
-5.571419906616210938e+01
-5.360610961914062500e+01
-5.151026153564453125e+01
-4.942061614990234375e+01
-4.734600448608398438e+01
-4.528771972656250000e+01
-4.323183059692382812e+01
-4.120888900756835938e+01
-3.918257904052734375e+01
-3.716859436035156250e+01
-3.517518997192382812e+01
-3.319577407836914062e+01
-3.121631813049316406e+01
-2.926737403869628906e+01
-2.732748413085937500e+01
-2.539747810363769531e+01
-2.349305343627929688e+01
-2.159274864196777344e+01
-1.971225357055664062e+01
-1.785240364074707031e+01
-1.600660133361816406e+01
-1.416824531555175781e+01
-1.236046028137207031e+01
-1.055435657501220703e+01
-8.780488967895507812e+00
-7.009964466094970703e+00
-5.258479118347167969e+00
-3.534295320510864258e+00
-1.830813765525817871e+00
-1.414359360933303833e-01
1.533006191253662109e+00
3.176818132400512695e+00
4.804029464721679688e+00
6.406377792358398438e+00
7.990460872650146484e+00
9.555447578430175781e+00
1.110050296783447266e+01
1.260993671417236328e+01
1.411263561248779297e+01
1.557061576843261719e+01
1.702019882202148438e+01
1.843082618713378906e+01
1.983139038085937500e+01
2.119876289367675781e+01
2.253211593627929688e+01
2.383804512023925781e+01
2.512314796447753906e+01
2.637172889709472656e+01
2.759781646728515625e+01
2.877828407287597656e+01
2.994945526123046875e+01
3.107333946228027344e+01
3.216396713256835938e+01
3.321306610107421875e+01
3.423467636108398438e+01
3.522072601318359375e+01
3.617881774902343750e+01
3.709446716308593750e+01
3.798291015625000000e+01
3.882965469360351562e+01
3.964250564575195312e+01
4.042926788330078125e+01
4.118288421630859375e+01
4.189629745483398438e+01
4.257730484008789062e+01
4.322628402709960938e+01
4.384361267089843750e+01
4.442965316772460938e+01
4.497734832763671875e+01
4.550193405151367188e+01
4.598891448974609375e+01
4.644610595703125000e+01
4.688129425048828125e+01
4.727256774902343750e+01
4.763515472412109375e+01
4.796942901611328125e+01
4.828319168090820312e+01
4.855451202392578125e+01
4.879120254516601562e+01
4.900105667114257812e+01
4.917701339721679688e+01
4.932688140869140625e+01
4.945101547241210938e+01
4.953493118286132812e+01
4.959386444091796875e+01
4.961330795288085938e+01
4.959364318847656250e+01
4.955752563476562500e+01
4.949045944213867188e+01
4.938538360595703125e+01
4.927238845825195312e+01
4.911469268798828125e+01
4.892008209228515625e+01
4.868893432617187500e+01
4.843647384643554688e+01
4.815563201904296875e+01
4.783192062377929688e+01
4.748799514770507812e+01
4.710192871093750000e+01
4.668894958496093750e+01
4.623455810546875000e+01
4.575398635864257812e+01
4.523273086547851562e+01
4.467859649658203125e+01
4.409194183349609375e+01
4.346582794189453125e+01
4.282354736328125000e+01
4.212907028198242188e+01
4.141324615478515625e+01
4.066234207153320312e+01
3.987748336791992188e+01
3.905979156494140625e+01
3.821782302856445312e+01
3.733783721923828125e+01
3.643583297729492188e+01
3.550474548339843750e+01
3.454124832153320312e+01
3.354721069335937500e+01
3.252598190307617188e+01
3.147645950317382812e+01
3.039976310729980469e+01
2.929627609252929688e+01
2.816637611389160156e+01
2.701044464111328125e+01
2.582960319519042969e+01
2.462200355529785156e+01
2.339025306701660156e+01
2.213473320007324219e+01
2.085581779479980469e+01
1.955240440368652344e+01
1.822635650634765625e+01
1.687656402587890625e+01
1.550489330291748047e+01
1.411097717285156250e+01
1.269370937347412109e+01
1.125569534301757812e+01
9.796568870544433594e+00
8.316705703735351562e+00
6.817227840423583984e+00
5.297767162322998047e+00
3.759443044662475586e+00
2.201888084411621094e+00
6.262211203575134277e-01
-9.664397835731506348e-01
-2.577205657958984375e+00
-4.206445217132568359e+00
-5.850068569183349609e+00
-7.512903213500976562e+00
-9.190116882324218750e+00
-1.088356494903564453e+01
-1.259265327453613281e+01
-1.431596660614013672e+01
-1.605432128906250000e+01
-1.780598640441894531e+01
-1.957095718383789062e+01
-2.134874153137207031e+01
-2.313875770568847656e+01
-2.494079017639160156e+01
-2.675530052185058594e+01
-2.858036994934082031e+01
-3.041689872741699219e+01
-3.226468276977539062e+01
-3.412276458740234375e+01
-3.598945617675781250e+01
-3.786677169799804688e+01
-3.975376129150390625e+01
-4.164873123168945312e+01
-4.355296325683593750e+01
-4.546475982666015625e+01
-4.738539886474609375e+01
-4.931319427490234375e+01
-5.124793243408203125e+01
-5.318866348266601562e+01
-5.513518524169921875e+01
-5.708729553222656250e+01
-5.904478454589843750e+01
-6.100596237182617188e+01
-6.297135925292968750e+01
-6.494078063964843750e+01
-6.691178894042968750e+01
-6.888491821289062500e+01
-7.086071777343750000e+01
-7.283748626708984375e+01
-7.481427764892578125e+01
-7.679090118408203125e+01
-7.876787567138671875e+01
-8.074352264404296875e+01
-8.271838378906250000e+01
-8.468928527832031250e+01
-8.665824127197265625e+01
-8.862355804443359375e+01
-9.058431243896484375e+01
-9.254028320312500000e+01
-9.449052429199218750e+01
-9.643556976318359375e+01
-9.837226104736328125e+01
-1.003003768920898438e+02
-1.022204742431640625e+02
-1.041315917968750000e+02
-1.060305557250976562e+02
-1.079193878173828125e+02
-1.097956619262695312e+02
-1.116591720581054688e+02
-1.135097045898437500e+02
-1.153448410034179688e+02
-1.171652526855468750e+02
-1.189700317382812500e+02
-1.207598953247070312e+02
-1.225347747802734375e+02
-1.242946853637695312e+02
-1.260395660400390625e+02
-1.277694091796875000e+02
-1.294834289550781250e+02
-1.311830749511718750e+02
-1.328660888671875000e+02
-1.345346679687500000e+02
-1.361873016357421875e+02
-1.378247070312500000e+02
-1.394453277587890625e+02
-1.410499267578125000e+02
-1.426391906738281250e+02
-1.442108306884765625e+02
-1.457670898437500000e+02
-1.473064117431640625e+02
-1.488295440673828125e+02
-1.503356781005859375e+02
-1.518240356445312500e+02
-1.532946014404296875e+02
-1.547480926513671875e+02
-1.561837005615234375e+02
-1.575999145507812500e+02
-1.589982147216796875e+02
-1.603777923583984375e+02
-1.617371368408203125e+02
-1.630776977539062500e+02
-1.643979644775390625e+02
-1.656978912353515625e+02
-1.669767150878906250e+02
-1.682336273193359375e+02
-1.694708404541015625e+02
-1.706853485107421875e+02
-1.718778839111328125e+02
-1.730476226806640625e+02
-1.741945495605468750e+02
-1.753179016113281250e+02
-1.764176177978515625e+02
-1.774929351806640625e+02
-1.785430755615234375e+02
-1.795687408447265625e+02
-1.805684051513671875e+02
-1.815420532226562500e+02
-1.824881439208984375e+02
-1.834073791503906250e+02
-1.842982482910156250e+02
-1.851614837646484375e+02
-1.859956207275390625e+02
-1.868005065917968750e+02
-1.875774993896484375e+02
-1.883257904052734375e+02
-1.890460052490234375e+02
-1.897388000488281250e+02
-1.904026031494140625e+02
-1.910395202636718750e+02
-1.916487579345703125e+02
-1.922287292480468750e+02
-1.927822875976562500e+02
-1.933078613281250000e+02
-1.938061065673828125e+02
-1.942761688232421875e+02
-1.947194671630859375e+02
-1.951351470947265625e+02
-1.955238647460937500e+02
-1.958854980468750000e+02
-1.962192382812500000e+02
-1.965272064208984375e+02
-1.968078308105468750e+02
-1.970610046386718750e+02
-1.972881164550781250e+02
-1.974890747070312500e+02
-1.976622924804687500e+02
-1.978091735839843750e+02
-1.979288482666015625e+02
-1.980221252441406250e+02
-1.980883331298828125e+02
-1.981282348632812500e+02
-1.981417388916015625e+02
-1.981284484863281250e+02
-1.980889129638671875e+02
-1.980230407714843750e+02
-1.979310302734375000e+02
-1.978124847412109375e+02
-1.976681365966796875e+02
-1.974974365234375000e+02
-1.972996826171875000e+02
-1.970769348144531250e+02
-1.968278350830078125e+02
-1.965530090332031250e+02
-1.962523803710937500e+02
-1.959250793457031250e+02
-1.955724792480468750e+02
-1.951937713623046875e+02
-1.947902984619140625e+02
-1.943597564697265625e+02
-1.939042510986328125e+02
-1.934236907958984375e+02
-1.929164886474609375e+02
-1.923840789794921875e+02
-1.918271636962890625e+02
-1.912449340820312500e+02
-1.906366271972656250e+02
-1.900044097900390625e+02
-1.893475036621093750e+02
-1.886658630371093750e+02
-1.879601745605468750e+02
-1.872304077148437500e+02
-1.864764862060546875e+02
-1.857006378173828125e+02
-1.848998260498046875e+02
-1.840769348144531250e+02
-1.832304840087890625e+02
-1.823618927001953125e+02
-1.814711151123046875e+02
-1.805581054687500000e+02
-1.796235351562500000e+02
-1.786673736572265625e+02
-1.776903228759765625e+02
-1.766923370361328125e+02
-1.756711120605468750e+02
-1.746310729980468750e+02
-1.735677032470703125e+02
-1.724861755371093750e+02
-1.713849334716796875e+02
-1.702631988525390625e+02
-1.691238708496093750e+02
-1.679654235839843750e+02
-1.667870635986328125e+02
-1.655946960449218750e+02
-1.643837890625000000e+02
-1.631550445556640625e+02
-1.619106445312500000e+02
-1.606505279541015625e+02
-1.593746643066406250e+02
-1.580836944580078125e+02
-1.567746429443359375e+02
-1.554533691406250000e+02
-1.541153869628906250e+02
-1.527658233642578125e+02
-1.514009246826171875e+02
-1.500250854492187500e+02
-1.486389770507812500e+02
-1.472358703613281250e+02
-1.458313293457031250e+02
-1.444111785888671875e+02
-1.429760894775390625e+02
-1.415341796875000000e+02
-1.400860595703125000e+02
-1.386246337890625000e+02
-1.371575622558593750e+02
-1.356851043701171875e+02
-1.342000579833984375e+02
-1.327101287841796875e+02
-1.312080841064453125e+02
-1.297016448974609375e+02
-1.281835784912109375e+02
-1.266615905761718750e+02
-1.251285018920898438e+02
-1.235919570922851562e+02
-1.220447845458984375e+02
-1.205020751953125000e+02
-1.189492263793945312e+02
-1.173864746093750000e+02
-1.158140563964843750e+02
-1.142396469116210938e+02
-1.126709136962890625e+02
-1.110932464599609375e+02
-1.095068817138671875e+02
-1.079120483398437500e+02
-1.063164367675781250e+02
-1.047202758789062500e+02
-1.031238098144531250e+02
-1.015198440551757812e+02
-9.992348480224609375e+01
-9.830525207519531250e+01
-9.670252990722656250e+01
-9.510070800781250000e+01
-9.349257659912109375e+01
-9.188582611083984375e+01
-9.028069305419921875e+01
-8.867740631103515625e+01
-8.706878662109375000e+01
-8.547736358642578125e+01
-8.386621093750000000e+01
-8.227274322509765625e+01
-8.067489624023437500e+01
-7.909519958496093750e+01
-7.750418090820312500e+01
-7.592436218261718750e+01
-7.434856414794921875e+01
-7.278444671630859375e+01
-7.123224639892578125e+01
-6.967736816406250000e+01
-6.812745666503906250e+01
-6.659019470214843750e+01
-6.506583404541015625e+01
-6.354716491699218750e+01
-6.203955841064453125e+01
-6.054061126708984375e+01
-5.905303573608398438e+01
-5.757508087158203125e+01
-5.610871887207031250e+01
-5.465221405029296875e+01
-5.320678329467773438e+01
-5.177292251586914062e+01
-5.034962081909179688e+01
-4.893811416625976562e+01
-4.753739547729492188e+01
-4.614944458007812500e+01
-4.477176666259765625e+01
-4.340708541870117188e+01
-4.205513763427734375e+01
-4.071493148803710938e+01
-3.938768768310546875e+01
-3.807167053222656250e+01
-3.676959609985351562e+01
-3.548046493530273438e+01
-3.420327758789062500e+01
-3.294075012207031250e+01
-3.169188690185546875e+01
-3.045643234252929688e+01
-2.923413276672363281e+01
-2.802695655822753906e+01
-2.683391380310058594e+01
-2.565623283386230469e+01
-2.449217414855957031e+01
-2.334371376037597656e+01
-2.221133804321289062e+01
-2.109330940246582031e+01
-1.999160194396972656e+01
-1.890522193908691406e+01
-1.783465576171875000e+01
-1.678188133239746094e+01
-1.574367332458496094e+01
-1.472349357604980469e+01
-1.371885871887207031e+01
-1.273249053955078125e+01
-1.176265048980712891e+01
-1.081056880950927734e+01
-9.876740455627441406e+00
-8.960910797119140625e+00
-8.062828063964843750e+00
-7.182983875274658203e+00
-6.321868419647216797e+00
-5.479231357574462891e+00
-4.656306266784667969e+00
-3.852099180221557617e+00
-3.067086696624755859e+00
-2.301687002182006836e+00
-1.556303262710571289e+00
-8.291094303131103516e-01
-1.219952777028083801e-01
5.646353960037231445e-01
1.232608199119567871e+00
1.880032658576965332e+00
2.507990837097167969e+00
3.114592313766479492e+00
3.702404737472534180e+00
4.269536972045898438e+00
4.816327095031738281e+00
5.343112945556640625e+00
5.850232124328613281e+00
6.336536407470703125e+00
6.802361965179443359e+00
7.248790264129638672e+00
7.673184394836425781e+00
8.078853607177734375e+00
8.463161468505859375e+00
8.827187538146972656e+00
9.171266555786132812e+00
9.494620323181152344e+00
9.797658920288085938e+00
1.007997226715087891e+01
1.034234142303466797e+01
1.058443260192871094e+01
1.080635643005371094e+01
1.100814914703369141e+01
1.118984699249267578e+01
1.135148620605468750e+01
1.149324989318847656e+01
1.161507797241210938e+01
1.171722030639648438e+01
1.179957103729248047e+01
1.186233329772949219e+01
1.190546894073486328e+01
1.192938327789306641e+01
1.193395900726318359e+01
1.191960144042968750e+01
1.188619709014892578e+01
1.183407211303710938e+01
1.176348304748535156e+01
1.167446327209472656e+01
1.156689262390136719e+01
1.144139766693115234e+01
1.129689598083496094e+01
1.113594245910644531e+01
1.095730590820312500e+01
1.076053524017333984e+01
1.054727840423583984e+01
1.031617259979248047e+01
1.006808662414550781e+01
9.802404403686523438e+00
9.519992828369140625e+00
9.219491958618164062e+00
8.903252601623535156e+00
8.569914817810058594e+00
8.218856811523437500e+00
7.850947380065917969e+00
7.467053413391113281e+00
7.067295074462890625e+00
6.650310039520263672e+00
6.216964244842529297e+00
5.767379283905029297e+00
5.302419662475585938e+00
4.820720672607421875e+00
4.324633598327636719e+00
3.812049150466918945e+00
3.284574747085571289e+00
2.740844488143920898e+00
2.183950901031494141e+00
1.610298514366149902e+00
1.022236108779907227e+00
4.206264317035675049e-01
-1.958975642919540405e-01
-8.257306814193725586e-01
-1.470240473747253418e+00
-2.127078771591186523e+00
-2.797614097595214844e+00
-3.480241298675537109e+00
-4.177073001861572266e+00
-4.885017395019531250e+00
-5.605444431304931641e+00
-6.337493896484375000e+00
-7.081790924072265625e+00
-7.837475776672363281e+00
-8.604432106018066406e+00
-9.381056785583496094e+00
-1.016872024536132812e+01
-1.096507549285888672e+01
-1.177320289611816406e+01
-1.258919620513916016e+01
-1.341457557678222656e+01
-1.424751567840576172e+01
-1.508946132659912109e+01
-1.593962764739990234e+01
-1.679701042175292969e+01
-1.766163825988769531e+01
-1.853328895568847656e+01
-1.941180038452148438e+01
-2.029660987854003906e+01
-2.118774032592773438e+01
-2.208514404296875000e+01
-2.298830986022949219e+01
-2.389729118347167969e+01
-2.481177520751953125e+01
-2.573159599304199219e+01
-2.665647697448730469e+01
-2.758631134033203125e+01
-2.852068138122558594e+01
-2.945968818664550781e+01
-3.040313720703125000e+01
-3.135061264038085938e+01
-3.230176925659179688e+01
-3.325670623779296875e+01
-3.421516036987304688e+01
-3.517641448974609375e+01
-3.614145660400390625e+01
-3.710876464843750000e+01
-3.807843780517578125e+01
-3.905057907104492188e+01
-4.002453994750976562e+01
-4.099969100952148438e+01
-4.197687530517578125e+01
-4.295470428466796875e+01
-4.393402862548828125e+01
-4.491346359252929688e+01
-4.589459991455078125e+01
-4.687456512451171875e+01
-4.785494995117187500e+01
-4.883511734008789062e+01
-4.981516647338867188e+01
-5.079370880126953125e+01
-5.177160263061523438e+01
-5.274745559692382812e+01
-5.372285842895507812e+01
-5.469495010375976562e+01
-5.566604614257812500e+01
-5.663477706909179688e+01
-5.760124206542968750e+01
-5.856554031372070312e+01
-5.952406692504882812e+01
-6.048138046264648438e+01
-6.143311309814453125e+01
-6.238236236572265625e+01
-6.332698822021484375e+01
-6.426783752441406250e+01
-6.520352935791015625e+01
-6.613416290283203125e+01
-6.705910491943359375e+01
-6.797994995117187500e+01
-6.889456176757812500e+01
-6.980454254150390625e+01
-7.070702362060546875e+01
-7.160285949707031250e+01
-7.249436950683593750e+01
-7.337720489501953125e+01
-7.425444793701171875e+01
-7.512398529052734375e+01
-7.598590087890625000e+01
-7.684104919433593750e+01
-7.768730926513671875e+01
-7.852626800537109375e+01
-7.935655212402343750e+01
-8.017900848388671875e+01
-8.099224090576171875e+01
-8.179785156250000000e+01
-8.259371948242187500e+01
-8.338141632080078125e+01
-8.415883636474609375e+01
-8.492681884765625000e+01
-8.568621063232421875e+01
-8.643488311767578125e+01
-8.717443084716796875e+01
-8.790421295166015625e+01
-8.862209320068359375e+01
-8.933115386962890625e+01
-9.002927398681640625e+01
-9.071654510498046875e+01
-9.139382934570312500e+01
-9.205898284912109375e+01
-9.271433258056640625e+01
-9.335851287841796875e+01
-9.399011993408203125e+01
-9.461150360107421875e+01
-9.522125244140625000e+01
-9.582023620605468750e+01
-9.640853881835937500e+01
-9.698403930664062500e+01
-9.754831695556640625e+01
-9.810073089599609375e+01
-9.864138793945312500e+01
-9.916963195800781250e+01
-9.968779754638671875e+01
-1.001930084228515625e+02
-1.006861114501953125e+02
-1.011671981811523438e+02
-1.016363601684570312e+02
-1.020936813354492188e+02
-1.025384140014648438e+02
-1.029712524414062500e+02
-1.033921661376953125e+02
-1.038003692626953125e+02
-1.041973266601562500e+02
-1.045800094604492188e+02
-1.049484024047851562e+02
-1.053061599731445312e+02
-1.056495513916015625e+02
-1.059807586669921875e+02
-1.062975082397460938e+02
-1.066034927368164062e+02
-1.068942031860351562e+02
-1.071710968017578125e+02
-1.074363555908203125e+02
-1.076877059936523438e+02
-1.079251174926757812e+02
-1.081485519409179688e+02
-1.083594512939453125e+02
-1.085562820434570312e+02
-1.087397613525390625e+02
-1.089098434448242188e+02
-1.090657424926757812e+02
-1.092088928222656250e+02
-1.093377914428710938e+02
-1.094538650512695312e+02
-1.095563201904296875e+02
-1.096451339721679688e+02
-1.097210006713867188e+02
-1.097823867797851562e+02
-1.098299942016601562e+02
-1.098652648925781250e+02
-1.098866729736328125e+02
-1.098949279785156250e+02
-1.098899612426757812e+02
-1.098717346191406250e+02
-1.098409652709960938e+02
-1.097961044311523438e+02
-1.097400894165039062e+02
-1.096706390380859375e+02
-1.095884552001953125e+02
-1.094934921264648438e+02
-1.093871765136718750e+02
-1.092672500610351562e+02
-1.091366424560546875e+02
-1.089930801391601562e+02
-1.088372268676757812e+02
-1.086698150634765625e+02
-1.084907684326171875e+02
-1.083000488281250000e+02
-1.080982742309570312e+02
-1.078845596313476562e+02
-1.076595382690429688e+02
-1.074230575561523438e+02
-1.071764678955078125e+02
-1.069181671142578125e+02
-1.066487503051757812e+02
-1.063680953979492188e+02
-1.060775375366210938e+02
-1.057754821777343750e+02
-1.054625167846679688e+02
-1.051392593383789062e+02
-1.048048324584960938e+02
-1.044605789184570312e+02
-1.041063766479492188e+02
-1.037428207397460938e+02
-1.033675537109375000e+02
-1.029834136962890625e+02
-1.025895156860351562e+02
-1.021857299804687500e+02
-1.017726593017578125e+02
-1.013501663208007812e+02
-1.009181213378906250e+02
-1.004771270751953125e+02
-1.000270385742187500e+02
-9.956773376464843750e+01
-9.910054779052734375e+01
-9.862311553955078125e+01
-9.813903045654296875e+01
-9.764516448974609375e+01
-9.714361572265625000e+01
-9.663350677490234375e+01
-9.611543273925781250e+01
-9.558999633789062500e+01
-9.505782318115234375e+01
-9.451652526855468750e+01
-9.396968841552734375e+01
-9.341345214843750000e+01
-9.285139465332031250e+01
-9.228337860107421875e+01
-9.170777893066406250e+01
-9.112445068359375000e+01
-9.053549194335937500e+01
-8.994075012207031250e+01
-8.933861541748046875e+01
-8.872892761230468750e+01
-8.811603546142578125e+01
-8.749604797363281250e+01
-8.687033081054687500e+01
-8.624024200439453125e+01
-8.560571289062500000e+01
-8.496446228027343750e+01
-8.431791687011718750e+01
-8.366751861572265625e+01
-8.301394653320312500e+01
-8.235493469238281250e+01
-8.169190216064453125e+01
-8.102406311035156250e+01
-8.035358428955078125e+01
-7.968041229248046875e+01
-7.900375366210937500e+01
-7.832355499267578125e+01
-7.764050292968750000e+01
-7.695529174804687500e+01
-7.626711273193359375e+01
-7.557741546630859375e+01
-7.488539123535156250e+01
-7.419173431396484375e+01
-7.349563598632812500e+01
-7.279927825927734375e+01
-7.210112762451171875e+01
-7.140261077880859375e+01
-7.070217895507812500e+01
-7.000128173828125000e+01
-6.930059051513671875e+01
-6.859857177734375000e+01
-6.789666748046875000e+01
-6.719502258300781250e+01
-6.649315643310546875e+01
-6.579144287109375000e+01
-6.509007263183593750e+01
-6.438926696777343750e+01
-6.368906021118164062e+01
-6.298968887329101562e+01
-6.229103088378906250e+01
-6.159346389770507812e+01
-6.089694213867187500e+01
-6.020178604125976562e+01
-5.950790786743164062e+01
-5.881558227539062500e+01
-5.812477874755859375e+01
-5.743569183349609375e+01
-5.674838638305664062e+01
-5.606293106079101562e+01
-5.537935256958007812e+01
-5.469781112670898438e+01
-5.401840972900390625e+01
-5.334109878540039062e+01
-5.266603469848632812e+01
-5.199312210083007812e+01
-5.132296371459960938e+01
-5.065551376342773438e+01
-4.999081039428710938e+01
-4.932933425903320312e+01
-4.867111206054687500e+01
-4.801633453369140625e+01
-4.736547470092773438e+01
-4.671849441528320312e+01
-4.607580566406250000e+01
-4.543675994873046875e+01
-4.480371093750000000e+01
-4.417378234863281250e+01
-4.354932403564453125e+01
-4.292894744873046875e+01
-4.231499862670898438e+01
-4.170536041259765625e+01
-4.110013198852539062e+01
-4.050240325927734375e+01
-3.990930938720703125e+01
-3.932170486450195312e+01
-3.874044036865234375e+01
-3.816488647460937500e+01
-3.759589385986328125e+01
-3.703283309936523438e+01
-3.647581100463867188e+01
-3.592642593383789062e+01
-3.538256072998046875e+01
-3.484507369995117188e+01
-3.431480789184570312e+01
-3.379188919067382812e+01
-3.327492904663085938e+01
-3.276405334472656250e+01
-3.226233673095703125e+01
-3.176618003845214844e+01
-3.127791976928710938e+01
-3.079693222045898438e+01
-3.032258605957031250e+01
-2.985573196411132812e+01
-2.939574623107910156e+01
-2.894422149658203125e+01
-2.849904823303222656e+01
-2.806256484985351562e+01
-2.763265991210937500e+01
-2.721018981933593750e+01
-2.679600715637207031e+01
-2.638874435424804688e+01
-2.598925781250000000e+01
-2.559691810607910156e+01
-2.521258544921875000e+01
-2.483638572692871094e+01
-2.446699714660644531e+01
-2.410459899902343750e+01
-2.375085067749023438e+01
-2.340444755554199219e+01
-2.306631088256835938e+01
-2.273587417602539062e+01
-2.241257286071777344e+01
-2.209807014465332031e+01
-2.179180526733398438e+01
-2.149320983886718750e+01
-2.120320892333984375e+01
-2.092049598693847656e+01
-2.064599227905273438e+01
-2.037987899780273438e+01
-2.012084770202636719e+01
-1.987131309509277344e+01
-1.962936973571777344e+01
-1.939564895629882812e+01
-1.916995620727539062e+01
-1.895187950134277344e+01
-1.874279403686523438e+01
-1.854168701171875000e+01
-1.834881591796875000e+01
-1.816406822204589844e+01
-1.798755264282226562e+01
-1.781922531127929688e+01
-1.765897560119628906e+01
-1.750691413879394531e+01
-1.736299514770507812e+01
-1.722718620300292969e+01
-1.709951782226562500e+01
-1.697995567321777344e+01
-1.686860656738281250e+01
-1.676528739929199219e+01
-1.666999435424804688e+01
-1.658296585083007812e+01
-1.650400733947753906e+01
-1.643306922912597656e+01
-1.637016296386718750e+01
-1.631526184082031250e+01
-1.626827812194824219e+01
-1.622946739196777344e+01
-1.619857597351074219e+01
-1.617541885375976562e+01
-1.616025161743164062e+01
-1.615297126770019531e+01
-1.615338706970214844e+01
-1.616176605224609375e+01
-1.617799568176269531e+01
-1.620195198059082031e+01
-1.623351478576660156e+01
-1.627291870117187500e+01
-1.632010269165039062e+01
-1.637389564514160156e+01
-1.643571662902832031e+01
-1.650491333007812500e+01
-1.658008766174316406e+01
-1.666281509399414062e+01
-1.675243949890136719e+01
-1.684830665588378906e+01
-1.695124626159667969e+01
-1.706060409545898438e+01
-1.717647361755371094e+01
-1.729819297790527344e+01
-1.742585563659667969e+01
-1.755954933166503906e+01
-1.769936561584472656e+01
-1.784539031982421875e+01
-1.799697113037109375e+01
-1.815419578552246094e+01
-1.831715583801269531e+01
-1.848594093322753906e+01
-1.865915298461914062e+01
-1.883836936950683594e+01
-1.902293586730957031e+01
-1.921220016479492188e+01
-1.940699577331542969e+01
-1.960592460632324219e+01
-1.981056785583496094e+01
-2.001952552795410156e+01
-2.023363304138183594e+01
-2.045223999023437500e+01
-2.067543220520019531e+01
-2.090330696105957031e+01
-2.113521003723144531e+01
-2.137271881103515625e+01
-2.161369323730468750e+01
-2.185897254943847656e+01
-2.210938835144042969e+01
-2.236354827880859375e+01
-2.262080192565917969e+01
-2.288346862792968750e+01
-2.315164566040039062e+01
-2.342244529724121094e+01
-2.369745445251464844e+01
-2.397527694702148438e+01
-2.425897789001464844e+01
-2.454642105102539062e+01
-2.483695983886718750e+01
-2.513288116455078125e+01
-2.543115997314453125e+01
-2.573244476318359375e+01
-2.603962707519531250e+01
-2.634740829467773438e+01
-2.665941810607910156e+01
-2.697408485412597656e+01
-2.729205894470214844e+01
-2.761177062988281250e+01
-2.793386840820312500e+01
-2.825901603698730469e+01
-2.858637428283691406e+01
-2.891437721252441406e+01
-2.924441528320312500e+01
-2.957640457153320312e+01
-2.991100120544433594e+01
-3.024514389038085938e+01
-3.058171463012695312e+01
-3.091840362548828125e+01
-3.125586128234863281e+01
-3.159548759460449219e+01
-3.193496704101562500e+01
-3.227495193481445312e+01
-3.261535644531250000e+01
-3.295608901977539062e+01
-3.329706954956054688e+01
-3.363820648193359375e+01
-3.397941207885742188e+01
-3.432059478759765625e+01
-3.466093063354492188e+01
-3.500107574462890625e+01
-3.534241485595703125e+01
-3.568190383911132812e+01
-3.602167129516601562e+01
-3.636089324951171875e+01
-3.669799423217773438e+01
-3.703511047363281250e+01
-3.737215805053710938e+01
-3.770681762695312500e+01
-3.804122543334960938e+01
-3.837530136108398438e+01
-3.870745849609375000e+01
-3.903836441040039062e+01
-3.936940383911132812e+01
-3.969752502441406250e+01
-4.002560424804687500e+01
-4.035206604003906250e+01
-4.067756271362304688e+01
-4.100052261352539062e+01
-4.132308578491210938e+01
-4.164365768432617188e+01
-4.196281051635742188e+01
-4.228111267089843750e+01
-4.259688949584960938e+01
-4.291070556640625000e+01
-4.322238159179687500e+01
-4.353320693969726562e+01
-4.384078598022460938e+01
-4.414640808105468750e+01
-4.444916152954101562e+01
-4.474884796142578125e+01
-4.504678344726562500e+01
-4.534203338623046875e+01
-4.563367843627929688e+01
-4.592375564575195312e+01
-4.620985794067382812e+01
-4.649328994750976562e+01
-4.677386093139648438e+01
-4.705065155029296875e+01
-4.732496261596679688e+01
-4.759511947631835938e+01
-4.786242675781250000e+01
-4.812596511840820312e+01
-4.838628387451171875e+01
-4.864245605468750000e+01
-4.889579391479492188e+01
-4.914461517333984375e+01
-4.939022445678710938e+01
-4.963170242309570312e+01
-4.986811447143554688e+01
-5.010224533081054688e+01
-5.033094787597656250e+01
-5.055625534057617188e+01
-5.077724838256835938e+01
-5.099299240112304688e+01
-5.120627975463867188e+01
-5.141395187377929688e+01
-5.161730575561523438e+01
-5.181690216064453125e+01
-5.201181030273437500e+01
-5.220110321044921875e+01
-5.238756561279296875e+01
-5.256803894042968750e+01
-5.274456405639648438e+01
-5.291621780395507812e+01
-5.308280181884765625e+01
-5.324488449096679688e+01
-5.340226745605468750e+01
-5.355328369140625000e+01
-5.370071792602539062e+01
-5.384364700317382812e+01
-5.397970962524414062e+01
-5.411249923706054688e+01
-5.423966598510742188e+01
-5.436182785034179688e+01
-5.447885894775390625e+01
-5.459138870239257812e+01
-5.469927978515625000e+01
-5.480242156982421875e+01
-5.489994049072265625e+01
-5.499319839477539062e+01
-5.508132934570312500e+01
-5.516420364379882812e+01
-5.524319076538085938e+01
-5.531668472290039062e+01
-5.538602828979492188e+01
-5.544962692260742188e+01
-5.550883483886718750e+01
-5.556426620483398438e+01
-5.561357498168945312e+01
-5.565885162353515625e+01
-5.569998168945312500e+01
-5.573460006713867188e+01
-5.576630401611328125e+01
-5.579273986816406250e+01
-5.581377029418945312e+01
-5.583150100708007812e+01
-5.584357833862304688e+01
-5.585136413574218750e+01
-5.585398864746093750e+01
-5.585206222534179688e+01
-5.584546279907226562e+01
-5.583405303955078125e+01
-5.581697463989257812e+01
-5.579632186889648438e+01
-5.577048110961914062e+01
-5.573933029174804688e+01
-5.570497131347656250e+01
-5.566429138183593750e+01
-5.561940765380859375e+01
-5.557018280029296875e+01
-5.551500320434570312e+01
-5.545522689819335938e+01
-5.539073562622070312e+01
-5.532138061523437500e+01
-5.524631118774414062e+01
-5.516687011718750000e+01
-5.508145141601562500e+01
-5.499140548706054688e+01
-5.489661407470703125e+01
-5.479592132568359375e+01
-5.469053268432617188e+01
-5.458062744140625000e+01
-5.446482086181640625e+01
-5.434470748901367188e+01
-5.421987533569335938e+01
-5.409057617187500000e+01
-5.395661926269531250e+01
-5.381840896606445312e+01
-5.367597579956054688e+01
-5.352927398681640625e+01
-5.337863922119140625e+01
-5.322394561767578125e+01
-5.306537246704101562e+01
-5.290295410156250000e+01
-5.273694610595703125e+01
-5.256707382202148438e+01
-5.239366912841796875e+01
-5.221683502197265625e+01
-5.203652191162109375e+01
-5.185284042358398438e+01
-5.166588592529296875e+01
-5.147569656372070312e+01
-5.128221893310546875e+01
-5.108578109741210938e+01
-5.088619232177734375e+01
-5.068354797363281250e+01
-5.047802734375000000e+01
-5.026951217651367188e+01
-5.005810165405273438e+01
-4.984389114379882812e+01
-4.962691879272460938e+01
-4.940705871582031250e+01
-4.918470764160156250e+01
-4.895937347412109375e+01
-4.873160171508789062e+01
-4.850112152099609375e+01
-4.826810836791992188e+01
-4.803244018554687500e+01
-4.779429244995117188e+01
-4.755354309082031250e+01
-4.731029129028320312e+01
-4.706456375122070312e+01
-4.681623458862304688e+01
-4.656548309326171875e+01
-4.631211471557617188e+01
-4.605644226074218750e+01
-4.579812622070312500e+01
-4.553734588623046875e+01
-4.527404785156250000e+01
-4.500827789306640625e+01
-4.474015808105468750e+01
-4.446969223022460938e+01
-4.419716262817382812e+01
-4.392249679565429688e+01
-4.364576721191406250e+01
-4.336725997924804688e+01
-4.308697891235351562e+01
-4.280513381958007812e+01
-4.252157592773437500e+01
-4.223667526245117188e+01
-4.195027923583984375e+01
-4.166252899169921875e+01
-4.137364578247070312e+01
-4.108362579345703125e+01
-4.079261779785156250e+01
-4.050046157836914062e+01
-4.020760726928710938e+01
-3.991382217407226562e+01
-3.961948013305664062e+01
-3.932434844970703125e+01
-3.902880096435546875e+01
-3.873268508911132812e+01
-3.843621826171875000e+01
-3.813939285278320312e+01
-3.784221267700195312e+01
-3.754489898681640625e+01
-3.724744033813476562e+01
-3.694976425170898438e+01
-3.665223312377929688e+01
-3.635462951660156250e+01
-3.605709457397460938e+01
-3.575976943969726562e+01
-3.546265411376953125e+01
-3.516589355468750000e+01
-3.486933135986328125e+01
-3.457334136962890625e+01
-3.427769470214843750e+01
-3.398260498046875000e+01
-3.368814849853515625e+01
-3.339417266845703125e+01
-3.310103988647460938e+01
-3.280844879150390625e+01
-3.251654815673828125e+01
-3.222555160522460938e+01
-3.193545913696289062e+01
-3.164626502990722656e+01
-3.135818481445312500e+01
-3.107099151611328125e+01
-3.078497886657714844e+01
-3.050021553039550781e+01
-3.021653175354003906e+01
-2.993376731872558594e+01
-2.965174865722656250e+01
-2.937179756164550781e+01
-2.909329986572265625e+01
-2.881490135192871094e+01
-2.853895759582519531e+01
-2.826337623596191406e+01
-2.798977088928222656e+01
-2.771826744079589844e+01
-2.744677352905273438e+01
-2.717690467834472656e+01
-2.690879058837890625e+01
-2.664256286621093750e+01
-2.637760925292968750e+01
-2.611480522155761719e+01
-2.585354042053222656e+01
-2.559394645690917969e+01
-2.533615112304687500e+01
-2.507954788208007812e+01
-2.482501411437988281e+01
-2.457193756103515625e+01
-2.432119369506835938e+01
-2.407291412353515625e+01
-2.382575035095214844e+01
-2.358206558227539062e+01
-2.333753204345703125e+01
-2.309748649597167969e+01
-2.285835075378417969e+01
-2.262174415588378906e+01
-2.238705825805664062e+01
-2.215517234802246094e+01
-2.192547607421875000e+01
-2.169811248779296875e+01
-2.147320938110351562e+01
-2.125016403198242188e+01
-2.102985572814941406e+01
-2.081241798400878906e+01
-2.059799194335937500e+01
-2.038522720336914062e+01
-2.017574501037597656e+01
-1.996968078613281250e+01
-1.976568984985351562e+01
-1.956390762329101562e+01
-1.936669921875000000e+01
-1.917123031616210938e+01
-1.897986984252929688e+01
-1.879052162170410156e+01
-1.860555648803710938e+01
-1.842286109924316406e+01
-1.824396705627441406e+01
-1.806815338134765625e+01
-1.789545249938964844e+01
-1.772662544250488281e+01
-1.756021499633789062e+01
-1.739698982238769531e+01
-1.723697280883789062e+01
-1.708019065856933594e+01
-1.692666816711425781e+01
-1.677568817138671875e+01
-1.662727165222167969e+01
-1.648144912719726562e+01
-1.633898353576660156e+01
-1.619915771484375000e+01
-1.606273841857910156e+01
-1.592901039123535156e+01
-1.579799556732177734e+01
-1.566971969604492188e+01
-1.554420375823974609e+01
-1.542147731781005859e+01
-1.530081939697265625e+01
-1.518373870849609375e+01
-1.506952095031738281e+01
-1.495818710327148438e+01
-1.484901809692382812e+01
-1.474278640747070312e+01
-1.463876914978027344e+01
-1.453773689270019531e+01
-1.443971443176269531e+01
-1.434398365020751953e+01
-1.425131416320800781e+01
-1.416173076629638672e+01
-1.407451534271240234e+01
-1.399043941497802734e+01
-1.390878391265869141e+01
-1.383032131195068359e+01
-1.375433254241943359e+01
-1.368010520935058594e+01
-1.361063766479492188e+01
-1.354298496246337891e+01
-1.347866249084472656e+01
-1.341695404052734375e+01
-1.335863399505615234e+01
-1.330373001098632812e+01
-1.325152969360351562e+01
-1.320131874084472656e+01
-1.315461349487304688e+01
-1.311218833923339844e+01
-1.307184600830078125e+01
-1.303508186340332031e+01
-1.300183486938476562e+01
-1.297128009796142578e+01
-1.294407939910888672e+01
-1.291940784454345703e+01
-1.289867115020751953e+01
-1.287955856323242188e+01
-1.286421871185302734e+01
-1.285034370422363281e+01
-1.284008121490478516e+01
-1.283260726928710938e+01
-1.282784461975097656e+01
-1.282571029663085938e+01
-1.282464027404785156e+01
-1.282826995849609375e+01
-1.283280277252197266e+01
-1.284039115905761719e+01
-1.285020923614501953e+01
-1.286069297790527344e+01
-1.287547779083251953e+01
-1.289151000976562500e+01
-1.291019725799560547e+01
-1.293071651458740234e+01
-1.295372962951660156e+01
-1.297841358184814453e+01
-1.300543022155761719e+01
-1.303395652770996094e+01
-1.306465530395507812e+01
-1.309744262695312500e+01
-1.313224124908447266e+01
-1.316896724700927734e+01
-1.320753955841064453e+01
-1.324787616729736328e+01
-1.328989505767822266e+01
-1.333351516723632812e+01
-1.337939548492431641e+01
-1.342671203613281250e+01
-1.347612571716308594e+01
-1.352606582641601562e+01
-1.357867813110351562e+01
-1.363239574432373047e+01
-1.368862152099609375e+01
-1.374504280090332031e+01
-1.380380630493164062e+01
-1.386408424377441406e+01
-1.392653751373291016e+01
-1.399033927917480469e+01
-1.405466461181640625e+01
-1.412165927886962891e+01
-1.418901062011718750e+01
-1.425886154174804688e+01
-1.432961940765380859e+01
-1.440117549896240234e+01
-1.447490501403808594e+01
-1.454995632171630859e+01
-1.462622070312500000e+01
-1.470284366607666016e+01
-1.478194713592529297e+01
-1.486119365692138672e+01
-1.494121742248535156e+01
-1.502265453338623047e+01
-1.510539627075195312e+01
-1.518859195709228516e+01
-1.527287769317626953e+01
-1.535814762115478516e+01
-1.544503784179687500e+01
-1.553195476531982422e+01
-1.562027835845947266e+01
-1.570841789245605469e+01
-1.579849815368652344e+01
-1.588892459869384766e+01
-1.597959423065185547e+01
-1.607114601135253906e+01
-1.616347312927246094e+01
-1.625572776794433594e+01
-1.634855079650878906e+01
-1.644258117675781250e+01
-1.653622436523437500e+01
-1.663086700439453125e+01
-1.672491645812988281e+01
-1.682049942016601562e+01
-1.691528129577636719e+01
-1.701212882995605469e+01
-1.710796546936035156e+01
-1.720343399047851562e+01
-1.729916763305664062e+01
-1.739580917358398438e+01
-1.749250602722167969e+01
-1.758841514587402344e+01
-1.768491172790527344e+01
-1.778114891052246094e+01
-1.787776756286621094e+01
-1.797242546081542969e+01
-1.806799316406250000e+01
-1.816361999511718750e+01
-1.825934410095214844e+01
-1.835409545898437500e+01
-1.844895362854003906e+01
-1.854224777221679688e+01
-1.863617324829101562e+01
-1.872914886474609375e+01
-1.882147789001464844e+01
-1.891333580017089844e+01
-1.900459671020507812e+01
-1.909527969360351562e+01
-1.918540763854980469e+01
-1.927500152587890625e+01
-1.936400794982910156e+01
-1.945237350463867188e+01
-1.954019165039062500e+01
-1.962741088867187500e+01
-1.971397399902343750e+01
-1.980005264282226562e+01
-1.988544082641601562e+01
-1.997015953063964844e+01
-2.005422973632812500e+01
-2.013781547546386719e+01
-2.022049713134765625e+01
-2.030258560180664062e+01
-2.038388252258300781e+01
-2.046455192565917969e+01
-2.054439544677734375e+01
-2.062350273132324219e+01
-2.070174980163574219e+01
-2.077915573120117188e+01
-2.085574150085449219e+01
-2.093152618408203125e+01
-2.100631332397460938e+01
-2.108019447326660156e+01
-2.115311622619628906e+01
-2.122510528564453125e+01
-2.129595947265625000e+01
-2.136592292785644531e+01
-2.143479728698730469e+01
-2.150238418579101562e+01
-2.156907653808593750e+01
-2.163445472717285156e+01
-2.169869041442871094e+01
-2.176165962219238281e+01
-2.182331275939941406e+01
-2.188375282287597656e+01
-2.194277381896972656e+01
-2.200048637390136719e+01
-2.205661010742187500e+01
-2.211146926879882812e+01
-2.216467666625976562e+01
-2.221637535095214844e+01
-2.226649665832519531e+01
-2.231493568420410156e+01
-2.236168861389160156e+01
-2.240672492980957031e+01
-2.245002937316894531e+01
-2.249168395996093750e+01
-2.253168678283691406e+01
-2.257006835937500000e+01
-2.260684204101562500e+01
-2.264205551147460938e+01
-2.267571830749511719e+01
-2.270785331726074219e+01
-2.273848533630371094e+01
-2.276762962341308594e+01
-2.279531669616699219e+01
-2.282155227661132812e+01
-2.284635543823242188e+01
-2.286974525451660156e+01
-2.289173698425292969e+01
-2.291234207153320312e+01
-2.293157196044921875e+01
-2.294942283630371094e+01
-2.296590232849121094e+01
-2.298101043701171875e+01
-2.299475097656250000e+01
-2.300712776184082031e+01
-2.301813507080078125e+01
-2.302777862548828125e+01
-2.303605461120605469e+01
-2.304295349121093750e+01
-2.304847908020019531e+01
-2.305262756347656250e+01
-2.305539131164550781e+01
-2.305677032470703125e+01
-2.305674934387207031e+01
-2.305529975891113281e+01
-2.305243492126464844e+01
-2.304812812805175781e+01
-2.304236221313476562e+01
-2.303513526916503906e+01
-2.302641677856445312e+01
-2.301620483398437500e+01
-2.300447654724121094e+01
-2.299123573303222656e+01
-2.297646141052246094e+01
-2.296013259887695312e+01
-2.294224357604980469e+01
-2.292283058166503906e+01
-2.290176963806152344e+01
-2.287906074523925781e+01
-2.285472679138183594e+01
-2.282879638671875000e+01
-2.280121612548828125e+01
-2.277187347412109375e+01
-2.274112510681152344e+01
-2.270844078063964844e+01
-2.267426490783691406e+01
-2.263844299316406250e+01
-2.260111999511718750e+01
-2.256214141845703125e+01
-2.252157592773437500e+01
-2.247964477539062500e+01
-2.243634414672851562e+01
-2.239152336120605469e+01
-2.234540176391601562e+01
-2.229782676696777344e+01
-2.224879646301269531e+01
-2.219860839843750000e+01
-2.214703178405761719e+01
-2.209414291381835938e+01
-2.204008674621582031e+01
-2.198478698730468750e+01
-2.192831230163574219e+01
-2.187073898315429688e+01
-2.181183433532714844e+01
-2.175182723999023438e+01
-2.169077873229980469e+01
-2.162854194641113281e+01
-2.156525802612304688e+01
-2.150099945068359375e+01
-2.143575668334960938e+01
-2.136930274963378906e+01
-2.130207633972167969e+01
-2.123377418518066406e+01
-2.116460800170898438e+01
-2.109442520141601562e+01
-2.102336311340332031e+01
-2.095148658752441406e+01
-2.087863731384277344e+01
-2.080502319335937500e+01
-2.073078727722167969e+01
-2.065546607971191406e+01
-2.057927513122558594e+01
-2.050241851806640625e+01
-2.042481040954589844e+01
-2.034621429443359375e+01
-2.026705932617187500e+01
-2.018718147277832031e+01
-2.010664176940917969e+01
-2.002542114257812500e+01
-1.994350433349609375e+01
-1.986080169677734375e+01
-1.977766609191894531e+01
-1.969370841979980469e+01
-1.960926437377929688e+01
-1.952415275573730469e+01
-1.943840980529785156e+01
-1.935200309753417969e+01
-1.926504325866699219e+01
-1.917741966247558594e+01
-1.908909988403320312e+01
-1.900042152404785156e+01
-1.891097831726074219e+01
-1.882080841064453125e+01
-1.873003196716308594e+01
-1.863876533508300781e+01
-1.854660224914550781e+01
-1.845395851135253906e+01
-1.836080360412597656e+01
-1.826673698425292969e+01
-1.817269515991210938e+01
-1.807842445373535156e+01
-1.798338317871093750e+01
-1.788761329650878906e+01
-1.779116630554199219e+01
-1.769408988952636719e+01
-1.759717559814453125e+01
-1.749973106384277344e+01
-1.740106391906738281e+01
-1.730271339416503906e+01
-1.720473098754882812e+01
-1.710568046569824219e+01
-1.700710487365722656e+01
-1.690756607055664062e+01
-1.680786323547363281e+01
-1.670805358886718750e+01
-1.660744285583496094e+01
-1.650757408142089844e+01
-1.640775680541992188e+01
-1.630730438232421875e+01
-1.620701217651367188e+01
-1.610693359375000000e+01
-1.600638198852539062e+01
-1.590689277648925781e+01
-1.580703544616699219e+01
-1.570760631561279297e+01
-1.560791110992431641e+01
-1.550874805450439453e+01
-1.540942287445068359e+01
-1.531147289276123047e+01
-1.521346187591552734e+01
-1.511543846130371094e+01
-1.501819038391113281e+01
-1.492176342010498047e+01
-1.482615947723388672e+01
-1.472989368438720703e+01
-1.463444900512695312e+01
-1.453982543945312500e+01
-1.444527244567871094e+01
-1.435227203369140625e+01
-1.425859260559082031e+01
-1.416571235656738281e+01
-1.407288169860839844e+01
-1.398083591461181641e+01
-1.388956642150878906e+01
-1.379832458496093750e+01
-1.370709705352783203e+01
-1.361662197113037109e+01
-1.352688694000244141e+01
-1.343713951110839844e+01
-1.334885597229003906e+01
-1.326053905487060547e+01
-1.317217826843261719e+01
-1.308376407623291016e+01
-1.299602890014648438e+01
-1.290896415710449219e+01
-1.282255935668945312e+01
-1.273606109619140625e+01
-1.265094852447509766e+01
-1.256498336791992188e+01
-1.247964477539062500e+01
-1.239492607116699219e+01
-1.231082153320312500e+01
-1.222658157348632812e+01
-1.214368915557861328e+01
-1.206065464019775391e+01
-1.197821807861328125e+01
-1.189638042449951172e+01
-1.181513881683349609e+01
-1.173300838470458984e+01
-1.165296363830566406e+01
-1.157277870178222656e+01
-1.149171447753906250e+01
-1.141497516632080078e+01
-1.133662509918212891e+01
-1.125889873504638672e+01
-1.118180370330810547e+01
-1.110609436035156250e+01
-1.103103351593017578e+01
-1.095588970184326172e+01
-1.088290500640869141e+01
-1.080985927581787109e+01
-1.073825263977050781e+01
-1.066660404205322266e+01
-1.059564304351806641e+01
-1.052683448791503906e+01
-1.045866966247558594e+01
-1.039187145233154297e+01
-1.032493591308593750e+01
-1.025932407379150391e+01
-1.019576168060302734e+01
-1.013199520111083984e+01
-1.006949043273925781e+01
-1.000822448730468750e+01
-9.947429656982421875e+00
-9.887826919555664062e+00
-9.829391479492187500e+00
-9.772096633911132812e+00
-9.715174674987792969e+00
-9.659338951110839844e+00
-9.604562759399414062e+00
-9.551557540893554688e+00
-9.499551773071289062e+00
-9.447027206420898438e+00
-9.396177291870117188e+00
-9.346970558166503906e+00
-9.297439575195312500e+00
-9.249851226806640625e+00
-9.203795433044433594e+00
-9.157749176025390625e+00
-9.113083839416503906e+00
-9.069313049316406250e+00
-9.026618003845214844e+00
-8.984585762023925781e+00
-8.943618774414062500e+00
-8.903228759765625000e+00
-8.863965988159179688e+00
-8.825561523437500000e+00
-8.787973403930664062e+00
-8.751154899597167969e+00
-8.715209960937500000e+00
-8.680020332336425781e+00
-8.645763397216796875e+00
-8.612171173095703125e+00
-8.579425811767578125e+00
-8.547405242919921875e+00
-8.516069412231445312e+00
-8.485598564147949219e+00
-8.455729484558105469e+00
-8.426642417907714844e+00
-8.398226737976074219e+00
-8.370518684387207031e+00
-8.343404769897460938e+00
-8.317001342773437500e+00
-8.291273117065429688e+00
-8.266114234924316406e+00
-8.241718292236328125e+00
-8.217980384826660156e+00
-8.194873809814453125e+00
-8.172372817993164062e+00
-8.150526046752929688e+00
-8.129460334777832031e+00
-8.108930587768554688e+00
-8.089214324951171875e+00
-8.069994926452636719e+00
-8.051626205444335938e+00
-8.033868789672851562e+00
-8.016855239868164062e+00
-8.000572204589843750e+00
-7.984856605529785156e+00
-7.970067024230957031e+00
-7.955968379974365234e+00
-7.942623615264892578e+00
-7.930020332336425781e+00
-7.918147087097167969e+00
-7.907142162322998047e+00
-7.896844863891601562e+00
-7.887392520904541016e+00
-7.878771781921386719e+00
-7.870897293090820312e+00
-7.863903045654296875e+00
-7.857774734497070312e+00
-7.852423667907714844e+00
-7.847907066345214844e+00
-7.844207286834716797e+00
-7.841381072998046875e+00
-7.839332103729248047e+00
-7.838113307952880859e+00
-7.837701320648193359e+00
-7.838145256042480469e+00
-7.839269161224365234e+00
-7.841268062591552734e+00
-7.843963146209716797e+00
-7.847469329833984375e+00
-7.851679801940917969e+00
-7.856484413146972656e+00
-7.861993312835693359e+00
-7.868243217468261719e+00
-7.874969959259033203e+00
-7.882278919219970703e+00
-7.890275955200195312e+00
-7.898694515228271484e+00
-7.907486915588378906e+00
-7.916833877563476562e+00
-7.926557540893554688e+00
-7.936630249023437500e+00
-7.947099208831787109e+00
-7.957938194274902344e+00
-7.969045162200927734e+00
-7.980539798736572266e+00
-7.992321968078613281e+00
-8.004438400268554688e+00
-8.016638755798339844e+00
-8.029120445251464844e+00
-8.041785240173339844e+00
-8.054534912109375000e+00
-8.067567825317382812e+00
-8.080643653869628906e+00
-8.093813896179199219e+00
-8.107062339782714844e+00
-8.120446205139160156e+00
-8.133879661560058594e+00
-8.147422790527343750e+00
-8.160918235778808594e+00
-8.174432754516601562e+00
-8.187886238098144531e+00
-8.201424598693847656e+00
-8.214973449707031250e+00
-8.228607177734375000e+00
-8.242183685302734375e+00
-8.255707740783691406e+00
-8.269335746765136719e+00
-8.282780647277832031e+00
-8.296428680419921875e+00
-8.309994697570800781e+00
-8.323643684387207031e+00
-8.337391853332519531e+00
-8.351038932800292969e+00
-8.364824295043945312e+00
-8.378770828247070312e+00
-8.392675399780273438e+00
-8.406712532043457031e+00
-8.420901298522949219e+00
-8.435117721557617188e+00
-8.449605941772460938e+00
-8.464092254638671875e+00
-8.478819847106933594e+00
-8.493661880493164062e+00
-8.508711814880371094e+00
-8.523911476135253906e+00
-8.539278984069824219e+00
-8.554903984069824219e+00
-8.570647239685058594e+00
0.000000000000000000e+00
0.000000000000000000e+00
0.000000000000000000e+00
0.000000000000000000e+00
0.000000000000000000e+00
0.000000000000000000e+00
0.000000000000000000e+00
0.000000000000000000e+00
0.000000000000000000e+00
0.000000000000000000e+00
0.000000000000000000e+00
0.000000000000000000e+00
0.000000000000000000e+00
0.000000000000000000e+00
0.000000000000000000e+00
0.000000000000000000e+00
0.000000000000000000e+00
0.000000000000000000e+00
0.000000000000000000e+00
0.000000000000000000e+00
0.000000000000000000e+00
0.000000000000000000e+00
0.000000000000000000e+00
0.000000000000000000e+00
0.000000000000000000e+00
0.000000000000000000e+00
0.000000000000000000e+00
0.000000000000000000e+00
0.000000000000000000e+00
0.000000000000000000e+00
0.000000000000000000e+00
0.000000000000000000e+00
0.000000000000000000e+00
0.000000000000000000e+00
0.000000000000000000e+00
0.000000000000000000e+00
0.000000000000000000e+00
0.000000000000000000e+00
0.000000000000000000e+00
0.000000000000000000e+00
0.000000000000000000e+00
0.000000000000000000e+00
0.000000000000000000e+00
0.000000000000000000e+00
0.000000000000000000e+00
0.000000000000000000e+00
0.000000000000000000e+00
0.000000000000000000e+00
0.000000000000000000e+00
0.000000000000000000e+00
0.000000000000000000e+00
0.000000000000000000e+00
0.000000000000000000e+00
0.000000000000000000e+00
0.000000000000000000e+00
0.000000000000000000e+00
0.000000000000000000e+00
0.000000000000000000e+00
0.000000000000000000e+00
0.000000000000000000e+00
0.000000000000000000e+00
0.000000000000000000e+00
0.000000000000000000e+00
0.000000000000000000e+00
0.000000000000000000e+00
0.000000000000000000e+00
0.000000000000000000e+00
0.000000000000000000e+00
0.000000000000000000e+00
0.000000000000000000e+00
0.000000000000000000e+00
0.000000000000000000e+00
0.000000000000000000e+00
0.000000000000000000e+00
0.000000000000000000e+00
0.000000000000000000e+00
0.000000000000000000e+00
0.000000000000000000e+00
0.000000000000000000e+00
0.000000000000000000e+00
0.000000000000000000e+00
0.000000000000000000e+00
0.000000000000000000e+00
0.000000000000000000e+00
0.000000000000000000e+00
0.000000000000000000e+00
0.000000000000000000e+00
0.000000000000000000e+00
0.000000000000000000e+00
0.000000000000000000e+00
0.000000000000000000e+00
0.000000000000000000e+00
0.000000000000000000e+00
0.000000000000000000e+00
0.000000000000000000e+00
0.000000000000000000e+00
0.000000000000000000e+00
0.000000000000000000e+00
0.000000000000000000e+00
0.000000000000000000e+00
