# tt
1.070658325195312500e+03
1.019062072753906250e+03
9.663088989257812500e+02
9.245666503906250000e+02
8.938922729492187500e+02
8.725563354492187500e+02
8.585347290039062500e+02
8.500451049804687500e+02
8.463893432617187500e+02
8.466739501953125000e+02
8.511662597656250000e+02
8.581633911132812500e+02
8.667706298828125000e+02
8.771149902343750000e+02
8.894499511718750000e+02
9.038074340820312500e+02
9.193966674804687500e+02
9.371110229492187500e+02
9.552670898437500000e+02
9.740117797851562500e+02
9.934273681640625000e+02
1.013366455078125000e+03
1.033969970703125000e+03
1.055200927734375000e+03
1.076858886718750000e+03
1.099087890625000000e+03
1.121673950195312500e+03
1.144784912109375000e+03
1.168424438476562500e+03
1.192303222656250000e+03
1.216498657226562500e+03
1.241067016601562500e+03
1.265932128906250000e+03
1.291101562500000000e+03
1.316507446289062500e+03
1.342067260742187500e+03
1.367995117187500000e+03
1.394295166015625000e+03
1.420751464843750000e+03
1.447514282226562500e+03
1.474338012695312500e+03
1.501342895507812500e+03
1.528351928710937500e+03
1.555708374023437500e+03
1.583316162109375000e+03
1.611031494140625000e+03
1.638791992187500000e+03
1.666683593750000000e+03
1.694940673828125000e+03
1.723343750000000000e+03
1.752083129882812500e+03
1.780746337890625000e+03
1.809218261718750000e+03
1.837681152343750000e+03
1.866332031250000000e+03
1.895132324218750000e+03
1.924133178710937500e+03
1.953236816406250000e+03
1.982494873046875000e+03
2.012238281250000000e+03
2.041839233398437500e+03
2.071470458984375000e+03
2.101378662109375000e+03
2.131142578125000000e+03
2.161019775390625000e+03
2.190869140625000000e+03
2.221006347656250000e+03
2.251226806640625000e+03
2.281697509765625000e+03
2.312285888671875000e+03
2.342996826171875000e+03
2.373759033203125000e+03
2.404574462890625000e+03
2.435520263671875000e+03
2.466518310546875000e+03
2.497615478515625000e+03
2.528851318359375000e+03
2.560043701171875000e+03
2.591307128906250000e+03
2.622544921875000000e+03
2.653856933593750000e+03
2.685205566406250000e+03
2.716702880859375000e+03
2.748236572265625000e+03
2.779909423828125000e+03
2.811935302734375000e+03
2.843849365234375000e+03
2.876005615234375000e+03
2.908236816406250000e+03
2.940454101562500000e+03
2.972807617187500000e+03
3.005302246093750000e+03
3.037720214843750000e+03
3.070289062500000000e+03
3.102717041015625000e+03
3.135455078125000000e+03
3.168284912109375000e+03
3.201063476562500000e+03
3.234018554687500000e+03
3.267006347656250000e+03
3.300403808593750000e+03
3.333621093750000000e+03
3.366960937500000000e+03
3.400354003906250000e+03
3.433879638671875000e+03
3.467245361328125000e+03
3.500902832031250000e+03
3.534633300781250000e+03
3.568367919921875000e+03
3.602186035156250000e+03
3.636093505859375000e+03
3.670170166015625000e+03
3.704272949218750000e+03
3.738556152343750000e+03
3.772802246093750000e+03
3.807314453125000000e+03
3.841949951171875000e+03
3.876565185546875000e+03
3.911314941406250000e+03
3.946055664062500000e+03
3.980868164062500000e+03
4.015757324218750000e+03
4.050729003906250000e+03
4.085714355468750000e+03
4.120793945312500000e+03
4.155898437500000000e+03
4.191034179687500000e+03
4.226279785156250000e+03
4.261568359375000000e+03
4.296904296875000000e+03
4.332369628906250000e+03
4.367822753906250000e+03
4.403344238281250000e+03
4.438942382812500000e+03
4.474474121093750000e+03
4.510096679687500000e+03
4.545741699218750000e+03
4.581268066406250000e+03
4.616980468750000000e+03
4.652587890625000000e+03
4.688320312500000000e+03
4.724111328125000000e+03
4.759818847656250000e+03
4.795524414062500000e+03
4.831458007812500000e+03
4.867181152343750000e+03
4.902922851562500000e+03
4.938765136718750000e+03
4.974491699218750000e+03
5.010258300781250000e+03
5.045920410156250000e+03
5.081628417968750000e+03
5.117312011718750000e+03
5.152974609375000000e+03
5.188470214843750000e+03
5.224099609375000000e+03
5.259643554687500000e+03
5.295104003906250000e+03
5.330559570312500000e+03
5.366013183593750000e+03
5.401393066406250000e+03
5.436851562500000000e+03
5.472095214843750000e+03
5.507423339843750000e+03
5.542690917968750000e+03
5.577976074218750000e+03
5.613058105468750000e+03
5.648089843750000000e+03
5.683073730468750000e+03
5.717864257812500000e+03
5.752539550781250000e+03
5.787027832031250000e+03
5.821481933593750000e+03
5.855830078125000000e+03
5.889926269531250000e+03
5.923922363281250000e+03
5.957746093750000000e+03
5.991399902343750000e+03
6.025034179687500000e+03
6.058428710937500000e+03
6.091660156250000000e+03
6.124656250000000000e+03
6.157568359375000000e+03
6.190323730468750000e+03
6.222553710937500000e+03
6.254929199218750000e+03
6.287081054687500000e+03
6.318937011718750000e+03
6.350945800781250000e+03
6.382366210937500000e+03
6.413720703125000000e+03
6.444788574218750000e+03
6.475795410156250000e+03
6.506520019531250000e+03
6.536964843750000000e+03
6.567281738281250000e+03
6.597397460937500000e+03
6.627315429687500000e+03
6.657036621093750000e+03
6.686488769531250000e+03
6.715742187500000000e+03
6.744718261718750000e+03
6.773337402343750000e+03
6.801744140625000000e+03
6.829784179687500000e+03
6.857602050781250000e+03
6.884969726562500000e+03
6.912031250000000000e+03
6.938781738281250000e+03
6.965216308593750000e+03
6.991182128906250000e+03
7.016895996093750000e+03
7.042206054687500000e+03
7.067181152343750000e+03
7.091741699218750000e+03
7.116032714843750000e+03
7.139900390625000000e+03
7.163413574218750000e+03
7.186568359375000000e+03
7.209359375000000000e+03
7.231781738281250000e+03
7.253682617187500000e+03
7.275354980468750000e+03
7.296569824218750000e+03
7.317397460937500000e+03
7.337758789062500000e+03
7.357796875000000000e+03
7.377433593750000000e+03
7.396589843750000000e+03
7.415260253906250000e+03
7.433589355468750000e+03
7.451497070312500000e+03
7.468831542968750000e+03
7.485809570312500000e+03
7.502277832031250000e+03
7.518307128906250000e+03
7.533891601562500000e+03
7.549102050781250000e+03
7.563708984375000000e+03
7.578005371093750000e+03
7.591838378906250000e+03
7.605203125000000000e+03
7.618095703125000000e+03
7.630509765625000000e+03
7.642515136718750000e+03
7.654108398437500000e+03
7.665208984375000000e+03
7.675962402343750000e+03
7.686213378906250000e+03
7.696105957031250000e+03
7.705409667968750000e+03
7.714485839843750000e+03
7.723027832031250000e+03
7.731102539062500000e+03
7.738774414062500000e+03
7.746034667968750000e+03
7.752798828125000000e+03
7.759133300781250000e+03
7.765103027343750000e+03
7.770550781250000000e+03
7.775466308593750000e+03
7.780213378906250000e+03
7.784336914062500000e+03
7.787901855468750000e+03
7.791120605468750000e+03
7.793764160156250000e+03
7.795970214843750000e+03
7.797581542968750000e+03
7.798886718750000000e+03
7.799652343750000000e+03
7.800093750000000000e+03
7.799978027343750000e+03
7.799446289062500000e+03
7.798413085937500000e+03
7.797019531250000000e+03
7.795032226562500000e+03
7.792666992187500000e+03
7.789838867187500000e+03
7.786538574218750000e+03
7.782906738281250000e+03
7.778637695312500000e+03
7.774017578125000000e+03
7.768964355468750000e+03
7.763468750000000000e+03
7.757446777343750000e+03
7.750965332031250000e+03
7.744087402343750000e+03
7.736731445312500000e+03
7.728962402343750000e+03
7.720770019531250000e+03
7.711849609375000000e+03
7.702785156250000000e+03
7.693122558593750000e+03
7.683225097656250000e+03
7.672709960937500000e+03
7.661793457031250000e+03
7.650315917968750000e+03
7.638492675781250000e+03
7.626165039062500000e+03
7.613399414062500000e+03
7.600265136718750000e+03
7.586683105468750000e+03
7.572646972656250000e+03
7.558228027343750000e+03
7.543347167968750000e+03
7.528072753906250000e+03
7.512401855468750000e+03
7.496402343750000000e+03
7.479921875000000000e+03
7.463103515625000000e+03
7.445943359375000000e+03
7.428362304687500000e+03
7.410428710937500000e+03
7.392139648437500000e+03
7.373489257812500000e+03
7.354473632812500000e+03
7.335087402343750000e+03
7.315399902343750000e+03
7.295406250000000000e+03
7.275029296875000000e+03
7.254336425781250000e+03
7.233323242187500000e+03
7.211985351562500000e+03
7.190393066406250000e+03
7.168392578125000000e+03
7.146127929687500000e+03
7.123593261718750000e+03
7.100710449218750000e+03
7.077548828125000000e+03
7.054177734375000000e+03
7.030444335937500000e+03
7.006418457031250000e+03
6.982168457031250000e+03
6.957542480468750000e+03
6.932683105468750000e+03
6.907585937500000000e+03
6.882172363281250000e+03
6.856585449218750000e+03
6.830672363281250000e+03
6.804428222656250000e+03
6.777997070312500000e+03
6.751299804687500000e+03
6.724405273437500000e+03
6.697160644531250000e+03
6.669710449218750000e+03
6.641974121093750000e+03
6.614022460937500000e+03
6.585775878906250000e+03
6.557303710937500000e+03
6.528751953125000000e+03
6.499752441406250000e+03
6.470606933593750000e+03
6.441172851562500000e+03
6.411603027343750000e+03
6.381828613281250000e+03
6.351855468750000000e+03
6.321762695312500000e+03
6.291405761718750000e+03
6.260939453125000000e+03
6.230294921875000000e+03
6.199550781250000000e+03
6.168638183593750000e+03
6.137636718750000000e+03
6.106477050781250000e+03
6.075238281250000000e+03
6.043926269531250000e+03
6.012396972656250000e+03
5.980953125000000000e+03
5.949376464843750000e+03
5.917672851562500000e+03
5.885921386718750000e+03
5.854126464843750000e+03
5.822294433593750000e+03
5.790355957031250000e+03
5.758463867187500000e+03
5.726550292968750000e+03
5.694544921875000000e+03
5.662527343750000000e+03
5.630577636718750000e+03
5.598552246093750000e+03
5.566455566406250000e+03
5.534442382812500000e+03
5.502517089843750000e+03
5.470461914062500000e+03
5.438505371093750000e+03
5.406503906250000000e+03
5.374536621093750000e+03
5.342608886718750000e+03
5.310726074218750000e+03
5.278892089843750000e+03
5.247039550781250000e+03
5.215321289062500000e+03
5.183593261718750000e+03
5.151861816406250000e+03
5.120279785156250000e+03
5.088629882812500000e+03
5.057139648437500000e+03
5.025666015625000000e+03
4.994213867187500000e+03
4.962863769531250000e+03
4.931625976562500000e+03
4.900437011718750000e+03
4.869308593750000000e+03
4.838326660156250000e+03
4.807352539062500000e+03
4.776546386718750000e+03
4.745846679687500000e+03
4.715336425781250000e+03
4.684880371093750000e+03
4.654637207031250000e+03
4.624470214843750000e+03
4.594464355468750000e+03
4.564556640625000000e+03
4.534907226562500000e+03
4.505377929687500000e+03
4.475980468750000000e+03
4.446800781250000000e+03
4.417849609375000000e+03
4.389063964843750000e+03
4.360528808593750000e+03
4.332182128906250000e+03
4.303959960937500000e+03
4.275947753906250000e+03
4.248231445312500000e+03
4.220748046875000000e+03
4.193434082031250000e+03
4.166375000000000000e+03
4.139508300781250000e+03
4.112993164062500000e+03
4.086692382812500000e+03
4.060542480468750000e+03
4.034778564453125000e+03
4.009187988281250000e+03
3.983856689453125000e+03
3.958870117187500000e+03
3.934165527343750000e+03
3.909678955078125000e+03
3.885571044921875000e+03
3.861703857421875000e+03
3.838163085937500000e+03
3.814811767578125000e+03
3.791883300781250000e+03
3.769240722656250000e+03
3.746895507812500000e+03
3.724783691406250000e+03
3.703065917968750000e+03
3.681604736328125000e+03
3.660559814453125000e+03
3.639867675781250000e+03
3.619464843750000000e+03
3.599358398437500000e+03
3.579703125000000000e+03
3.560282226562500000e+03
3.541176025390625000e+03
3.522539794921875000e+03
3.504082519531250000e+03
3.486032714843750000e+03
3.468322509765625000e+03
3.450958496093750000e+03
3.433872314453125000e+03
3.417144531250000000e+03
3.400707031250000000e+03
3.384566162109375000e+03
3.368727783203125000e+03
3.353272705078125000e+03
3.338207275390625000e+03
3.323388671875000000e+03
3.308897705078125000e+03
3.294814941406250000e+03
3.280849121093750000e+03
3.267377929687500000e+03
3.254185302734375000e+03
3.241351318359375000e+03
3.228881835937500000e+03
3.216635009765625000e+03
3.204691162109375000e+03
3.193130859375000000e+03
3.181885742187500000e+03
3.170962402343750000e+03
3.160366943359375000e+03
3.150179687500000000e+03
3.140184326171875000e+03
3.130460937500000000e+03
3.121239013671875000e+03
3.112301757812500000e+03
3.103655029296875000e+03
3.095305419921875000e+03
3.087333496093750000e+03
3.079745361328125000e+03
3.072324462890625000e+03
3.065373779296875000e+03
3.058751464843750000e+03
3.052463623046875000e+03
3.046441894531250000e+03
3.040766845703125000e+03
3.035444824218750000e+03
3.030482177734375000e+03
3.025959472656250000e+03
3.021733886718750000e+03
3.017736572265625000e+03
3.014262695312500000e+03
3.011013427734375000e+03
3.008059570312500000e+03
3.005622070312500000e+03
3.003326660156250000e+03
3.001468017578125000e+03
2.999820556640625000e+03
2.998529785156250000e+03
2.997445312500000000e+03
2.996787109375000000e+03
2.996329589843750000e+03
2.996218994140625000e+03
2.996378173828125000e+03
2.996804687500000000e+03
2.997495849609375000e+03
2.998375000000000000e+03
2.999587890625000000e+03
3.001132324218750000e+03
3.002856689453125000e+03
3.004758544921875000e+03
3.006909667968750000e+03
3.009381591796875000e+03
3.012097656250000000e+03
3.014906738281250000e+03
3.018029052734375000e+03
3.021535888671875000e+03
3.025128173828125000e+03
3.028951904296875000e+03
3.032929443359375000e+03
3.037355957031250000e+03
3.041783203125000000e+03
3.046431396484375000e+03
3.051297607421875000e+03
3.056379638671875000e+03
3.061674804687500000e+03
3.067255126953125000e+03
3.072894531250000000e+03
3.078813720703125000e+03
3.084935546875000000e+03
3.091183593750000000e+03
3.097703613281250000e+03
3.104344482421875000e+03
3.111252197265625000e+03
3.118275146484375000e+03
3.125560302734375000e+03
3.132956054687500000e+03
3.140608154296875000e+03
3.148439941406250000e+03
3.156448974609375000e+03
3.164706054687500000e+03
3.173053955078125000e+03
3.181632812500000000e+03
3.190359130859375000e+03
3.199223632812500000e+03
3.208217773437500000e+03
3.217406250000000000e+03
3.226705810546875000e+03
3.236107910156250000e+03
3.245751708984375000e+03
3.255330810546875000e+03
3.265208007812500000e+03
3.275151367187500000e+03
3.285225830078125000e+03
3.295348388671875000e+03
3.305583984375000000e+03
3.315923828125000000e+03
3.326359130859375000e+03
3.336806152343750000e+03
3.347404541015625000e+03
3.357996582031250000e+03
3.368647949218750000e+03
3.379423583984375000e+03
3.390240234375000000e+03
3.401088867187500000e+03
3.412034912109375000e+03
3.422920654296875000e+03
3.433885498046875000e+03
3.444920898437500000e+03
3.456017333984375000e+03
3.466943359375000000e+03
3.477986816406250000e+03
3.489064208984375000e+03
3.500167236328125000e+03
3.511286621093750000e+03
3.522338378906250000e+03
3.533462890625000000e+03
3.544502441406250000e+03
3.555522216796875000e+03
3.566513183593750000e+03
3.577540283203125000e+03
3.588521484375000000e+03
3.599445800781250000e+03
3.610231689453125000e+03
3.621018066406250000e+03
3.631869873046875000e+03
3.642630126953125000e+03
3.653512451171875000e+03
3.664210693359375000e+03
3.674790283203125000e+03
3.685316162109375000e+03
3.695781982421875000e+03
3.706105712890625000e+03
3.716503906250000000e+03
3.726746093750000000e+03
3.736974365234375000e+03
3.746884277343750000e+03
3.756914550781250000e+03
3.766909912109375000e+03
3.776714599609375000e+03
3.786470458984375000e+03
3.796170166015625000e+03
3.805657714843750000e+03
3.815150390625000000e+03
3.824491210937500000e+03
3.833748535156250000e+03
3.842989013671875000e+03
3.852057128906250000e+03
3.860946044921875000e+03
3.869871826171875000e+03
3.878530029296875000e+03
3.887136474609375000e+03
3.895684570312500000e+03
3.904018554687500000e+03
3.912205566406250000e+03
3.920312988281250000e+03
3.928333740234375000e+03
3.936186767578125000e+03
3.943939453125000000e+03
3.951436035156250000e+03
3.958818359375000000e+03
3.966153076171875000e+03
3.973210693359375000e+03
3.980207763671875000e+03
3.987062011718750000e+03
3.993617919921875000e+03
4.000092285156250000e+03
4.006402832031250000e+03
4.012543457031250000e+03
4.018506103515625000e+03
4.024285156250000000e+03
4.029798339843750000e+03
4.035187255859375000e+03
4.040445556640625000e+03
4.045416992187500000e+03
4.050169677734375000e+03
4.054844238281250000e+03
4.059137207031250000e+03
4.063338134765625000e+03
4.067292480468750000e+03
4.070993408203125000e+03
4.074441162109375000e+03
4.077784179687500000e+03
4.080800537109375000e+03
4.083564697265625000e+03
4.086226074218750000e+03
4.088636962890625000e+03
4.090722412109375000e+03
4.092781738281250000e+03
4.094591308593750000e+03
4.096151855468750000e+03
4.097539062500000000e+03
4.098678710937500000e+03
4.099645019531250000e+03
4.100364746093750000e+03
4.100913085937500000e+03
4.101289550781250000e+03
4.101347167968750000e+03
4.101383300781250000e+03
4.101100585937500000e+03
4.100723632812500000e+03
4.100029296875000000e+03
4.099241210937500000e+03
4.098210937500000000e+03
4.097013671875000000e+03
4.095575683593750000e+03
4.093971923828125000e+03
4.092202148437500000e+03
4.090193359375000000e+03
4.088093994140625000e+03
4.085756347656250000e+03
4.083180908203125000e+03
4.080517089843750000e+03
4.077541992187500000e+03
4.074330566406250000e+03
4.070957519531250000e+03
4.067497802734375000e+03
4.063729248046875000e+03
4.059800537109375000e+03
4.055637695312500000e+03
4.051315917968750000e+03
4.046761474609375000e+03
4.042048828125000000e+03
4.037030029296875000e+03
4.031928466796875000e+03
4.026595947265625000e+03
4.021032958984375000e+03
4.015239990234375000e+03
4.009217773437500000e+03
4.003040527343750000e+03
3.996636230468750000e+03
3.990009765625000000e+03
3.983167724609375000e+03
3.976117187500000000e+03
3.968789794921875000e+03
3.961341552734375000e+03
3.953629394531250000e+03
3.945883300781250000e+03
3.937812500000000000e+03
3.929646972656250000e+03
3.921243652343750000e+03
3.912684570312500000e+03
3.904049560546875000e+03
3.895048583984375000e+03
3.885984863281250000e+03
3.876791259765625000e+03
3.867400146484375000e+03
3.857817138671875000e+03
3.848123535156250000e+03
3.838177978515625000e+03
3.828283203125000000e+03
3.818074707031250000e+03
3.807782226562500000e+03
3.797337158203125000e+03
3.786747070312500000e+03
3.776092041015625000e+03
3.765230224609375000e+03
3.754242675781250000e+03
3.743135986328125000e+03
3.731841796875000000e+03
3.720590332031250000e+03
3.709090332031250000e+03
3.697571289062500000e+03
3.685891113281250000e+03
3.674131347656250000e+03
3.662148925781250000e+03
3.650174072265625000e+03
3.637989746093750000e+03
3.625751464843750000e+03
3.613391601562500000e+03
3.600990722656250000e+03
3.588480957031250000e+03
3.575868896484375000e+03
3.563235351562500000e+03
3.550438232421875000e+03
3.537484619140625000e+03
3.524454101562500000e+03
3.511428710937500000e+03
3.498339843750000000e+03
3.485120361328125000e+03
3.471850585937500000e+03
3.458536865234375000e+03
3.445111816406250000e+03
3.431581787109375000e+03
3.418101318359375000e+03
3.404380126953125000e+03
3.390795898437500000e+03
3.376983886718750000e+03
3.363247314453125000e+03
3.349369873046875000e+03
3.335432617187500000e+03
3.321589843750000000e+03
3.307551757812500000e+03
3.293546875000000000e+03
3.279433105468750000e+03
3.265365722656250000e+03
3.251202636718750000e+03
3.237024658203125000e+03
3.222837890625000000e+03
3.208574462890625000e+03
3.194315185546875000e+03
3.179992431640625000e+03
3.165686523437500000e+03
3.151330078125000000e+03
3.137077636718750000e+03
3.122638671875000000e+03
3.108242431640625000e+03
3.094044189453125000e+03
3.079604248046875000e+03
3.065226318359375000e+03
3.050916992187500000e+03
3.036533935546875000e+03
3.022232177734375000e+03
3.007944091796875000e+03
2.993601562500000000e+03
2.979359863281250000e+03
2.965076171875000000e+03
2.950832031250000000e+03
2.936633544921875000e+03
2.922561523437500000e+03
2.908473632812500000e+03
2.894450683593750000e+03
2.880424804687500000e+03
2.866402587890625000e+03
2.852464111328125000e+03
2.838765380859375000e+03
2.824940673828125000e+03
2.811219482421875000e+03
2.797608398437500000e+03
2.784113525390625000e+03
2.770666259765625000e+03
2.757195068359375000e+03
2.743998291015625000e+03
2.730781005859375000e+03
2.717767089843750000e+03
2.704735595703125000e+03
2.691762695312500000e+03
2.678849853515625000e+03
2.666146972656250000e+03
2.653433105468750000e+03
2.640784423828125000e+03
2.628276611328125000e+03
2.615836914062500000e+03
2.603615722656250000e+03
2.591391845703125000e+03
2.579166503906250000e+03
2.567090576171875000e+03
2.555239257812500000e+03
2.543392089843750000e+03
2.531698730468750000e+03
2.520012451171875000e+03
2.508483154296875000e+03
2.497038574218750000e+03
2.485605712890625000e+03
2.474409423828125000e+03
2.463228515625000000e+03
2.452138427734375000e+03
2.441289550781250000e+03
2.430460693359375000e+03
2.419802246093750000e+03
2.409241455078125000e+03
2.398779785156250000e+03
2.388493408203125000e+03
2.378234863281250000e+03
2.368229492187500000e+03
2.358180908203125000e+03
2.348388671875000000e+03
2.338705322265625000e+03
2.329058593750000000e+03
2.319672363281250000e+03
2.310400390625000000e+03
2.301244140625000000e+03
2.292279541015625000e+03
2.283359619140625000e+03
2.274708496093750000e+03
2.266254150390625000e+03
2.257998291015625000e+03
2.249867675781250000e+03
2.241790039062500000e+03
2.234064453125000000e+03
2.226394287109375000e+03
2.218924560546875000e+03
2.211651611328125000e+03
2.204496826171875000e+03
2.197456054687500000e+03
2.190748046875000000e+03
2.184071289062500000e+03
2.177570556640625000e+03
2.171241455078125000e+03
2.165154541015625000e+03
2.159156494140625000e+03
2.153317871093750000e+03
2.147634521484375000e+03
2.142102539062500000e+03
2.136568359375000000e+03
2.131549072265625000e+03
2.126445556640625000e+03
2.121550781250000000e+03
2.116786865234375000e+03
2.112149414062500000e+03
2.107708251953125000e+03
2.103385498046875000e+03
2.099177001953125000e+03
2.095152832031250000e+03
2.091234619140625000e+03
2.087418212890625000e+03
2.083922607421875000e+03
2.080371826171875000e+03
2.077059570312500000e+03
2.073906982421875000e+03
2.070835693359375000e+03
2.067916259765625000e+03
2.065218505859375000e+03
2.062515625000000000e+03
2.059952148437500000e+03
2.057598388671875000e+03
2.055301269531250000e+03
2.053280029296875000e+03
2.051158691406250000e+03
2.049304931640625000e+03
2.047640625000000000e+03
2.046086914062500000e+03
2.044565551757812500e+03
2.043295166015625000e+03
2.042049194335937500e+03
2.040971923828125000e+03
2.039984985351562500e+03
2.039232788085937500e+03
2.038562744140625000e+03
2.037970703125000000e+03
2.037601196289062500e+03
2.037300781250000000e+03
2.036990600585937500e+03
2.037037231445312500e+03
2.037064697265625000e+03
2.037216674804687500e+03
2.037562744140625000e+03
2.038098388671875000e+03
2.038670166015625000e+03
2.039273193359375000e+03
2.040051391601562500e+03
2.040925781250000000e+03
2.041668701171875000e+03
2.042869873046875000e+03
2.044004272460937500e+03
2.045364746093750000e+03
2.046723144531250000e+03
2.048298095703125000e+03
2.049936035156250000e+03
2.051632324218750000e+03
2.053530517578125000e+03
2.055403320312500000e+03
2.057394775390625000e+03
2.059499511718750000e+03
2.061787841796875000e+03
2.064031494140625000e+03
2.066448730468750000e+03
2.068960937500000000e+03
2.071488769531250000e+03
2.074176025390625000e+03
2.076869628906250000e+03
2.079713378906250000e+03
2.082628173828125000e+03
2.085609130859375000e+03
2.088652099609375000e+03
2.091825927734375000e+03
2.094977783203125000e+03
2.098251464843750000e+03
2.101642333984375000e+03
2.104996826171875000e+03
2.108458984375000000e+03
2.111949951171875000e+03
2.115613281250000000e+03
2.119295898437500000e+03
2.122993164062500000e+03
2.126774414062500000e+03
2.130561035156250000e+03
2.134273681640625000e+03
2.138205078125000000e+03
2.142127685546875000e+03
2.146111083984375000e+03
2.150152832031250000e+03
2.154175537109375000e+03
2.158251464843750000e+03
2.162303466796875000e+03
2.166402832031250000e+03
2.170622314453125000e+03
2.174735351562500000e+03
2.179037353515625000e+03
2.183302246093750000e+03
2.187527832031250000e+03
2.191860107421875000e+03
2.196222167968750000e+03
2.200611572265625000e+03
2.204950927734375000e+03
2.209386718750000000e+03
2.213768066406250000e+03
2.218166259765625000e+03
2.222652832031250000e+03
2.227151367187500000e+03
2.231585205078125000e+03
2.236025390625000000e+03
2.240469970703125000e+03
2.244990234375000000e+03
2.249509765625000000e+03
2.254025878906250000e+03
2.258535644531250000e+03
2.262962646484375000e+03
2.267527099609375000e+03
2.272003662109375000e+03
2.276463867187500000e+03
2.280905273437500000e+03
2.285399658203125000e+03
2.289795654296875000e+03
2.294239746093750000e+03
2.298580566406250000e+03
2.302889648437500000e+03
2.307238769531250000e+03
2.311551513671875000e+03
2.315824707031250000e+03
2.320056396484375000e+03
2.324243408203125000e+03
2.328309570312500000e+03
2.332400146484375000e+03
2.336513427734375000e+03
2.340497558593750000e+03
2.344424560546875000e+03
2.348291992187500000e+03
2.352097167968750000e+03
2.355837402343750000e+03
2.359510742187500000e+03
2.363043701171875000e+03
2.366586181640625000e+03
2.370064697265625000e+03
2.373555664062500000e+03
2.376910888671875000e+03
2.380132324218750000e+03
2.383072021484375000e+03
2.386177490234375000e+03
2.389227050781250000e+03
2.392147460937500000e+03
2.395014404296875000e+03
2.397829345703125000e+03
2.400593017578125000e+03
2.403158447265625000e+03
2.405749755859375000e+03
2.408293945312500000e+03
2.410718017578125000e+03
2.413022705078125000e+03
2.415358642578125000e+03
2.417577880859375000e+03
2.419681884765625000e+03
2.421746093750000000e+03
2.423697753906250000e+03
2.425537841796875000e+03
2.427564941406250000e+03
2.429260009765625000e+03
2.430847412109375000e+03
2.432402343750000000e+03
2.433852050781250000e+03
2.435049072265625000e+03
2.436366210937500000e+03
2.437507568359375000e+03
2.438697021484375000e+03
2.439713134765625000e+03
2.440631103515625000e+03
2.441452880859375000e+03
2.442253173828125000e+03
2.442959716796875000e+03
2.443424316406250000e+03
2.443945800781250000e+03
2.444302490234375000e+03
2.444570312500000000e+03
2.444823974609375000e+03
2.444842285156250000e+03
2.444849609375000000e+03
2.444772216796875000e+03
2.444463378906250000e+03
2.444146728515625000e+03
2.443675292968750000e+03
2.443124511718750000e+03
2.442497070312500000e+03
2.441647460937500000e+03
2.440726562500000000e+03
2.439662841796875000e+03
2.438533935546875000e+03
2.437342285156250000e+03
2.436164794921875000e+03
2.434781738281250000e+03
2.433270019531250000e+03
2.431632080078125000e+03
2.429945556640625000e+03
2.427990234375000000e+03
2.426065673828125000e+03
2.424026611328125000e+03
2.421801025390625000e+03
2.419614990234375000e+03
2.417248046875000000e+03
2.414777343750000000e+03
2.412280273437500000e+03
2.409536376953125000e+03
2.406771240234375000e+03
2.403988037109375000e+03
2.400966308593750000e+03
2.397931640625000000e+03
2.394738281250000000e+03
2.391537841796875000e+03
2.388109863281250000e+03
2.384606201171875000e+03
2.381103027343750000e+03
2.377381103515625000e+03
2.373591308593750000e+03
2.369736083984375000e+03
2.365819091796875000e+03
2.361768066406250000e+03
2.357660156250000000e+03
2.353424072265625000e+03
2.349062255859375000e+03
2.344651855468750000e+03
2.340121582031250000e+03
2.335548095703125000e+03
2.330934082031250000e+03
2.326134277343750000e+03
2.321150390625000000e+03
2.316283447265625000e+03
2.311238525390625000e+03
2.306092529296875000e+03
2.300922363281250000e+03
2.295657226562500000e+03
2.290298828125000000e+03
2.284850585937500000e+03
2.279462646484375000e+03
2.273839111328125000e+03
2.268205078125000000e+03
2.262414062500000000e+03
2.256615234375000000e+03
2.250737060546875000e+03
2.244780761718750000e+03
2.238674072265625000e+03
2.232566894531250000e+03
2.226312500000000000e+03
2.220135742187500000e+03
2.213740722656250000e+03
2.207278320312500000e+03
2.200823730468750000e+03
2.194304931640625000e+03
2.187649414062500000e+03
2.180932861328125000e+03
2.174231445312500000e+03
2.167398193359375000e+03
2.160509521484375000e+03
2.153566162109375000e+03
2.146496582031250000e+03
2.139450683593750000e+03
2.132281250000000000e+03
2.125064697265625000e+03
2.117802734375000000e+03
2.110496826171875000e+03
2.103148681640625000e+03
2.095611572265625000e+03
2.088184326171875000e+03
2.080645751953125000e+03
2.072997802734375000e+03
2.065390136718750000e+03
2.057676513671875000e+03
2.049932373046875000e+03
2.042160034179687500e+03
2.034360717773437500e+03
2.026536254882812500e+03
2.018614013671875000e+03
2.010670043945312500e+03
2.002705932617187500e+03
1.994723510742187500e+03
1.986575805664062500e+03
1.978561889648437500e+03
1.970460327148437500e+03
1.962347167968750000e+03
1.954149536132812500e+03
1.946018188476562500e+03
1.937805908203125000e+03
1.929662963867187500e+03
1.921366455078125000e+03
1.913213378906250000e+03
1.904981201171875000e+03
1.896743530273437500e+03
1.888426513671875000e+03
1.880104370117187500e+03
1.871850952148437500e+03
1.863592285156250000e+03
1.855179443359375000e+03
1.846909423828125000e+03
1.838559570312500000e+03
1.830203857421875000e+03
1.821916748046875000e+03
1.813549438476562500e+03
1.805101684570312500e+03
1.796796386718750000e+03
1.788410644531250000e+03
1.780093261718750000e+03
1.771769287109375000e+03
1.763364624023437500e+03
1.755027832031250000e+03
1.746684570312500000e+03
1.738334350585937500e+03
1.729977661132812500e+03
1.721539794921875000e+03
1.713243530273437500e+03
1.704866088867187500e+03
1.696630004882812500e+03
1.688312622070312500e+03
1.680062255859375000e+03
1.671730224609375000e+03
1.663465209960937500e+03
1.655192626953125000e+03
1.646986816406250000e+03
1.638773193359375000e+03
1.630626220703125000e+03
1.622471557617187500e+03
1.614308959960937500e+03
1.606212646484375000e+03
1.598108276367187500e+03
1.590070068359375000e+03
1.582023803710937500e+03
1.574043457031250000e+03
1.566129028320312500e+03
1.558131958007812500e+03
1.550275024414062500e+03
1.542409301757812500e+03
1.534609375000000000e+03
1.526800781250000000e+03
1.519131713867187500e+03
1.511378540039062500e+03
1.503763305664062500e+03
1.496136352539062500e+03
1.488570922851562500e+03
1.481066040039062500e+03
1.473695190429687500e+03
1.466308593750000000e+03
1.458905273437500000e+03
1.451632934570312500e+03
1.444342041015625000e+03
1.437180175781250000e+03
1.429997680664062500e+03
1.422942260742187500e+03
1.415938598632812500e+03
1.408985717773437500e+03
1.401934082031250000e+03
1.395079833984375000e+03
1.388199218750000000e+03
1.381439819335937500e+03
1.374726318359375000e+03
1.368057739257812500e+03
1.361433105468750000e+03
1.354851562500000000e+03
1.348386352539062500e+03
1.341962158203125000e+03
1.335652343750000000e+03
1.329307373046875000e+03
1.323074829101562500e+03
1.316730957031250000e+03
1.310571777343750000e+03
1.304447998046875000e+03
1.298507080078125000e+03
1.292525024414062500e+03
1.286872802734375000e+03
1.281103149414062500e+03
1.275364013671875000e+03
1.269728637695312500e+03
1.264121826171875000e+03
1.258542358398437500e+03
1.253138305664062500e+03
1.247685424804687500e+03
1.242331665039062500e+03
1.237075805664062500e+03
1.231917114257812500e+03
1.226780273437500000e+03
1.221664062500000000e+03
1.216642211914062500e+03
1.211713623046875000e+03
1.206877319335937500e+03
1.202058105468750000e+03
1.197404052734375000e+03
1.192691528320312500e+03
1.188068603515625000e+03
1.183534545898437500e+03
1.179163330078125000e+03
1.174805541992187500e+03
1.170460815429687500e+03
1.166202636718750000e+03
1.162030517578125000e+03
1.157943847656250000e+03
1.153942138671875000e+03
1.150024780273437500e+03
1.146116943359375000e+03
1.142366333007812500e+03
1.138624145507812500e+03
1.134964111328125000e+03
1.131392822265625000e+03
1.127909790039062500e+03
1.124477416992187500e+03
1.121132324218750000e+03
1.117843994140625000e+03
1.114611816406250000e+03
1.111465332031250000e+03
1.108388793945312500e+03
1.105374389648437500e+03
1.102436279296875000e+03
1.099566650390625000e+03
1.096772094726562500e+03
1.094052246093750000e+03
1.091399169921875000e+03
1.088819580078125000e+03
1.086305541992187500e+03
1.083864013671875000e+03
1.081479492187500000e+03
1.079166259765625000e+03
1.076923950195312500e+03
1.074751708984375000e+03
1.072641845703125000e+03
1.070593750000000000e+03
1.068614135742187500e+03
1.066695068359375000e+03
1.064836303710937500e+03
1.063051757812500000e+03
1.061318725585937500e+03
1.059644165039062500e+03
1.058034912109375000e+03
1.056483032226562500e+03
1.054980468750000000e+03
1.053549072265625000e+03
1.052173461914062500e+03
1.050846435546875000e+03
1.049575439453125000e+03
1.048360839843750000e+03
1.047202880859375000e+03
1.046086669921875000e+03
1.045042480468750000e+03
1.044047851562500000e+03
1.043095947265625000e+03
1.042208984375000000e+03
1.041365112304687500e+03
1.040601562500000000e+03
1.039866699218750000e+03
1.039190185546875000e+03
1.038557617187500000e+03
1.037983886718750000e+03
1.037462036132812500e+03
1.036977294921875000e+03
1.036544677734375000e+03
1.036156982421875000e+03
1.035814575195312500e+03
1.035525024414062500e+03
1.035281127929687500e+03
1.035083251953125000e+03
1.034923950195312500e+03
1.034818359375000000e+03
1.034737182617187500e+03
1.034717773437500000e+03
1.034730468750000000e+03
1.034782958984375000e+03
1.034882934570312500e+03
1.035008544921875000e+03
1.035182006835937500e+03
1.035389038085937500e+03
1.035629516601562500e+03
1.035911376953125000e+03
1.036227172851562500e+03
1.036570068359375000e+03
1.036954833984375000e+03
1.037366943359375000e+03
1.037806762695312500e+03
1.038274536132812500e+03
1.038777709960937500e+03
1.039309326171875000e+03
1.039854614257812500e+03
1.040436279296875000e+03
1.041046997070312500e+03
1.041672119140625000e+03
1.042334350585937500e+03
1.043004028320312500e+03
1.043703857421875000e+03
1.044411865234375000e+03
1.045150878906250000e+03
1.045899047851562500e+03
1.046679199218750000e+03
1.047476684570312500e+03
1.048284790039062500e+03
1.049096313476562500e+03
1.049926757812500000e+03
1.050754272460937500e+03
1.051616210937500000e+03
1.052468872070312500e+03
1.053342163085937500e+03
1.054199340820312500e+03
1.055152343750000000e+03
1.056038330078125000e+03
1.056932006835937500e+03
1.057907958984375000e+03
1.058818115234375000e+03
1.059737304687500000e+03
1.060665893554687500e+03
1.061604370117187500e+03
1.062553222656250000e+03
1.063512817382812500e+03
1.064483520507812500e+03
1.065466186523437500e+03
1.066460693359375000e+03
1.067467895507812500e+03
1.068413940429687500e+03
1.069373291015625000e+03
1.070346801757812500e+03
1.071185913085937500e+03
1.072188354492187500e+03
1.073057617187500000e+03
1.073942626953125000e+03
1.074843750000000000e+03
1.075687255859375000e+03
1.076696289062500000e+03
1.077574340820312500e+03
1.078395996093750000e+03
1.079310424804687500e+03
1.080169311523437500e+03
1.081047485351562500e+03
1.081871215820312500e+03
1.082715087890625000e+03
1.083579589843750000e+03
1.084390869140625000e+03
1.085149414062500000e+03
1.085929931640625000e+03
1.086732788085937500e+03
1.087484375000000000e+03
1.088258666992187500e+03
1.088981323242187500e+03
1.089652587890625000e+03
1.090420898437500000e+03
1.091063110351562500e+03
1.091653808593750000e+03
1.092415771484375000e+03
1.092977294921875000e+03
1.093635742187500000e+03
1.094242309570312500e+03
1.094796997070312500e+03
1.095225585937500000e+03
1.095750732421875000e+03
1.096223999023437500e+03
1.096719482421875000e+03
1.097088623046875000e+03
1.097479980468750000e+03
1.097819213867187500e+03
1.098180541992187500e+03
1.098489624023437500e+03
1.098820800781250000e+03
1.099025390625000000e+03
1.099326171875000000e+03
1.099500244140625000e+03
1.099621826171875000e+03
1.099839477539062500e+03
1.099930297851562500e+03
1.099968627929687500e+03
1.100028564453125000e+03
1.100035766601562500e+03
1.099990112304687500e+03
1.100040405273437500e+03
1.099963500976562500e+03
1.099833618164062500e+03
1.099724975585937500e+03
1.099489013671875000e+03
1.099274414062500000e+03
1.099006469726562500e+03
1.098759765625000000e+03
1.098459594726562500e+03
1.098106201171875000e+03
1.097699340820312500e+03
1.097313354492187500e+03
1.096799560546875000e+03
1.096380615234375000e+03
1.095759399414062500e+03
1.095233032226562500e+03
1.094652709960937500e+03
1.094018554687500000e+03
1.093404663085937500e+03
1.092661987304687500e+03
1.091938476562500000e+03
1.091233886718750000e+03
1.090473144531250000e+03
1.089655883789062500e+03
1.088707153320312500e+03
1.087849365234375000e+03
1.086933593750000000e+03
1.085959228515625000e+03
1.084999877929687500e+03
1.083980834960937500e+03
1.082827270507812500e+03
1.081761596679687500e+03
1.080560424804687500e+03
1.079445922851562500e+03
1.078194824218750000e+03
1.076955200195312500e+03
1.075726440429687500e+03
1.074285278320312500e+03
1.073002441406250000e+03
1.071654785156250000e+03
1.070241577148437500e+03
1.068687988281250000e+03
1.067216308593750000e+03
1.065677612304687500e+03
1.064145507812500000e+03
1.062545288085937500e+03
1.060950683593750000e+03
1.059286621093750000e+03
1.057560302734375000e+03
1.055845336914062500e+03
1.054074462890625000e+03
1.052298828125000000e+03
1.050466186523437500e+03
1.048598144531250000e+03
1.046694335937500000e+03
1.044776245117187500e+03
1.042798950195312500e+03
1.040798828125000000e+03
1.038768188476562500e+03
1.036713745117187500e+03
1.034620239257812500e+03
1.032494262695312500e+03
1.030343139648437500e+03
1.028158447265625000e+03
1.025939819335937500e+03
1.023701660156250000e+03
1.021428466796875000e+03
1.019127197265625000e+03
1.016797241210937500e+03
1.014437988281250000e+03
1.012056579589843750e+03
1.009645019531250000e+03
1.007202758789062500e+03
1.004736877441406250e+03
1.002246704101562500e+03
9.997318115234375000e+02
9.971843872070312500e+02
9.946260986328125000e+02
9.920267944335937500e+02
9.894082031250000000e+02
9.867624511718750000e+02
9.841038208007812500e+02
9.814393310546875000e+02
9.787313232421875000e+02
9.760090332031250000e+02
9.732645263671875000e+02
9.704971923828125000e+02
9.677216796875000000e+02
9.649147338867187500e+02
9.620836791992187500e+02
9.592428588867187500e+02
9.563766479492187500e+02
9.534921875000000000e+02
9.505962524414062500e+02
9.476810302734375000e+02
9.447460327148437500e+02
9.417981567382812500e+02
9.388368530273437500e+02
9.358541259765625000e+02
9.328645629882812500e+02
9.298525390625000000e+02
9.268325195312500000e+02
9.237965698242187500e+02
9.207442016601562500e+02
9.176896972656250000e+02
9.146251831054687500e+02
9.115128784179687500e+02
9.084119262695312500e+02
9.052993774414062500e+02
9.021748046875000000e+02
8.990301513671875000e+02
8.958798217773437500e+02
8.927233276367187500e+02
8.895452270507812500e+02
8.863600463867187500e+02
8.831744384765625000e+02
8.799732666015625000e+02
8.767706298828125000e+02
8.735441284179687500e+02
8.703232421875000000e+02
8.670858764648437500e+02
8.638469238281250000e+02
8.605916137695312500e+02
8.573422851562500000e+02
8.540842895507812500e+02
8.508250122070312500e+02
8.475720214843750000e+02
8.443106079101562500e+02
8.410258178710937500e+02
8.377401733398437500e+02
8.344612426757812500e+02
8.311889648437500000e+02
8.279234008789062500e+02
8.246499633789062500e+02
8.213685913085937500e+02
8.180942382812500000e+02
8.148345336914062500e+02
8.115745239257812500e+02
8.083218994140625000e+02
8.050617065429687500e+02
8.018090209960937500e+02
7.985787963867187500e+02
7.953413696289062500e+02
7.921116333007812500e+02
7.888896484375000000e+02
7.856756591796875000e+02
7.824770507812500000e+02
7.792716674804687500e+02
7.760744628906250000e+02
7.729002685546875000e+02
7.697196655273437500e+02
7.665623168945312500e+02
7.633985595703125000e+02
7.602583618164062500e+02
7.571267089843750000e+02
7.540113525390625000e+02
7.508974609375000000e+02
7.477924194335937500e+02
7.447113647460937500e+02
7.416319580078125000e+02
7.385692138671875000e+02
7.355084228515625000e+02
7.324718627929687500e+02
7.294521484375000000e+02
7.264347534179687500e+02
7.234343261718750000e+02
7.204437866210937500e+02
7.174704589843750000e+02
7.145072021484375000e+02
7.115470581054687500e+02
7.086203002929687500e+02
7.056976928710937500e+02
7.027947998046875000e+02
6.999046020507812500e+02
6.970277709960937500e+02
6.941648559570312500e+02
6.913311767578125000e+02
6.885125122070312500e+02
6.857020263671875000e+02
6.829224853515625000e+02
6.801448974609375000e+02
6.773993530273437500e+02
6.746716918945312500e+02
6.719549560546875000e+02
6.692646484375000000e+02
6.665938720703125000e+02
6.639282836914062500e+02
6.613057250976562500e+02
6.586969604492187500e+02
6.561099853515625000e+02
6.535380249023437500e+02
6.509964599609375000e+02
6.484783325195312500e+02
6.459769287109375000e+02
6.434927368164062500e+02
6.410338745117187500e+02
6.386007690429687500e+02
6.361940917968750000e+02
6.337921142578125000e+02
6.314325561523437500e+02
6.290936889648437500e+02
6.267909545898437500e+02
6.244951782226562500e+02
6.222293090820312500e+02
6.199864501953125000e+02
6.177597656250000000e+02
6.155722045898437500e+02
6.134018554687500000e+02
6.112495117187500000e+02
6.091304931640625000e+02
6.070305786132812500e+02
6.049503173828125000e+02
6.028978271484375000e+02
6.008660888671875000e+02
5.988706665039062500e+02
5.968972778320312500e+02
5.949464721679687500e+02
5.930189208984375000e+02
5.911151123046875000e+02
5.892431030273437500e+02
5.873884277343750000e+02
5.855591430664062500e+02
5.837632446289062500e+02
5.819863891601562500e+02
5.802216186523437500e+02
5.784992675781250000e+02
5.767974243164062500e+02
5.751093750000000000e+02
5.734578857421875000e+02
5.718211669921875000e+02
5.702147216796875000e+02
5.686240844726562500e+02
5.670646972656250000e+02
5.655297241210937500e+02
5.640122070312500000e+02
5.625275878906250000e+02
5.610615844726562500e+02
5.596146850585937500e+02
5.582022705078125000e+02
5.568100585937500000e+02
5.554310913085937500e+02
5.540883789062500000e+02
5.527525634765625000e+02
5.514539794921875000e+02
5.501782836914062500e+02
5.489111938476562500e+02
5.476755371093750000e+02
5.464644775390625000e+02
5.452784423828125000e+02
5.441032714843750000e+02
5.429616699218750000e+02
5.418393554687500000e+02
5.407443847656250000e+02
5.396697998046875000e+02
5.386087646484375000e+02
5.375840454101562500e+02
5.365665893554687500e+02
5.355717163085937500e+02
5.346074218750000000e+02
5.336668701171875000e+02
5.327431030273437500e+02
5.318368530273437500e+02
5.309633178710937500e+02
5.301083374023437500e+02
5.292649536132812500e+02
5.284560546875000000e+02
5.276673583984375000e+02
5.268993530273437500e+02
5.261452026367187500e+02
5.254271850585937500e+02
5.247230834960937500e+02
5.240404052734375000e+02
5.233790893554687500e+02
5.227317504882812500e+02
5.221133422851562500e+02
5.215090332031250000e+02
5.209262084960937500e+02
5.203575439453125000e+02
5.198030395507812500e+02
5.192775878906250000e+02
5.187589111328125000e+02
5.182545166015625000e+02
5.177644653320312500e+02
5.173035888671875000e+02
5.168496093750000000e+02
5.164026489257812500e+02
5.159775390625000000e+02
5.155743408203125000e+02
5.151782226562500000e+02
5.148041381835937500e+02
5.144371948242187500e+02
5.140773925781250000e+02
5.137323608398437500e+02
5.134019775390625000e+02
5.130863647460937500e+02
5.127780761718750000e+02
5.124920654296875000e+02
5.121986083984375000e+02
5.119274597167968750e+02
5.116638793945312500e+02
5.114152832031250000e+02
5.111742858886718750e+02
5.109408874511718750e+02
5.107226257324218750e+02
5.105120849609375000e+02
5.103092956542968750e+02
5.101291809082031250e+02
5.099420776367187500e+02
5.097850952148437500e+02
5.096212463378906250e+02
5.094727172851562500e+02
5.093322753906250000e+02
5.091998596191406250e+02
5.090754699707031250e+02
5.089667358398437500e+02
5.088587036132812500e+02
5.087589416503906250e+02
5.086674194335937500e+02
5.085840759277343750e+02
5.085160827636718750e+02
5.084553833007812500e+02
5.084016113281250000e+02
5.083543090820312500e+02
5.083203735351562500e+02
5.082846069335937500e+02
5.082463989257812500e+02
5.082276306152343750e+02
5.082055664062500000e+02
5.081871032714843750e+02
5.081718750000000000e+02
5.081667785644531250e+02
5.081713562011718750e+02
5.081629028320312500e+02
5.081632080078125000e+02
5.081643676757812500e+02
5.081658935546875000e+02
5.081747741699218750e+02
5.081756896972656250e+02
5.081830749511718750e+02
5.081964416503906250e+02
5.081929321289062500e+02
5.082019348144531250e+02
5.082080688476562500e+02
5.082182922363281250e+02
5.082098999023437500e+02
5.082120666503906250e+02
5.082094726562500000e+02
5.082091674804687500e+02
5.082106018066406250e+02
5.081911315917968750e+02
5.081798095703125000e+02
5.081763610839843750e+02
5.081579589843750000e+02
5.081389770507812500e+02
5.081190185546875000e+02
5.080975341796875000e+02
5.080666503906250000e+02
5.080259094238281250e+02
5.079897155761718750e+02
5.079501037597656250e+02
5.078918457031250000e+02
5.078441467285156250e+02
5.077917175292968750e+02
5.077042541503906250e+02
5.076482543945312500e+02
5.075712280273437500e+02
5.074875183105468750e+02
5.074042053222656250e+02
5.073206787109375000e+02
5.072364807128906250e+02
5.071361694335937500e+02
5.070193786621093750e+02
5.069003295898437500e+02
5.067859497070312500e+02
5.066535034179687500e+02
5.065172729492187500e+02
5.063767395019531250e+02
5.062314453125000000e+02
5.060659179687500000e+02
5.059019470214843750e+02
5.057316894531250000e+02
5.055470275878906250e+02
5.053624267578125000e+02
5.051698913574218750e+02
5.049614868164062500e+02
5.047440795898437500e+02
5.045023193359375000e+02
5.042727966308593750e+02
5.040401916503906250e+02
5.037890319824218750e+02
5.035559997558593750e+02
5.032885437011718750e+02
5.030158691406250000e+02
5.027300109863281250e+02
5.024452819824218750e+02
5.021388244628906250e+02
5.018250732421875000e+02
5.015034179687500000e+02
5.011733093261718750e+02
5.008269042968750000e+02
5.004783935546875000e+02
5.001198730468750000e+02
4.997434082031250000e+02
4.993558349609375000e+02
4.989640808105468750e+02
4.985601806640625000e+02
4.981361694335937500e+02
4.977138061523437500e+02
4.972776794433593750e+02
4.968272705078125000e+02
4.963619995117187500e+02
4.958888244628906250e+02
4.954219970703125000e+02
4.949164733886718750e+02
4.944088745117187500e+02
4.938836975097656250e+02
4.933479003906250000e+02
4.928009643554687500e+02
4.922201232910156250e+02
4.916571350097656250e+02
4.910598144531250000e+02
4.904577636718750000e+02
4.898433837890625000e+02
4.892239074707031250e+02
4.885843505859375000e+02
4.879319763183593750e+02
4.872740173339843750e+02
4.865954895019531250e+02
4.859185791015625000e+02
4.852281494140625000e+02
4.845092468261718750e+02
4.837987976074218750e+02
4.830670166015625000e+02
4.823359375000000000e+02
4.815757446289062500e+02
4.808159484863281250e+02
4.800489807128906250e+02
4.792672424316406250e+02
4.784705200195312500e+02
4.776736145019531250e+02
4.768614196777343750e+02
4.760412597656250000e+02
4.752128906250000000e+02
4.743687438964843750e+02
4.735160827636718750e+02
4.726473388671875000e+02
4.717771911621093750e+02
4.708980407714843750e+02
4.700097045898437500e+02
4.691046142578125000e+02
4.681973876953125000e+02
4.672804870605468750e+02
4.663536987304687500e+02
4.654094543457031250e+02
4.644550170898437500e+02
4.635050659179687500e+02
4.625296936035156250e+02
4.615509948730468750e+02
4.605688171386718750e+02
4.595681152343750000e+02
4.585561523437500000e+02
4.575401916503906250e+02
4.565051574707031250e+02
4.554657287597656250e+02
4.544217529296875000e+02
4.533582153320312500e+02
4.522897644042968750e+02
4.512013244628906250e+02
4.501076354980468750e+02
4.490090332031250000e+02
4.478908386230468750e+02
4.467830200195312500e+02
4.456339721679687500e+02
4.444884643554687500e+02
4.433394165039062500e+02
4.421796264648437500e+02
4.410019836425781250e+02
4.398216247558593750e+02
4.386388244628906250e+02
4.374464721679687500e+02
4.362521972656250000e+02
4.350414733886718750e+02
4.338294677734375000e+02
4.326015319824218750e+02
4.313803710937500000e+02
4.301437988281250000e+02
4.289071044921875000e+02
4.276630554199218750e+02
4.264045104980468750e+02
4.251541137695312500e+02
4.238897705078125000e+02
4.226117858886718750e+02
4.213501892089843750e+02
4.200680847167968750e+02
4.187731933593750000e+02
4.174955139160156250e+02
4.161981811523437500e+02
4.149037780761718750e+02
4.136126098632812500e+02
4.123100280761718750e+02
4.110037841796875000e+02
4.096941833496093750e+02
4.083814697265625000e+02
4.070659790039062500e+02
4.057405090332031250e+02
4.044202270507812500e+02
4.030979919433593750e+02
4.017666625976562500e+02
4.004413757324218750e+02
3.991001281738281250e+02
3.977654724121093750e+02
3.964302978515625000e+02
3.950800170898437500e+02
3.937371826171875000e+02
3.923798217773437500e+02
3.910379333496093750e+02
3.896820678710937500e+02
3.883273925781250000e+02
3.869741821289062500e+02
3.856154479980468750e+02
3.842590637207031250e+02
3.828980102539062500e+02
3.815327758789062500e+02
3.801637878417968750e+02
3.788286437988281250e+02
3.774385681152343750e+02
3.760758056640625000e+02
3.747036132812500000e+02
3.733372802734375000e+02
3.719698791503906250e+02
3.706017761230468750e+02
3.692334594726562500e+02
3.678727722167968750e+02
3.665052795410156250e+02
3.651463012695312500e+02
3.637739868164062500e+02
3.624185180664062500e+02
3.610505676269531250e+02
3.596929016113281250e+02
3.583310546875000000e+02
3.569729309082031250e+02
3.556264038085937500e+02
3.542695922851562500e+02
3.529177856445312500e+02
3.515714721679687500e+02
3.502236022949218750e+02
3.488820495605468750e+02
3.475473022460937500e+02
3.462048950195312500e+02
3.448701477050781250e+02
3.435434875488281250e+02
3.422178955078125000e+02
3.409013061523437500e+02
3.395792236328125000e+02
3.382595825195312500e+02
3.369501953125000000e+02
3.356440734863281250e+02
3.343491516113281250e+02
3.330435485839843750e+02
3.317425537109375000e+02
3.304540100097656250e+02
3.291709899902343750e+02
3.279013366699218750e+02
3.266232299804687500e+02
3.253519287109375000e+02
3.240953674316406250e+02
3.228390502929687500e+02
3.215834960937500000e+02
3.203439636230468750e+02
3.191058654785156250e+02
3.178768615722656250e+02
3.166571960449218750e+02
3.154322814941406250e+02
3.142246398925781250e+02
3.130122070312500000e+02
3.118175048828125000e+02
3.106259765625000000e+02
3.094304199218750000e+02
3.082533264160156250e+02
3.070801696777343750e+02
3.059036865234375000e+02
3.047464599609375000e+02
3.035938720703125000e+02
3.024535827636718750e+02
3.013035888671875000e+02
3.001664123535156250e+02
2.990348510742187500e+02
2.979166259765625000e+02
2.968045043945312500e+02
2.956913757324218750e+02
2.945848999023437500e+02
2.934927368164062500e+02
2.923928222656250000e+02
2.913152160644531250e+02
2.902452087402343750e+02
2.891682434082031250e+02
2.881142883300781250e+02
2.870538635253906250e+02
2.860020751953125000e+02
2.849666137695312500e+02
2.839328613281250000e+02
2.829159240722656250e+02
2.818937988281250000e+02
2.808815002441406250e+02
2.798868408203125000e+02
2.788801879882812500e+02
2.778990783691406250e+02
2.769288635253906250e+02
2.759548645019531250e+02
2.749996643066406250e+02
2.740412597656250000e+02
2.731095581054687500e+02
2.721751098632812500e+02
2.712604370117187500e+02
2.703435058593750000e+02
2.694394531250000000e+02
2.685484619140625000e+02
2.676633911132812500e+02
2.667769775390625000e+02
2.659189453125000000e+02
2.650593872070312500e+02
2.642131347656250000e+02
2.633725891113281250e+02
2.625451049804687500e+02
2.617305908203125000e+02
2.609214782714843750e+02
2.601250915527343750e+02
2.593339233398437500e+02
2.585553283691406250e+02
2.577816772460937500e+02
2.570204162597656250e+02
2.562565002441406250e+02
2.555047607421875000e+02
2.547724914550781250e+02
2.540372924804687500e+02
2.533065032958984375e+02
2.525949249267578125e+02
2.518801574707031250e+02
2.511769561767578125e+02
2.504852294921875000e+02
2.497974700927734375e+02
2.491210327148437500e+02
2.484483947753906250e+02
2.477794342041015625e+02
2.471289520263671875e+02
2.464820098876953125e+02
2.458236694335937500e+02
2.451984100341796875e+02
2.445690002441406250e+02
2.439502410888671875e+02
2.433420257568359375e+02
2.427294158935546875e+02
2.421420745849609375e+02
2.415501861572265625e+02
2.409685211181640625e+02
2.403895874023437500e+02
2.398281402587890625e+02
2.392618408203125000e+02
2.387203521728515625e+02
2.381737976074218750e+02
2.376295623779296875e+02
2.371024932861328125e+02
2.365849609375000000e+02
2.360695648193359375e+02
2.355635986328125000e+02
2.350669555664062500e+02
2.345796051025390625e+02
2.341014556884765625e+02
2.336249389648437500e+02
2.331572570800781250e+02
2.326980438232421875e+02
2.322545471191406250e+02
2.318040924072265625e+02
2.313687133789062500e+02
2.309406585693359375e+02
2.305122222900390625e+02
2.301054077148437500e+02
2.296975860595703125e+02
2.292959289550781250e+02
2.289001007080078125e+02
2.285098419189453125e+02
2.281322479248046875e+02
2.277521667480468750e+02
2.273915863037109375e+02
2.270279388427734375e+02
2.266683044433593750e+02
2.263198699951171875e+02
2.259674072265625000e+02
2.256255035400390625e+02
2.252864532470703125e+02
2.249573516845703125e+02
2.246379089355468750e+02
2.243129882812500000e+02
2.240045318603515625e+02
2.236899719238281250e+02
2.233913116455078125e+02
2.230859222412109375e+02
2.227884216308593750e+02
2.224984893798828125e+02
2.222158355712890625e+02
2.219327087402343750e+02
2.216562652587890625e+02
2.213787841796875000e+02
2.211074218750000000e+02
2.208418426513671875e+02
2.205743560791015625e+02
2.203195648193359375e+02
2.200622558593750000e+02
2.198170776367187500e+02
2.195614013671875000e+02
2.193098144531250000e+02
2.190620269775390625e+02
2.188252410888671875e+02
2.185842590332031250e+02
2.183462524414062500e+02
2.181258087158203125e+02
2.179003753662109375e+02
2.176696624755859375e+02
2.174482116699218750e+02
2.172284545898437500e+02
2.170101318359375000e+02
2.167930297851562500e+02
2.165843505859375000e+02
2.163764343261718750e+02
2.161691284179687500e+02
2.159695892333984375e+02
2.157627563476562500e+02
2.155632781982421875e+02
2.153634948730468750e+02
2.151706237792968750e+02
2.149770050048828125e+02
2.147824249267578125e+02
2.145941009521484375e+02
2.144118194580078125e+02
2.142204437255859375e+02
2.140346679687500000e+02
2.138616638183593750e+02
2.136863708496093750e+02
2.135010833740234375e+02
2.133278961181640625e+02
2.131591491699218750e+02
2.129871520996093750e+02
2.128116912841796875e+02
2.126399536132812500e+02
2.124865722656250000e+02
2.123215637207031250e+02
2.121521301269531250e+02
2.119854583740234375e+02
2.118213043212890625e+02
2.116594238281250000e+02
2.114921417236328125e+02
2.113266296386718750e+02
2.111626586914062500e+02
2.109999694824218750e+02
2.108457336425781250e+02
2.106774291992187500e+02
2.105170898437500000e+02
2.103644561767578125e+02
2.101969909667968750e+02
2.100367431640625000e+02
2.098685913085937500e+02
2.097071533203125000e+02
2.095373077392578125e+02
2.093736572265625000e+02
2.092085571289062500e+02
2.090343170166015625e+02
2.088580780029296875e+02
2.086870880126953125e+02
2.085136566162109375e+02
2.083303070068359375e+02
2.081593322753906250e+02
2.079709320068359375e+02
2.077948303222656250e+02
2.076086883544921875e+02
2.074199523925781250e+02
2.072360076904296875e+02
2.070419769287109375e+02
2.068526916503906250e+02
2.066607208251953125e+02
2.064660491943359375e+02
2.062686462402343750e+02
2.060685119628906250e+02
2.058656311035156250e+02
2.056600036621093750e+02
2.054590301513671875e+02
2.052478637695312500e+02
2.050487823486328125e+02
2.048394622802734375e+02
2.046199340820312500e+02
2.044124755859375000e+02
2.042021942138671875e+02
2.039816741943359375e+02
2.037583465576171875e+02
2.035396118164062500e+02
2.033180541992187500e+02
2.030936737060546875e+02
2.028738555908203125e+02
2.026437683105468750e+02
2.024182281494140625e+02
2.021823883056640625e+02
2.019511108398437500e+02
2.017243347167968750e+02
2.014946441650390625e+02
2.012620239257812500e+02
2.010189971923828125e+02
2.007730102539062500e+02
2.005314483642578125e+02
2.002719726562500000e+02
2.000168914794921875e+02
1.997735748291015625e+02
1.995420074462890625e+02
1.992849731445312500e+02
1.990247497558593750e+02
1.987612915039062500e+02
1.985019836425781250e+02
1.982319335937500000e+02
1.979585113525390625e+02
1.976891021728515625e+02
1.974088287353515625e+02
1.971252288818359375e+02
1.968458251953125000e+02
1.965633392333984375e+02
1.962704467773437500e+02
1.959821166992187500e+02
1.956836090087890625e+02
1.953824768066406250e+02
1.950862884521484375e+02
1.947802581787109375e+02
1.944719543457031250e+02
1.941615142822265625e+02
1.938490142822265625e+02
1.935271606445312500e+02
1.931960754394531250e+02
1.928707427978515625e+02
1.925512695312500000e+02
1.922229309082031250e+02
1.918858337402343750e+02
1.915475616455078125e+02
1.912156372070312500e+02
1.908753509521484375e+02
1.905268249511718750e+02
1.901850585937500000e+02
1.898278961181640625e+02
1.894851989746093750e+02
1.891347961425781250e+02
1.887694244384765625e+02
1.884115142822265625e+02
1.880463256835937500e+02
1.876814727783203125e+02
1.873096466064453125e+02
1.869310302734375000e+02
1.865606079101562500e+02
1.861836853027343750e+02
1.857855682373046875e+02
1.853886871337890625e+02
1.850155334472656250e+02
1.846216278076171875e+02
1.842294769287109375e+02
1.838466491699218750e+02
1.834732971191406250e+02
1.830724639892578125e+02
1.826739807128906250e+02
1.822780609130859375e+02
1.818625640869140625e+02
1.814648132324218750e+02
1.810626373291015625e+02
1.806487884521484375e+02
1.802457275390625000e+02
1.798164520263671875e+02
1.793982849121093750e+02
1.789913787841796875e+02
1.785662231445312500e+02
1.781452484130859375e+02
1.777211914062500000e+02
1.772719421386718750e+02
1.768496551513671875e+02
1.764396362304687500e+02
1.760123138427734375e+02
1.755752716064453125e+02
1.751435241699218750e+02
1.747023468017578125e+02
1.742667388916015625e+02
1.738294372558593750e+02
1.733831176757812500e+02
1.729427795410156250e+02
1.725011291503906250e+02
1.720508728027343750e+02
1.716070098876953125e+02
1.711696319580078125e+02
1.707165832519531250e+02
1.702554321289062500e+02
1.698085784912109375e+02
1.693538513183593750e+02
1.688988037109375000e+02
1.684435577392578125e+02
1.680030670166015625e+02
1.675477447509765625e+02
1.670851440429687500e+02
1.666153869628906250e+02
1.661534423828125000e+02
1.656920166015625000e+02
1.652089080810546875e+02
1.647414245605468750e+02
1.642748260498046875e+02
1.638018035888671875e+02
1.633299102783203125e+02
1.628518676757812500e+02
1.623752288818359375e+02
1.619150085449218750e+02
1.614341583251953125e+02
1.609551544189453125e+02
1.604781494140625000e+02
1.600032501220703125e+02
1.595306549072265625e+02
1.590605010986328125e+02
1.585780944824218750e+02
1.581133270263671875e+02
1.576217498779296875e+02
1.571332855224609375e+02
1.566554412841796875e+02
1.561734161376953125e+02
1.557021484375000000e+02
1.552194366455078125e+02
1.547402191162109375e+02
1.542571563720703125e+02
1.537777557373046875e+02
1.532946929931640625e+02
1.528154449462890625e+02
1.523401489257812500e+02
1.518614196777343750e+02
1.513793640136718750e+02
1.509015045166015625e+02
1.504279174804687500e+02
1.499438476562500000e+02
1.494716644287109375e+02
1.489965667724609375e+02
1.485186767578125000e+02
1.480380401611328125e+02
1.475696105957031250e+02
1.470986022949218750e+02
1.466176452636718750e+02
1.461491088867187500e+02
1.456707611083984375e+02
1.452049713134765625e+02
1.447294769287109375e+02
1.442666473388671875e+02
1.437942352294921875e+02
1.433345794677734375e+02
1.428728637695312500e+02
1.424091033935546875e+02
1.419433746337890625e+02
1.414831085205078125e+02
1.410209197998046875e+02
1.405642547607421875e+02
1.401057128906250000e+02
1.396453094482421875e+02
1.391904754638671875e+02
1.387412567138671875e+02
1.382827758789062500e+02
1.378299407958984375e+02
1.373901367187500000e+02
1.369337005615234375e+02
1.364903259277343750e+02
1.360451812744140625e+02
1.356056823730468750e+02
1.351570129394531250e+02
1.347288665771484375e+02
1.342915344238281250e+02
1.338524627685546875e+02
1.334264221191406250e+02
1.329910125732421875e+02
1.325610198974609375e+02
1.321289215087890625e+02
1.317095031738281250e+02
1.312803802490234375e+02
1.308563385009765625e+02
1.304298706054687500e+02
1.300157775878906250e+02
1.295991363525390625e+02
1.291724395751953125e+02
1.287579193115234375e+02
1.283406829833984375e+02
1.279281082153320312e+02
1.275201568603515625e+02
1.271093444824218750e+02
1.267030792236328125e+02
1.262939071655273438e+02
1.258892364501953125e+02
1.254815826416015625e+02
1.250858459472656250e+02
1.246796722412109375e+02
1.242779388427734375e+02
1.238880538940429688e+02
1.234877243041992188e+02
1.230918197631835938e+02
1.227077484130859375e+02
1.223132324218750000e+02
1.219305572509765625e+02
1.215374221801757812e+02
1.211635589599609375e+02
1.207718200683593750e+02
1.203993453979492188e+02
1.200238494873046875e+02
1.196527481079101562e+02
1.192860412597656250e+02
1.189162750244140625e+02
1.185508728027343750e+02
1.181972427368164062e+02
1.178330917358398438e+02
1.174806518554687500e+02
1.171250686645507812e+02
1.167737197875976562e+02
1.164265518188476562e+02
1.160835342407226562e+02
1.157446365356445312e+02
1.154023437500000000e+02
1.150714721679687500e+02
1.147370986938476562e+02
1.144065704345703125e+02
1.140723495483398438e+02
1.137566375732421875e+02
1.134370193481445312e+02
1.131208114624023438e+02
1.128078689575195312e+02
1.124980850219726562e+02
1.121839141845703125e+02
1.118874816894531250e+02
1.115863800048828125e+02
1.112804641723632812e+02
1.109918899536132812e+02
1.106982192993164062e+02
1.104067687988281250e+02
1.101247940063476562e+02
1.098373184204101562e+02
1.095516128540039062e+02
1.092675476074218750e+02
1.089849929809570312e+02
1.087038040161132812e+02
1.084313049316406250e+02
1.081599121093750000e+02
1.078895034790039062e+02
1.076199798583984375e+02
1.073512115478515625e+02
1.070905227661132812e+02
1.068229522705078125e+02
1.065632553100585938e+02
1.062964782714843750e+02
1.060448379516601562e+02
1.057785263061523438e+02
1.055271759033203125e+02
1.052684478759765625e+02
1.050149002075195312e+02
1.047672271728515625e+02
1.045201644897460938e+02
1.042721862792968750e+02
1.040292129516601562e+02
1.037845077514648438e+02
1.035432434082031250e+02
1.033039093017578125e+02
1.030642700195312500e+02
1.028287429809570312e+02
1.025951080322265625e+02
1.023626022338867188e+02
1.021319580078125000e+02
1.019039154052734375e+02
1.016769866943359375e+02
1.014541320800781250e+02
1.012316284179687500e+02
0.000000000000000000e+00
0.000000000000000000e+00
0.000000000000000000e+00
0.000000000000000000e+00
0.000000000000000000e+00
0.000000000000000000e+00
0.000000000000000000e+00
0.000000000000000000e+00
0.000000000000000000e+00
0.000000000000000000e+00
0.000000000000000000e+00
0.000000000000000000e+00
0.000000000000000000e+00
0.000000000000000000e+00
0.000000000000000000e+00
0.000000000000000000e+00
0.000000000000000000e+00
0.000000000000000000e+00
0.000000000000000000e+00
0.000000000000000000e+00
0.000000000000000000e+00
0.000000000000000000e+00
0.000000000000000000e+00
0.000000000000000000e+00
0.000000000000000000e+00
0.000000000000000000e+00
0.000000000000000000e+00
0.000000000000000000e+00
0.000000000000000000e+00
0.000000000000000000e+00
0.000000000000000000e+00
0.000000000000000000e+00
0.000000000000000000e+00
0.000000000000000000e+00
0.000000000000000000e+00
0.000000000000000000e+00
0.000000000000000000e+00
0.000000000000000000e+00
0.000000000000000000e+00
0.000000000000000000e+00
0.000000000000000000e+00
0.000000000000000000e+00
0.000000000000000000e+00
0.000000000000000000e+00
0.000000000000000000e+00
0.000000000000000000e+00
0.000000000000000000e+00
0.000000000000000000e+00
0.000000000000000000e+00
0.000000000000000000e+00
0.000000000000000000e+00
0.000000000000000000e+00
0.000000000000000000e+00
0.000000000000000000e+00
0.000000000000000000e+00
0.000000000000000000e+00
0.000000000000000000e+00
0.000000000000000000e+00
0.000000000000000000e+00
0.000000000000000000e+00
0.000000000000000000e+00
0.000000000000000000e+00
0.000000000000000000e+00
0.000000000000000000e+00
0.000000000000000000e+00
0.000000000000000000e+00
0.000000000000000000e+00
0.000000000000000000e+00
0.000000000000000000e+00
0.000000000000000000e+00
0.000000000000000000e+00
0.000000000000000000e+00
0.000000000000000000e+00
0.000000000000000000e+00
0.000000000000000000e+00
0.000000000000000000e+00
0.000000000000000000e+00
0.000000000000000000e+00
0.000000000000000000e+00
0.000000000000000000e+00
0.000000000000000000e+00
0.000000000000000000e+00
0.000000000000000000e+00
0.000000000000000000e+00
0.000000000000000000e+00
0.000000000000000000e+00
0.000000000000000000e+00
0.000000000000000000e+00
0.000000000000000000e+00
0.000000000000000000e+00
0.000000000000000000e+00
0.000000000000000000e+00
0.000000000000000000e+00
0.000000000000000000e+00
0.000000000000000000e+00
0.000000000000000000e+00
0.000000000000000000e+00
0.000000000000000000e+00
0.000000000000000000e+00
0.000000000000000000e+00
