# bb
3.582600243134947959e-07
7.167525382101302966e-07
1.195100367112900130e-06
1.793611204448097851e-06
2.512658738851314411e-06
3.352688054292229936e-06
4.314205853006569669e-06
5.397781478677643463e-06
6.604037480428814888e-06
7.933648703328799456e-06
9.387330464960541576e-06
1.096584037441061810e-05
1.266996787308016792e-05
1.450052786822197959e-05
1.645835254748817533e-05
1.854428955994080752e-05
2.075918928312603384e-05
2.310390482307411730e-05
2.557928200985770673e-05
2.818614848365541548e-05
3.092531915172003210e-05
3.379757617949508131e-05
3.680367444758303463e-05
3.994433427578769624e-05
4.322023232816718519e-05
4.663199797505512834e-05
5.018022056901827455e-05
5.386542761698365211e-05
5.768810660811141133e-05
6.164867954794317484e-05
6.574750295840203762e-05
6.998489698162302375e-05
7.436110900016501546e-05
7.887635001679882407e-05
8.353075099876150489e-05
8.832439925754442811e-05
9.325734572485089302e-05
9.832958312472328544e-05
1.035410678014159203e-04
1.088917124434374273e-04
1.143814006354659796e-04
1.200100014102645218e-04
1.257773255929350853e-04
1.316832058364525437e-04
1.377274602418765426e-04
1.439098850823938847e-04
1.502302766311913729e-04
1.566884893691167235e-04
1.632843341212719679e-04
1.700176799204200506e-04
1.768884249031543732e-04
1.838964672060683370e-04
1.910418068291619420e-04
1.983244292205199599e-04
2.057444216916337609e-04
2.133019006578251719e-04
2.209970407420769334e-04
2.288300747750326991e-04
2.368013228988274932e-04
2.449111780151724815e-04
2.531600766815245152e-04
2.615485573187470436e-04
2.700772020034492016e-04
2.787466219160705805e-04
2.875576610676944256e-04
2.965110179502516985e-04
3.056075947824865580e-04
3.148483228869736195e-04
3.242341917939484119e-04
3.337662201374769211e-04
3.434454847592860460e-04
3.532730916049331427e-04
3.632502630352973938e-04
3.733781340997666121e-04
3.836579271592199802e-04
3.940908354707062244e-04
4.046781396027654409e-04
4.154210328124463558e-04
4.263207956682890654e-04
4.373785632196813822e-04
4.485955578275024891e-04
4.599728563334792852e-04
4.715116810984909534e-04
4.832130216527730227e-04
4.950778675265610218e-04
5.071072955615818501e-04
5.193020915612578392e-04
5.316630704328417778e-04
5.441910470835864544e-04
5.568866617977619171e-04
5.697504966519773006e-04
5.827830755151808262e-04
5.959848640486598015e-04
6.093561532907187939e-04
6.228971760720014572e-04
6.366082234308123589e-04
6.504893535748124123e-04
6.645405665040016174e-04
6.787618040107190609e-04
6.931529496796429157e-04
7.077139453031122684e-04
7.224444416351616383e-04
7.373442058451473713e-04
7.524128304794430733e-04
7.676501409150660038e-04
7.830556132830679417e-04
7.986288401298224926e-04
8.143695886246860027e-04
8.302773348987102509e-04
8.463517297059297562e-04
8.625924238003790379e-04
8.789992425590753555e-04
8.955717785283923149e-04
9.123098570853471756e-04
9.292134200222790241e-04
9.462822927162051201e-04
9.635166497901082039e-04
9.809165494516491890e-04
9.984822245314717293e-04
1.016214140690863132e-03
1.034112647175788879e-03
1.052178326062858105e-03
1.070411992259323597e-03
1.088814693503081799e-03
1.107387128286063671e-03
1.126130577176809311e-03
1.145046437159180641e-03
1.164136221632361412e-03
1.183401327580213547e-03
1.202843617647886276e-03
1.222465070895850658e-03
1.242267549969255924e-03
1.262253266759216785e-03
1.282424782402813435e-03
1.302784308791160583e-03
1.323334290646016598e-03
1.344077405519783497e-03
1.365016680210828781e-03
1.386154675856232643e-03
1.407494419254362583e-03
1.429038937203586102e-03
1.450791140086948872e-03
1.472754287533462048e-03
1.494931522756814957e-03
1.517325872555375099e-03
1.539940596558153629e-03
1.562778837978839874e-03
1.585843740031123161e-03
1.609138329513370991e-03
1.632665866054594517e-03
1.656429376453161240e-03
1.680431654676795006e-03
1.704675843939185143e-03
1.729164738208055496e-03
1.753900898620486259e-03
1.778887351974844933e-03
1.804126542992889881e-03
1.829620799981057644e-03
1.855372451245784760e-03
1.881384057924151421e-03
1.907657599076628685e-03
1.934194937348365784e-03
1.960998401045799255e-03
1.988069387152791023e-03
2.015409525483846664e-03
2.043021144345402718e-03
2.070904942229390144e-03
2.099062548950314522e-03
2.127495594322681427e-03
2.156204776838421822e-03
2.185191726312041283e-03
2.214457141235470772e-03
2.244002418592572212e-03
2.273828256875276566e-03
2.303935820236802101e-03
2.334326039999723434e-03
2.364999847486615181e-03
2.395958174020051956e-03
2.427201950922608376e-03
2.458732342347502708e-03
2.490550046786665916e-03
2.522656461223959923e-03
2.555052516981959343e-03
2.587739843875169754e-03
2.620719373226165771e-03
2.653992502018809319e-03
2.687561092898249626e-03
2.721426775678992271e-03
2.755590947344899178e-03
2.790055703371763229e-03
2.824823139235377312e-03
2.859895117580890656e-03
2.895274432376027107e-03
2.930963411927223206e-03
2.966964384540915489e-03
3.003280377015471458e-03
3.039914416149258614e-03
3.076868830248713493e-03
3.114147577434778214e-03
3.151753684505820274e-03
3.189690411090850830e-03
3.227961249649524689e-03
3.266570391133427620e-03
3.305521095171570778e-03
3.344816854223608971e-03
3.384462324902415276e-03
3.424460999667644501e-03
3.464817069470882416e-03
3.505534492433071136e-03
3.546617692336440086e-03
3.588069695979356766e-03
3.629895858466625214e-03
3.672099439427256584e-03
3.714684862643480301e-03
3.757655387744307518e-03
3.801015438511967659e-03
3.844768973067402840e-03
3.888919018208980560e-03
3.933469299226999283e-03
3.978424239903688431e-03
4.023786168545484543e-03
4.069557879120111465e-03
4.115744028240442276e-03
4.162346012890338898e-03
4.209366627037525177e-03
4.256809130311012268e-03
4.304675385355949402e-03
4.352967254817485809e-03
4.401687532663345337e-03
4.450837615877389908e-03
4.500418435782194138e-03
4.550432320684194565e-03
4.600880201905965805e-03
4.651762545108795166e-03
4.703080747276544571e-03
4.754835274070501328e-03
4.807026591151952744e-03
4.859655629843473434e-03
4.912721924483776093e-03
4.966226406395435333e-03
5.020168144255876541e-03
5.074547138065099716e-03
5.129363387823104858e-03
5.184616893529891968e-03
5.240306723862886429e-03
5.296432878822088242e-03
5.352994892746210098e-03
5.409991834312677383e-03
5.467423237860202789e-03
5.525289103388786316e-03
5.583588499575853348e-03
5.642321426421403885e-03
5.701487418264150620e-03
5.761085543781518936e-03
5.821115802973508835e-03
5.881578661501407623e-03
5.942472722381353378e-03
6.003798916935920715e-03
6.065556779503822327e-03
6.127746775746345520e-03
6.190368905663490295e-03
6.253423634916543961e-03
6.316911429166793823e-03
6.380833219736814499e-03
6.445189006626605988e-03
6.509980186820030212e-03
6.575206760317087173e-03
6.640870124101638794e-03
6.706972140818834305e-03
6.773512810468673706e-03
6.840493530035018921e-03
6.907916627824306488e-03
6.975782103836536407e-03
7.044090889394283295e-03
7.112846244126558304e-03
7.182047236710786819e-03
7.251697126775979996e-03
7.321796379983425140e-03
7.392345927655696869e-03
7.463348098099231720e-03
7.534802891314029694e-03
7.606711704283952713e-03
7.679075002670288086e-03
7.751894649118185043e-03
7.825170643627643585e-03
7.898904383182525635e-03
7.973094470798969269e-03
8.047742769122123718e-03
8.122848346829414368e-03
8.198411203920841217e-03
8.274431340396404266e-03
8.350907824933528900e-03
8.427840657532215118e-03
8.505227044224739075e-03
8.583066985011100769e-03
8.661357685923576355e-03
8.740100078284740448e-03
8.819289505481719971e-03
8.898925036191940308e-03
8.979003876447677612e-03
9.059523232281208038e-03
9.140479378402233124e-03
9.221870452165603638e-03
9.303692728281021118e-03
9.385943412780761719e-03
9.468616917729377747e-03
9.551711380481719971e-03
9.635221213102340698e-03
9.719142690300941467e-03
9.803471155464649200e-03
9.888202883303165436e-03
9.973333217203617096e-03
1.005885656923055649e-02
1.014476828277111053e-02
1.023106463253498077e-02
1.031774003058671951e-02
1.040478982031345367e-02
1.049220841377973557e-02
1.057999208569526672e-02
1.066813524812459946e-02
1.075663231313228607e-02
1.084548048675060272e-02
1.093467324972152710e-02
1.102420687675476074e-02
1.111407577991485596e-02
1.120427716523408890e-02
1.129480451345443726e-02
1.138565503060817719e-02
1.147682406008243561e-02
1.156830694526433945e-02
1.166010089218616486e-02
1.175220031291246414e-02
1.184460334479808807e-02
1.193730533123016357e-02
1.203030254691839218e-02
1.212359126657247543e-02
1.221716962754726410e-02
1.231103297322988510e-02
1.240517757833003998e-02
1.249960158020257950e-02
1.259430125355720520e-02
1.268927473574876785e-02
1.278451643884181976e-02
1.288002543151378632e-02
1.297579798847436905e-02
1.307183038443326950e-02
1.316812168806791306e-02
1.326466538012027740e-02
1.336146239191293716e-02
1.345850434154272079e-02
1.355579309165477753e-02
1.365332212299108505e-02
1.375108771026134491e-02
1.384908705949783325e-02
1.394731644541025162e-02
1.404577214270830154e-02
1.414444763213396072e-02
1.424334011971950531e-02
1.434244494885206223e-02
1.444175839424133301e-02
1.454127393662929535e-02
1.464098691940307617e-02
1.474089082330465317e-02
1.484098099172115326e-02
1.494125276803970337e-02
1.504169683903455734e-02
1.514230947941541672e-02
1.524308230727910995e-02
1.534401159733533859e-02
1.544508617371320724e-02
1.554630137979984283e-02
1.564765162765979767e-02
1.574912667274475098e-02
1.585072092711925507e-02
1.595242321491241455e-02
1.605422981083393097e-02
1.615612953901290894e-02
1.625811308622360229e-02
1.636017858982086182e-02
1.646231114864349365e-02
1.656450703740119934e-02
1.666675508022308350e-02
1.676904596388339996e-02
1.687137596309185028e-02
1.697373203933238983e-02
1.707610674202442169e-02
1.717849448323249817e-02
1.728088408708572388e-02
1.738326996564865112e-02
1.748564094305038452e-02
1.758799143135547638e-02
1.769031211733818054e-02
1.779259927570819855e-02
1.789483986794948578e-02
1.799702830612659454e-02
1.809916086494922638e-02
1.820122450590133667e-02
1.830321550369262695e-02
1.840513013303279877e-02
1.850695535540580750e-02
1.860869117081165314e-02
1.871032640337944031e-02
1.881185732781887054e-02
1.891327835619449615e-02
1.901458017528057098e-02
1.911576278507709503e-02
1.921681873500347137e-02
1.931773871183395386e-02
1.941852271556854248e-02
1.951916329562664032e-02
1.961965486407279968e-02
1.971999369561672211e-02
1.982017233967781067e-02
1.992019079625606537e-02
2.002003975212574005e-02
2.011971548199653625e-02
2.021921426057815552e-02
2.031853049993515015e-02
2.041766047477722168e-02
2.051659859716892242e-02
2.061533555388450623e-02
2.071387507021427155e-02
2.081220410764217377e-02
2.091032080352306366e-02
2.100822143256664276e-02
2.110589668154716492e-02
2.120334468781948090e-02
2.130055613815784454e-02
2.139752730727195740e-02
2.149425074458122253e-02
2.159072458744049072e-02
2.168693765997886658e-02
2.178288437426090240e-02
2.187855914235115051e-02
2.197395637631416321e-02
2.206906676292419434e-02
2.216388471424579620e-02
2.225840277969837189e-02
2.235261164605617523e-02
2.244650945067405701e-02
2.254008315503597260e-02
2.263332530856132507e-02
2.272623218595981598e-02
2.281879261136054993e-02
2.291100099682807922e-02
2.300284989178180695e-02
2.309432625770568848e-02
2.318542823195457458e-02
2.327614650130271912e-02
2.336647175252437592e-02
2.345639839768409729e-02
2.354591712355613708e-02
2.363502047955989838e-02
2.372370101511478424e-02
2.381195314228534698e-02
2.389976568520069122e-02
2.398713678121566772e-02
2.407405525445938110e-02
2.416051737964153290e-02
2.424651384353637695e-02
2.433203905820846558e-02
2.441708929836750031e-02
2.450165525078773499e-02
2.458573505282402039e-02
2.466931939125061035e-02
2.475240454077720642e-02
2.483498677611351013e-02
2.491706050932407379e-02
2.499862015247344971e-02
2.507966198027133942e-02
2.516018226742744446e-02
2.524017542600631714e-02
2.531964331865310669e-02
2.539857476949691772e-02
2.547697164118289948e-02
2.555483020842075348e-02
2.563214674592018127e-02
2.570891939103603363e-02
2.578514441847801208e-02
2.586081996560096741e-02
2.593594416975975037e-02
2.601051516830921173e-02
2.608452923595905304e-02
2.615798637270927429e-02
2.623088285326957703e-02
2.630321681499481201e-02
2.637499012053012848e-02
2.644619531929492950e-02
2.651683613657951355e-02
2.658690512180328369e-02
2.665640600025653839e-02
2.672533132135868073e-02
2.679368294775485992e-02
2.686145715415477753e-02
2.692865394055843353e-02
2.699526585638523102e-02
2.706129848957061768e-02
2.712674438953399658e-02
2.719160169363021851e-02
2.725586667656898499e-02
2.731954120099544525e-02
2.738261967897415161e-02
2.744509838521480560e-02
2.750697545707225800e-02
2.756824716925621033e-02
2.762890979647636414e-02
2.768896520137786865e-02
2.774840220808982849e-02
2.780722640454769135e-02
2.786542847752571106e-02
2.792300283908843994e-02
2.797995321452617645e-02
2.803627029061317444e-02
2.809195592999458313e-02
2.814700081944465637e-02
2.820140868425369263e-02
2.825517021119594574e-02
2.830828540027141571e-02
2.836074866354465485e-02
2.841255813837051392e-02
2.846371196210384369e-02
2.851420827209949493e-02
2.856404148042201996e-02
2.861321344971656799e-02
2.866171486675739288e-02
2.870955131947994232e-02
2.875671535730361938e-02
2.880320884287357330e-02
2.884903177618980408e-02
2.889417856931686401e-02
2.893864922225475311e-02
2.898244559764862061e-02
2.902556210756301880e-02
2.906800433993339539e-02
2.910977043211460114e-02
2.915086038410663605e-02
2.919127419590950012e-02
2.923101373016834259e-02
2.927007898688316345e-02
2.930847555398941040e-02
2.934619784355163574e-02
2.938324958086013794e-02
2.941963821649551392e-02
2.945535816252231598e-02
2.949041873216629028e-02
2.952481620013713837e-02
2.955856174230575562e-02
2.959164790809154510e-02
2.962408214807510376e-02
2.965587191283702850e-02
2.968701347708702087e-02
2.971751615405082703e-02
2.974737994372844696e-02
2.977660857141017914e-02
2.980520389974117279e-02
2.983317337930202484e-02
2.986051887273788452e-02
2.988724038004875183e-02
2.991335093975067139e-02
2.993884310126304626e-02
2.996372431516647339e-02
2.998800203204154968e-02
3.001167438924312592e-02
3.003474697470664978e-02
3.005722165107727051e-02
3.007910028100013733e-02
3.010039031505584717e-02
3.012109361588954926e-02
3.014120645821094513e-02
3.016074188053607941e-02
3.017969429492950439e-02
3.019807115197181702e-02
3.021587058901786804e-02
3.023309819400310516e-02
3.024975396692752838e-02
3.026584163308143616e-02
3.028136491775512695e-02
3.029632382094860077e-02
3.031071834266185760e-02
3.032455407083034515e-02
3.033782728016376495e-02
3.035054914653301239e-02
3.036271221935749054e-02
3.037432581186294556e-02
3.038538806140422821e-02
3.039590269327163696e-02
3.040586970746517181e-02
3.041529282927513123e-02
3.042417392134666443e-02
3.043251484632492065e-02
3.044031560420989990e-02
3.044758737087249756e-02
3.045432455837726593e-02
3.046053461730480194e-02
3.046621382236480713e-02
3.047137521207332611e-02
3.047601878643035889e-02
3.048014454543590546e-02
3.048375621438026428e-02
3.048686310648918152e-02
3.048946894705295563e-02
3.049157559871673584e-02
3.049318306148052216e-02
3.049430623650550842e-02
3.049494139850139618e-02
3.049510344862937927e-02
3.049478866159915924e-02
3.049400448799133301e-02
3.049276210367679596e-02
3.049106150865554810e-02
3.048891201615333557e-02
3.048632293939590454e-02
3.048329427838325500e-02
3.047983907163143158e-02
3.047595918178558350e-02
3.047166205942630768e-02
3.046695701777935028e-02
3.046185337007045746e-02
3.045635111629962921e-02
3.045046329498291016e-02
3.044419363141059875e-02
3.043755330145359039e-02
3.043054789304733276e-02
3.042318299412727356e-02
3.041546605527400970e-02
3.040741011500358582e-02
3.039901331067085266e-02
3.039028495550155640e-02
3.038123808801174164e-02
3.037187457084655762e-02
3.036219999194145203e-02
3.035222738981246948e-02
3.034195490181446075e-02
3.033139184117317200e-02
3.032054752111434937e-02
3.030942752957344055e-02
3.029803559184074402e-02
3.028637543320655823e-02
3.027446009218692780e-02
3.026228584349155426e-02
3.024986758828163147e-02
3.023720346391201019e-02
3.022429905831813812e-02
3.021116368472576141e-02
3.019779734313488007e-02
3.018421120941638947e-02
3.017039969563484192e-02
3.015637956559658051e-02
3.014214523136615753e-02
3.012770600616931915e-02
3.011306747794151306e-02
3.009822964668273926e-02
3.008320182561874390e-02
3.006798215210437775e-02
3.005257993936538696e-02
3.003699332475662231e-02
3.002123534679412842e-02
3.000530600547790527e-02
2.998920716345310211e-02
2.997294627130031586e-02
2.995652705430984497e-02
2.993995323777198792e-02
2.992323227226734161e-02
2.990636602044105530e-02
2.988936007022857666e-02
2.987222000956535339e-02
2.985495142638683319e-02
2.983755990862846375e-02
2.982004545629024506e-02
2.980242110788822174e-02
2.978469058871269226e-02
2.976685762405395508e-02
2.974892780184745789e-02
2.973090671002864838e-02
2.971280738711357117e-02
2.969462983310222626e-02
2.967637963593006134e-02
2.965806983411312103e-02
2.963969856500625610e-02
2.962127886712551117e-02
2.960281446576118469e-02
2.958431467413902283e-02
2.956578694283962250e-02
2.954723499715328217e-02
2.952866815030574799e-02
2.951009385287761688e-02
2.949151583015918732e-02
2.947294712066650391e-02
2.945439144968986511e-02
2.943585440516471863e-02
2.941734902560710907e-02
2.939887158572673798e-02
2.938043884932994843e-02
2.936205640435218811e-02
2.934372425079345703e-02
2.932545542716979980e-02
2.930725365877151489e-02
2.928912639617919922e-02
2.927107736468315125e-02
2.925311587750911713e-02
2.923524379730224609e-02
2.921747229993343353e-02
2.919979952275753021e-02
2.918223477900028229e-02
2.916478365659713745e-02
2.914745174348354340e-02
2.913024090230464935e-02
2.911315672099590302e-02
2.909620665013790131e-02
2.907938882708549500e-02
2.906270883977413177e-02
2.904617227613925934e-02
2.902978286147117615e-02
2.901354245841503143e-02
2.899745479226112366e-02
2.898152358829975128e-02
2.896575257182121277e-02
2.895013988018035889e-02
2.893469296395778656e-02
2.891941368579864502e-02
2.890430390834808350e-02
2.888936363160610199e-02
2.887460030615329742e-02
2.886001393198966980e-02
2.884560450911521912e-02
2.883137762546539307e-02
2.881733141839504242e-02
2.880347333848476410e-02
2.878980152308940887e-02
2.877632342278957367e-02
2.876303158700466156e-02
2.874994091689586639e-02
2.873704209923744202e-02
2.872434630990028381e-02
2.871185354888439178e-02
2.869956567883491516e-02
2.868748456239700317e-02
2.867561206221580505e-02
2.866395562887191772e-02
2.865251153707504272e-02
2.864129282534122467e-02
2.863029018044471741e-02
2.861951664090156555e-02
2.860897034406661987e-02
2.859866060316562653e-02
2.858858369290828705e-02
2.857874520123004913e-02
2.856914885342121124e-02
2.855979837477207184e-02
2.855070121586322784e-02
2.854185365140438080e-02
2.853326499462127686e-02
2.852493710815906525e-02
2.851687557995319366e-02
2.850907854735851288e-02
2.850155718624591827e-02
2.849430963397026062e-02
2.848733775317668915e-02
2.848065085709095001e-02
2.847424894571304321e-02
2.846813388168811798e-02
2.846231125295162201e-02
2.845678478479385376e-02
2.845155447721481323e-02
2.844662219285964966e-02
2.844199724495410919e-02
2.843767218291759491e-02
2.843365631997585297e-02
2.842994965612888336e-02
2.842655405402183533e-02
2.842346951365470886e-02
2.842069976031780243e-02
2.841824479401111603e-02
2.841610834002494812e-02
2.841428481042385101e-02
2.841278165578842163e-02
2.841159701347351074e-02
2.841072902083396912e-02
2.841017767786979675e-02
2.840994857251644135e-02
2.841003425419330597e-02
2.841043658554553986e-02
2.841115742921829224e-02
2.841219305992126465e-02
2.841354347765445709e-02
2.841520868241786957e-02
2.841718494892120361e-02
2.841947227716445923e-02
2.842206880450248718e-02
2.842497266829013824e-02
2.842818759381771088e-02
2.843170240521430969e-02
2.843552269041538239e-02
2.843964658677577972e-02
2.844406664371490479e-02
2.844878472387790680e-02
2.845380268990993500e-02
2.845911122858524323e-02
2.846471220254898071e-02
2.847060747444629669e-02
2.847678959369659424e-02
2.848326042294502258e-02
2.849001623690128326e-02
2.849705703556537628e-02
2.850438095629215240e-02
2.851198799908161163e-02
2.851987443864345551e-02
2.852804027497768402e-02
2.853648550808429718e-02
2.854520827531814575e-02
2.855420671403408051e-02
2.856348082423210144e-02
2.857303060591220856e-02
2.858285233378410339e-02
2.859294787049293518e-02
2.860331535339355469e-02
2.861395664513111115e-02
2.862486988306045532e-02
2.863605320453643799e-02
2.864750847220420837e-02
2.865923196077346802e-02
2.867122553288936615e-02
2.868349105119705200e-02
2.869602292776107788e-02
2.870882116258144379e-02
2.872189320623874664e-02
2.873522788286209106e-02
2.874883264303207397e-02
2.876269817352294922e-02
2.877683192491531372e-02
2.879123203456401825e-02
2.880589105188846588e-02
2.882081456482410431e-02
2.883600071072578430e-02
2.885144390165805817e-02
2.886714227497577667e-02
2.888309769332408905e-02
2.889930829405784607e-02
2.891577221453189850e-02
2.893248386681079865e-02
2.894944325089454651e-02
2.896665036678314209e-02
2.898409776389598846e-02
2.900178544223308563e-02
2.901970781385898590e-02
2.903786487877368927e-02
2.905624918639659882e-02
2.907486259937286377e-02
2.909369766712188721e-02
2.911275252699851990e-02
2.913201786577701569e-02
2.915149740874767303e-02
2.917118184268474579e-02
2.919106930494308472e-02
2.921115420758724213e-02
2.923143468797206879e-02
2.925190143287181854e-02
2.927255071699619293e-02
2.929338254034519196e-02
2.931438572704792023e-02
2.933556027710437775e-02
2.935689873993396759e-02
2.937839739024639130e-02
2.940004877746105194e-02
2.942185290157794952e-02
2.944380231201648712e-02
2.946589142084121704e-02
2.948811650276184082e-02
2.951047569513320923e-02
2.953295782208442688e-02
2.955556474626064301e-02
2.957829087972640991e-02
2.960112690925598145e-02
2.962407656013965607e-02
2.964712679386138916e-02
2.967027947306632996e-02
2.969353087246417999e-02
2.971687726676464081e-02
2.974031120538711548e-02
2.976383082568645477e-02
2.978743426501750946e-02
2.981111407279968262e-02
2.983487211167812347e-02
2.985870279371738434e-02
2.988260239362716675e-02
2.990657091140747070e-02
2.993060089647769928e-02
2.995469234883785248e-02
2.997883968055248260e-02
3.000304289162158966e-02
3.002730011940002441e-02
3.005160577595233917e-02
3.007595613598823547e-02
3.010035306215286255e-02
3.012479096651077271e-02
3.014926984906196594e-02
3.017378412187099457e-02
3.019833192229270935e-02
3.022290766239166260e-02
3.024751693010330200e-02
3.027214668691158295e-02
3.029680065810680389e-02
3.032147139310836792e-02
3.034616261720657349e-02
3.037086687982082367e-02
3.039557859301567078e-02
3.042029961943626404e-02
3.044502064585685730e-02
3.046974539756774902e-02
3.049446642398834229e-02
3.051917813718318939e-02
3.054388426244258881e-02
3.056857176125049591e-02
3.059323877096176147e-02
3.061788715422153473e-02
3.064250759780406952e-02
3.066709451377391815e-02
3.069164790213108063e-02
3.071616217494010925e-02
3.074063360691070557e-02
3.076505288481712341e-02
3.078942187130451202e-02
3.081373311579227448e-02
3.083797916769981384e-02
3.086216375231742859e-02
3.088627010583877563e-02
3.091030567884445190e-02
3.093425557017326355e-02
3.095812164247035980e-02
3.098189830780029297e-02
3.100557811558246613e-02
3.102915547788143158e-02
3.105263039469718933e-02
3.107599914073944092e-02
3.109925426542758942e-02
3.112238831818103790e-02
3.114540129899978638e-02
3.116829134523868561e-02
3.119104541838169098e-02
3.121366724371910095e-02
3.123615309596061707e-02
3.125849366188049316e-02
3.128068894147872925e-02
3.130273520946502686e-02
3.132462874054908752e-02
3.134636580944061279e-02
3.136794641613960266e-02
3.138935938477516174e-02
3.141060844063758850e-02
3.143168985843658447e-02
3.145259618759155273e-02
3.147333115339279175e-02
3.149389103055000305e-02
3.151426836848258972e-02
3.153446316719055176e-02
3.155447542667388916e-02
3.157430514693260193e-02
3.159394115209579468e-02
3.161338716745376587e-02
3.163264319300651550e-02
3.165170177817344666e-02
3.167056664824485779e-02
3.168923035264015198e-02
3.170769289135932922e-02
3.172595053911209106e-02
3.174400702118873596e-02
3.176185488700866699e-02
3.177949413657188416e-02
3.179692104458808899e-02
3.181413561105728149e-02
3.183113783597946167e-02
3.184791654348373413e-02
3.186448290944099426e-02
3.188082203269004822e-02
3.189694136381149292e-02
3.191282972693443298e-02
3.192849084734916687e-02
3.194392099976539612e-02
3.195912018418312073e-02
3.197407722473144531e-02
3.198879957199096680e-02
3.200327977538108826e-02
3.201751410961151123e-02
3.203149884939193726e-02
3.204523399472236633e-02
3.205871582031250000e-02
3.207194432616233826e-02
3.208491206169128418e-02
3.209761530160903931e-02
3.211005404591560364e-02
3.212222829461097717e-02
3.213412314653396606e-02
3.214574977755546570e-02
3.215709701180458069e-02
3.216816484928131104e-02
3.217894956469535828e-02
3.218944370746612549e-02
3.219965100288391113e-02
3.220956772565841675e-02
3.221919015049934387e-02
3.222851455211639404e-02
3.223754093050956726e-02
3.224626183509826660e-02
3.225468099117279053e-02
3.226279467344284058e-02
3.227059543132781982e-02
3.227808699011802673e-02
3.228526562452316284e-02
3.229213505983352661e-02
3.229868784546852112e-02
3.230491653084754944e-02
3.231083601713180542e-02
3.231643512845039368e-02
3.232171013951301575e-02
3.232666477560997009e-02
3.233130276203155518e-02
3.233561292290687561e-02
3.233960270881652832e-02
3.234326839447021484e-02
3.234661370515823364e-02
3.234963864088058472e-02
3.235233947634696960e-02
3.235471993684768677e-02
3.235677629709243774e-02
3.235851228237152100e-02
3.235992789268493652e-02
3.236102312803268433e-02
3.236180171370506287e-02
3.236225992441177368e-02
3.236240148544311523e-02
3.236222639679908752e-02
3.236173465847969055e-02
3.236093372106552124e-02
3.235981613397598267e-02
3.235838562250137329e-02
3.235664591193199158e-02
3.235459327697753906e-02
3.235223144292831421e-02
3.234956786036491394e-02
3.234659135341644287e-02
3.234330937266349792e-02
3.233972191810607910e-02
3.233583271503448486e-02
3.233164176344871521e-02
3.232714533805847168e-02
3.232234343886375427e-02
3.231724351644515991e-02
3.231184184551239014e-02
3.230613842606544495e-02
3.230013698339462280e-02
3.229383751749992371e-02
3.228723630309104919e-02
3.228033706545829773e-02
3.227313607931137085e-02
3.226564079523086548e-02
3.225784376263618469e-02
3.224974870681762695e-02
3.224135562777519226e-02
3.223266452550888062e-02
3.222367167472839355e-02
3.221438452601432800e-02
3.220479562878608704e-02
3.219490870833396912e-02
3.218472003936767578e-02
3.217423334717750549e-02
3.216345235705375671e-02
3.215236589312553406e-02
3.214098513126373291e-02
3.212929889559745789e-02
3.211731836199760437e-02
3.210503607988357544e-02
3.209245577454566956e-02
3.207957744598388672e-02
3.206640109419822693e-02
3.205292671918869019e-02
3.203915432095527649e-02
3.202508389949798584e-02
3.201071918010711670e-02
3.199606016278266907e-02
3.198110684752464294e-02
3.196585923433303833e-02
3.195031732320785522e-02
3.193448856472969055e-02
3.191836923360824585e-02
3.190195932984352112e-02
3.188526630401611328e-02
3.186828270554542542e-02
3.185101971030235291e-02
3.183347731828689575e-02
3.181565552949905396e-02
3.179755434393882751e-02
3.177918121218681335e-02
3.176053240895271301e-02
3.174161538481712341e-02
3.172242641448974609e-02
3.170297667384147644e-02
3.168326243758201599e-02
3.166328743100166321e-02
3.164305537939071655e-02
3.162256628274917603e-02
3.160182759165763855e-02
3.158083558082580566e-02
3.155960142612457275e-02
3.153812140226364136e-02
3.151639550924301147e-02
3.149443492293357849e-02
3.147223964333534241e-02
3.144980967044830322e-02
3.142714872956275940e-02
3.140426054596900940e-02
3.138114511966705322e-02
3.135780990123748779e-02
3.133425489068031311e-02
3.131048008799552917e-02
3.128648921847343445e-02
3.126228600740432739e-02
3.123787790536880493e-02
3.121325746178627014e-02
3.118843212723731995e-02
3.116340376436710358e-02
3.113817423582077026e-02
3.111274540424346924e-02
3.108712099492549896e-02
3.106129914522171021e-02
3.103528730571269989e-02
3.100907988846302032e-02
3.098268806934356689e-02
3.095610626041889191e-02
3.092934004962444305e-02
3.090239129960536957e-02
3.087526187300682068e-02
3.084794990718364716e-02
3.082046285271644592e-02
3.079279884696006775e-02
3.076495975255966187e-02
3.073694929480552673e-02
3.070876561105251312e-02
3.068041615188121796e-02
3.065189905464649200e-02
3.062321804463863373e-02
3.059437498450279236e-02
3.056536614894866943e-02
3.053620457649230957e-02
3.050688654184341431e-02
3.047740831971168518e-02
3.044778481125831604e-02
3.041800670325756073e-02
3.038808330893516541e-02
3.035801462829113007e-02
3.032780438661575317e-02
3.029745258390903473e-02
3.026696294546127319e-02
3.023634105920791626e-02
3.020558692514896393e-02
3.017470240592956543e-02
3.014369308948516846e-02
3.011255897581577301e-02
3.008130751550197601e-02
3.004993498325347900e-02
3.001845069229602814e-02
2.998685277998447418e-02
2.995515055954456329e-02
2.992334216833114624e-02
2.989143319427967072e-02
2.985942363739013672e-02
2.982732094824314117e-02
2.979512698948383331e-02
2.976284176111221313e-02
2.973047643899917603e-02
2.969802543520927429e-02
2.966549620032310486e-02
2.963289059698581696e-02
2.960021793842315674e-02
2.956747077405452728e-02
2.953466214239597321e-02
2.950178831815719604e-02
2.946885302662849426e-02
2.943586371839046478e-02
2.940282225608825684e-02
2.936972677707672119e-02
2.933658659458160400e-02
2.930339984595775604e-02
2.927017025649547577e-02
2.923690155148506165e-02
2.920359931886196136e-02
2.917025797069072723e-02
2.913688495755195618e-02
2.910348586738109589e-02
2.907005697488784790e-02
2.903660200536251068e-02
2.900312840938568115e-02
2.896963246166706085e-02
2.893611788749694824e-02
2.890258468687534332e-02
2.886904217302799225e-02
2.883548475801944733e-02
2.880191616714000702e-02
2.876833826303482056e-02
2.873475477099418640e-02
2.870116755366325378e-02
2.866757474839687347e-02
2.863398194313049316e-02
2.860038913786411285e-02
2.856679819524288177e-02
2.853321097791194916e-02
2.849963121116161346e-02
2.846605330705642700e-02
2.843248844146728516e-02
2.839893288910388947e-02
2.836538851261138916e-02
2.833185717463493347e-02
2.829834260046482086e-02
2.826484665274620056e-02
2.823136746883392334e-02
2.819791063666343689e-02
2.816447801887989044e-02
2.813106589019298553e-02
2.809768170118331909e-02
2.806432731449604034e-02
2.803100086748600006e-02
2.799770794808864594e-02
2.796445041894912720e-02
2.793122641742229462e-02
2.789804153144359589e-02
2.786489948630332947e-02
2.783179655671119690e-02
2.779874205589294434e-02
2.776573039591312408e-02
2.773277088999748230e-02
2.769985981285572052e-02
2.766700647771358490e-02
2.763420715928077698e-02
2.760146372020244598e-02
2.756877988576889038e-02
2.753616124391555786e-02
2.750360406935214996e-02
2.747111581265926361e-02
2.743869647383689880e-02
2.740634605288505554e-02
2.737407200038433075e-02
2.734187059104442596e-02
2.730974741280078888e-02
2.727770432829856873e-02
2.724574133753776550e-02
2.721386030316352844e-02
2.718206867575645447e-02
2.715036086738109589e-02
2.711874432861804962e-02
2.708721533417701721e-02
2.705577760934829712e-02
2.702443860471248627e-02
2.699318900704383850e-02
2.696204185485839844e-02
2.693098783493041992e-02
2.690003626048564911e-02
2.686918713152408600e-02
2.683843486011028290e-02
2.680779062211513519e-02
2.677724882960319519e-02
2.674681134521961212e-02
2.671648189425468445e-02
2.668625861406326294e-02
2.665614709258079529e-02
2.662614174187183380e-02
2.659624256193637848e-02
2.656645886600017548e-02
2.653678692877292633e-02
2.650722116231918335e-02
2.647777274250984192e-02
2.644843608140945435e-02
2.641921117901802063e-02
2.639009989798069000e-02
2.636110596358776093e-02
2.633222378790378571e-02
2.630345709621906281e-02
2.627480588853359222e-02
2.624627202749252319e-02
2.621785365045070648e-02
2.618955262005329132e-02
2.616136521100997925e-02
2.613329887390136719e-02
2.610534802079200745e-02
2.607751637697219849e-02
2.604980394244194031e-02
2.602220885455608368e-02
2.599473297595977783e-02
2.596737816929817200e-02
2.594014257192611694e-02
2.591302618384361267e-02
2.588603273034095764e-02
2.585915848612785339e-02
2.583240531384944916e-02
2.580577507615089417e-02
2.577926777303218842e-02
2.575288526713848114e-02
2.572662383317947388e-02
2.570048719644546509e-02
2.567447535693645477e-02
2.564858831465244293e-02
2.562282606959342957e-02
2.559719048440456390e-02
2.557168155908584595e-02
2.554629929363727570e-02
2.552104368805885315e-02
2.549591660499572754e-02
2.547091804444789886e-02
2.544604800641536713e-02
2.542130649089813232e-02
2.539669349789619446e-02
2.537221275269985199e-02
2.534786053001880646e-02
2.532364055514335632e-02
2.529954910278320312e-02
2.527558989822864532e-02
2.525176107883453369e-02
2.522806450724601746e-02
2.520449832081794739e-02
2.518106438219547272e-02
2.515776082873344421e-02
2.513458952307701111e-02
2.511154860258102417e-02
2.508863992989063263e-02
2.506586164236068726e-02
2.504321746528148651e-02
2.502069994807243347e-02
2.499831654131412506e-02
2.497605979442596436e-02
2.495393343269824982e-02
2.493193931877613068e-02
2.491007000207901001e-02
2.488833107054233551e-02
2.486671879887580872e-02
2.484523504972457886e-02
2.482387609779834747e-02
2.480264380574226379e-02
2.478153631091117859e-02
2.476055361330509186e-02
2.473969385027885437e-02
2.471895702183246613e-02
2.469834126532077789e-02
2.467784658074378967e-02
2.465747110545635223e-02
2.463721670210361481e-02
2.461707964539527893e-02
2.459705993533134460e-02
2.457715570926666260e-02
2.455736696720123291e-02
2.453769184648990631e-02
2.451813220977783203e-02
2.449868246912956238e-02
2.447934634983539581e-02
2.446012012660503387e-02
2.444100379943847656e-02
2.442199364304542542e-02
2.440309152007102966e-02
2.438429743051528931e-02
2.436560764908790588e-02
2.434702217578887939e-02
2.432853914797306061e-02
2.431016042828559875e-02
2.429188229143619537e-02
2.427370660006999969e-02
2.425562776625156403e-02
2.423764951527118683e-02
2.421976998448371887e-02
2.420198544859886169e-02
2.418429963290691376e-02
2.416670694947242737e-02
2.414920739829540253e-02
2.413180470466613770e-02
2.411449328064918518e-02
2.409727126359939575e-02
2.408014237880706787e-02
2.406310290098190308e-02
2.404615469276905060e-02
2.402929216623306274e-02
2.401251718401908875e-02
2.399583160877227783e-02
2.397922798991203308e-02
2.396271191537380219e-02
2.394627779722213745e-02
2.392992936074733734e-02
2.391365915536880493e-02
2.389747276902198792e-02
2.388136647641658783e-02
2.386533841490745544e-02
2.384939044713973999e-02
2.383351884782314301e-02
2.381772361695766449e-02
2.380200289189815521e-02
2.378635853528976440e-02
2.377078682184219360e-02
2.375528588891029358e-02
2.373985573649406433e-02
2.372449822723865509e-02
2.370920591056346893e-02
2.369398437440395355e-02
2.367882616817951202e-02
2.366373501718044281e-02
2.364870905876159668e-02
2.363374270498752594e-02
2.361883781850337982e-02
2.360399626195430756e-02
2.358921058475971222e-02
2.357448264956474304e-02
2.355981059372425079e-02
2.354519441723823547e-02
2.353063039481639862e-02
2.351611852645874023e-02
2.350165694952011108e-02
2.348724380135536194e-02
2.347287908196449280e-02
2.345855906605720520e-02
2.344428561627864838e-02
2.343005314469337463e-02
2.341586351394653320e-02
2.340171299874782562e-02
2.338760159909725189e-02
2.337352745234966278e-02
2.335948869585990906e-02
2.334548346698284149e-02
2.333151176571846008e-02
2.331757172942161560e-02
2.330366149544715881e-02
2.328977920114994049e-02
2.327592112123966217e-02
2.326209098100662231e-02
2.324828505516052246e-02
2.323450148105621338e-02
2.322073839604854584e-02
2.320699580013751984e-02
2.319326996803283691e-02
2.317956276237964630e-02
2.316587045788764954e-02
2.315219305455684662e-02
2.313852682709693909e-02
2.312487550079822540e-02
2.311123348772525787e-02
2.309760078787803650e-02
2.308397553861141205e-02
2.307035773992538452e-02
2.305674552917480469e-02
2.304313704371452332e-02
2.302953228354454041e-02
2.301593124866485596e-02
2.300233021378517151e-02
2.298872917890548706e-02
2.297512814402580261e-02
2.296152338385581970e-02
2.294791676104068756e-02
2.293430641293525696e-02
2.292069047689437866e-02
2.290706522762775421e-02
2.289343625307083130e-02
2.287979796528816223e-02
2.286615036427974701e-02
2.285249345004558563e-02
2.283882349729537964e-02
2.282514236867427826e-02
2.281145006418228149e-02
2.279774099588394165e-02
2.278401702642440796e-02
2.277027629315853119e-02
2.275652065873146057e-02
2.274274453520774841e-02
2.272894978523254395e-02
2.271513640880584717e-02
2.270130068063735962e-02
2.268744260072708130e-02
2.267356216907501221e-02
2.265965752303600311e-02
2.264572679996490479e-02
2.263176999986171722e-02
2.261778526008129120e-02
2.260377444326877594e-02
2.258973196148872375e-02
2.257565967738628387e-02
2.256155572831630707e-02
2.254742011427879333e-02
2.253325097262859344e-02
2.251904271543025970e-02
2.250480465590953827e-02
2.249052561819553375e-02
2.247620932757854462e-02
2.246185205876827240e-02
2.244745753705501556e-02
2.243302017450332642e-02
2.241853997111320496e-02
2.240401506423950195e-02
2.238944731652736664e-02
2.237483114004135132e-02
2.236017026007175446e-02
2.234546095132827759e-02
2.233069948852062225e-02
2.231589145958423615e-02
2.230102941393852234e-02
2.228611707687377930e-02
2.227115258574485779e-02
2.225613035261631012e-02
2.224105596542358398e-02
2.222592197358608246e-02
2.221073396503925323e-02
2.219548635184764862e-02
2.218017913401126862e-02
2.216481231153011322e-02
2.214938774704933167e-02
2.213389798998832703e-02
2.211834862828254700e-02
2.210273407399654388e-02
2.208705618977546692e-02
2.207131683826446533e-02
2.205550856888294220e-02
2.203963883221149445e-02
2.202369831502437592e-02
2.200769446790218353e-02
2.199162356555461884e-02
2.197548188269138336e-02
2.195927314460277557e-02
2.194299548864364624e-02
2.192664891481399536e-02
2.191023342311382294e-02
2.189374715089797974e-02
2.187719009816646576e-02
2.186056226491928101e-02
2.184386365115642548e-02
2.182709425687789917e-02
2.181025221943855286e-02
2.179333753883838654e-02
2.177635207772254944e-02
2.175929211080074310e-02
2.174216136336326599e-02
2.172495611011981964e-02
2.170767821371555328e-02
2.169032581150531769e-02
2.167290076613426208e-02
2.165540121495723724e-02
2.163782715797424316e-02
2.162017859518527985e-02
2.160245552659034729e-02
2.158465608954429626e-02
2.156678400933742523e-02
2.154883556067943573e-02
2.153080888092517853e-02
2.151270769536495209e-02
2.149453200399875641e-02
2.147627808153629303e-02
2.145794779062271118e-02
2.143953926861286163e-02
2.142105437815189362e-02
2.140249125659465790e-02
2.138385176658630371e-02
2.136513404548168182e-02
2.134633436799049377e-02
2.132746018469333649e-02
2.130850404500961304e-02
2.128946781158447266e-02
2.127035334706306458e-02
2.125115878880023956e-02
2.123188413679599762e-02
2.121252939105033875e-02
2.119309268891811371e-02
2.117357589304447174e-02
2.115397714078426361e-02
2.113429643213748932e-02
2.111453562974929810e-02
2.109469100832939148e-02
2.107476443052291870e-02
2.105475589632987976e-02
2.103466540575027466e-02
2.101449109613895416e-02
2.099423483014106750e-02
2.097389660775661469e-02
2.095347642898559570e-02
2.093297243118286133e-02
2.091238647699356079e-02
2.089171670377254486e-02
2.087096311151981354e-02
2.085012942552566528e-02
2.082921564579010010e-02
2.080821618437767029e-02
2.078713476657867432e-02
2.076597511768341064e-02
2.074473164975643158e-02
2.072340808808803558e-02
2.070200443267822266e-02
2.068051882088184357e-02
2.065895497798919678e-02
2.063731104135513306e-02
2.061558887362480164e-02
2.059378847479820251e-02
2.057190611958503723e-02
2.054995112121105194e-02
2.052791602909564972e-02
2.050580643117427826e-02
2.048362046480178833e-02
2.046135812997817993e-02
2.043902128934860229e-02
2.041660994291305542e-02
2.039412409067153931e-02
2.037156745791435242e-02
2.034893818199634552e-02
2.032623440027236938e-02
2.030346170067787170e-02
2.028061822056770325e-02
2.025770395994186401e-02
2.023471891880035400e-02
2.021166682243347168e-02
2.018854394555091858e-02
2.016535587608814240e-02
2.014209702610969543e-02
2.011877298355102539e-02
2.009538374841213226e-02
2.007192745804786682e-02
2.004840597510337830e-02
2.002481929957866669e-02
2.000116929411888123e-02
1.997745409607887268e-02
1.995367556810379028e-02
1.992983371019363403e-02
1.990592852234840393e-02
1.988196372985839844e-02
1.985793374478816986e-02
1.983384415507316589e-02
1.980969496071338654e-02
1.978548243641853333e-02
1.976121030747890472e-02
1.973687857389450073e-02
1.971248909831047058e-02
1.968803815543651581e-02
1.966352947056293488e-02
1.963896304368972778e-02
1.961433887481689453e-02
1.958965696394443512e-02
1.956491731107234955e-02
1.954012364149093628e-02
1.951527222990989685e-02
1.949036680161952972e-02
1.946540735661983490e-02
1.944039203226566315e-02
1.941532269120216370e-02
1.939020119607448578e-02
1.936502940952777863e-02
1.933980174362659454e-02
1.931452564895153046e-02
1.928920112550258636e-02
1.926382258534431458e-02
1.923839934170246124e-02
1.921292580664157867e-02
1.918740384280681610e-02
1.916183717548847198e-02
1.913622394204139709e-02
1.911056600511074066e-02
1.908486336469650269e-02
1.905911788344383240e-02
1.903333142399787903e-02
1.900750398635864258e-02
1.898163370788097382e-02
1.895572617650032043e-02
1.892977766692638397e-02
1.890379376709461212e-02
1.887777261435985565e-02
1.885171607136726379e-02
1.882562413811683655e-02
1.879949867725372314e-02
1.877333968877792358e-02
1.874714903533458710e-02
1.872092671692371368e-02
1.869467645883560181e-02
1.866839639842510223e-02
1.864208653569221497e-02
1.861575059592723846e-02
1.858938671648502350e-02
1.856299862265586853e-02
1.853658631443977356e-02
1.851014792919158936e-02
1.848368719220161438e-02
1.845720410346984863e-02
1.843069866299629211e-02
1.840417273342609406e-02
1.837762631475925446e-02
1.835105940699577332e-02
1.832447573542594910e-02
1.829787157475948334e-02
1.827125251293182373e-02
1.824461482465267181e-02
1.821796223521232605e-02
1.819129288196563721e-02
1.816460862755775452e-02
1.813790947198867798e-02
1.811119727790355682e-02
1.808447204530239105e-02
1.805773563683032990e-02
1.803098618984222412e-02
1.800422556698322296e-02
1.797745376825332642e-02
1.795067079365253448e-02
1.792388036847114563e-02
1.789708063006401062e-02
1.787027344107627869e-02
1.784345693886280060e-02
1.781663298606872559e-02
1.778980530798435211e-02
1.776297204196453094e-02
1.773613318800926208e-02
1.770929060876369476e-02
1.768244430422782898e-02
1.765559613704681396e-02
1.762874796986579895e-02
1.760189607739448547e-02
1.757504604756832123e-02
1.754819601774215698e-02
1.752134785056114197e-02
1.749450340867042542e-02
1.746766082942485809e-02
1.744082197546958923e-02
1.741398870944976807e-02
1.738716289401054382e-02
1.736034452915191650e-02
1.733353361487388611e-02
1.730673201382160187e-02
1.727993786334991455e-02
1.725315675139427185e-02
1.722638681530952454e-02
1.719962991774082184e-02
1.717288605868816376e-02
1.714615710079669952e-02
1.711944304406642914e-02
1.709274575114250183e-02
1.706606522202491760e-02
1.703940331935882568e-02
1.701275818049907684e-02
1.698613539338111877e-02
1.695952937006950378e-02
1.693294756114482880e-02
1.690638624131679535e-02
1.687984727323055267e-02
1.685333065688610077e-02
1.682684011757373810e-02
1.680037193000316620e-02
1.677392981946468353e-02
1.674751192331314087e-02
1.672112010419368744e-02
1.669475622475147247e-02
1.666841842234134674e-02
1.664210855960845947e-02
1.661582663655281067e-02
1.658957265317440033e-02
1.656334660947322845e-02
1.653715036809444427e-02
1.651098392903804779e-02
1.648484729230403900e-02
1.645874045789241791e-02
1.643266528844833374e-02
1.640661805868148804e-02
1.638060621917247772e-02
1.635462231934070587e-02
1.632867194712162018e-02
1.630275323987007141e-02
1.627686806023120880e-02
1.625101454555988312e-02
1.622519642114639282e-02
1.619940996170043945e-02
1.617366075515747070e-02
1.614794507622718811e-02
1.612226292490959167e-02
1.609661802649497986e-02
1.607100851833820343e-02
1.604543812572956085e-02
1.601990312337875366e-02
1.599440537393093109e-02
1.596894674003124237e-02
1.594352722167968750e-02
1.591814868152141571e-02
1.589280925691127777e-02
1.586751267313957214e-02
1.584225706756114960e-02
1.581704430282115936e-02
1.579187624156475067e-02
1.576675102114677429e-02
1.574167050421237946e-02
1.571663655340671539e-02
1.569164916872978210e-02
1.566670835018157959e-02
1.564181782305240631e-02
1.561697386205196381e-02
1.559218019247055054e-02
1.556743681430816650e-02
1.554274559020996094e-02
1.551810465753078461e-02
1.549351681023836136e-02
1.546898204833269119e-02
1.544449944049119949e-02
1.542007271200418472e-02
1.539570093154907227e-02
1.537138409912586212e-02
1.534712221473455429e-02
1.532291714102029800e-02
1.529876887798309326e-02
1.527467742562294006e-02
1.525064185261726379e-02
1.522666309028863907e-02
1.520274300128221512e-02
1.517888158559799194e-02
1.515507604926824570e-02
1.513132732361555099e-02
1.510763820260763168e-02
1.508400402963161469e-02
1.506043039262294769e-02
1.503691263496875763e-02
1.501345168799161911e-02
1.499004848301410675e-02
1.496670022606849670e-02
1.494340971112251282e-02
1.492017600685358047e-02
1.489699631929397583e-02
1.487387437373399734e-02
1.485080644488334656e-02
1.482779253274202347e-02
1.480483543127775192e-02
1.478193234652280807e-02
1.475908141583204269e-02
1.473628636449575424e-02
1.471354532986879349e-02
1.469085738062858582e-02
1.466822065412998199e-02
1.464563794434070587e-02
1.462310925126075745e-02
1.460063364356756210e-02
1.457820925861597061e-02
1.455583889037370682e-02
1.453352067619562149e-02
1.451125741004943848e-02
1.448904629796743393e-02
1.446688827127218246e-02
1.444478426128625870e-02
1.442273333668708801e-02
1.440073736011981964e-02
1.437879726290702820e-02
1.435691118240356445e-02
1.433508098125457764e-02
1.431330572813749313e-02
1.429158821702003479e-02
1.426992751657962799e-02
1.424832548946142197e-02
1.422678120434284210e-02
1.420529745519161224e-02
1.418387051671743393e-02
1.416250597685575485e-02
1.414120104163885117e-02
1.411995757371187210e-02
1.409877743571996689e-02
1.407765969634056091e-02
1.405660435557365417e-02
1.403561327606439590e-02
1.401468552649021149e-02
1.399382296949625015e-02
1.397302653640508652e-02
1.395229250192642212e-02
1.393162645399570465e-02
1.391102466732263565e-02
1.389049086719751358e-02
1.387002132833003998e-02
1.384961884468793869e-02
1.382928155362606049e-02
1.380900852382183075e-02
1.378880348056554794e-02
1.376866176724433899e-02
1.374858617782592773e-02
1.372857391834259033e-02
1.370862592011690140e-02
1.368874218314886093e-02
1.366891898214817047e-02
1.364915817975997925e-02
1.362945791333913803e-02
1.360982004553079605e-02
1.359023991972208023e-02
1.357071753591299057e-02
1.355125382542610168e-02
1.353184506297111511e-02
1.351249311119318008e-02
1.349319424480199814e-02
1.347395032644271851e-02
1.345475763082504272e-02
1.343561615794897079e-02
1.341652497649192810e-02
1.339748501777648926e-02
1.337849162518978119e-02
1.335954666137695312e-02
1.334064826369285583e-02
1.332179456949234009e-02
1.330298744142055511e-02
1.328422408550977707e-02
1.326550450176000595e-02
1.324682869017124176e-02
1.322819385677576065e-02
1.320960372686386108e-02
1.319105457514524460e-02
1.317254826426506042e-02
1.315408293157815933e-02
1.313565950840711594e-02
1.311727892607450485e-02
1.309893932193517685e-02
1.308064162731170654e-02
1.306238770484924316e-02
1.304417662322521210e-02
1.302600745111703873e-02
1.300788391381502151e-02
1.298980321735143661e-02
1.297176815569400787e-02
1.295377872884273529e-02
1.293583679944276810e-02
1.291794050484895706e-02
1.290009263902902603e-02
1.288229320198297501e-02
1.286454405635595322e-02
1.284684427082538605e-02
1.282919570803642273e-02
1.281159836798906326e-02
1.279405411332845688e-02
1.277656294405460358e-02
1.275912392884492874e-02
1.274173986166715622e-02
1.272441074252128601e-02
1.270713470876216888e-02
1.268991455435752869e-02
1.267275027930736542e-02
1.265564095228910446e-02
1.263858657330274582e-02
1.262158807367086411e-02
1.260464359074831009e-02
1.258775405585765839e-02
1.257091853767633438e-02
1.255413610488176346e-02
1.253740675747394562e-02
1.252072956413030624e-02
1.250410266220569611e-02
1.248752698302268982e-02
1.247099880129098892e-02
1.245451997965574265e-02
1.243808586150407791e-02
1.242169644683599472e-02
1.240535173565149307e-02
1.238904893398284912e-02
1.237278524786233902e-02
1.235656160861253738e-02
1.234037429094314575e-02
1.232422236353158951e-02
1.230810489505529404e-02
1.229201816022396088e-02
1.227596309036016464e-02
1.225993596017360687e-02
1.224393583834171295e-02
1.222796086221933365e-02
1.221201010048389435e-02
1.219608262181282043e-02
1.218017563223838806e-02
1.216428913176059723e-02
1.214842125773429871e-02
1.213257107883691788e-02
1.211673766374588013e-02
1.210092101246118546e-02
1.208511926233768463e-02
1.206933241337537766e-02
1.205356046557426453e-02
1.203780248761177063e-02
1.202205754816532135e-02
1.200632750988006592e-02
1.199061237275600433e-02
1.197491120547056198e-02
1.195922493934631348e-02
1.194355357438325882e-02
1.192789897322654724e-02
1.191226113587617874e-02
1.189664192497730255e-02
1.188104040920734406e-02
1.186545938253402710e-02
1.184989884495735168e-02
1.183436065912246704e-02
1.181884668767452240e-02
1.180335599929094315e-02
1.178789138793945312e-02
1.177245471626520157e-02
1.175704598426818848e-02
1.174166705459356308e-02
1.172631885856389999e-02
1.171100325882434845e-02
1.169572025537490845e-02
1.168047171086072922e-02
1.166525762528181076e-02
1.165008079260587692e-02
1.163493935018777847e-02
1.161983516067266464e-02
1.160477008670568466e-02
1.158974133431911469e-02
1.157475076615810394e-02
1.155979838222265244e-02
1.154488418251276016e-02
1.153000723570585251e-02
1.151516754180192947e-02
1.150036510080099106e-02
1.148559618741273880e-02
1.147086266428232193e-02
1.145616360008716583e-02
1.144149526953697205e-02
1.142685767263174057e-02
1.141225080937147141e-02
1.139766909182071686e-02
1.138311345130205154e-02
1.136858202517032623e-02
1.135407201945781708e-02
1.133958157151937485e-02
1.132510788738727570e-02
1.131064910441637039e-02
1.129620429128408432e-02
1.128176972270011902e-02
1.126734446734189987e-02
1.125292386859655380e-02
1.123850792646408081e-02
1.122409384697675705e-02
1.120967976748943329e-02
1.119526382535696030e-02
1.118084415793418884e-02
1.116641797125339508e-02
1.115198526531457901e-02
1.113754417747259140e-02
1.112309377640485764e-02
1.110863033682107925e-02
1.109415665268898010e-02
1.107966899871826172e-02
1.106516923755407333e-02
1.105065550655126572e-02
1.103612780570983887e-02
1.102158613502979279e-02
1.100703142583370209e-02
1.099246274679899216e-02
1.097788289189338684e-02
1.096329092979431152e-02
1.094868779182434082e-02
1.093407534062862396e-02
1.091945543885231018e-02
1.090482808649539948e-02
1.089019607752561569e-02
1.087556127458810806e-02
1.086092460900545120e-02
1.084628794342279434e-02
1.083165500313043594e-02
1.081702578812837601e-02
1.080240309238433838e-02
1.078778877854347229e-02
1.077318564057350159e-02
1.075859554111957550e-02
1.074402127414941788e-02
1.072946190834045410e-02
1.071492210030555725e-02
1.070040278136730194e-02
1.068590488284826279e-02
1.067143119871616364e-02
1.065698172897100449e-02
1.064255833625793457e-02
1.062816102057695389e-02
1.061379257589578629e-02
1.059945113956928253e-02
1.058513857424259186e-02
1.057085581123828888e-02
1.055660005658864975e-02
1.054237317293882370e-02
1.052817422896623611e-02
1.051400136202573776e-02
1.049985550343990326e-02
1.048573292791843414e-02
1.047163456678390503e-02
1.045755762606859207e-02
1.044349931180477142e-02
1.042945962399244308e-02
1.041543576866388321e-02
1.040142588317394257e-02
1.038742531090974808e-02
1.037343312054872513e-02
1.035944744944572449e-02
1.034546457231044769e-02
1.033148262649774551e-02
1.031749695539474487e-02
1.030350662767887115e-02
1.028950791805982590e-02
1.027549989521503448e-02
1.026147790253162384e-02
1.024743914604187012e-02
1.023338455706834793e-02
1.021930854767560959e-02
1.020521018654108047e-02
1.019108667969703674e-02
1.017693895846605301e-02
1.016276236623525620e-02
1.014855690300464630e-02
1.013432256877422333e-02
1.012005656957626343e-02
1.010575983673334122e-02
1.009143237024545670e-02
1.007707323879003525e-02
1.006268244236707687e-02
1.004826277494430542e-02
1.003381144255399704e-02
1.001933217048645020e-02
1.000482589006423950e-02
9.990293532609939575e-03
9.975736960768699646e-03
9.961158968508243561e-03
9.946561418473720551e-03
9.931946173310279846e-03
9.917316958308219910e-03
9.902674704790115356e-03
9.888025000691413879e-03
9.873366914689540863e-03
9.858707897365093231e-03
9.844047017395496368e-03
9.829389862716197968e-03
9.814739227294921875e-03
9.800096973776817322e-03
9.785466827452182770e-03
9.770852513611316681e-03
9.756254963576793671e-03
9.741677902638912201e-03
9.727123193442821503e-03
9.712595492601394653e-03
9.698093868792057037e-03
9.683621115982532501e-03
9.669179096817970276e-03
9.654769673943519592e-03
9.640392847359180450e-03
9.626050479710102081e-03
9.611742570996284485e-03
9.597469121217727661e-03
9.583231061697006226e-03
9.569026529788970947e-03
9.554855525493621826e-03
9.540718048810958862e-03
9.526611305773258209e-03
9.512533433735370636e-03
9.498484432697296143e-03
9.484460577368736267e-03
9.470460936427116394e-03
9.456482715904712677e-03
9.442521259188652039e-03
9.428576566278934479e-03
9.414643049240112305e-03
9.400718845427036285e-03
9.386800229549407959e-03
9.372884407639503479e-03
9.358967654407024384e-03
9.345045313239097595e-03
9.331117384135723114e-03
9.317176416516304016e-03
9.303222410380840302e-03
9.289250709116458893e-03
9.275258518755435944e-03
9.261242114007472992e-03
9.247200563549995422e-03
9.233131073415279388e-03
9.219030849635601044e-03
9.204898960888385773e-03
9.190732613205909729e-03
9.176531806588172913e-03
9.162293747067451477e-03
9.148019365966320038e-03
9.133708663284778595e-03
9.119359776377677917e-03
9.104974567890167236e-03
9.090553037822246552e-03
9.076097048819065094e-03
9.061607532203197479e-03
9.047086350619792938e-03
9.032534435391426086e-03
9.017956443130970001e-03
9.003353305160999298e-03
8.988728746771812439e-03
8.974085561931133270e-03
8.959426544606685638e-03
8.944755420088768005e-03
8.930076844990253448e-03
8.915394544601440430e-03
8.900712244212627411e-03
8.886032737791538239e-03
8.871362544596195221e-03
8.856703527271747589e-03
8.842060342431068420e-03
8.827437646687030792e-03
8.812839165329933167e-03
8.798267692327499390e-03
8.783726021647453308e-03
8.769220672547817230e-03
8.754752576351165771e-03
8.740325458347797394e-03
8.725940249860286713e-03
8.711601607501506805e-03
8.697309531271457672e-03
8.683066815137863159e-03
8.668873459100723267e-03
8.654732257127761841e-03
8.640642277896404266e-03
8.626603521406650543e-03
8.612617850303649902e-03
8.598681539297103882e-03
8.584795519709587097e-03
8.570957928895950317e-03
8.557166904211044312e-03
8.543420583009719849e-03
8.529716171324253082e-03
8.516051806509494781e-03
8.502422831952571869e-03
8.488828316330909729e-03
8.475261740386486053e-03
8.461721241474151611e-03
8.448202162981033325e-03
8.434700779616832733e-03
8.421214297413825989e-03
8.407736197113990784e-03
8.394262753427028656e-03
8.380790241062641144e-03
8.367314934730529785e-03
8.353832177817821503e-03
8.340338245034217834e-03
8.326828479766845703e-03
8.313300088047981262e-03
8.299750275909900665e-03
8.286175318062305450e-03
8.272571489214897156e-03
8.258937858045101166e-03
8.245271630585193634e-03
8.231570012867450714e-03
8.217833936214447021e-03
8.204059675335884094e-03
8.190249092876911163e-03
8.176400326192378998e-03
8.162515237927436829e-03
8.148593828082084656e-03
8.134637027978897095e-03
8.120645768940448761e-03
8.106623776257038116e-03
8.092571981251239777e-03
8.078494109213352203e-03
8.064392022788524628e-03
8.050271309912204742e-03
8.036134764552116394e-03
8.021985180675983429e-03
8.007828146219253540e-03
7.993669249117374420e-03
7.979510352015495300e-03
7.965359836816787720e-03
7.951219566166400909e-03
7.937096059322357178e-03
7.922993972897529602e-03
7.908918894827365875e-03
7.894874550402164459e-03
7.880867458879947662e-03
7.866901345551013947e-03
7.852979935705661774e-03
7.839108817279338837e-03
7.825291715562343597e-03
7.811530958861112595e-03
7.797831203788518906e-03
7.784195244312286377e-03
7.770625408738851547e-03
7.757124491035938263e-03
7.743693422526121140e-03
7.730333134531974792e-03
7.717045024037361145e-03
7.703830022364854813e-03
7.690687198191881180e-03
7.677615620195865631e-03
7.664614357054233551e-03
7.651682477444410324e-03
7.638818584382534027e-03
7.626018021255731583e-03
7.613278925418853760e-03
7.600598037242889404e-03
7.587972562760114670e-03
7.575396914035081863e-03
7.562867831438779831e-03
7.550380658358335495e-03
7.537930272519588470e-03
7.525512482970952988e-03
7.513121236115694046e-03
7.500750944018363953e-03
7.488398347049951553e-03
7.476055994629859924e-03
7.463719695806503296e-03
7.451385259628295898e-03
7.439045701175928116e-03
7.426696829497814178e-03
7.414334919303655624e-03
7.401954382658004761e-03
7.389552891254425049e-03
7.377125322818756104e-03
7.364668883383274078e-03
7.352179847657680511e-03
7.339657284319400787e-03
7.327098399400711060e-03
7.314501795917749405e-03
7.301865611225366592e-03
7.289191242307424545e-03
7.276477292180061340e-03
7.263724226504564285e-03
7.250933907926082611e-03
7.238107733428478241e-03
7.225247565656900406e-03
7.212355732917785645e-03
7.199435494840145111e-03
7.186490576714277267e-03
7.173524703830480576e-03
7.160542532801628113e-03
7.147549651563167572e-03
7.134548388421535492e-03
7.121546659618616104e-03
7.108547724783420563e-03
7.095559500157833099e-03
7.082585711032152176e-03
7.069634273648262024e-03
7.056710310280323029e-03
7.043818943202495575e-03
7.030967157334089279e-03
7.018160540610551834e-03
7.005404215306043625e-03
6.992703769356012344e-03
6.980064325034618378e-03
6.967490538954734802e-03
6.954987533390522003e-03
6.942558567970991135e-03
6.930208299309015274e-03
6.917939055711030960e-03
6.905753631144762039e-03
6.893654353916645050e-03
6.881642155349254608e-03
6.869719829410314560e-03
6.857886444777250290e-03
6.846142932772636414e-03
6.834487896412611008e-03
6.822919473052024841e-03
6.811438128352165222e-03
6.800039671361446381e-03
6.788721308112144470e-03
6.777481175959110260e-03
6.766313686966896057e-03
6.755215581506490707e-03
6.744181737303733826e-03
6.733206566423177719e-03
6.722285877913236618e-03
6.711413618177175522e-03
6.700582802295684814e-03
6.689788773655891418e-03
6.679023616015911102e-03
6.668282207101583481e-03
6.657557561993598938e-03
6.646843627095222473e-03
6.636133883148431778e-03
6.625422276556491852e-03
6.614702288061380386e-03
6.603968795388936996e-03
6.593216676265001297e-03
6.582440342754125595e-03
6.571635138243436813e-03
6.560796871781349182e-03
6.549921352416276932e-03
6.539006251841783524e-03
6.528048310428857803e-03
6.517045199871063232e-03
6.505995523184537888e-03
6.494897883385419846e-03
6.483752746134996414e-03
6.472559180110692978e-03
6.461319513618946075e-03
6.450033746659755707e-03
6.438705604523420334e-03
6.427336484193801880e-03
6.415929645299911499e-03
6.404489744454622269e-03
6.393020506948232651e-03
6.381526589393615723e-03
6.370013579726219177e-03
6.358487531542778015e-03
6.346953567117452621e-03
6.335418205708265305e-03
6.323887966573238373e-03
6.312369834631681442e-03
6.300870329141616821e-03
6.289396435022354126e-03
6.277955137193202972e-03
6.266553420573472977e-03
6.255197804421186447e-03
6.243895273655653000e-03
6.232651416212320328e-03
6.221472751349210739e-03
6.210365332663059235e-03
6.199333816766738892e-03
6.188383791595697403e-03
6.177519448101520538e-03
6.166744511574506760e-03
6.156062707304954529e-03
6.145476363599300385e-03
6.134987808763980865e-03
6.124598439782857895e-03
6.114309653639793396e-03
6.104120519012212753e-03
6.094031501561403275e-03
6.084040738642215729e-03
6.074146367609500885e-03
6.064346991479396820e-03
6.054638419300317764e-03
6.045016925781965256e-03
6.035478785634040833e-03
6.026017945259809494e-03
6.016630679368972778e-03
6.007310003042221069e-03
5.998050328344106674e-03
5.988844204694032669e-03
5.979685112833976746e-03
5.970566067844629288e-03
5.961479619145393372e-03
5.952418316155672073e-03
5.943374242633581161e-03
5.934340879321098328e-03
5.925308912992477417e-03
5.916272755712270737e-03
5.907224491238594055e-03
5.898157134652137756e-03
5.889064632356166840e-03
5.879939999431371689e-03
5.870778579264879227e-03
5.861573852598667145e-03
5.852321628481149673e-03
5.843018181622028351e-03
5.833659786731004715e-03
5.824242718517780304e-03
5.814766045659780502e-03
5.805226974189281464e-03
5.795625038444995880e-03
5.785960238426923752e-03
5.776233505457639694e-03
5.766445770859718323e-03
5.756599362939596176e-03
5.746696610003709793e-03
5.736741237342357635e-03
5.726736970245838165e-03
5.716688930988311768e-03
5.706601776182651520e-03
5.696481559425592422e-03
5.686334334313869476e-03
5.676167085766792297e-03
5.665987264364957809e-03
5.655800923705101013e-03
5.645616445690393448e-03
5.635441746562719345e-03
5.625284276902675629e-03
5.615152418613433838e-03
5.605054087936878204e-03
5.594996735453605652e-03
5.584988277405500412e-03
5.575036164373159409e-03
5.565146449953317642e-03
5.555327981710433960e-03
5.545585881918668747e-03
5.535925272852182388e-03
5.526352673768997192e-03
5.516872741281986237e-03
5.507489200681447983e-03
5.498205311596393585e-03
5.489024799317121506e-03
5.479948595166206360e-03
5.470978096127510071e-03
5.462115164846181870e-03
5.453357473015785217e-03
5.444705486297607422e-03
5.436156876385211945e-03
5.427709314972162247e-03
5.419359076768159866e-03
5.411102436482906342e-03
5.402934737503528595e-03
5.394850391894578934e-03
5.386843811720609665e-03
5.378908943384885788e-03
5.371037404984235764e-03
5.363223142921924591e-03
5.355457309633493423e-03
5.347732454538345337e-03
5.340040661394596100e-03
5.332372151315212250e-03
5.324719008058309555e-03
5.317071918398141861e-03
5.309422966092824936e-03
5.301763769239187241e-03
5.294085014611482620e-03
5.286379717290401459e-03
5.278639961034059525e-03
5.270857829600572586e-03
5.263026803731918335e-03
5.255140829831361771e-03
5.247193388640880585e-03
5.239180754870176315e-03
5.231097340583801270e-03
5.222939886152744293e-03
0.000000000000000000e+00
0.000000000000000000e+00
0.000000000000000000e+00
0.000000000000000000e+00
0.000000000000000000e+00
0.000000000000000000e+00
0.000000000000000000e+00
0.000000000000000000e+00
0.000000000000000000e+00
0.000000000000000000e+00
0.000000000000000000e+00
0.000000000000000000e+00
0.000000000000000000e+00
0.000000000000000000e+00
0.000000000000000000e+00
0.000000000000000000e+00
0.000000000000000000e+00
0.000000000000000000e+00
0.000000000000000000e+00
0.000000000000000000e+00
0.000000000000000000e+00
0.000000000000000000e+00
0.000000000000000000e+00
0.000000000000000000e+00
0.000000000000000000e+00
0.000000000000000000e+00
0.000000000000000000e+00
0.000000000000000000e+00
0.000000000000000000e+00
0.000000000000000000e+00
0.000000000000000000e+00
0.000000000000000000e+00
0.000000000000000000e+00
0.000000000000000000e+00
0.000000000000000000e+00
0.000000000000000000e+00
0.000000000000000000e+00
0.000000000000000000e+00
0.000000000000000000e+00
0.000000000000000000e+00
0.000000000000000000e+00
0.000000000000000000e+00
0.000000000000000000e+00
0.000000000000000000e+00
0.000000000000000000e+00
0.000000000000000000e+00
0.000000000000000000e+00
0.000000000000000000e+00
0.000000000000000000e+00
0.000000000000000000e+00
0.000000000000000000e+00
0.000000000000000000e+00
0.000000000000000000e+00
0.000000000000000000e+00
0.000000000000000000e+00
0.000000000000000000e+00
0.000000000000000000e+00
0.000000000000000000e+00
0.000000000000000000e+00
0.000000000000000000e+00
0.000000000000000000e+00
0.000000000000000000e+00
0.000000000000000000e+00
0.000000000000000000e+00
0.000000000000000000e+00
0.000000000000000000e+00
0.000000000000000000e+00
0.000000000000000000e+00
0.000000000000000000e+00
0.000000000000000000e+00
0.000000000000000000e+00
0.000000000000000000e+00
0.000000000000000000e+00
0.000000000000000000e+00
0.000000000000000000e+00
0.000000000000000000e+00
0.000000000000000000e+00
0.000000000000000000e+00
0.000000000000000000e+00
0.000000000000000000e+00
0.000000000000000000e+00
0.000000000000000000e+00
0.000000000000000000e+00
0.000000000000000000e+00
0.000000000000000000e+00
0.000000000000000000e+00
0.000000000000000000e+00
0.000000000000000000e+00
0.000000000000000000e+00
0.000000000000000000e+00
0.000000000000000000e+00
0.000000000000000000e+00
0.000000000000000000e+00
0.000000000000000000e+00
0.000000000000000000e+00
0.000000000000000000e+00
0.000000000000000000e+00
0.000000000000000000e+00
0.000000000000000000e+00
0.000000000000000000e+00
