# ee
1.684789173305034637e-02
3.602443635463714600e-02
5.381418392062187195e-02
6.532269716262817383e-02
6.837675720453262329e-02
6.350471824407577515e-02
5.314038321375846863e-02
4.051579907536506653e-02
2.864894643425941467e-02
1.963182725012302399e-02
1.453188899904489517e-02
1.265420299023389816e-02
1.347695291042327881e-02
1.566447690129280090e-02
1.779935322701931000e-02
1.917137019336223602e-02
1.919770799577236176e-02
1.794665120542049408e-02
1.575063169002532959e-02
1.308032404631376266e-02
1.048627961426973343e-02
8.340875618159770966e-03
6.879264488816261292e-03
6.137166172266006470e-03
6.031881552189588547e-03
6.370693910866975784e-03
6.971444468945264816e-03
7.689780090004205704e-03
8.422710001468658447e-03
9.155505336821079254e-03
9.895212016999721527e-03
1.069602463394403458e-02
1.162586547434329987e-02
1.271210983395576477e-02
1.397188566625118256e-02
1.538917794823646545e-02
1.694406941533088684e-02
1.860595121979713440e-02
2.034711278975009918e-02
2.215264178812503815e-02
2.403876371681690216e-02
2.602929621934890747e-02
2.813320420682430267e-02
3.036984056234359741e-02
3.275552764534950256e-02
3.528098762035369873e-02
3.793762996792793274e-02
4.069454967975616455e-02
4.351342469453811646e-02
4.635636135935783386e-02
4.931356385350227356e-02
5.254255235195159912e-02
5.604478344321250916e-02
5.980685353279113770e-02
6.369366496801376343e-02
6.760338693857192993e-02
7.155029475688934326e-02
7.557836174964904785e-02
7.974645495414733887e-02
8.415170013904571533e-02
8.877684175968170166e-02
9.357602894306182861e-02
9.855543076992034912e-02
1.036840453743934631e-01
1.088933274149894714e-01
1.142022460699081421e-01
1.196739450097084045e-01
1.252898275852203369e-01
1.311130374670028687e-01
1.371513754129409790e-01
1.433844715356826782e-01
1.497811675071716309e-01
1.563326120376586914e-01
1.630522459745407104e-01
1.699443757534027100e-01
1.770063489675521851e-01
1.842709630727767944e-01
1.916892975568771362e-01
1.992718130350112915e-01
2.069753706455230713e-01
2.148318439722061157e-01
2.228268682956695557e-01
2.309683561325073242e-01
2.392419725656509399e-01
2.476716339588165283e-01
2.562412917613983154e-01
2.649806141853332520e-01
2.738895714282989502e-01
2.829457819461822510e-01
2.921560406684875488e-01
3.015168607234954834e-01
3.110316991806030273e-01
3.206742107868194580e-01
3.304551839828491211e-01
3.403705656528472900e-01
3.504163324832916260e-01
3.605958819389343262e-01
3.708828091621398926e-01
3.812879621982574463e-01
3.918816149234771729e-01
4.025259613990783691e-01
4.133060872554779053e-01
4.242328405380249023e-01
4.352427124977111816e-01
4.464207887649536133e-01
4.576293826103210449e-01
4.689534902572631836e-01
4.803296625614166260e-01
4.917687177658081055e-01
5.033548474311828613e-01
5.150195360183715820e-01
5.267677903175354004e-01
5.385302901268005371e-01
5.504605174064636230e-01
5.623404979705810547e-01
5.742494463920593262e-01
5.863409638404846191e-01
5.984714031219482422e-01
6.104969978332519531e-01
6.227199435234069824e-01
6.348480582237243652e-01
6.469603776931762695e-01
6.591363549232482910e-01
6.713064908981323242e-01
6.835500597953796387e-01
6.957234144210815430e-01
7.079801559448242188e-01
7.201765179634094238e-01
7.323174476623535156e-01
7.445545792579650879e-01
7.567340135574340820e-01
7.689230442047119141e-01
7.811143398284912109e-01
7.932264804840087891e-01
8.052522540092468262e-01
8.172588944435119629e-01
8.291648030281066895e-01
8.411114215850830078e-01
8.528687953948974609e-01
8.645039796829223633e-01
8.760839104652404785e-01
8.876017332077026367e-01
8.989758491516113281e-01
9.103476405143737793e-01
9.214869737625122070e-01
9.326097965240478516e-01
9.435602426528930664e-01
9.544053077697753906e-01
9.652123451232910156e-01
9.758973717689514160e-01
9.863675236701965332e-01
9.967504143714904785e-01
1.007025122642517090e+00
1.017170548439025879e+00
1.027165651321411133e+00
1.036989808082580566e+00
1.046695947647094727e+00
1.056114792823791504e+00
1.065373659133911133e+00
1.074526190757751465e+00
1.083402514457702637e+00
1.092056155204772949e+00
1.100540518760681152e+00
1.108760118484497070e+00
1.116842627525329590e+00
1.124544143676757812e+00
1.132215380668640137e+00
1.139537930488586426e+00
1.146713972091674805e+00
1.153722286224365234e+00
1.160467743873596191e+00
1.166929244995117188e+00
1.173383235931396484e+00
1.179511427879333496e+00
1.185513138771057129e+00
1.191279888153076172e+00
1.196997880935668945e+00
1.202333450317382812e+00
1.207472324371337891e+00
1.212378263473510742e+00
1.217088460922241211e+00
1.221492171287536621e+00
1.225626826286315918e+00
1.229604244232177734e+00
1.233246803283691406e+00
1.236658692359924316e+00
1.239788532257080078e+00
1.242636680603027344e+00
1.245218396186828613e+00
1.247519373893737793e+00
1.249525070190429688e+00
1.251243352890014648e+00
1.252667427062988281e+00
1.253797411918640137e+00
1.254634141921997070e+00
1.255185127258300781e+00
1.255436301231384277e+00
1.255387783050537109e+00
1.255032777786254883e+00
1.254396438598632812e+00
1.253461837768554688e+00
1.252266168594360352e+00
1.250810027122497559e+00
1.249115705490112305e+00
1.247198700904846191e+00
1.245059132575988770e+00
1.242726922035217285e+00
1.240202665328979492e+00
1.237516164779663086e+00
1.234675049781799316e+00
1.231687307357788086e+00
1.228575468063354492e+00
1.225310087203979492e+00
1.222062230110168457e+00
1.218624353408813477e+00
1.215130329132080078e+00
1.211558341979980469e+00
1.207886338233947754e+00
1.204240798950195312e+00
1.200525522232055664e+00
1.196867227554321289e+00
1.193169474601745605e+00
1.189410448074340820e+00
1.185716509819030762e+00
1.182065844535827637e+00
1.178436279296875000e+00
1.174806118011474609e+00
1.171227335929870605e+00
1.167678236961364746e+00
1.164211034774780273e+00
1.160729169845581055e+00
1.157433867454528809e+00
1.154154419898986816e+00
1.150943040847778320e+00
1.147777795791625977e+00
1.144711017608642578e+00
1.141794919967651367e+00
1.138858914375305176e+00
1.135955333709716797e+00
1.133210778236389160e+00
1.130454540252685547e+00
1.127813339233398438e+00
1.125190854072570801e+00
1.122639179229736328e+00
1.120136499404907227e+00
1.117586374282836914e+00
1.115338325500488281e+00
1.112850308418273926e+00
1.110546112060546875e+00
1.108117580413818359e+00
1.105822563171386719e+00
1.103484034538269043e+00
1.101445317268371582e+00
1.099454998970031738e+00
1.097930669784545898e+00
1.096472501754760742e+00
1.095498085021972656e+00
1.094904661178588867e+00
1.094738245010375977e+00
1.094970583915710449e+00
1.095870494842529297e+00
1.097261190414428711e+00
1.099262833595275879e+00
1.101847052574157715e+00
1.105282902717590332e+00
1.109244585037231445e+00
1.114149928092956543e+00
1.119747519493103027e+00
1.126157522201538086e+00
1.133351922035217285e+00
1.141673684120178223e+00
1.150574326515197754e+00
1.160694360733032227e+00
1.171559572219848633e+00
1.183438897132873535e+00
1.196378231048583984e+00
1.210349321365356445e+00
1.225323796272277832e+00
1.241347432136535645e+00
1.258540749549865723e+00
1.276652574539184570e+00
1.295951485633850098e+00
1.316409230232238770e+00
1.338071942329406738e+00
1.360836625099182129e+00
1.384749531745910645e+00
1.409856677055358887e+00
1.436129331588745117e+00
1.463465213775634766e+00
1.492653012275695801e+00
1.522624254226684570e+00
1.553053379058837891e+00
1.585472226142883301e+00
1.618440866470336914e+00
1.653491258621215820e+00
1.688440084457397461e+00
1.725562572479248047e+00
1.764161586761474609e+00
1.802796840667724609e+00
1.843009233474731445e+00
1.884145140647888184e+00
1.927046060562133789e+00
1.971810340881347656e+00
2.017050266265869141e+00
2.063606977462768555e+00
2.111579179763793945e+00
2.162551403045654297e+00
2.213649272918701172e+00
2.265714168548583984e+00
2.321074247360229492e+00
2.376854896545410156e+00
2.434641122817993164e+00
2.494530677795410156e+00
2.555136442184448242e+00
2.618042230606079102e+00
2.681860446929931641e+00
2.748918533325195312e+00
2.817085742950439453e+00
2.887203454971313477e+00
2.960113048553466797e+00
3.033683061599731445e+00
3.109498977661132812e+00
3.188401460647583008e+00
3.266773462295532227e+00
3.349171638488769531e+00
3.433465480804443359e+00
3.519010305404663086e+00
3.607389450073242188e+00
3.697216510772705078e+00
3.789332151412963867e+00
3.884577512741088867e+00
3.981564998626708984e+00
4.081135749816894531e+00
4.181901931762695312e+00
4.285448551177978516e+00
4.391873359680175781e+00
4.499788284301757812e+00
4.611521244049072266e+00
4.724941253662109375e+00
4.840146064758300781e+00
4.959463596343994141e+00
5.080019950866699219e+00
5.203399181365966797e+00
5.328956604003906250e+00
5.458277225494384766e+00
5.589229106903076172e+00
5.722653388977050781e+00
5.859393119812011719e+00
5.998058319091796875e+00
6.140225887298583984e+00
6.285208702087402344e+00
6.432311058044433594e+00
6.582322597503662109e+00
6.735291004180908203e+00
6.891263961791992188e+00
7.049545288085937500e+00
7.209438323974609375e+00
7.372477531433105469e+00
7.538709640502929688e+00
7.707439422607421875e+00
7.878714561462402344e+00
8.053323745727539062e+00
8.229085922241210938e+00
8.408277511596679688e+00
8.590204238891601562e+00
8.773424148559570312e+00
8.960215568542480469e+00
9.149882316589355469e+00
9.341729164123535156e+00
9.535801887512207031e+00
9.732892036437988281e+00
9.932304382324218750e+00
1.013482761383056641e+01
1.033976650238037109e+01
1.054791164398193359e+01
1.075782394409179688e+01
1.097029304504394531e+01
1.118611145019531250e+01
1.140532398223876953e+01
1.162426280975341797e+01
1.184817790985107422e+01
1.207414436340332031e+01
1.230220794677734375e+01
1.253464508056640625e+01
1.276927566528320312e+01
1.300614547729492188e+01
1.324604415893554688e+01
1.348679161071777344e+01
1.373363494873046875e+01
1.398216533660888672e+01
1.423539829254150391e+01
1.449041271209716797e+01
1.474874019622802734e+01
1.500968456268310547e+01
1.527403640747070312e+01
1.554184341430664062e+01
1.581240844726562500e+01
1.608652496337890625e+01
1.636423683166503906e+01
1.664482688903808594e+01
1.692823982238769531e+01
1.721587753295898438e+01
1.750617408752441406e+01
1.779904937744140625e+01
1.809591102600097656e+01
1.839518928527832031e+01
1.869754981994628906e+01
1.900365447998046875e+01
1.931118965148925781e+01
1.962230873107910156e+01
1.993618774414062500e+01
2.025274467468261719e+01
2.057189941406250000e+01
2.089431571960449219e+01
2.121842575073242188e+01
2.154563522338867188e+01
2.187363433837890625e+01
2.220531654357910156e+01
2.253985786437988281e+01
2.287643432617187500e+01
2.321496582031250000e+01
2.355537033081054688e+01
2.389831352233886719e+01
2.424296951293945312e+01
2.459074401855468750e+01
2.494007301330566406e+01
2.529161453247070312e+01
2.564529418945312500e+01
2.600176811218261719e+01
2.635947608947753906e+01
2.671907806396484375e+01
2.708197975158691406e+01
2.744586753845214844e+01
2.781289672851562500e+01
2.818149948120117188e+01
2.855159378051757812e+01
2.892384147644042969e+01
2.929890823364257812e+01
2.967522430419921875e+01
3.005345535278320312e+01
3.043351745605468750e+01
3.081607818603515625e+01
3.120105171203613281e+01
3.158613204956054688e+01
3.197495460510253906e+01
3.236595153808593750e+01
3.275755310058593750e+01
3.315191650390625000e+01
3.354895401000976562e+01
3.394709014892578125e+01
3.434766769409179688e+01
3.475052642822265625e+01
3.515476989746093750e+01
3.556098937988281250e+01
3.596828079223632812e+01
3.637797927856445312e+01
3.678917694091796875e+01
3.720247268676757812e+01
3.761621475219726562e+01
3.803174209594726562e+01
3.844814682006835938e+01
3.886676788330078125e+01
3.928669738769531250e+01
3.970778656005859375e+01
4.012913131713867188e+01
4.055206680297851562e+01
4.097643661499023438e+01
4.140059661865234375e+01
4.182661819458007812e+01
4.225434875488281250e+01
4.268214797973632812e+01
4.311059951782226562e+01
4.354029464721679688e+01
4.396958923339843750e+01
4.440055465698242188e+01
4.483154678344726562e+01
4.526242065429687500e+01
4.569449615478515625e+01
4.612688064575195312e+01
4.655941390991210938e+01
4.699268722534179688e+01
4.742579650878906250e+01
4.785933303833007812e+01
4.829240036010742188e+01
4.872632598876953125e+01
4.916020584106445312e+01
4.959315109252929688e+01
5.002648925781250000e+01
5.046005630493164062e+01
5.089296722412109375e+01
5.132579803466796875e+01
5.175691223144531250e+01
5.218912506103515625e+01
5.262005615234375000e+01
5.305102157592773438e+01
5.348114013671875000e+01
5.390950775146484375e+01
5.433819198608398438e+01
5.476481246948242188e+01
5.519145584106445312e+01
5.561726760864257812e+01
5.604140853881835938e+01
5.646454238891601562e+01
5.688729858398437500e+01
5.730900573730468750e+01
5.772925949096679688e+01
5.814900970458984375e+01
5.856719589233398438e+01
5.898439788818359375e+01
5.940021133422851562e+01
5.981499481201171875e+01
6.022843933105468750e+01
6.064073562622070312e+01
6.105171585083007812e+01
6.146137237548828125e+01
6.186974334716796875e+01
6.227659225463867188e+01
6.268204879760742188e+01
6.308594512939453125e+01
6.348825836181640625e+01
6.388912200927734375e+01
6.428828430175781250e+01
6.468566131591796875e+01
6.508129882812500000e+01
6.547510528564453125e+01
6.586698913574218750e+01
6.625685119628906250e+01
6.664489746093750000e+01
6.703081512451171875e+01
6.741442108154296875e+01
6.779593658447265625e+01
6.817510986328125000e+01
6.855191802978515625e+01
6.892634582519531250e+01
6.929814147949218750e+01
6.966729736328125000e+01
7.003386688232421875e+01
7.039744567871093750e+01
7.075840759277343750e+01
7.111618804931640625e+01
7.147092437744140625e+01
7.182260894775390625e+01
7.217098236083984375e+01
7.251596069335937500e+01
7.285721588134765625e+01
7.319489288330078125e+01
7.352888488769531250e+01
7.385910034179687500e+01
7.418544769287109375e+01
7.450785064697265625e+01
7.482633972167968750e+01
7.513947296142578125e+01
7.545027160644531250e+01
7.575654602050781250e+01
7.605908966064453125e+01
7.635720825195312500e+01
7.665243530273437500e+01
7.694258880615234375e+01
7.722846221923828125e+01
7.751083374023437500e+01
7.778976440429687500e+01
7.806379699707031250e+01
7.833522796630859375e+01
7.860111999511718750e+01
7.886375427246093750e+01
7.912168884277343750e+01
7.937644958496093750e+01
7.962735748291015625e+01
7.987370300292968750e+01
8.011628723144531250e+01
8.035440063476562500e+01
8.058809661865234375e+01
8.081816864013671875e+01
8.104317474365234375e+01
8.126464080810546875e+01
8.148188781738281250e+01
8.169419860839843750e+01
8.190312957763671875e+01
8.210721588134765625e+01
8.230651855468750000e+01
8.250183868408203125e+01
8.269245910644531250e+01
8.287844085693359375e+01
8.305982208251953125e+01
8.323590850830078125e+01
8.340823364257812500e+01
8.357537078857421875e+01
8.373809814453125000e+01
8.389496612548828125e+01
8.404827117919921875e+01
8.419507598876953125e+01
8.433840942382812500e+01
8.447607421875000000e+01
8.460738372802734375e+01
8.473536682128906250e+01
8.485559844970703125e+01
8.497183990478515625e+01
8.508266448974609375e+01
8.518810272216796875e+01
8.528822326660156250e+01
8.538166046142578125e+01
8.547076416015625000e+01
8.555342864990234375e+01
8.563052368164062500e+01
8.570218658447265625e+01
8.576853179931640625e+01
8.582969665527343750e+01
8.588432312011718750e+01
8.593326568603515625e+01
8.597740936279296875e+01
8.601686859130859375e+01
8.604807281494140625e+01
8.607559967041015625e+01
8.609659576416015625e+01
8.611342620849609375e+01
8.612472534179687500e+01
8.613063049316406250e+01
8.613199615478515625e+01
8.612598419189453125e+01
8.611570739746093750e+01
8.609978485107421875e+01
8.607761383056640625e+01
8.605005645751953125e+01
8.601725006103515625e+01
8.597931671142578125e+01
8.593563079833984375e+01
8.588633728027343750e+01
8.583155059814453125e+01
8.577140045166015625e+01
8.570600891113281250e+01
8.563476562500000000e+01
8.555928039550781250e+01
8.547671508789062500e+01
8.539016723632812500e+01
8.529901885986328125e+01
8.520041656494140625e+01
8.509820556640625000e+01
8.498954772949218750e+01
8.487679290771484375e+01
8.475858306884765625e+01
8.463430786132812500e+01
8.450631713867187500e+01
8.437102508544921875e+01
8.423152923583984375e+01
8.408720397949218750e+01
8.393745422363281250e+01
8.378312683105468750e+01
8.362288665771484375e+01
8.345758056640625000e+01
8.328882598876953125e+01
8.311447906494140625e+01
8.293386840820312500e+01
8.274932098388671875e+01
8.256015014648437500e+01
8.236570739746093750e+01
8.216606140136718750e+01
8.196204376220703125e+01
8.175298309326171875e+01
8.153823089599609375e+01
8.131858062744140625e+01
8.109488677978515625e+01
8.086646270751953125e+01
8.063190460205078125e+01
8.039278411865234375e+01
8.014916992187500000e+01
7.990041351318359375e+01
7.964733123779296875e+01
7.938924407958984375e+01
7.912625885009765625e+01
7.885991668701171875e+01
7.858732604980468750e+01
7.831156158447265625e+01
7.803044891357421875e+01
7.774481201171875000e+01
7.745474243164062500e+01
7.716030883789062500e+01
7.686084747314453125e+01
7.655792999267578125e+01
7.625089263916015625e+01
7.593906402587890625e+01
7.562252807617187500e+01
7.530358123779296875e+01
7.497860717773437500e+01
7.465064239501953125e+01
7.431828308105468750e+01
7.398310089111328125e+01
7.364292907714843750e+01
7.329935455322265625e+01
7.295317840576171875e+01
7.260152435302734375e+01
7.224816894531250000e+01
7.189098358154296875e+01
7.153002166748046875e+01
7.116761779785156250e+01
7.080085754394531250e+01
7.043131256103515625e+01
7.005832672119140625e+01
6.968345642089843750e+01
6.930528259277343750e+01
6.892463684082031250e+01
6.854222869873046875e+01
6.815655517578125000e+01
6.776908111572265625e+01
6.737828063964843750e+01
6.698561859130859375e+01
6.659032440185546875e+01
6.619311523437500000e+01
6.579322052001953125e+01
6.539061737060546875e+01
6.498600769042968750e+01
6.457937622070312500e+01
6.416995239257812500e+01
6.375918579101562500e+01
6.334556961059570312e+01
6.292982482910156250e+01
6.251265716552734375e+01
6.209330368041992188e+01
6.167024230957031250e+01
6.124642944335937500e+01
6.082182693481445312e+01
6.039418411254882812e+01
5.996569824218750000e+01
5.953486251831054688e+01
5.910313415527343750e+01
5.867122650146484375e+01
5.823613739013671875e+01
5.779858016967773438e+01
5.736076736450195312e+01
5.692192459106445312e+01
5.648053359985351562e+01
5.604028320312500000e+01
5.559743499755859375e+01
5.515418624877929688e+01
5.470902633666992188e+01
5.426340484619140625e+01
5.381805419921875000e+01
5.337219238281250000e+01
5.292504882812500000e+01
5.247734069824218750e+01
5.202829742431640625e+01
5.158160781860351562e+01
5.113501358032226562e+01
5.068700027465820312e+01
5.023902893066406250e+01
4.979181289672851562e+01
4.934383773803710938e+01
4.889730834960937500e+01
4.844921875000000000e+01
4.800326538085937500e+01
4.755717849731445312e+01
4.711312866210937500e+01
4.666808319091796875e+01
4.622494506835937500e+01
4.578216934204101562e+01
4.534043121337890625e+01
4.490040206909179688e+01
4.446054077148437500e+01
4.402152633666992188e+01
4.358402633666992188e+01
4.314799118041992188e+01
4.271334075927734375e+01
4.228076553344726562e+01
4.184870529174804688e+01
4.141784667968750000e+01
4.098960494995117188e+01
4.056317520141601562e+01
4.013774490356445312e+01
3.971325302124023438e+01
3.929187011718750000e+01
3.887203216552734375e+01
3.845442962646484375e+01
3.803898620605468750e+01
3.762564849853515625e+01
3.721434402465820312e+01
3.680575180053710938e+01
3.639906692504882812e+01
3.599496459960937500e+01
3.559338378906250000e+01
3.519276809692382812e+01
3.479676818847656250e+01
3.440235519409179688e+01
3.401094436645507812e+01
3.362246704101562500e+01
3.323611831665039062e+01
3.285258102416992188e+01
3.247252655029296875e+01
3.209440612792968750e+01
3.171816062927246094e+01
3.134743118286132812e+01
3.097844123840332031e+01
3.061335945129394531e+01
3.025211334228515625e+01
2.989389801025390625e+01
2.953790664672851562e+01
2.918630409240722656e+01
2.883679199218750000e+01
2.849153900146484375e+01
2.814973640441894531e+01
2.781057357788085938e+01
2.747548484802246094e+01
2.714371681213378906e+01
2.681452178955078125e+01
2.649012947082519531e+01
2.616905212402343750e+01
2.585128974914550781e+01
2.553832817077636719e+01
2.522941970825195312e+01
2.492456817626953125e+01
2.462376976013183594e+01
2.432702255249023438e+01
2.403581428527832031e+01
2.374717140197753906e+01
2.346406173706054688e+01
2.318500328063964844e+01
2.291073226928710938e+01
2.264051246643066406e+01
2.237582206726074219e+01
2.211517715454101562e+01
2.185931968688964844e+01
2.160750579833984375e+01
2.136196327209472656e+01
2.112046241760253906e+01
2.088448715209960938e+01
2.065255355834960938e+01
2.042688751220703125e+01
2.020525932312011719e+01
1.998915481567382812e+01
1.977857208251953125e+01
1.957276916503906250e+01
1.937174415588378906e+01
1.917549514770507812e+01
1.898476600646972656e+01
1.879881477355957031e+01
1.861912155151367188e+01
1.844346046447753906e+01
1.827331542968750000e+01
1.810868453979492188e+01
1.794882774353027344e+01
1.779522705078125000e+01
1.764565086364746094e+01
1.750084877014160156e+01
1.736155319213867188e+01
1.722777175903320312e+01
1.709801292419433594e+01
1.697525024414062500e+01
1.685576629638671875e+01
1.674179077148437500e+01
1.663257789611816406e+01
1.652887153625488281e+01
1.642994117736816406e+01
1.633660888671875000e+01
1.624748039245605469e+01
1.616413307189941406e+01
1.608591270446777344e+01
1.601143074035644531e+01
1.594300174713134766e+01
1.588146591186523438e+01
1.582245445251464844e+01
1.576977348327636719e+01
1.572277545928955078e+01
1.568080425262451172e+01
1.564469814300537109e+01
1.561306190490722656e+01
1.558747386932373047e+01
1.556728172302246094e+01
1.555331993103027344e+01
1.554419612884521484e+01
1.554074287414550781e+01
1.554231071472167969e+01
1.554973411560058594e+01
1.556310558319091797e+01
1.558177089691162109e+01
1.560656738281250000e+01
1.563535690307617188e+01
1.567120552062988281e+01
1.571197128295898438e+01
1.575774955749511719e+01
1.581011962890625000e+01
1.586768150329589844e+01
1.592979049682617188e+01
1.599802017211914062e+01
1.607246589660644531e+01
1.615098571777343750e+01
1.623590469360351562e+01
1.632657051086425781e+01
1.642158699035644531e+01
1.652328109741210938e+01
1.662876701354980469e+01
1.674110984802246094e+01
1.685817527770996094e+01
1.698005294799804688e+01
1.710832214355468750e+01
1.724084472656250000e+01
1.737845802307128906e+01
1.752199745178222656e+01
1.767081069946289062e+01
1.782424545288085938e+01
1.798314094543457031e+01
1.814684486389160156e+01
1.831544494628906250e+01
1.848901939392089844e+01
1.866763687133789062e+01
1.885062980651855469e+01
1.903955268859863281e+01
1.923225021362304688e+01
1.942953872680664062e+01
1.963148689270019531e+01
1.983817100524902344e+01
2.005040168762207031e+01
2.026528167724609375e+01
2.048585510253906250e+01
2.070996665954589844e+01
2.093842887878417969e+01
2.117131614685058594e+01
2.140795707702636719e+01
2.164990997314453125e+01
2.189501953125000000e+01
2.214410018920898438e+01
2.239722442626953125e+01
2.265446472167968750e+01
2.291515541076660156e+01
2.317936134338378906e+01
2.344790458679199219e+01
2.371936798095703125e+01
2.399531364440917969e+01
2.427432632446289062e+01
2.455722427368164062e+01
2.484333229064941406e+01
2.513198471069335938e+01
2.542548179626464844e+01
2.572092628479003906e+01
2.601987648010253906e+01
2.632314491271972656e+01
2.662858009338378906e+01
2.693699455261230469e+01
2.724920654296875000e+01
2.756454658508300781e+01
2.788159942626953125e+01
2.820266723632812500e+01
2.852633857727050781e+01
2.885268402099609375e+01
2.918177986145019531e+01
2.951369476318359375e+01
2.984776115417480469e+01
3.018553924560546875e+01
3.052561378479003906e+01
3.086954307556152344e+01
3.121442985534667969e+01
3.156257057189941406e+01
3.191403198242187500e+01
3.226805877685546875e+01
3.262314605712890625e+01
3.298150634765625000e+01
3.334163665771484375e+01
3.370425415039062500e+01
3.406785964965820312e+01
3.443317031860351562e+01
3.480165863037109375e+01
3.517107391357421875e+01
3.554213333129882812e+01
3.591482162475585938e+01
3.628912353515625000e+01
3.666427230834960938e+01
3.704098892211914062e+01
3.741925811767578125e+01
3.779905319213867188e+01
3.817813110351562500e+01
3.855870056152343750e+01
3.894073867797851562e+01
3.932348251342773438e+01
3.970617294311523438e+01
4.008953094482421875e+01
4.047427749633789062e+01
4.085965347290039062e+01
4.124414825439453125e+01
4.162997817993164062e+01
4.201636886596679688e+01
4.240330886840820312e+01
4.279003524780273438e+01
4.317578125000000000e+01
4.356349945068359375e+01
4.395094299316406250e+01
4.433660125732421875e+01
4.472417831420898438e+01
4.511141586303710938e+01
4.549830245971679688e+01
4.588629531860351562e+01
4.627315521240234375e+01
4.666331481933593750e+01
4.705006408691406250e+01
4.743710708618164062e+01
4.782367324829101562e+01
4.821123504638671875e+01
4.859828186035156250e+01
4.898331069946289062e+01
4.937076568603515625e+01
4.975690460205078125e+01
5.014319992065429688e+01
5.052962875366210938e+01
5.091540527343750000e+01
5.130039978027343750e+01
5.168594741821289062e+01
5.207040405273437500e+01
5.245436477661132812e+01
5.283692550659179688e+01
5.321867752075195312e+01
5.359946441650390625e+01
5.397914123535156250e+01
5.435829162597656250e+01
5.473675537109375000e+01
5.511290359497070312e+01
5.548880767822265625e+01
5.586209106445312500e+01
5.623481750488281250e+01
5.660462188720703125e+01
5.697355651855468750e+01
5.733926010131835938e+01
5.770454406738281250e+01
5.806553268432617188e+01
5.842505264282226562e+01
5.878295516967773438e+01
5.913759994506835938e+01
5.948956680297851562e+01
5.984019851684570312e+01
6.018711090087890625e+01
6.053311538696289062e+01
6.087584686279296875e+01
6.121513366699218750e+01
6.155232238769531250e+01
6.188651275634765625e+01
6.221606063842773438e+01
6.254379272460937500e+01
6.286955261230468750e+01
6.319095611572265625e+01
6.350860214233398438e+01
6.382381057739257812e+01
6.413643646240234375e+01
6.444483184814453125e+01
6.474960327148437500e+01
6.505207061767578125e+01
6.534985351562500000e+01
6.564427947998046875e+01
6.593447113037109375e+01
6.622322845458984375e+01
6.650668334960937500e+01
6.678617858886718750e+01
6.706228637695312500e+01
6.733487701416015625e+01
6.760303497314453125e+01
6.786736297607421875e+01
6.812771606445312500e+01
6.838395690917968750e+01
6.863669586181640625e+01
6.888578796386718750e+01
6.913037109375000000e+01
6.937103271484375000e+01
6.960838317871093750e+01
6.984081268310546875e+01
7.006890869140625000e+01
7.029403686523437500e+01
7.051456451416015625e+01
7.073108673095703125e+01
7.094349670410156250e+01
7.115088653564453125e+01
7.135462188720703125e+01
7.155455780029296875e+01
7.174981689453125000e+01
7.194173431396484375e+01
7.212796020507812500e+01
7.231132507324218750e+01
7.248947143554687500e+01
7.266372680664062500e+01
7.283396148681640625e+01
7.299855804443359375e+01
7.315961456298828125e+01
7.331623077392578125e+01
7.346902465820312500e+01
7.361637115478515625e+01
7.375887298583984375e+01
7.389862823486328125e+01
7.403326416015625000e+01
7.416264343261718750e+01
7.428810882568359375e+01
7.440879058837890625e+01
7.452529907226562500e+01
7.463748168945312500e+01
7.474297332763671875e+01
7.484535980224609375e+01
7.494301605224609375e+01
7.503505706787109375e+01
7.512208557128906250e+01
7.520546722412109375e+01
7.528281402587890625e+01
7.535697174072265625e+01
7.542408752441406250e+01
7.548699951171875000e+01
7.554556274414062500e+01
7.559889221191406250e+01
7.564761352539062500e+01
7.569010162353515625e+01
7.572781372070312500e+01
7.576069641113281250e+01
7.578948211669921875e+01
7.581264495849609375e+01
7.583016967773437500e+01
7.584349060058593750e+01
7.585111999511718750e+01
7.585225677490234375e+01
7.585134887695312500e+01
7.584539031982421875e+01
7.583435058593750000e+01
7.581968688964843750e+01
7.579913330078125000e+01
7.577490234375000000e+01
7.574621582031250000e+01
7.571304321289062500e+01
7.567610168457031250e+01
7.563386535644531250e+01
7.558779907226562500e+01
7.553713989257812500e+01
7.548184967041015625e+01
7.542337036132812500e+01
7.535946655273437500e+01
7.529158020019531250e+01
7.521968841552734375e+01
7.514302062988281250e+01
7.506302642822265625e+01
7.497894287109375000e+01
7.488997650146484375e+01
7.479686737060546875e+01
7.469956970214843750e+01
7.459880065917968750e+01
7.449304962158203125e+01
7.438301849365234375e+01
7.426942443847656250e+01
7.415075683593750000e+01
7.402921295166015625e+01
7.390178680419921875e+01
7.377143096923828125e+01
7.363512420654296875e+01
7.349583435058593750e+01
7.335127258300781250e+01
7.320217895507812500e+01
7.304999542236328125e+01
7.289247131347656250e+01
7.273104095458984375e+01
7.256421661376953125e+01
7.239344024658203125e+01
7.221793365478515625e+01
7.203769683837890625e+01
7.185282135009765625e+01
7.166415405273437500e+01
7.147106933593750000e+01
7.127368164062500000e+01
7.107135009765625000e+01
7.086494445800781250e+01
7.065531158447265625e+01
7.044107818603515625e+01
7.022384643554687500e+01
7.000223541259765625e+01
6.977710723876953125e+01
6.954856109619140625e+01
6.931672668457031250e+01
6.908096313476562500e+01
6.884212493896484375e+01
6.859958648681640625e+01
6.835419464111328125e+01
6.810533142089843750e+01
6.785309600830078125e+01
6.759834289550781250e+01
6.734044647216796875e+01
6.707952117919921875e+01
6.681493377685546875e+01
6.654753112792968750e+01
6.627743530273437500e+01
6.600550079345703125e+01
6.572959899902343750e+01
6.545283508300781250e+01
6.517306518554687500e+01
6.488967132568359375e+01
6.460425567626953125e+01
6.431618499755859375e+01
6.402481842041015625e+01
6.373250961303710938e+01
6.343712615966796875e+01
6.313954162597656250e+01
6.283910369873046875e+01
6.253668594360351562e+01
6.223164749145507812e+01
6.192484283447265625e+01
6.161564254760742188e+01
6.130415344238281250e+01
6.099049377441406250e+01
6.067477416992187500e+01
6.035784530639648438e+01
6.003759002685546875e+01
5.971561431884765625e+01
5.939127349853515625e+01
5.906542968750000000e+01
5.873671722412109375e+01
5.840750885009765625e+01
5.807573699951171875e+01
5.774229431152343750e+01
5.740586090087890625e+01
5.706881332397460938e+01
5.672982788085937500e+01
5.638980484008789062e+01
5.604740905761718750e+01
5.570354461669921875e+01
5.535910797119140625e+01
5.501277542114257812e+01
5.466469955444335938e+01
5.431651687622070312e+01
5.396616363525390625e+01
5.361528015136718750e+01
5.326327896118164062e+01
5.291106033325195312e+01
5.255654907226562500e+01
5.220138931274414062e+01
5.184499740600585938e+01
5.148900985717773438e+01
5.113209915161132812e+01
5.077294158935546875e+01
5.041465377807617188e+01
5.005517196655273438e+01
4.969539642333984375e+01
4.933547592163085938e+01
4.897483062744140625e+01
4.861361312866210938e+01
4.825272750854492188e+01
4.789083480834960938e+01
4.753033447265625000e+01
4.716839981079101562e+01
4.680741500854492188e+01
4.644531631469726562e+01
4.608373641967773438e+01
4.572283935546875000e+01
4.536128997802734375e+01
4.500073623657226562e+01
4.463984298706054688e+01
4.428099822998046875e+01
4.392064285278320312e+01
4.356264877319335938e+01
4.320494079589843750e+01
4.284693527221679688e+01
4.249027252197265625e+01
4.213436889648437500e+01
4.178086090087890625e+01
4.142693710327148438e+01
4.107348632812500000e+01
4.072282791137695312e+01
4.037207412719726562e+01
4.002205657958984375e+01
3.967433547973632812e+01
3.932677078247070312e+01
3.898093032836914062e+01
3.863541412353515625e+01
3.829178619384765625e+01
3.794864654541015625e+01
3.760756683349609375e+01
3.726788330078125000e+01
3.692893600463867188e+01
3.659154891967773438e+01
3.625507354736328125e+01
3.592032241821289062e+01
3.558589935302734375e+01
3.525485992431640625e+01
3.492282485961914062e+01
3.459285736083984375e+01
3.426503372192382812e+01
3.393869400024414062e+01
3.361318206787109375e+01
3.328857803344726562e+01
3.296645355224609375e+01
3.264614868164062500e+01
3.232774734497070312e+01
3.201058578491210938e+01
3.169474792480468750e+01
3.138180732727050781e+01
3.107036018371582031e+01
3.076048660278320312e+01
3.045301628112792969e+01
3.014728546142578125e+01
2.984412002563476562e+01
2.954212570190429688e+01
2.924286270141601562e+01
2.894567489624023438e+01
2.865139007568359375e+01
2.835860061645507812e+01
2.806888198852539062e+01
2.778008270263671875e+01
2.749600601196289062e+01
2.721376037597656250e+01
2.693417358398437500e+01
2.665806961059570312e+01
2.638479232788085938e+01
2.611442375183105469e+01
2.584704780578613281e+01
2.558200263977050781e+01
2.532158279418945312e+01
2.506354522705078125e+01
2.480859756469726562e+01
2.455744934082031250e+01
2.430858230590820312e+01
2.406418800354003906e+01
2.382200813293457031e+01
2.358274650573730469e+01
2.334563255310058594e+01
2.311285400390625000e+01
2.288289642333984375e+01
2.265646743774414062e+01
2.243204498291015625e+01
2.221108436584472656e+01
2.199355125427246094e+01
2.177792358398437500e+01
2.156714248657226562e+01
2.135745811462402344e+01
2.115106391906738281e+01
2.094792747497558594e+01
2.074876022338867188e+01
2.055055236816406250e+01
2.035624504089355469e+01
2.016506004333496094e+01
1.997696495056152344e+01
1.979192352294921875e+01
1.961065101623535156e+01
1.943236541748046875e+01
1.925628852844238281e+01
1.908313751220703125e+01
1.891361427307128906e+01
1.874694633483886719e+01
1.858309745788574219e+01
1.842352294921875000e+01
1.826595878601074219e+01
1.811260032653808594e+01
1.796118545532226562e+01
1.781390762329101562e+01
1.766925239562988281e+01
1.752866935729980469e+01
1.739212417602539062e+01
1.725809860229492188e+01
1.712730407714843750e+01
1.699970245361328125e+01
1.687675094604492188e+01
1.675618553161621094e+01
1.663945960998535156e+01
1.652653884887695312e+01
1.641590499877929688e+01
1.631049537658691406e+01
1.620803833007812500e+01
1.610918807983398438e+01
1.601533508300781250e+01
1.592414760589599609e+01
1.583627319335937500e+01
1.575309753417968750e+01
1.567229461669921875e+01
1.559525012969970703e+01
1.552186870574951172e+01
1.545353603363037109e+01
1.538643836975097656e+01
1.532345199584960938e+01
1.526373195648193359e+01
1.520792579650878906e+01
1.515519046783447266e+01
1.510542869567871094e+01
1.505854129791259766e+01
1.501665973663330078e+01
1.497671413421630859e+01
1.494083595275878906e+01
1.490818309783935547e+01
1.487865829467773438e+01
1.485290336608886719e+01
1.483008193969726562e+01
1.481009101867675781e+01
1.479358100891113281e+01
1.478119277954101562e+01
1.476985740661621094e+01
1.476393508911132812e+01
1.475887107849121094e+01
1.475827980041503906e+01
1.476057910919189453e+01
1.476567268371582031e+01
1.477420139312744141e+01
1.478532791137695312e+01
1.479969596862792969e+01
1.481720829010009766e+01
1.483702564239501953e+01
1.485978889465332031e+01
1.488614749908447266e+01
1.491526031494140625e+01
1.494702625274658203e+01
1.498209476470947266e+01
1.501962184906005859e+01
1.505951213836669922e+01
1.510315322875976562e+01
1.514896202087402344e+01
1.519683933258056641e+01
1.524891853332519531e+01
1.530287361145019531e+01
1.535860729217529297e+01
1.541827392578125000e+01
1.548031139373779297e+01
1.554539203643798828e+01
1.561194896697998047e+01
1.568214321136474609e+01
1.575441074371337891e+01
1.582868003845214844e+01
1.590636253356933594e+01
1.598589611053466797e+01
1.606795120239257812e+01
1.615319633483886719e+01
1.624081611633300781e+01
1.633073234558105469e+01
1.642287445068359375e+01
1.651791191101074219e+01
1.661428260803222656e+01
1.671339988708496094e+01
1.681518745422363281e+01
1.691957473754882812e+01
1.702574348449707031e+01
1.713435935974121094e+01
1.724535560607910156e+01
1.735865211486816406e+01
1.747417640686035156e+01
1.759185791015625000e+01
1.771161842346191406e+01
1.783264350891113281e+01
1.795708847045898438e+01
1.808264732360839844e+01
1.820999336242675781e+01
1.833979225158691406e+01
1.847122955322265625e+01
1.860497665405273438e+01
1.873946952819824219e+01
1.887612152099609375e+01
1.901485824584960938e+01
1.915412330627441406e+01
1.929606819152832031e+01
1.943913459777832031e+01
1.958324813842773438e+01
1.972908020019531250e+01
1.987729835510253906e+01
2.002560043334960938e+01
2.017614173889160156e+01
2.032662010192871094e+01
2.047918891906738281e+01
2.063303375244140625e+01
2.078659439086914062e+01
2.094202613830566406e+01
2.109852409362792969e+01
2.125532913208007812e+01
2.141317749023437500e+01
2.157206726074218750e+01
2.173124885559082031e+01
2.189220428466796875e+01
2.205270385742187500e+01
2.221496391296386719e+01
2.237749862670898438e+01
2.254179191589355469e+01
2.270486259460449219e+01
2.286967849731445312e+01
2.303549385070800781e+01
2.320156097412109375e+01
2.336861801147460938e+01
2.353665924072265625e+01
2.370493888854980469e+01
2.387419319152832031e+01
2.404367828369140625e+01
2.421338462829589844e+01
2.438479804992675781e+01
2.455642700195312500e+01
2.472826385498046875e+01
2.490030860900878906e+01
2.507255363464355469e+01
2.524573898315429688e+01
2.541911697387695312e+01
2.559268188476562500e+01
2.576717567443847656e+01
2.594184494018554688e+01
2.611594772338867188e+01
2.629096412658691406e+01
2.646614456176757812e+01
2.664074134826660156e+01
2.681549644470214844e+01
2.699114799499511719e+01
2.716545867919921875e+01
2.734065437316894531e+01
2.751599121093750000e+01
2.768997573852539062e+01
2.786408615112304688e+01
2.803832626342773438e+01
2.821120071411132812e+01
2.838418579101562500e+01
2.855728530883789062e+01
2.872974967956542969e+01
2.890082740783691406e+01
2.907200622558593750e+01
2.924179267883300781e+01
2.941166305541992188e+01
2.958014297485351562e+01
2.974800300598144531e+01
2.991528701782226562e+01
3.008129692077636719e+01
3.024680900573730469e+01
3.041112899780273438e+01
3.057503700256347656e+01
3.073783683776855469e+01
3.089882087707519531e+01
3.106026458740234375e+01
3.121997642517089844e+01
3.137874412536621094e+01
3.153660202026367188e+01
3.169434547424316406e+01
3.185052108764648438e+01
3.200517272949218750e+01
3.215908813476562500e+01
3.231230545043945312e+01
3.246337890625000000e+01
3.261384201049804688e+01
3.276372146606445312e+01
3.291159057617187500e+01
3.305822372436523438e+01
3.320440292358398438e+01
3.334943771362304688e+01
3.349261474609375000e+01
3.363397979736328125e+01
3.377505874633789062e+01
3.391440963745117188e+01
3.405206680297851562e+01
3.418882369995117188e+01
3.432472229003906250e+01
3.445830535888671875e+01
3.459110641479492188e+01
3.472243118286132812e+01
3.485157012939453125e+01
3.498004531860351562e+01
3.510716629028320312e+01
3.523148345947265625e+01
3.535451889038085938e+01
3.547706604003906250e+01
3.559767532348632812e+01
3.571564102172851562e+01
3.583324050903320312e+01
3.594828033447265625e+01
3.606154632568359375e+01
3.617382049560546875e+01
3.628440856933593750e+01
3.639259719848632812e+01
3.649918365478515625e+01
3.660419845581054688e+01
3.670692825317382812e+01
3.680889892578125000e+01
3.690938949584960938e+01
3.700694656372070312e+01
3.710234832763671875e+01
3.719636154174804688e+01
3.728902435302734375e+01
3.737813568115234375e+01
3.746669006347656250e+01
3.755250167846679688e+01
3.763707351684570312e+01
3.771896362304687500e+01
3.779967498779296875e+01
3.787702178955078125e+01
3.795325851440429688e+01
3.802543640136718750e+01
3.809805679321289062e+01
3.816742324829101562e+01
3.823580551147460938e+01
3.830322647094726562e+01
3.836600494384765625e+01
3.842788696289062500e+01
3.848666381835937500e+01
3.854461288452148438e+01
3.859803390502929688e+01
3.865068054199218750e+01
3.870109176635742188e+01
3.874855804443359375e+01
3.879534149169921875e+01
3.883923721313476562e+01
3.888101959228515625e+01
3.891923522949218750e+01
3.895688629150390625e+01
3.899251556396484375e+01
3.902466964721679688e+01
3.905560302734375000e+01
3.908386230468750000e+01
3.911022186279296875e+01
3.913396453857421875e+01
3.915586853027343750e+01
3.917596435546875000e+01
3.919353103637695312e+01
3.920935058593750000e+01
3.922344589233398438e+01
3.923436737060546875e+01
3.924362564086914062e+01
3.925050735473632812e+01
3.925579071044921875e+01
3.925949859619140625e+01
3.926091766357421875e+01
3.925930404663085938e+01
3.925613021850585938e+01
3.925065231323242188e+01
3.924359893798828125e+01
3.923422622680664062e+01
3.922326660156250000e+01
3.921071624755859375e+01
3.919433212280273438e+01
3.917634201049804688e+01
3.915673446655273438e+01
3.913402175903320312e+01
3.910967254638671875e+01
3.908368682861328125e+01
3.905531311035156250e+01
3.902454376220703125e+01
3.899211120605468750e+01
3.895727157592773438e+01
3.892000579833984375e+01
3.888106155395507812e+01
3.883893966674804688e+01
3.879585647583007812e+01
3.875032806396484375e+01
3.870308303833007812e+01
3.865263366699218750e+01
3.860119247436523438e+01
3.854652786254882812e+01
3.849086380004882812e+01
3.843270111083984375e+01
3.837277603149414062e+01
3.831034469604492188e+01
3.824538803100585938e+01
3.817939376831054688e+01
3.811086273193359375e+01
3.804127502441406250e+01
3.796764755249023438e+01
3.789369201660156250e+01
3.781791305541992188e+01
3.773955535888671875e+01
3.765936279296875000e+01
3.757732009887695312e+01
3.749342346191406250e+01
3.740914916992187500e+01
3.732077407836914062e+01
3.723125839233398438e+01
3.714060211181640625e+01
3.704804992675781250e+01
3.695359039306640625e+01
3.685796356201171875e+01
3.675967407226562500e+01
3.666093826293945312e+01
3.655876159667968750e+01
3.645608520507812500e+01
3.635288619995117188e+01
3.624764633178710938e+01
3.614033889770507812e+01
3.603168106079101562e+01
3.592089462280273438e+01
3.580870437622070312e+01
3.569582366943359375e+01
3.558073043823242188e+01
3.546489334106445312e+01
3.534753417968750000e+01
3.522788238525390625e+01
3.510739898681640625e+01
3.498531341552734375e+01
3.486233901977539062e+01
3.473770523071289062e+01
3.461212539672851562e+01
3.448482894897460938e+01
3.435578918457031250e+01
3.422571945190429688e+01
3.409385299682617188e+01
3.396238327026367188e+01
3.382831954956054688e+01
3.369236755371093750e+01
3.355673217773437500e+01
3.341841506958007812e+01
3.328035736083984375e+01
3.314030456542968750e+01
3.299822616577148438e+01
3.285631942749023438e+01
3.271382522583007812e+01
3.256921768188476562e+01
3.242395782470703125e+01
3.227801895141601562e+01
3.212988662719726562e+01
3.198176002502441406e+01
3.183287048339843750e+01
3.168244361877441406e+01
3.153193855285644531e+01
3.137910079956054688e+01
3.122612762451171875e+01
3.107299423217773438e+01
3.091743659973144531e+01
3.076240730285644531e+01
3.060564041137695312e+01
3.044860267639160156e+01
3.029051589965820312e+01
3.013061141967773438e+01
2.997183418273925781e+01
2.981119918823242188e+01
2.965092658996582031e+01
2.948877334594726562e+01
2.932695579528808594e+01
2.916249465942382812e+01
2.899834823608398438e+01
2.883450126647949219e+01
2.867020606994628906e+01
2.850619316101074219e+01
2.834170722961425781e+01
2.817524719238281250e+01
2.800903511047363281e+01
2.784305953979492188e+01
2.767582130432128906e+01
2.750879669189453125e+01
2.734122848510742188e+01
2.717385292053222656e+01
2.700591087341308594e+01
2.683813476562500000e+01
2.667051696777343750e+01
2.650155639648437500e+01
2.633272933959960938e+01
2.616476631164550781e+01
2.599542808532714844e+01
2.582693099975585938e+01
2.565777778625488281e+01
2.549018859863281250e+01
2.532192039489746094e+01
2.515296173095703125e+01
2.498404502868652344e+01
2.481515884399414062e+01
2.464703559875488281e+01
2.447817611694335938e+01
2.431005477905273438e+01
2.414117622375488281e+01
2.397375679016113281e+01
2.380555915832519531e+01
2.363805198669433594e+01
2.347048759460449219e+01
2.330284881591796875e+01
2.313587188720703125e+01
2.296879959106445312e+01
2.280236244201660156e+01
2.263506698608398438e+01
2.246912956237792969e+01
2.230379486083984375e+01
2.213905334472656250e+01
2.197340583801269531e+01
2.180832672119140625e+01
2.164307022094726562e+01
2.147764968872070312e+01
2.131208801269531250e+01
2.114789009094238281e+01
2.098485755920410156e+01
2.082122802734375000e+01
2.065813255310058594e+01
2.049545097351074219e+01
2.033334922790527344e+01
2.017192459106445312e+01
2.001104736328125000e+01
1.985066604614257812e+01
1.969110298156738281e+01
1.953229904174804688e+01
1.937398338317871094e+01
1.921632385253906250e+01
1.905934333801269531e+01
1.890321159362792969e+01
1.874779891967773438e+01
1.859305572509765625e+01
1.843922615051269531e+01
1.828610610961914062e+01
1.813379478454589844e+01
1.798238563537597656e+01
1.783182907104492188e+01
1.768206787109375000e+01
1.753335189819335938e+01
1.738540077209472656e+01
1.723846244812011719e+01
1.709240722656250000e+01
1.694725608825683594e+01
1.680311012268066406e+01
1.665991210937500000e+01
1.651761054992675781e+01
1.637637710571289062e+01
1.623608207702636719e+01
1.609689712524414062e+01
1.595862102508544922e+01
1.582135009765625000e+01
1.568510437011718750e+01
1.554983425140380859e+01
1.541563320159912109e+01
1.528244972229003906e+01
1.515023040771484375e+01
1.501922035217285156e+01
1.488914489746093750e+01
1.476002311706542969e+01
1.463195323944091797e+01
1.450503158569335938e+01
1.437912940979003906e+01
1.425419807434082031e+01
1.413027381896972656e+01
1.400746631622314453e+01
1.388566970825195312e+01
1.376506805419921875e+01
1.364562511444091797e+01
1.352730751037597656e+01
1.340992832183837891e+01
1.329360103607177734e+01
1.317858791351318359e+01
1.306470298767089844e+01
1.295205974578857422e+01
1.284054851531982422e+01
1.273020744323730469e+01
1.262107372283935547e+01
1.251311397552490234e+01
1.240636444091796875e+01
1.230086517333984375e+01
1.219672870635986328e+01
1.209362220764160156e+01
1.199187946319580078e+01
1.189131927490234375e+01
1.179212570190429688e+01
1.169389533996582031e+01
1.159688663482666016e+01
1.150195598602294922e+01
1.140795421600341797e+01
1.131514167785644531e+01
1.122281551361083984e+01
1.113324260711669922e+01
1.104423236846923828e+01
1.095656776428222656e+01
1.087028598785400391e+01
1.078468227386474609e+01
1.070128536224365234e+01
1.062012958526611328e+01
1.053828239440917969e+01
1.045875740051269531e+01
1.038084888458251953e+01
1.030310726165771484e+01
1.022780418395996094e+01
1.015349102020263672e+01
1.008020591735839844e+01
1.000873184204101562e+01
9.938363075256347656e+00
9.869883537292480469e+00
9.802588462829589844e+00
9.736515998840332031e+00
9.671705245971679688e+00
9.608197212219238281e+00
9.546767234802246094e+00
9.487442016601562500e+00
9.428010940551757812e+00
9.369982719421386719e+00
9.312634468078613281e+00
9.257472038269042969e+00
9.204515457153320312e+00
9.151558876037597656e+00
9.100851058959960938e+00
9.050182342529296875e+00
9.001804351806640625e+00
8.954251289367675781e+00
8.908286094665527344e+00
8.864672660827636719e+00
8.821205139160156250e+00
8.778643608093261719e+00
8.737754821777343750e+00
8.697815895080566406e+00
8.658845901489257812e+00
8.621612548828125000e+00
8.586133956909179688e+00
8.550945281982421875e+00
8.517554283142089844e+00
8.484495162963867188e+00
8.453275680541992188e+00
8.423172950744628906e+00
8.394209861755371094e+00
8.365661621093750000e+00
8.338294982910156250e+00
8.312129974365234375e+00
8.287188529968261719e+00
8.264233589172363281e+00
8.241057395935058594e+00
8.220654487609863281e+00
8.200073242187500000e+00
8.181563377380371094e+00
8.163661956787109375e+00
8.146389007568359375e+00
8.130507469177246094e+00
8.116041183471679688e+00
8.103011131286621094e+00
8.090694427490234375e+00
8.079854965209960938e+00
8.069773674011230469e+00
8.061214447021484375e+00
8.054197311401367188e+00
8.047257423400878906e+00
8.041903495788574219e+00
8.038156509399414062e+00
8.034552574157714844e+00
8.032592773437500000e+00
8.031527519226074219e+00
8.031343460083007812e+00
8.033516883850097656e+00
8.035802841186523438e+00
8.038934707641601562e+00
8.044384956359863281e+00
8.049913406372070312e+00
8.056247711181640625e+00
8.064865112304687500e+00
8.073520660400390625e+00
8.082947731018066406e+00
8.093132019042968750e+00
8.104061126708984375e+00
8.116467475891113281e+00
8.129592895507812500e+00
8.142683982849121094e+00
8.157956123352050781e+00
8.173168182373046875e+00
8.189050674438476562e+00
8.206334114074707031e+00
8.223519325256347656e+00
8.242079734802246094e+00
8.261260032653808594e+00
8.280304908752441406e+00
8.301429748535156250e+00
8.323137283325195312e+00
8.345413208007812500e+00
8.368247032165527344e+00
8.391623497009277344e+00
8.414789199829101562e+00
8.439958572387695312e+00
8.464892387390136719e+00
8.491061210632324219e+00
8.516967773437500000e+00
8.544829368591308594e+00
8.570916175842285156e+00
8.599675178527832031e+00
8.628121376037597656e+00
8.657729148864746094e+00
8.687740325927734375e+00
8.718144416809082031e+00
8.749671936035156250e+00
8.780079841613769531e+00
8.813071250915527344e+00
8.845663070678710938e+00
8.879326820373535156e+00
8.913309097290039062e+00
8.946852684020996094e+00
8.982173919677734375e+00
9.018516540527343750e+00
9.053617477416992188e+00
9.090414047241210938e+00
9.127387046813964844e+00
9.165242195129394531e+00
9.203201293945312500e+00
9.241231918334960938e+00
9.280039787292480469e+00
9.318847656250000000e+00
9.359107017517089844e+00
9.399295806884765625e+00
9.440123558044433594e+00
9.480811119079589844e+00
9.522068023681640625e+00
9.563116073608398438e+00
9.603919029235839844e+00
9.645930290222167969e+00
9.687627792358398438e+00
9.729719161987304688e+00
9.773657798767089844e+00
9.816435813903808594e+00
9.858760833740234375e+00
9.902827262878417969e+00
9.945628166198730469e+00
9.989358901977539062e+00
1.003249740600585938e+01
1.007649707794189453e+01
1.012057685852050781e+01
1.016470432281494141e+01
1.020884323120117188e+01
1.025295925140380859e+01
1.029701805114746094e+01
1.034098434448242188e+01
1.038556480407714844e+01
1.042924022674560547e+01
1.047346115112304688e+01
1.051819038391113281e+01
1.056265354156494141e+01
1.060755634307861328e+01
1.065211963653564453e+01
1.069556713104248047e+01
1.074009132385253906e+01
1.078491497039794922e+01
1.082851505279541016e+01
1.087234306335449219e+01
1.091562175750732422e+01
1.095905685424804688e+01
1.100335788726806641e+01
1.104625892639160156e+01
1.108995342254638672e+01
1.113366317749023438e+01
1.117661762237548828e+01
1.121952915191650391e+01
1.126236820220947266e+01
1.130436325073242188e+01
1.134771347045898438e+01
1.138941955566406250e+01
1.143093681335449219e+01
1.147297954559326172e+01
1.151477622985839844e+01
1.155555343627929688e+01
1.159676837921142578e+01
1.163690662384033203e+01
1.167816829681396484e+01
1.171829414367675781e+01
1.175874233245849609e+01
1.179874038696289062e+01
1.183840847015380859e+01
1.187771606445312500e+01
1.191663551330566406e+01
1.195573139190673828e+01
1.199438190460205078e+01
1.203270626068115234e+01
1.207067394256591797e+01
1.210833072662353516e+01
1.214564990997314453e+01
1.218275070190429688e+01
1.221945381164550781e+01
1.225580692291259766e+01
1.229177951812744141e+01
1.232741928100585938e+01
1.236262226104736328e+01
1.239758205413818359e+01
1.243212127685546875e+01
1.246621322631835938e+01
1.249990177154541016e+01
1.253323268890380859e+01
1.256602954864501953e+01
1.259848594665527344e+01
1.263042449951171875e+01
1.266181850433349609e+01
1.269285869598388672e+01
1.272337055206298828e+01
1.275332450866699219e+01
1.278276538848876953e+01
1.281166648864746094e+01
1.283999633789062500e+01
1.286780166625976562e+01
1.289505481719970703e+01
1.292165088653564453e+01
1.294763946533203125e+01
1.297308635711669922e+01
1.299791431427001953e+01
1.302211761474609375e+01
1.304569149017333984e+01
1.306878089904785156e+01
1.309130477905273438e+01
1.311318778991699219e+01
1.313457012176513672e+01
1.315522670745849609e+01
1.317544841766357422e+01
1.319515609741210938e+01
1.321427154541015625e+01
1.323286342620849609e+01
1.325092697143554688e+01
1.326845645904541016e+01
1.328537464141845703e+01
1.330174827575683594e+01
1.331764888763427734e+01
1.333299446105957031e+01
1.334778213500976562e+01
1.336207866668701172e+01
1.337580776214599609e+01
1.338896083831787109e+01
1.340153503417968750e+01
1.341359996795654297e+01
1.342514801025390625e+01
1.343610191345214844e+01
1.344653034210205078e+01
1.345635318756103516e+01
1.346571445465087891e+01
1.347438621520996094e+01
1.348251152038574219e+01
1.349015998840332031e+01
1.349710559844970703e+01
1.350348854064941406e+01
1.350930690765380859e+01
1.351447963714599609e+01
1.351907730102539062e+01
1.352302169799804688e+01
1.352637958526611328e+01
1.352899932861328125e+01
1.353102684020996094e+01
1.353245449066162109e+01
1.353313159942626953e+01
1.353327274322509766e+01
1.353258037567138672e+01
1.353127193450927734e+01
1.352919292449951172e+01
1.352656364440917969e+01
1.352308464050292969e+01
1.351892089843750000e+01
1.351401424407958984e+01
1.350845909118652344e+01
1.350212383270263672e+01
1.349525070190429688e+01
1.348763561248779297e+01
1.347936916351318359e+01
1.347047138214111328e+01
1.346096038818359375e+01
1.345070457458496094e+01
1.343994617462158203e+01
1.342840671539306641e+01
1.341632556915283203e+01
1.340372085571289062e+01
1.339061164855957031e+01
1.337709045410156250e+01
1.336265373229980469e+01
1.334776687622070312e+01
1.333222293853759766e+01
1.331626319885253906e+01
1.329960823059082031e+01
1.328242397308349609e+01
1.326465415954589844e+01
1.324646377563476562e+01
1.322749900817871094e+01
1.320822429656982422e+01
1.318828392028808594e+01
1.316776943206787109e+01
1.314677143096923828e+01
1.312538337707519531e+01
1.310332393646240234e+01
1.308083152770996094e+01
1.305777645111083984e+01
1.303424930572509766e+01
1.301004219055175781e+01
1.298547267913818359e+01
1.296033096313476562e+01
1.293470954895019531e+01
1.290855121612548828e+01
1.288172340393066406e+01
1.285454082489013672e+01
1.282679557800292969e+01
1.279850482940673828e+01
1.276976108551025391e+01
1.274043083190917969e+01
1.271060657501220703e+01
1.268037796020507812e+01
1.264961338043212891e+01
1.261825656890869141e+01
1.258639812469482422e+01
1.255406093597412109e+01
1.252119255065917969e+01
1.248781394958496094e+01
1.245394802093505859e+01
1.241961860656738281e+01
1.238477134704589844e+01
1.234950542449951172e+01
1.231376838684082031e+01
1.227750778198242188e+01
1.224082183837890625e+01
1.220373344421386719e+01
1.216611576080322266e+01
1.212806701660156250e+01
1.208975887298583984e+01
1.205084133148193359e+01
1.201148796081542969e+01
1.197187042236328125e+01
1.193171310424804688e+01
1.189126396179199219e+01
1.185032176971435547e+01
1.180905914306640625e+01
1.176735019683837891e+01
1.172544193267822266e+01
1.168306064605712891e+01
1.164022827148437500e+01
1.159719276428222656e+01
1.155375194549560547e+01
1.151000595092773438e+01
1.146590232849121094e+01
1.142153739929199219e+01
1.137686157226562500e+01
1.133189678192138672e+01
1.128659248352050781e+01
1.124096965789794922e+01
1.119520282745361328e+01
1.114908885955810547e+01
1.110279846191406250e+01
1.105620861053466797e+01
1.100933933258056641e+01
1.096236228942871094e+01
1.091500186920166016e+01
1.086750316619873047e+01
1.081988811492919922e+01
1.077203083038330078e+01
1.072395324707031250e+01
1.067574977874755859e+01
1.062736892700195312e+01
1.057883167266845703e+01
1.053015995025634766e+01
1.048144721984863281e+01
1.043248271942138672e+01
1.038349723815917969e+01
1.033435153961181641e+01
1.028498077392578125e+01
1.023554229736328125e+01
1.018597126007080078e+01
1.013635063171386719e+01
1.008646678924560547e+01
1.003647804260253906e+01
9.986466407775878906e+00
9.936144828796386719e+00
9.885819435119628906e+00
9.835350990295410156e+00
9.784821510314941406e+00
9.734020233154296875e+00
9.683177947998046875e+00
9.632155418395996094e+00
9.581036567687988281e+00
9.529906272888183594e+00
9.478625297546386719e+00
9.427203178405761719e+00
9.375650405883789062e+00
9.324125289916992188e+00
9.272490501403808594e+00
9.220681190490722656e+00
9.168857574462890625e+00
9.116879463195800781e+00
9.064908027648925781e+00
9.012879371643066406e+00
8.960804939270019531e+00
8.908695220947265625e+00
8.856561660766601562e+00
8.804415702819824219e+00
8.752343177795410156e+00
8.700205802917480469e+00
8.648015975952148438e+00
8.595932960510253906e+00
8.543895721435546875e+00
8.491913795471191406e+00
8.439926147460937500e+00
8.388018608093261719e+00
8.336202621459960938e+00
8.284488677978515625e+00
8.232815742492675781e+00
8.181343078613281250e+00
8.130008697509765625e+00
8.078748703002929688e+00
8.027723312377929688e+00
7.976795673370361328e+00
7.926124095916748047e+00
7.875556945800781250e+00
7.825240135192871094e+00
7.775093555450439453e+00
7.725189685821533203e+00
7.675373554229736328e+00
7.625790119171142578e+00
7.576360702514648438e+00
7.527080535888671875e+00
7.478018760681152344e+00
7.429095268249511719e+00
7.380455493927001953e+00
7.331943511962890625e+00
7.283555507659912109e+00
7.235433578491210938e+00
7.187498092651367188e+00
7.139743804931640625e+00
7.092089176177978516e+00
7.044678688049316406e+00
6.997504711151123047e+00
6.950487613677978516e+00
6.903695106506347656e+00
6.856897830963134766e+00
6.810388088226318359e+00
6.764158248901367188e+00
6.718053817749023438e+00
6.672142982482910156e+00
6.626493930816650391e+00
6.580951213836669922e+00
6.535731792449951172e+00
6.490532875061035156e+00
6.445719242095947266e+00
6.400987625122070312e+00
6.356630325317382812e+00
6.312417984008789062e+00
6.268344879150390625e+00
6.224629402160644531e+00
6.181041717529296875e+00
6.137801170349121094e+00
6.094678878784179688e+00
6.051818847656250000e+00
6.009290695190429688e+00
5.966941833496093750e+00
5.924915790557861328e+00
5.882985591888427734e+00
5.841593265533447266e+00
5.800364017486572266e+00
5.759516239166259766e+00
5.718898773193359375e+00
5.678506851196289062e+00
5.638486385345458984e+00
5.598903179168701172e+00
5.559450626373291016e+00
5.520417213439941406e+00
5.481720447540283203e+00
5.443276405334472656e+00
5.405226230621337891e+00
5.367486000061035156e+00
5.330047607421875000e+00
5.293051719665527344e+00
5.256191730499267578e+00
5.219830989837646484e+00
5.183813095092773438e+00
5.148128032684326172e+00
5.112768173217773438e+00
5.077798843383789062e+00
5.043211936950683594e+00
5.008922576904296875e+00
4.974997997283935547e+00
4.941502094268798828e+00
4.908277034759521484e+00
4.875535964965820312e+00
4.843047618865966797e+00
4.811097621917724609e+00
4.779380321502685547e+00
4.748106956481933594e+00
4.717044830322265625e+00
4.686554908752441406e+00
4.656329154968261719e+00
4.626504421234130859e+00
4.597145080566406250e+00
4.568089962005615234e+00
4.539402008056640625e+00
4.510920524597167969e+00
4.483006000518798828e+00
4.455348014831542969e+00
4.428157806396484375e+00
4.401348590850830078e+00
4.374759197235107422e+00
4.348599910736083984e+00
4.322858333587646484e+00
4.297372341156005859e+00
4.272278785705566406e+00
4.247488975524902344e+00
4.223140239715576172e+00
4.199144840240478516e+00
4.175415992736816406e+00
4.152089118957519531e+00
4.129003524780273438e+00
4.106295108795166016e+00
4.083877086639404297e+00
4.061816215515136719e+00
4.040029048919677734e+00
4.018656253814697266e+00
3.997540712356567383e+00
3.976824760437011719e+00
3.956351518630981445e+00
3.936113595962524414e+00
3.916253089904785156e+00
3.896837949752807617e+00
3.877712249755859375e+00
3.858869791030883789e+00
3.840379714965820312e+00
3.822161674499511719e+00
3.804433107376098633e+00
3.786891698837280273e+00
3.769681215286254883e+00
3.752796888351440430e+00
3.736382722854614258e+00
3.720137357711791992e+00
3.704354524612426758e+00
3.688806772232055664e+00
3.673713207244873047e+00
3.658922433853149414e+00
3.644504547119140625e+00
3.630382537841796875e+00
3.616626739501953125e+00
3.603234291076660156e+00
3.590202331542968750e+00
3.577452898025512695e+00
3.565057039260864258e+00
3.553086280822753906e+00
3.541388034820556641e+00
3.530107736587524414e+00
3.519093275070190430e+00
3.508489370346069336e+00
3.498143672943115234e+00
3.488348960876464844e+00
3.478655338287353516e+00
3.469429492950439453e+00
3.460592746734619141e+00
3.451990842819213867e+00
3.443693161010742188e+00
3.435768127441406250e+00
3.428209543228149414e+00
3.420937538146972656e+00
3.413944721221923828e+00
3.407298564910888672e+00
3.400843858718872070e+00
3.394795656204223633e+00
3.388998746871948242e+00
3.383451700210571289e+00
3.378153324127197266e+00
3.373251438140869141e+00
3.368522167205810547e+00
3.364112377166748047e+00
3.360020637512207031e+00
3.356170654296875000e+00
3.352486133575439453e+00
3.349188089370727539e+00
3.346050977706909180e+00
3.343221664428710938e+00
3.340622901916503906e+00
3.338253021240234375e+00
3.336109399795532227e+00
3.334263801574707031e+00
3.332565784454345703e+00
3.331087589263916016e+00
3.329752922058105469e+00
3.328782796859741211e+00
3.327953100204467773e+00
3.327336788177490234e+00
3.326932191848754883e+00
3.326665163040161133e+00
3.326757907867431641e+00
3.326912641525268555e+00
3.327204465866088867e+00
3.327782154083251953e+00
3.328349351882934570e+00
3.329279422760009766e+00
3.330350875854492188e+00
3.331491708755493164e+00
3.332852602005004883e+00
3.334288120269775391e+00
3.335950136184692383e+00
3.337767839431762695e+00
3.339745521545410156e+00
3.341813087463378906e+00
3.344123601913452148e+00
3.346533775329589844e+00
3.349048376083374023e+00
3.351822137832641602e+00
3.354711771011352539e+00
3.357723236083984375e+00
3.360937118530273438e+00
3.364210605621337891e+00
3.367624759674072266e+00
3.371185779571533203e+00
3.375048398971557617e+00
3.378996133804321289e+00
3.382961750030517578e+00
3.387176752090454102e+00
3.391501188278198242e+00
3.396018981933593750e+00
3.400664091110229492e+00
3.405519723892211914e+00
3.410519361495971680e+00
3.415596246719360352e+00
3.420907258987426758e+00
3.426310300827026367e+00
3.431886434555053711e+00
3.437716722488403320e+00
3.443583250045776367e+00
3.449565887451171875e+00
3.455744266510009766e+00
3.462196588516235352e+00
3.468703985214233398e+00
3.475269556045532227e+00
3.482045173645019531e+00
3.488958835601806641e+00
3.495938062667846680e+00
3.503058195114135742e+00
3.510321140289306641e+00
3.517726421356201172e+00
3.525200843811035156e+00
3.532743453979492188e+00
3.540354728698730469e+00
3.548032999038696289e+00
3.555777549743652344e+00
3.563587188720703125e+00
3.571459770202636719e+00
3.579320430755615234e+00
3.587315559387207031e+00
3.595220565795898438e+00
3.603256702423095703e+00
3.611200094223022461e+00
3.619122266769409180e+00
3.627023220062255859e+00
3.634975671768188477e+00
3.642830371856689453e+00
3.650660276412963867e+00
3.658392429351806641e+00
3.666248559951782227e+00
3.673859119415283203e+00
3.681447744369506836e+00
3.689015865325927734e+00
3.696492195129394531e+00
3.703804969787597656e+00
3.711180210113525391e+00
3.718325853347778320e+00
0.000000000000000000e+00
0.000000000000000000e+00
0.000000000000000000e+00
0.000000000000000000e+00
0.000000000000000000e+00
0.000000000000000000e+00
0.000000000000000000e+00
0.000000000000000000e+00
0.000000000000000000e+00
0.000000000000000000e+00
0.000000000000000000e+00
0.000000000000000000e+00
0.000000000000000000e+00
0.000000000000000000e+00
0.000000000000000000e+00
0.000000000000000000e+00
0.000000000000000000e+00
0.000000000000000000e+00
0.000000000000000000e+00
0.000000000000000000e+00
0.000000000000000000e+00
0.000000000000000000e+00
0.000000000000000000e+00
0.000000000000000000e+00
0.000000000000000000e+00
0.000000000000000000e+00
0.000000000000000000e+00
0.000000000000000000e+00
0.000000000000000000e+00
0.000000000000000000e+00
0.000000000000000000e+00
0.000000000000000000e+00
0.000000000000000000e+00
0.000000000000000000e+00
0.000000000000000000e+00
0.000000000000000000e+00
0.000000000000000000e+00
0.000000000000000000e+00
0.000000000000000000e+00
0.000000000000000000e+00
0.000000000000000000e+00
0.000000000000000000e+00
0.000000000000000000e+00
0.000000000000000000e+00
0.000000000000000000e+00
0.000000000000000000e+00
0.000000000000000000e+00
0.000000000000000000e+00
0.000000000000000000e+00
0.000000000000000000e+00
0.000000000000000000e+00
0.000000000000000000e+00
0.000000000000000000e+00
0.000000000000000000e+00
0.000000000000000000e+00
0.000000000000000000e+00
0.000000000000000000e+00
0.000000000000000000e+00
0.000000000000000000e+00
0.000000000000000000e+00
0.000000000000000000e+00
0.000000000000000000e+00
0.000000000000000000e+00
0.000000000000000000e+00
0.000000000000000000e+00
0.000000000000000000e+00
0.000000000000000000e+00
0.000000000000000000e+00
0.000000000000000000e+00
0.000000000000000000e+00
0.000000000000000000e+00
0.000000000000000000e+00
0.000000000000000000e+00
0.000000000000000000e+00
0.000000000000000000e+00
0.000000000000000000e+00
0.000000000000000000e+00
0.000000000000000000e+00
0.000000000000000000e+00
0.000000000000000000e+00
0.000000000000000000e+00
0.000000000000000000e+00
0.000000000000000000e+00
0.000000000000000000e+00
0.000000000000000000e+00
0.000000000000000000e+00
0.000000000000000000e+00
0.000000000000000000e+00
0.000000000000000000e+00
0.000000000000000000e+00
0.000000000000000000e+00
0.000000000000000000e+00
0.000000000000000000e+00
0.000000000000000000e+00
0.000000000000000000e+00
0.000000000000000000e+00
0.000000000000000000e+00
0.000000000000000000e+00
0.000000000000000000e+00
0.000000000000000000e+00
