# pp
6.756894707005941100e-09
3.933935648207926461e-09
2.622909887383983120e-09
1.887647474989815972e-09
1.427134798199752748e-09
1.117516385430165981e-09
8.984277360885768311e-10
7.373619045447519813e-10
6.152525943869981618e-10
5.205304380018293798e-10
4.454411930685325591e-10
3.849036063455280866e-10
3.354387988348697456e-10
2.945074062185050979e-10
2.602644254162116964e-10
2.313492036437584492e-10
2.067334736679098045e-10
1.856063796140758320e-10
1.673415356452640034e-10
1.514607108527217486e-10
1.375834353635970388e-10
1.253911371355376759e-10
1.146252409753399835e-10
1.050784150796180565e-10
9.658058574196935066e-11
8.898869093390549824e-11
8.218220035657958153e-11
7.605639175736430479e-11
7.052390956978050800e-11
6.551575705999447623e-11
6.097312768465652645e-11
5.684192265008989542e-11
5.307509402232750877e-11
4.963275947101826105e-11
4.648047718995004139e-11
4.358801693709009742e-11
4.092887375851577150e-11
3.847954078713368933e-11
3.621933698393865073e-11
3.413008527637243574e-11
3.219577177368985785e-11
3.040222983930325505e-11
2.873688510832060084e-11
2.718854484499490173e-11
2.574718477883470197e-11
2.440370534139781859e-11
2.314992257299091748e-11
2.197848894480912478e-11
2.088279291882786483e-11
1.985685455497862073e-11
1.889520276121313970e-11
1.799287194225950814e-11
1.714536244689861570e-11
1.634858930543798906e-11
1.559882827896512853e-11
1.489265174239693765e-11
1.422692560809742261e-11
1.359878783503979080e-11
1.300562080179555963e-11
1.244503455947679920e-11
1.191486624352132308e-11
1.141313469407872224e-11
1.093801582947995920e-11
1.048782800851076177e-11
1.006101081933846391e-11
9.656090914171121757e-12
9.271699040000051230e-12
8.906568673471160733e-12
8.559527016783773182e-12
8.229482995944116063e-12
7.915409127195253733e-12
7.616348019764002890e-12
7.331410296356192187e-12
7.059768975719513172e-12
6.800658376285876996e-12
6.553380647820339568e-12
6.317288259390610550e-12
6.091776202586233042e-12
5.876278725848036782e-12
5.670265589592843800e-12
5.473237197164355603e-12
5.284724649603540957e-12
5.104288236666192699e-12
4.931515316584902706e-12
4.766017085448767631e-12
4.607423169911891273e-12
4.455384233490292031e-12
4.309571759527387115e-12
4.169676610304463658e-12
4.035408042079576961e-12
3.906493448669548062e-12
3.782676108261173102e-12
3.663713796780327217e-12
3.549377836882078242e-12
3.439452218119594790e-12
3.333732782308571831e-12
3.232026468661412201e-12
3.134150613765922257e-12
3.039932301933174878e-12
2.949207761844058328e-12
2.861821805788663490e-12
2.777627308121566424e-12
2.696484719852842929e-12
2.618261616562920040e-12
2.542832277071956250e-12
2.470077290514088594e-12
2.399883189665920221e-12
2.332142108559188983e-12
2.266751462571471399e-12
2.203613751214676240e-12
2.142636569423892175e-12
2.083732015874515215e-12
2.026816344837317758e-12
1.971809738937332646e-12
1.918636096074004682e-12
1.867222829511370571e-12
1.817500680224018634e-12
1.769403540654965544e-12
1.722868289106028442e-12
1.677834634040339284e-12
1.634244967630750468e-12
1.592044227937591556e-12
1.551179769144807417e-12
1.511601239325430747e-12
1.473260465245867836e-12
1.436111343753905677e-12
1.400109739328014858e-12
1.365213387395554647e-12
1.331381803055228303e-12
1.298576266905184451e-12
1.266759950970078202e-12
1.235897610957056176e-12
1.205955440564156520e-12
1.176901003931614630e-12
1.148703171703497606e-12
1.121332060483010557e-12
1.094758975479232506e-12
1.068956356156426241e-12
1.043897724709452531e-12
1.019557637200330800e-12
9.959116372016732332e-13
9.729362118026329516e-13
9.506087498422395430e-13
9.289075022435578737e-13
9.078115443300950677e-13
8.873007400132931607e-13
8.673557077468714660e-13
8.479577881502126197e-13
8.290890132090041394e-13
8.107321556599587531e-13
7.928709288885536049e-13
7.754897103383846997e-13
7.585734365689744276e-13
7.421075802744218250e-13
7.260781283761106091e-13
7.104715611331170504e-13
6.952748322172280731e-13
6.804753497025686780e-13
6.660609579227043368e-13
6.520199201507800177e-13
6.383409020607911470e-13
6.250129559304422868e-13
6.120255055482730598e-13
5.993683317898164781e-13
5.870315588295099948e-13
5.750056409569167204e-13
5.632813499675367665e-13
5.518497631001183030e-13
5.407022514938911091e-13
5.298304691405892358e-13
5.192263423074689151e-13
5.088820594088047733e-13
4.987900613045370852e-13
4.889430320058664434e-13
4.793339146077644199e-13
4.699559750240883514e-13
4.608027154842852566e-13
4.518678415475015031e-13
4.431452548400875823e-13
4.346290460873561792e-13
4.263134884262217299e-13
4.181930309860167895e-13
4.102622927254250047e-13
4.025160565140695656e-13
3.949492634478613634e-13
3.875570073877583114e-13
3.803345297120869599e-13
3.732772142730621551e-13
3.663805825486001860e-13
3.596402889809432789e-13
3.530521164940299281e-13
3.466119721819272259e-13
3.403158831610093615e-13
3.341599925789125433e-13
3.281405557736269894e-13
3.222539365763981849e-13
3.164966037524027848e-13
3.108651275734501463e-13
3.053561765172224512e-13
2.999665445255880564e-13
2.946932368439100955e-13
2.895333716574002615e-13
2.844841464543010965e-13
2.795428355357037420e-13
2.747067876140858579e-13
2.699734234970226395e-13
2.653402338526808233e-13
2.608047770538547655e-13
2.563646770974474600e-13
2.520176215964340151e-13
2.477613598414741516e-13
2.435937009294645350e-13
2.395125119564367616e-13
2.355157162723204178e-13
2.316012917951945811e-13
2.277672693827552895e-13
2.240117312588201581e-13
2.203328094927843420e-13
2.167286845300310086e-13
2.131975837713804569e-13
2.097377801997454566e-13
2.063475910522320431e-13
2.030253765360023273e-13
1.997695385862814862e-13
1.965785196649591821e-13
1.934508015983000295e-13
1.903849044523340226e-13
1.873793854445605146e-13
1.844328378906520234e-13
1.815438901848948808e-13
1.787112048131592480e-13
1.759334773972343671e-13
1.732094357694132075e-13
1.705378390762541879e-13
1.679174769104907415e-13
1.653471684700980181e-13
1.628257617435664037e-13
1.603521327204668295e-13
1.579251846264302779e-13
1.555438471816951208e-13
1.532070758824111382e-13
1.509138513039175669e-13
1.486631784252440821e-13
1.464540859741114844e-13
1.442856257917359263e-13
1.421568722167672434e-13
1.400669214877165446e-13
1.380148911632525997e-13
1.359999195597695357e-13
1.340211781587220664e-13
1.320779091138403231e-13
1.301693844716345650e-13
1.282948925820826949e-13
1.264537376840657790e-13
1.246452395027442701e-13
1.228687400968788190e-13
1.211235672869882417e-13
1.194090997973252540e-13
1.177247288777314850e-13
1.160698319467158756e-13
1.144438011018160491e-13
1.128460675055509914e-13
1.112760736719803709e-13
1.097332496611626817e-13
1.082170387981191237e-13
1.067269197213713645e-13
1.052623813701173602e-13
1.038229014517371659e-13
1.024079696771239791e-13
1.010171077244506570e-13
9.964984663052061755e-14
9.830570728651759662e-14
9.698422146005171234e-14
9.568494989662656347e-14
9.440746185462886499e-14
9.315131741367361841e-14
9.191608652121981135e-14
9.070136542793576846e-14
8.950675813698982840e-14
8.833186033473751867e-14
8.717627667149501491e-14
8.603963570408420857e-14
8.492157305724054894e-14
8.382171680854717202e-14
8.273970318832100822e-14
8.167519018260227245e-14
8.062784222816755644e-14
7.959731690297843270e-14
7.858327920863804681e-14
7.758541396957391840e-14
7.660341190381599563e-14
7.563695748717508000e-14
7.468574196293360159e-14
7.374947465762410678e-14
7.282787028781129023e-14
7.192063788106894113e-14
7.102749264111677292e-14
7.014816628712880820e-14
6.928239547259385855e-14
6.842991565741276130e-14
6.759048372507919166e-14
6.676387508236545997e-14
6.594986904379814190e-14
6.514823958111630466e-14
6.435876524266066180e-14
6.358123782907034805e-14
6.281545273242199926e-14
6.206120046205711366e-14
6.131827572284506049e-14
6.058648536871020982e-14
5.986563955737278783e-14
5.915554397887390548e-14
5.845600817329640537e-14
5.776685283013356658e-14
5.708790168081515077e-14
5.641897436399171447e-14
5.575989405476892825e-14
5.511049417083939447e-14
5.447061093318453923e-14
5.384007680903315748e-14
5.321872751711390005e-14
5.260640819518218580e-14
5.200296656655789700e-14
5.140824690775590575e-14
5.082209648756636201e-14
5.024437124502251742e-14
4.967492950588152332e-14
4.911362642732872484e-14
4.856031992275337956e-14
4.801487589423481329e-14
4.747716244879915304e-14
4.694704477740651254e-14
4.642439061200877049e-14
4.590907505220824672e-14
4.540097523621357699e-14
4.489996561560016279e-14
4.440592298653779738e-14
4.391873094633394275e-14
4.343827497854233690e-14
4.296443808880453021e-14
4.249710544794953993e-14
4.203616851061614487e-14
4.158152047800528195e-14
4.113305226351718376e-14
4.069065678169322348e-14
4.025423275796930207e-14
3.982368053616469493e-14
3.939889834567380397e-14
3.897978626688787802e-14
3.856625123667925496e-14
3.815820753880870260e-14
3.775556879641511086e-14
3.735825015043492657e-14
3.696617153197524996e-14
3.657925407713569870e-14
3.619741692712190346e-14
3.582058063079791413e-14
3.544867017933724263e-14
3.508161168467855793e-14
3.471932941125370368e-14
3.436174892998396767e-14
3.400879993479147010e-14
3.366041316272482027e-14
3.331651763828908622e-14
3.297704359946855788e-14
3.264192511388944633e-14
3.231109722068046954e-14
3.198449337012691527e-14
3.166204814041085904e-14
3.134369966960251522e-14
3.102938700114685669e-14
3.071904770312634264e-14
3.041262039270681200e-14
3.011004699867963774e-14
2.981127029411005179e-14
2.951623168090296814e-14
2.922487353740768048e-14
2.893714132491963760e-14
2.865298129250922236e-14
2.837233841385729331e-14
2.809515857208727608e-14
2.782139052244939472e-14
2.755098375568631567e-14
2.728388657525492190e-14
2.702004813220440600e-14
2.675942025519306781e-14
2.650195545995583528e-14
2.624760515606857030e-14
2.599632154356087008e-14
2.574805932044534971e-14
2.550277382694440029e-14
2.526041937189415254e-14
2.502095100175924133e-14
2.478432609497558719e-14
2.455050263058192650e-14
2.431943762521317255e-14
2.409108878425939232e-14
2.386541599152665442e-14
2.364237969281392352e-14
2.342194006240069041e-14
2.320406040184053175e-14
2.298870660811712096e-14
2.277584503140469347e-14
2.256544111045923765e-14
2.235746081534270887e-14
2.215187195171830118e-14
2.194864275038547246e-14
2.174774059034525932e-14
2.154913334807383217e-14
2.135279184874494052e-14
2.115868239560660215e-14
2.096677668618779426e-14
2.077704672526144275e-14
2.058946021440610514e-14
2.040398999204515312e-14
2.022060696056839872e-14
2.003928245924491067e-14
1.985999041612166497e-14
1.968270079156667064e-14
1.950738828171273097e-14
1.933402785556075656e-14
1.916259070283612329e-14
1.899305252704760996e-14
1.882538733181672704e-14
1.865956950526945644e-14
1.849557571368501843e-14
1.833337913350536800e-14
1.817295710868646366e-14
1.801428722589858279e-14
1.785734374470639238e-14
1.770210490025577647e-14
1.754854743151882508e-14
1.739664841658828808e-14
1.724638694290250281e-14
1.709773902117501562e-14
1.695068433793828951e-14
1.680520279593616618e-14
1.666127136213413381e-14
1.651887051291593131e-14
1.637797940471926851e-14
1.623857749368053877e-14
1.610064601203887822e-14
1.596416347344645325e-14
1.582911164077300111e-14
1.569547246976106169e-14
1.556322531998020780e-14
1.543235265556562620e-14
1.530283577358409245e-14
1.517465623647732056e-14
1.504779746664303097e-14
1.492224161616698933e-14
1.479797397432019143e-14
1.467497997290525804e-14
1.455324271381945634e-14
1.443274802220372282e-14
1.431348066081738523e-14
1.419542560000005405e-14
1.407856917890116771e-14
1.396289557384745820e-14
1.384839148909627929e-14
1.373504375695449139e-14
1.362283714127406245e-14
1.351175882497290923e-14
1.340179504807766457e-14
1.329293223543523589e-14
1.318515802936349754e-14
1.307845814974764760e-14
1.297282056473101257e-14
1.286823335764752748e-14
1.276468277195203954e-14
1.266215720403854141e-14
1.256064421183617764e-14
1.246013151811961880e-14
1.236060793053104369e-14
1.226206054472731939e-14
1.216447845960494663e-14
1.206785087781435327e-14
1.197216536239537445e-14
1.187741139598994984e-14
1.178357771423592677e-14
1.169065320005054959e-14
1.159862770478372679e-14
1.150748955243219271e-14
1.141722885511541484e-14
1.132783581851855141e-14
1.123929918456079102e-14
1.115160940974091509e-14
1.106475628383226995e-14
1.097872972840914767e-14
1.089352053102591071e-14
1.080911811421465934e-14
1.072551349936668706e-14
1.064269779234885974e-14
1.056066078999178378e-14
1.047939382318250646e-14
1.039888762669855093e-14
1.031913305345357344e-14
1.024012173200428978e-14
1.016184406891309988e-14
1.008429203184967377e-14
1.000745817717796198e-14
9.931334006546133125e-15
9.855912384286180289e-15
9.781185628961183672e-15
9.707146153451206384e-15
9.633787054904102555e-15
9.561100323369915808e-15
9.489079222252329726e-15
9.417717072991300654e-15
9.347006134097179762e-15
9.276939887304170062e-15
9.207511324903582423e-15
9.138714062486827805e-15
9.070539645803193850e-15
9.002983981754685679e-15
8.936038780353416957e-15
8.869697957255647687e-15
8.803956487734137687e-15
8.738805368435947319e-15
8.674239730628286263e-15
8.610254703446347694e-15
8.546841591992395585e-15
8.483995675787974024e-15
8.421711301714073160e-15
8.359981027012246540e-15
8.298801181423530721e-15
8.238164465083099913e-15
8.178065486510116438e-15
8.118498900068438302e-15
8.059457683262940748e-15
8.000938348497947801e-15
7.942934007149948831e-15
7.885439558890925346e-15
7.828450764505875174e-15
7.771960155925135984e-15
7.715963621241392731e-15
7.660457048885190030e-15
7.605433220554075806e-15
7.550888147520499195e-15
7.496817084308761360e-15
7.443213829850010533e-15
7.390075252872721827e-15
7.337395269186206885e-15
7.285169347947737460e-15
7.233392996451213801e-15
7.182060355760531067e-15
7.131168448379595839e-15
7.080711525063177856e-15
7.030685294684221270e-15
6.981086212708890661e-15
6.931908270084308503e-15
6.883148236776862802e-15
6.834802880952595320e-15
6.786866429239565332e-15
6.739335743494021489e-15
6.692207064590833300e-15
6.645475439586098186e-15
6.599138423649540013e-15
6.553191153130717648e-15
6.507630032248194015e-15
6.462451493777654950e-15
6.417650848166570811e-15
6.373225763923307020e-15
6.329171635471705646e-15
6.285485049323030738e-15
6.242163166874420157e-15
6.199200984800473466e-15
6.156595744593226113e-15
6.114344687554476582e-15
6.072442968068014148e-15
6.030887904884578655e-15
5.989676307461361799e-15
5.948804004027796005e-15
5.908268885341252020e-15
5.868066853533751819e-15
5.828194853647810822e-15
5.788649854761817577e-15
5.749427902063758350e-15
5.710526982863635172e-15
5.671943211960245824e-15
5.633673686236279955e-15
5.595715977135979813e-15
5.558065871467087976e-15
5.520721007143647586e-15
5.483679022935218284e-15
5.446935835566913386e-15
5.410489148131015991e-15
5.374336243950841388e-15
5.338473595933664502e-15
5.302899381306952758e-15
5.267610134424594199e-15
5.232603251652129610e-15
5.197876149653170864e-15
5.163425480918557916e-15
5.129249505103300906e-15
5.095344932661897115e-15
5.061709286965335021e-15
5.028340484946127790e-15
4.995234965338360202e-15
4.962390726690292684e-15
4.929805873187167944e-15
4.897477105752714298e-15
4.865402604479404716e-15
4.833580199824535155e-15
4.802007047833675782e-15
4.770681717331133016e-15
4.739601411743301038e-15
4.708764048303618205e-15
4.678167559535448978e-15
4.647809241169748414e-15
4.617687723015081517e-15
4.587800345578554590e-15
4.558145123449931919e-15
4.528720397239889173e-15
4.499523275996486331e-15
4.470552143195448777e-15
4.441805382468616680e-15
4.413280187118926701e-15
4.384974982335504582e-15
4.356887902520281284e-15
4.329016520111272894e-15
4.301359585383029264e-15
4.273914710572425086e-15
4.246680103174685313e-15
4.219653983733626519e-15
4.192834041481274885e-15
4.166219079329115068e-15
4.139806824170247201e-15
4.113595565764242565e-15
4.087583866583422262e-15
4.061769260201769977e-15
4.036150345180604831e-15
4.010725720740209068e-15
3.985492990886036200e-15
3.960450789848917901e-15
3.935597508996287255e-15
3.910931069492030803e-15
3.886450378516799311e-15
3.862153390795843147e-15
3.838038559496594532e-15
3.814104348954131562e-15
3.790348778391424235e-15
3.766770800504205303e-15
3.743368466314134396e-15
3.720140298749452417e-15
3.697084831359909853e-15
3.674200608281474717e-15
3.651485756749531449e-15
3.628939278605554528e-15
3.606558926443531218e-15
3.584344209006932404e-15
3.562292984547582752e-15
3.540404370754900940e-15
3.518677076025506900e-15
3.497109024923226400e-15
3.475699361331467216e-15
3.454447220773195373e-15
3.433350579210896877e-15
3.412408213720868839e-15
3.391619285445666779e-15
3.370981832411710951e-15
3.350495404154985166e-15
3.330158071043481947e-15
3.309969023111408420e-15
3.289926730352541143e-15
3.270030038513381764e-15
3.250277801182495037e-15
3.230668879769123191e-15
3.211201801821573180e-15
3.191875793126197075e-15
3.172689403733335902e-15
3.153641536443938321e-15
3.134731101514763372e-15
3.115956692424026044e-15
3.097317565222095557e-15
3.078812334764639407e-15
3.060439950658314382e-15
3.042199369620650326e-15
3.024089555459185166e-15
3.006109174461330671e-15
2.988257515414570289e-15
2.970532966458926489e-15
2.952935128389728907e-15
2.935462415304319005e-15
2.918114139983406355e-15
2.900889323582105563e-15
2.883786427222836206e-15
2.866804783269350293e-15
2.849943718898020520e-15
2.833201732054902245e-15
2.816577893633582955e-15
2.800071549953306413e-15
2.783681243099655848e-15
2.767406598291799372e-15
2.751246180842498107e-15
2.735199358943609609e-15
2.719264984512258962e-15
2.703442179161859356e-15
2.687730070387753514e-15
2.672127798057293841e-15
2.656634288031782533e-15
2.641248974501716662e-15
2.625970805437280789e-15
2.610798982221615255e-15
2.595732711407982591e-15
2.580770971015092160e-15
2.565913216241196638e-15
2.551158439924960503e-15
2.536505875906065348e-15
2.521954762966579098e-15
2.507504344817317393e-15
2.493153649978397860e-15
2.478902156433188802e-15
2.464748690965462314e-15
2.450692956848701695e-15
2.436733798914353216e-15
2.422870711871218037e-15
2.409102979336720520e-15
2.395429478859950497e-15
2.381849718817601920e-15
2.368363203997364403e-15
2.354968837613998977e-15
2.341665937969378537e-15
2.328454023227713403e-15
2.315332027397051409e-15
2.302299670942095577e-15
2.289355904099100472e-15
2.276500260350782154e-15
2.263731897619707531e-15
2.251050169704768938e-15
2.238454434531032750e-15
2.225944054137349535e-15
2.213518215543230574e-15
2.201176471546213768e-15
2.188918020702487381e-15
2.176742246381617237e-15
2.164648535890513569e-15
2.152636109779244887e-15
2.140704537140329744e-15
2.128853049531300772e-15
2.117081054623919129e-15
2.105387963859653492e-15
2.093773192437755638e-15
2.082235998160128686e-15
2.070775967908358218e-15
2.059392211834373090e-15
2.048084482182474733e-15
2.036851902369718051e-15
2.025694072181043857e-15
2.014610440115114263e-15
2.003600169577916843e-15
1.992662889974192211e-15
1.981798228242558617e-15
1.971005369335931860e-15
1.960283802876324202e-15
1.949633165430457249e-15
1.939052663880743772e-15
1.928542083521424985e-15
1.918100642826342715e-15
1.907727989432165206e-15
1.897423494353306165e-15
1.887186672733990750e-15
1.877017042698538954e-15
1.866914125342564273e-15
1.856877312519224937e-15
1.846906265891145942e-15
1.837000385603732213e-15
1.827159208101288358e-15
1.817382272677284602e-15
1.807668995252113467e-15
1.798019049326542888e-15
1.788431858748248348e-15
1.778906977492736268e-15
1.769443962268393486e-15
1.760042372508017259e-15
1.750701650934084408e-15
1.741421484009086310e-15
1.732201204739830720e-15
1.723040622119553267e-15
1.713939078707923508e-15
1.704896270359565597e-15
1.695911778269798334e-15
1.686984962173086323e-15
1.678115525528075874e-15
1.669303170223065754e-15
1.660547269633870753e-15
1.651847423615091454e-15
1.643203341499647012e-15
1.634614412904528015e-15
1.626080458096963099e-15
1.617600875354424098e-15
1.609175382659390423e-15
1.600803491949728756e-15
1.592484822620200229e-15
1.584218996376346445e-15
1.576005637226896888e-15
1.567844272747139937e-15
1.559734632015661254e-15
1.551676248897311774e-15
1.543668761417934802e-15
1.535711819070091680e-15
1.527804981327091813e-15
1.519948000235612974e-15
1.512140441018071417e-15
1.504381966158667699e-15
1.496672240131841251e-15
1.489010929396283508e-15
1.481397612857271759e-15
1.473832052028502525e-15
1.466313743328798836e-15
1.458842540084446172e-15
1.451417945649437235e-15
1.444039728397575347e-15
1.436707570631734479e-15
1.429420988171642370e-15
1.422179838397957210e-15
1.414983643765510686e-15
1.407832098366460027e-15
1.400725060660356338e-15
1.393662062881315515e-15
1.386642804482440660e-15
1.379666828278763459e-15
1.372734155410060907e-15
1.365844175140471831e-15
1.358996752296309791e-15
1.352191595043503803e-15
1.345428261594024973e-15
1.338706467484647248e-15
1.332026078990408307e-15
1.325386663283392557e-15
1.318787940857485547e-15
1.312229633835874898e-15
1.305711465965835739e-15
1.299233162613415749e-15
1.292794309149106685e-15
1.286394778179944568e-15
1.280034299860500234e-15
1.273712467914972482e-15
1.267429019198881327e-15
1.261183827782580247e-15
1.254976361009972106e-15
1.248806630543462931e-15
1.242674243616821900e-15
1.236578944658776896e-15
1.230520349526736371e-15
1.224498337882974991e-15
1.218512658587910056e-15
1.212562935167356239e-15
1.206649048370593963e-15
1.200770628364663408e-15
1.194927441037060350e-15
1.189119255204809215e-15
1.183345962582751437e-15
1.177607090383239229e-15
1.171902533937107659e-15
1.166232067246322096e-15
1.160595348001288974e-15
1.154992272321824764e-15
1.149422618028180607e-15
1.143886049517097078e-15
1.138382349997994856e-15
1.132911416700690676e-15
1.127472808705136933e-15
1.122066426592891370e-15
1.116692168439646354e-15
1.111349602485859349e-15
1.106038630110233423e-15
1.100759042924550284e-15
1.095510527252713238e-15
1.090292879687339602e-15
1.085106002686782073e-15
1.079949588647942108e-15
1.074823437561641544e-15
1.069727452731193630e-15
1.064661231157657129e-15
1.059624679208734839e-15
1.054617601324574970e-15
1.049639803048637445e-15
1.044690992912483574e-15
1.039771078354816319e-15
1.034879771654098345e-15
1.030016885046515864e-15
1.025182326788006885e-15
1.020375814685418631e-15
1.015597164110649746e-15
1.010846098763827706e-15
1.006122622226797144e-15
1.001426368279947416e-15
9.967572490827320159e-16
9.921150851092396185e-16
9.874996088000651010e-16
9.829106447876261344e-16
9.783481063040105036e-16
9.738117308863290338e-16
9.693013460809561277e-16
9.648167803927674894e-16
9.603578632819493791e-16
9.559244251607660585e-16
9.515162138552482632e-16
9.471331477248587809e-16
9.427750659551226189e-16
9.384417282388684280e-16
9.341329786413960514e-16
9.298487423503305470e-16
9.255887038920854406e-16
9.213528697835988371e-16
9.171410071454965247e-16
9.129529642106370173e-16
9.087885128518360987e-16
9.046475813354881258e-16
9.005300203377005639e-16
8.964356059639703071e-16
8.923642670792413047e-16
8.883157825661493164e-16
8.842900080617333717e-16
8.802867999761150040e-16
8.763060879850992150e-16
8.723475844851936195e-16
8.684112212542719987e-16
8.644968577709093496e-16
8.606042840013145573e-16
8.567334323033103455e-16
8.528841644165216011e-16
8.490562741760880480e-16
8.452496264131234653e-16
8.414641542838049299e-16
8.376995883288853997e-16
8.339558636630867586e-16
8.302329140446851553e-16
8.265304752605044082e-16
8.228484829999645866e-16
8.191868070895816918e-16
8.155452540000899852e-16
8.119236964307897742e-16
8.083220708414965745e-16
8.047401872299372191e-16
8.011779203235480603e-16
7.976352071750112524e-16
7.941118000611487220e-16
7.906076378353319258e-16
7.871225978820660287e-16
7.836565582446383749e-16
7.802093382654288096e-16
7.767808775524386532e-16
7.733709976353579804e-16
7.699795804802192901e-16
7.666065662652565440e-16
7.632517797505630717e-16
7.599151047816625539e-16
7.565963705139846604e-16
7.532955799849753951e-16
7.500125125872508506e-16
7.467471167485647090e-16
7.434992851587308270e-16
7.402688568425866969e-16
7.370557268205401690e-16
7.338598440674722254e-16
7.306810504587290072e-16
7.275192426263902835e-16
7.243743177331883549e-16
7.212461734709319094e-16
7.181347080589058179e-16
7.150397691589329910e-16
7.119613078794578702e-16
7.088992240028452867e-16
7.058533678732942132e-16
7.028236414187734230e-16
6.998099962916258497e-16
6.968122366034352923e-16
6.938303638693390839e-16
6.908642327882983644e-16
6.879137477776128588e-16
6.849787663021615192e-16
6.820592418993564965e-16
6.791550804475498552e-16
6.762661419017168912e-16
6.733923802002727014e-16
6.705336569335371314e-16
6.676898809090623340e-16
6.648609613983215728e-16
6.620468528792405952e-16
6.592473757339738300e-16
6.564624856888977016e-16
6.536920938568860139e-16
6.509360683477346800e-16
6.481943652749377375e-16
6.454668971092469024e-16
6.427535342495545465e-16
6.400541909899687186e-16
6.373688239718195572e-16
6.346972642281392824e-16
6.320394695687279761e-16
6.293953970312494549e-16
6.267648807421590195e-16
6.241478788919733507e-16
6.215443087850938101e-16
6.189540482987139658e-16
6.163770164397093272e-16
6.138131719067375799e-16
6.112623954375297297e-16
6.087246110601868696e-16
6.061997823844955869e-16
6.036877577640140583e-16
6.011885018163342746e-16
5.987019407979154425e-16
5.962280013285845406e-16
5.937665732870279952e-16
5.913176216455864756e-16
5.888810375213989630e-16
5.864567497464110592e-16
5.840447235629715888e-16
5.816448519193252412e-16
5.792570646872297712e-16
5.768812567733991417e-16
5.745174295973488128e-16
5.721654436847798583e-16
5.698252655734477392e-16
5.674968268321130159e-16
5.651800252818803550e-16
5.628747938816268045e-16
5.605810995241187999e-16
5.582988417359600425e-16
5.560279544512126983e-16
5.537683719252427687e-16
5.515200287337854878e-16
5.492828597719994781e-16
5.470568002535113413e-16
5.448417217014494964e-16
5.426376248603222289e-16
5.404444458828199092e-16
5.382621212362972953e-16
5.360905254506474459e-16
5.339296587318956845e-16
5.317794584751795309e-16
5.296397404477067766e-16
5.275106268346974437e-16
5.253919344257970124e-16
5.232836030851018186e-16
5.211855729639420189e-16
5.190978433989624072e-16
5.170202369113607928e-16
5.149528119089462648e-16
5.128955084893291299e-16
5.108481524522759323e-16
5.088107437577486284e-16
5.067832245539993773e-16
5.047655372698093335e-16
5.027576246136235633e-16
5.007594295726797472e-16
4.987708409737930385e-16
4.967918608621053514e-16
4.948224363403309607e-16
4.928625147614822122e-16
4.909119902155137033e-16
4.889708647921995203e-16
4.870390337930240776e-16
4.851164990608662409e-16
4.832031570950287545e-16
4.812990094999996767e-16
4.794039025827013644e-16
4.775178897871712464e-16
4.756409206459355854e-16
4.737728442448828031e-16
4.719137126464575813e-16
4.700633767545090633e-16
4.682218877282841177e-16
4.663890982665375579e-16
4.645650586434057379e-16
4.627496716806943249e-16
4.609428417323608659e-16
4.591445700716863224e-16
4.573548095168064730e-16
4.555734660357918148e-16
4.538005873448306565e-16
4.520360330903122767e-16
4.502797578987218918e-16
4.485317624308089029e-16
4.467919552828844868e-16
4.450603369233736573e-16
4.433368169780436767e-16
4.416213957298013650e-16
4.399139394929199279e-16
4.382144932875291650e-16
4.365230125022916323e-16
4.348393658273408475e-16
4.331635971366511750e-16
4.314955766752161619e-16
4.298353049655866890e-16
4.281827815938096724e-16
4.265378791009773929e-16
4.249006395147352660e-16
4.232709368830979056e-16
4.216487300803098268e-16
4.200340600633614088e-16
4.184268030995737912e-16
4.168269590383523919e-16
4.152344465515349149e-16
4.136492653305830690e-16
4.120713349495389982e-16
4.105006553586091121e-16
4.089371881861762206e-16
4.073808179291776316e-16
4.058315857015261540e-16
4.042894156951669242e-16
4.027542713753293464e-16
4.012261542249828304e-16
3.997049896797080812e-16
3.981907043199848297e-16
3.966833372326475543e-16
3.951827781849993670e-16
3.936890656121050471e-16
3.922020905575909593e-16
3.907218908171985851e-16
3.892483586953158801e-16
3.877814599381385095e-16
3.863212314001267968e-16
3.848675672430647731e-16
3.834204686857895235e-16
3.819798665892054275e-16
3.805457620178876723e-16
3.791180865809770303e-16
3.776968411938050800e-16
3.762819582057489019e-16
3.748734046872192087e-16
3.734711478513186350e-16
3.720751883247375124e-16
3.706854599090108046e-16
3.693019302478431391e-16
3.679245671262076642e-16
3.665533384699914558e-16
3.651882123456360928e-16
3.638291889795118678e-16
3.624761724752086400e-16
3.611291319288216835e-16
3.597880993946303815e-16
3.584529806051650220e-16
3.571237760725673181e-16
3.558004548325564829e-16
3.544829860584379957e-16
3.531712781955928890e-16
3.518653925653051871e-16
3.505652380714527276e-16
3.492707849978770868e-16
3.479820334282542199e-16
3.466989238556078068e-16
3.454214269496016781e-16
3.441495135065319064e-16
3.428831833821813568e-16
3.416223783289374880e-16
3.403670698226453645e-16
3.391172306512562806e-16
3.378728340140993783e-16
3.366338532228587433e-16
3.354002617013178150e-16
3.341720329851000480e-16
3.329491132052493196e-16
3.317315039796148717e-16
3.305191791741525567e-16
3.293121127656238486e-16
3.281102520043722269e-16
3.269135982585876918e-16
3.257221258322913046e-16
3.245357564594826729e-16
3.233545441731113533e-16
3.221784110834615343e-16
3.210073324117108363e-16
3.198412834809128421e-16
3.186802652499444001e-16
3.175242020188351912e-16
3.163731203276671147e-16
3.152269954379199059e-16
3.140857528993918132e-16
3.129493938645958493e-16
3.118178943666810090e-16
3.106912305388363236e-16
3.095693786140516389e-16
3.084523149248758789e-16
3.073399918989492078e-16
3.062324103659462712e-16
3.051295469525802525e-16
3.040313783841596221e-16
3.029378580631238600e-16
3.018489866189398908e-16
3.007647179325601123e-16
2.996850525364634662e-16
2.986099447852797478e-16
2.975393951174916215e-16
2.964733357804493352e-16
2.954117899727072617e-16
2.943547352811876711e-16
2.933021050559653611e-16
2.922539219476171607e-16
2.912101200290716749e-16
2.901707215919170254e-16
2.891356614237433040e-16
2.881049614635749015e-16
2.870785785773205983e-16
2.860564702424592119e-16
2.850386367669640120e-16
2.840250572512210334e-16
2.830156908449722844e-16
2.820105596892069165e-16
2.810096025642815904e-16
2.800128002977374808e-16
2.790201541526247629e-16
2.780316244986930024e-16
2.770472125054461423e-16
2.760668789405285328e-16
2.750906248825515141e-16
2.741183917363565114e-16
2.731502004859502242e-16
2.721860322012186026e-16
2.712258292224945828e-16
2.702696120471073837e-16
2.693173236287845649e-16
2.683689650882118063e-16
2.674245371587931903e-16
2.664839837015787965e-16
2.655473244269425803e-16
2.646145037924019167e-16
2.636855042106865568e-16
2.627603449341001288e-16
2.618389713002444923e-16
2.609213840959589485e-16
2.600075476228575982e-16
2.590974625885712050e-16
2.581910936482482939e-16
2.572884414325905048e-16
2.563894885826259069e-16
2.554941827469902023e-16
2.546025421849618611e-16
2.537145324194960615e-16
2.528301366751683522e-16
2.519493553629855198e-16
2.510721545160802412e-16
2.501985006382772457e-16
2.493284111566022123e-16
2.484618358841965830e-16
2.475987919795351542e-16
2.467392297816363324e-16
2.458831661850524759e-16
2.450305520489136646e-16
2.441813715377095583e-16
2.433356411567106620e-16
2.424933125326827214e-16
2.416543859665530976e-16
2.408188297294080385e-16
2.399866440580346464e-16
2.391577975336851763e-16
2.383322904649861239e-16
2.375100924091232937e-16
2.366911888777154853e-16
2.358755654366290470e-16
2.350632229275933556e-16
2.342541316257789763e-16
2.334482772609413642e-16
2.326456456166797251e-16
2.318462225303357943e-16
2.310499938928918274e-16
2.302569603475160795e-16
2.294670784096395951e-16
2.286803343861836705e-16
2.278967435232852315e-16
2.271162630040358351e-16
2.263388935661668107e-16
2.255646214715374520e-16
2.247934330347879608e-16
2.240252865590543782e-16
2.232602108032253866e-16
2.224981642537476925e-16
2.217391336733552242e-16
2.209831195853794156e-16
2.202300949815170272e-16
2.194800467731531368e-16
2.187329619205282597e-16
2.179888408316209430e-16
2.172476570113765800e-16
2.165093975675233152e-16
2.157740496562600868e-16
2.150416004821605835e-16
2.143120372980759432e-16
2.135853474050358003e-16
2.128615181521487166e-16
2.121405241390268404e-16
2.114223657542107423e-16
2.107070304890423803e-16
2.099945058825435994e-16
2.092847670132821648e-16
2.085778141657861285e-16
2.078736350201245071e-16
2.071721927121907612e-16
2.064734998874130728e-16
2.057775443646655143e-16
2.050843140097755533e-16
2.043937726977242292e-16
2.037059326981123619e-16
2.030207582483505856e-16
2.023382614335028692e-16
2.016584303473717380e-16
2.009812298477869605e-16
2.003066489291508606e-16
1.996346998084193542e-16
1.989653712477680432e-16
1.982986292105552272e-16
1.976344629308538655e-16
1.969728842655346505e-16
1.963138596849842725e-16
1.956574008704379067e-16
1.950034746267007436e-16
1.943520703811192529e-16
1.937031775985512015e-16
1.930568076151861002e-16
1.924129061805052237e-16
1.917715280080741532e-16
1.911325975802323924e-16
1.904961262621643796e-16
1.898621249738923078e-16
1.892305408664274501e-16
1.886014060457468438e-16
1.879746890868189984e-16
1.873503798305812569e-16
1.867284475118379056e-16
1.861089234459087173e-16
1.854917768251633013e-16
1.848769976372397161e-16
1.842645557194010406e-16
1.836544816182029901e-16
1.830467251676822061e-16
1.824413165380116838e-16
1.818382060819799390e-16
1.812374039661214480e-16
1.806388809063422544e-16
1.800426663336221166e-16
1.794487116189658721e-16
1.788570266313037621e-16
1.782676017516952705e-16
1.776804084074885613e-16
1.770954562502113782e-16
1.765127169855491545e-16
1.759322001223811981e-16
1.753538962155797486e-16
1.747777773839941907e-16
1.742038529277917966e-16
1.736320952371315543e-16
1.730625134752206532e-16
1.724950803007725629e-16
1.719298047422451974e-16
1.713666597241782573e-16
1.708056363702652277e-16
1.702467435631714095e-16
1.696899548854423200e-16
1.691352618722674976e-16
1.685826734737600969e-16
1.680321637070232975e-16
1.674837241959546876e-16
1.669373636956200592e-16
1.663930395897039008e-16
1.658507777009331337e-16
1.653105526679030703e-16
1.647723562601783350e-16
1.642361802759675358e-16
1.637020165420746255e-16
1.631698733741134682e-16
1.626397096458864721e-16
1.621115338200024620e-16
1.615853540304792997e-16
1.610611297717548972e-16
1.605388693229113398e-16
1.600185647094878924e-16
1.595002079852036322e-16
1.589837912319025986e-16
1.584693065594983754e-16
1.579567461059178847e-16
1.574460865323295849e-16
1.569373357047688295e-16
1.564304858433524793e-16
1.559255139410878435e-16
1.554224428657080253e-16
1.549212344920190454e-16
1.544218813948472711e-16
1.539244060311521516e-16
1.534287708462202240e-16
1.529349684915904863e-16
1.524430063325302770e-16
1.519528768329053553e-16
1.514645579519888433e-16
1.509780424420312440e-16
1.504933374560658183e-16
1.500104355639359206e-16
1.495293151397382894e-16
1.490499690357212605e-16
1.485724041993321171e-16
1.480965993097474734e-16
1.476225472930562013e-16
1.471502549460777464e-16
1.466797012485770464e-16
1.462108792000768763e-16
1.457437818240501731e-16
1.452784157215496775e-16
1.448147603016592379e-16
1.443528088395116336e-16
1.438925546687280842e-16
1.434339911454415079e-16
1.429771248453294308e-16
1.425219227052299254e-16
1.420684044734870165e-16
1.416165374119501846e-16
1.411663281157443490e-16
1.407177829261102455e-16
1.402708695859730845e-16
1.398256072646256225e-16
1.393819640214658718e-16
1.389399462184167264e-16
1.384995474566630041e-16
1.380607613594216193e-16
1.376235815718985400e-16
1.371879894436083756e-16
1.367539911110557345e-16
1.363215802840122367e-16
1.358907506940717372e-16
1.354614840343349690e-16
1.350337862669838606e-16
1.346076511876954068e-16
1.341830607426363772e-16
1.337600207664983005e-16
1.333385251186723224e-16
1.329185559947349027e-16
1.325001074807310753e-16
1.320831852452272110e-16
1.316677832312661041e-16
1.312538839606730738e-16
1.308414815985653416e-16
1.304305816524917238e-16
1.300211781484877916e-16
1.296132427230135494e-16
1.292067920888664964e-16
1.288018203333709522e-16
1.283982995027704315e-16
1.279962460182193488e-16
1.275956431114466677e-16
1.271964851218972206e-16
1.267987772111698777e-16
1.264025028408735626e-16
1.260076564079198247e-16
1.256142323279792024e-16
1.252222250354482391e-16
1.248316289834154879e-16
1.244424386436274676e-16
1.240546589236065064e-16
1.236682634673071468e-16
1.232832573893672957e-16
1.228996456304498702e-16
1.225174023268431491e-16
1.221365325079026427e-16
1.217570309109813536e-16
1.213788922910545248e-16
1.210021114206860643e-16
1.206266731469944846e-16
1.202525922148087210e-16
1.198798436138587212e-16
1.195084321288516968e-16
1.191383526189184643e-16
1.187695902706177771e-16
1.184021497672743662e-16
1.180360260192276580e-16
1.176712044125350394e-16
1.173076895314481017e-16
1.169454763372256402e-16
1.165845504126140981e-16
1.162249162450456286e-16
1.158665595465776912e-16
1.155094847410491814e-16
1.151536776686162931e-16
1.147991426904932373e-16
1.144458657737335320e-16
1.140938421530274140e-16
1.137430760970379857e-16
1.133935537605455228e-16
1.130452793519462499e-16
1.126982391499688318e-16
1.123524284672068973e-16
1.120078514229833048e-16
1.116644857325073003e-16
1.113223442927913253e-16
1.109814136862440128e-16
1.106416979163122824e-16
1.103031751145882419e-16
1.099658578858514882e-16
1.096297245663606891e-16
1.092947876172068558e-16
1.089610339758085112e-16
1.086284591218415153e-16
1.082970502359682089e-16
1.079668194973838566e-16
1.076377540742320822e-16
1.073098495055682411e-16
1.069830931978084474e-16
1.066574970553909173e-16
1.063330404073614992e-16
1.060097270124143640e-16
1.056875605369336571e-16
1.053665127370560657e-16
1.050466032907695383e-16
1.047278120868396744e-16
1.044101428214530570e-16
1.040935912603896315e-16
1.037781531834768975e-16
1.034638166762223356e-16
1.031505853319876036e-16
1.028384473405598284e-16
1.025274062447208419e-16
1.022174578928241979e-16
1.019085906296078802e-16
1.016008004437612586e-16
1.012940907791751289e-16
1.009884575382979489e-16
1.006838892687510423e-16
1.003803820106195088e-16
1.000779391118486040e-16
9.977654926948918466e-17
9.947621578458930466e-17
9.917692745288442194e-17
9.887868037788174820e-17
9.858147067546663485e-17
9.828530155439808893e-17
9.799016200449517712e-17
9.769604817923291670e-17
9.740295624437613692e-17
9.711088931914268400e-17
9.681982967708815236e-17
9.652978736910874882e-17
9.624075166929093541e-17
9.595271880508168490e-17
9.566568501608162954e-17
9.537964655402262785e-17
9.509459968274453016e-17
9.481054067817253591e-17
9.452746582829355240e-17
9.424537143313303438e-17
9.396425380473120726e-17
9.368410272598952113e-17
9.340492764732965891e-17
9.312671186624638971e-17
9.284945828320539534e-17
9.257316326944078023e-17
9.229782320806018871e-17
9.202342814326257464e-17
9.174998089483797371e-17
9.147747788085637022e-17
9.120591553748833451e-17
9.093528411061979108e-17
9.066558637944414453e-17
9.039681267947244457e-17
9.012896575098877657e-17
8.986204211847742876e-17
8.959603224122962781e-17
8.933093275549585711e-17
8.906674632546645723e-17
8.880346952027020235e-17
8.854109296134180031e-17
8.827961332747708620e-17
8.801903320901350152e-17
8.775934334686324950e-17
8.750054629525572213e-17
8.724263287402297397e-17
8.698559981446234366e-17
8.672944385812904868e-17
8.647416748817587927e-17
8.621975597612994499e-17
8.596622320541085687e-17
8.571354884811832805e-17
8.546173540085002565e-17
8.521078526073741483e-17
8.496068402608399068e-17
8.471143968148128668e-17
8.446304346686909687e-17
8.421549222622496135e-17
8.396877735333635848e-17
8.372290665904430004e-17
8.347787153070968577e-17
8.323366885237706535e-17
8.299029016225589695e-17
8.274774310166902033e-17
8.250601389838320686e-17
8.226511011051392437e-17
8.202501808811680430e-17
8.178574007874867747e-17
8.154726783210951690e-17
8.130960874253160022e-17
8.107274940074378731e-17
8.083669199204005291e-17
8.060143350819544040e-17
8.036696587086048581e-17
8.013329121973196816e-17
7.990040154395388341e-17
7.966829895325530646e-17
7.943698048716078477e-17
7.920643823514243308e-17
7.897667426299373051e-17
7.874768073355553984e-17
7.851945972037358723e-17
7.829200348816959137e-17
7.806531408895746792e-17
7.783938385190357137e-17
7.761421000383101596e-17
7.738979455402600321e-17
7.716612992708883937e-17
7.694321337575696595e-17
7.672104686752413886e-17
7.649962292118294907e-17
7.627893881523662530e-17
7.605899647630013902e-17
7.583978389842418448e-17
7.562130764299254697e-17
7.540356038283852618e-17
7.518653943884223143e-17
7.497024214024126029e-17
7.475466582461458858e-17
7.453981232618017792e-17
7.432567000135220123e-17
7.411224072223344323e-17
7.389952628473609889e-17
7.368751519680077756e-17
7.347620929179344646e-17
7.326560596522567041e-17
7.305570262081892387e-17
7.284649667048781534e-17
7.263798553432288028e-17
7.243016664057375622e-17
7.222302890280233525e-17
7.201658685115767309e-17
7.181082093216338305e-17
7.160574553226890344e-17
7.140134127323349854e-17
7.119761407437310991e-17
7.099456141995728455e-17
7.079217255494651963e-17
7.059046151284997713e-17
7.038940934543384213e-17
7.018902181569340385e-17
6.998929644724771292e-17
6.979022271505311469e-17
6.959181430934634265e-17
6.939405270147283389e-17
6.919693555820466208e-17
6.900047636810201788e-17
6.880465684913812309e-17
6.860948252349691389e-17
6.841494317892009367e-17
6.822105204995411156e-17
6.802778350016241192e-17
6.783515847932401770e-17
6.764315924460519849e-17
6.745179120107428158e-17
6.726104445254690465e-17
6.707092434689872052e-17
6.688142107228756453e-17
6.669253992007227161e-17
6.650427860578845093e-17
6.631662744292423879e-17
6.612959163957666677e-17
6.594316159165024984e-17
6.575734245237429075e-17
6.557212469931437346e-17
6.538751343147779153e-17
6.520349920734291405e-17
6.502008707233243732e-17
6.483726766509645468e-17
6.465504597810224338e-17
6.447341272943740105e-17
6.429236581683650000e-17
6.411191015424626539e-17
6.393203657730377720e-17
6.375274994854039525e-17
6.357404118123079440e-17
6.339590820481677567e-17
6.321835580558885616e-17
6.304137501170984760e-17
6.286496377140517964e-17
6.268912679605867538e-17
6.251385522715746524e-17
6.233914703160273080e-17
6.216500018234110149e-17
6.199141929275611156e-17
6.181839565288658271e-17
6.164592725421161945e-17
6.147401863822439491e-17
6.130266120472888168e-17
6.113185296362455478e-17
6.096159193077615678e-17
6.079187612800297426e-17
6.062270997945001776e-17
6.045407869696609563e-17
6.028599308414400240e-17
6.011844479056554026e-17
5.995143186809097768e-17
5.978495237446576898e-17
5.961901059738062495e-17
5.945359212995841855e-17
5.928870130944082714e-17
5.912434240415620477e-17
5.896050125015949443e-17
5.879718824872596975e-17
5.863439541505888247e-17
5.847211488023028622e-17
5.831035689658690969e-17
5.814911357884587104e-17
5.798837715591408617e-17
5.782815773358478949e-17
5.766844163010214315e-17
5.750923885485541439e-17
5.735053584381391718e-17
5.719234251098796537e-17
5.703464540896532689e-17
5.687744859426276221e-17
5.672075028715971764e-17
5.656454871333523214e-17
5.640884210385648654e-17
5.625362869516772247e-17
5.609890672907885321e-17
5.594466884318799120e-17
5.579091894986980252e-17
5.563765530658851647e-17
5.548487617613112121e-17
5.533257982659582665e-17
5.518075904632959903e-17
5.502941764813761715e-17
5.487855391561762379e-17
5.472816072582501707e-17
5.457824722067220400e-17
5.442880089983810812e-17
5.427982547937250349e-17
5.413131395290554047e-17
5.398326999834155009e-17
5.383569193520211948e-17
5.368857284311509523e-17
5.354192156548616756e-17
5.339572077182837170e-17
5.324998446720253626e-17
5.310470062252003753e-17
5.295986765660761987e-17
5.281548909942304096e-17
5.267156331066233669e-17
5.252808359366827281e-17
5.238505342467745670e-17
5.224246616165579293e-17
5.210032524542180300e-17
5.195862906039642035e-17
5.181737104574726731e-17
5.167654967010735608e-17
5.153616834667758230e-17
5.139622064467060123e-17
5.125670995103599590e-17
5.111762988726591010e-17
5.097898380600982329e-17
5.084076538058234613e-17
5.070297792971806516e-17
5.056561517810124560e-17
5.042867567495529336e-17
5.029216268870086432e-17
5.015607002008522757e-17
5.002039623086481049e-17
4.988514453999092485e-17
4.975030882328468599e-17
4.961588765496739256e-17
4.948188420535033308e-17
4.934829242435237084e-17
4.921511089859058882e-17
4.908234275055013486e-17
4.894998200328490178e-17
4.881802725573732022e-17
4.868647711084704682e-17
4.855533017554400621e-17
4.842458949418130816e-17
4.829424920941340932e-17
4.816430794038022959e-17
4.803476431018248551e-17
4.790562130228277756e-17
4.777686881583892878e-17
4.764851417976459661e-17
4.752055167679782149e-17
4.739297995000813201e-17
4.726579764638129508e-17
4.713900341681207446e-17
4.701259591609689679e-17
4.688657800965830114e-17
4.676093992830275988e-17
4.663568873381932686e-17
4.651081473799594593e-17
4.638632493747616305e-17
4.626220972429992524e-17
4.613847193243924315e-17
4.601511432804005166e-17
4.589212742216873732e-17
4.576951805150252239e-17
4.564727680556651239e-17
4.552541045819130411e-17
4.540390967665544955e-17
4.528277719714012539e-17
4.516201173953466517e-17
4.504161205731000780e-17
4.492157691499482666e-17
4.480190508068508577e-17
4.468259143579409334e-17
4.456364255281462043e-17
4.444504944665466806e-17
4.432681478961341366e-17
4.420893736728053288e-17
4.409141596877202058e-17
4.397424559607860512e-17
4.385742886864222110e-17
4.374096458588208318e-17
4.362485155071639860e-17
4.350908856955492843e-17
4.339367074250576179e-17
4.327860062461127962e-17
4.316387703248562719e-17
4.304949512402431375e-17
4.293545741637992362e-17
4.282176273631246879e-17
4.270840629877567535e-17
4.259539058365074863e-17
4.248271442778440281e-17
4.237037310246884382e-17
4.225836905092133942e-17
4.214670112001537101e-17
4.203536463667131060e-17
4.192436200803905825e-17
4.181368859766369623e-17
4.170334678890573593e-17
4.159333198162813381e-17
4.148364653566067268e-17
4.137428588688005881e-17
4.126525237184082030e-17
4.115654486692572205e-17
4.104815886156971469e-17
4.094009328214569719e-17
4.083235041941242468e-17
4.072492581548829474e-17
4.061782173860532585e-17
4.051103376570522499e-17
4.040456083809526681e-17
4.029840519057407166e-17
4.019256572829909822e-17
4.008703483427583528e-17
3.998182124987703955e-17
3.987691414307080294e-17
3.977231895690850135e-17
3.966803140454922441e-17
3.956405045728949666e-17
3.946037829547675902e-17
3.935701072045022417e-17
3.925394989766343577e-17
3.915118852071890353e-17
3.904873190091837144e-17
3.894657590444535080e-17
3.884471955386756717e-17
3.874316496204695178e-17
3.864190804314273819e-17
3.854094782784880677e-17
3.844028334949777758e-17
3.833991364405663473e-17
3.823984077319287445e-17
3.814006072958681242e-17
3.804057255725824195e-17
3.794137530284254179e-17
3.784246801558614632e-17
3.774384974734208973e-17
3.764551955256542692e-17
3.754747942345247677e-17
3.744972253703045376e-17
3.735225381360356239e-17
3.725506648469328198e-17
3.715816542666892997e-17
3.706154392507552240e-17
3.696520681277886098e-17
3.686915027889042776e-17
3.677337056317094446e-17
3.667787243403015700e-17
3.658265212439374492e-17
3.648770591716401258e-17
3.639303851723940964e-17
3.629864342163541887e-17
3.620452252585609408e-17
3.611067768136265754e-17
3.601710246260389038e-17
3.592379873764224132e-17
3.583076560948152718e-17
3.573800218363279896e-17
3.564550486912624963e-17
3.555327818568803805e-17
3.546131585950204169e-17
3.536961970488856787e-17
3.527818883966824416e-17
3.518702238414004030e-17
3.509611946107632540e-17
3.500547657441386607e-17
3.491509549495243792e-17
3.482497535270546910e-17
3.473511269675536684e-17
3.464550929912493698e-17
3.455616432912828818e-17
3.446707695838422938e-17
3.437824381475116294e-17
3.428966664161385876e-17
3.420134461733401915e-17
3.411327440802207815e-17
3.402545773197241896e-17
3.393789377425273953e-17
3.385057923876275238e-17
3.376351581909918967e-17
3.367670024405407259e-17
3.359013419092761052e-17
3.350381685583506079e-17
3.341774500460049056e-17
3.333192029046679136e-17
3.324633950365184669e-17
3.316100428152403507e-17
3.307591143849904291e-17
3.299106259623635337e-17
3.290645459315505703e-17
3.282208903536957208e-17
3.273796278510957838e-17
3.265407743310634902e-17
3.257042986520900848e-17
3.248701933239809003e-17
3.240384740256486605e-17
3.232091099656870578e-17
3.223821166731502040e-17
3.215574635881273998e-17
3.207351660913701117e-17
3.199151711743709796e-17
3.190975395206163499e-17
3.182821957633635685e-17
3.174691776683437526e-17
3.166584553578239631e-17
3.158500437755704819e-17
3.150438911417915818e-17
3.142400345653820989e-17
3.134384665594735855e-17
3.126391359470800335e-17
3.118420793529724028e-17
3.110472676744486953e-17
3.102546937731711059e-17
3.094643720303029530e-17
3.086762522559934057e-17
3.078903702826364177e-17
3.071066975474995488e-17
3.063252270072187320e-17
3.055459727463543364e-17
3.047688857594429127e-17
3.039940013655899197e-17
3.032212709814704833e-17
3.024507296192640674e-17
3.016823497110966039e-17
3.009161246008206534e-17
3.001520476496667040e-17
2.993901122362146375e-17
2.986303117563651324e-17
2.978726396233099588e-17
2.971170892675036901e-17
2.963636541366338746e-17
2.956123476743299466e-17
2.948631233241348727e-17
2.941159946453996063e-17
2.933709551544462922e-17
2.926279983846819533e-17
2.918871178865683540e-17
2.911483072275913700e-17
2.904115599922309746e-17
2.896768504416385695e-17
2.889442109530081904e-17
2.882135965585807509e-17
2.874850393563933047e-17
2.867584947239672394e-17
2.860339755302572970e-17
2.853114754768342600e-17
2.845909882820227758e-17
2.838724889569099190e-17
2.831559901282513985e-17
2.824415041366849831e-17
2.817289690465501893e-17
2.810184343781887012e-17
2.803098570259708953e-17
2.796032493210369632e-17
2.788986051126749734e-17
2.781959182666545174e-17
2.774951646092143061e-17
2.767963562401823947e-17
2.760994870736256132e-17
2.754045332008637875e-17
2.747115065510740211e-17
2.740204010863605516e-17
2.733311931600383944e-17
2.726438945332228600e-17
2.719584817318888300e-17
2.712749664062204844e-17
2.705933425974930042e-17
2.699135870886238678e-17
2.692357114013024451e-17
2.685596926642122080e-17
2.678855424665534273e-17
2.672132381387574234e-17
2.665427911612887121e-17
2.658741958933449129e-17
2.652074299128894181e-17
2.645424878106052866e-17
2.638793808527577867e-17
2.632180868610996692e-17
2.625586169964083355e-17
2.619009492416859915e-17
2.612450946532818031e-17
2.605910313742011853e-17
2.599387540900981923e-17
2.592882737022171138e-17
2.586395685908354073e-17
2.579926495553706115e-17
2.573474951330386683e-17
2.567041000765628017e-17
2.560624591516852757e-17
2.554225829563939130e-17
2.547844660936802524e-17
2.541480717937287147e-17
2.535134263255487723e-17
2.528805087649645854e-17
2.522493139570328353e-17
2.516198522055077520e-17
2.509920874282326824e-17
2.503660453397004216e-17
2.497417206540192983e-17
2.491190776953037600e-17
2.484981418517497576e-17
2.478788777150697202e-17
2.472613104579072393e-17
2.466454199001125939e-17
2.460312159196047624e-17
2.454186636376168379e-17
2.448077730166177566e-17
2.441985537962929212e-17
2.435909861579279700e-17
2.429850505287917037e-17
2.423807712396825033e-17
2.417781286849988762e-17
2.411771179407153330e-17
2.405777340953063167e-17
2.399799722497251255e-17
2.393838275173827427e-17
2.387892950241268211e-17
2.381963699082203286e-17
2.376050473481807569e-17
2.370153226461231229e-17
2.364271911437779288e-17
2.358406481945565188e-17
2.352556891635324364e-17
2.346723094274216409e-17
2.340904768334897745e-17
2.335102419721196209e-17
2.329315726050112059e-17
2.323544369376910436e-17
2.317788849468492713e-17
2.312048577495316648e-17
2.306324049177766442e-17
2.300614680175019474e-17
2.294920695321621499e-17
2.289242049524871543e-17
2.283578697806394917e-17
2.277930595301948774e-17
2.272297697261213490e-17
2.266679959047590521e-17
2.261077075477590405e-17
2.255489264842737931e-17
2.249916741457194234e-17
2.244358942864900200e-17
2.238816084621902198e-17
2.233288122756876435e-17
2.227774758808871422e-17
2.222276459229884724e-17
2.216792672167560037e-17
2.211323608688180409e-17
2.205869225367640371e-17
2.200429478893219460e-17
2.195004077368102433e-17
2.189593228336945955e-17
2.184197135566972436e-17
2.178815015898690269e-17
2.173447566838995282e-17
2.168094498967642493e-17
2.162755526797546942e-17
2.157430852715191496e-17
2.152120193328494058e-17
2.146823989438079085e-17
2.141541717751958843e-17
2.136273577290785840e-17
2.131019526135541436e-17
2.125779286077515583e-17
2.120553053649703331e-17
2.115340787246661332e-17
2.110142211716336509e-17
2.104957753885227807e-17
2.099786906272507262e-17
2.094629631455736424e-17
2.089486352403221582e-17
2.084356339239003010e-17
2.079240242487313362e-17
2.074137565190149520e-17
2.069048497072885292e-17
2.063972998804553446e-17
2.058910806401307653e-17
2.053862107228201512e-17
2.048826862246637206e-17
2.043804810362958473e-17
2.038796136613459919e-17
2.033800581808876240e-17
2.028818329446727775e-17
2.023849340968778765e-17
2.018893360019865654e-17
2.013950567820363786e-17
2.009020709882570473e-17
2.004104181305771888e-17
1.999200297857194290e-17
1.994309453979104714e-17
1.989431611776822990e-17
1.984566521373072193e-17
1.979714358785353806e-17
1.974875086403852420e-17
1.970048457076606781e-17
1.965234435810382536e-17
1.960433195719008977e-17
1.955644699563349963e-17
1.950868703769217488e-17
1.946105173672790106e-17
1.941354279535600716e-17
1.936615984486639432e-17
1.931890048474199128e-17
1.927176437162002958e-17
1.922475519728865660e-17
1.917786654511798931e-17
1.913110210084695855e-17
1.908446150123886902e-17
1.903794041118145011e-17
1.899154445143362743e-17
1.894526929624325778e-17
1.889911460874098569e-17
1.885308200895925024e-17
1.880716919042396060e-17
1.876137581863454423e-17
1.871570349361017461e-17
1.867015186016762506e-17
1.862471864506435620e-17
1.857940351858699480e-17
1.853420806245076241e-17
1.848913003741538817e-17
1.844416912395273159e-17
1.839932688585775995e-17
1.835460110804497847e-17
1.830999147321566310e-17
1.826549952591473232e-17
1.822112307493350180e-17
1.817686365215385440e-17
1.813271908216102864e-17
1.808868905137989653e-17
1.804477507286273957e-17
1.800097499461486553e-17
1.795728850526488791e-17
1.791371529414561415e-17
1.787025684955931403e-17
1.782691105029214557e-17
1.778367937247633790e-17
1.774055971015362052e-17
1.769755175633097910e-17
1.765465520471372914e-17
1.761187150732983544e-17
1.756919858829912286e-17
1.752663614349826813e-17
1.748418386949841985e-17
1.744184319464390770e-17
1.739961034816395693e-17
1.735749020231988259e-17
1.731547728299979191e-17
1.727357471978775197e-17
1.723177879709167596e-17
1.719009261991531061e-17
1.714851587120099363e-17
1.710704487619258686e-17
1.706568270348888927e-17
1.702442570523864658e-17
1.698327692597361780e-17
1.694223439852882328e-17
1.690129947706818077e-17
1.686046856699634325e-17
1.681974466539211573e-17
1.677912583305855582e-17
1.673861177921128791e-17
1.669820221374141396e-17
1.665789684721450888e-17
1.661769699552072501e-17
1.657759915521380268e-17
1.653760624217238222e-17
1.649771477851525690e-17
1.645792765849143165e-17
1.641824300997271794e-17
1.637866055519500650e-17
1.633918157980681047e-17
1.629980267589603814e-17
1.626052513630116137e-17
1.622135023100028264e-17
1.618227458924419002e-17
1.614330102169960418e-17
1.610442618215153444e-17
1.606565285936802440e-17
1.602697773147751128e-17
1.598840356553185658e-17
1.594992856877665093e-17
1.591155247114907045e-17
1.587327500321589162e-17
1.583509440810180311e-17
1.579701339935679170e-17
1.575903021575193674e-17
1.572114459036283582e-17
1.568335625688980585e-17
1.564566348929070012e-17
1.560806894871924395e-17
1.557057090488166932e-17
1.553316909396763925e-17
1.549586181418606112e-17
1.545865168555332974e-17
1.542153700210656945e-17
1.538451608000448725e-17
1.534759150885723800e-17
1.531076018882974091e-17
1.527402328287033205e-17
1.523738193337803244e-17
1.520083307410047904e-17
1.516437785391878450e-17
1.512801601572340282e-17
1.509174730301387182e-17
1.505557145989783630e-17
1.501948686086209508e-17
1.498349599679635196e-17
1.494759587824319669e-17
1.491178897684771691e-17
1.487607232473180784e-17
1.484044702959079827e-17
1.480491283969971572e-17
1.476946950393371358e-17
1.473411544187967767e-17
1.469885306833685187e-17
1.466367947911287993e-17
1.462859575530108930e-17
1.459360164951679553e-17
1.455869561289929301e-17
1.452388001879650073e-17
1.448915201980902171e-17
1.445451268019980518e-17
1.441996175948395092e-17
1.438549901774853214e-17
1.435112293917145655e-17
1.431683457094114578e-17
1.428263367479794987e-17
1.424852001305045757e-17
1.421449209094261708e-17
1.418055219184534709e-17
1.414669632081098934e-17
1.411292800125458778e-17
1.407924574528906921e-17
1.404564808406709156e-17
1.401213602742785908e-17
1.397870811672063313e-17
1.394536535364842372e-17
1.391210750598404952e-17
1.387893434205812784e-17
1.384584442344152039e-17
1.381283873582602010e-17
1.377991704915614893e-17
1.374707793995977163e-17
1.371432238208551701e-17
1.368165014708390302e-17
1.364906100705644074e-17
1.361655355823389460e-17
1.358412758684932056e-17
1.355178404732991241e-17
1.351952271386795692e-17
1.348734336120206556e-17
1.345524460974637507e-17
1.342322739871704291e-17
1.339129035806697629e-17
1.335943441947833819e-17
1.332765936030514370e-17
1.329596382470209819e-17
1.326434760363165438e-17
1.323281273930298654e-17
1.320135675617656868e-17
1.316997944663045210e-17
1.313868171650261180e-17
1.310746223783522029e-17
1.307632301406371499e-17
1.304526051263098298e-17
1.301427673386211718e-17
1.298337146075918725e-17
1.295254338894939931e-17
1.292179340311694403e-17
1.289112021179893500e-17
1.286052469339752455e-17
1.283000556534403422e-17
1.279956369902938391e-17
1.276919782071401901e-17
1.273890879483679622e-17
1.270869535642266750e-17
1.267855836301709479e-17
1.264849655834540934e-17
1.261851079311780594e-17
1.258859981969637473e-17
1.255876344411056213e-17
1.252900250690304874e-17
1.249931577325072668e-17
1.246970407700415378e-17
1.244016619182042142e-17
1.241070294491429580e-17
1.238131311836110039e-17
1.235199652118890060e-17
1.232275397074149544e-17
1.229358526580957882e-17
1.226448820456599958e-17
1.223546460251651341e-17
1.220651425984072865e-17
1.217763499794387148e-17
1.214882861169924095e-17
1.212009490266844646e-17
1.209143269406429915e-17
1.206284179913390209e-17
1.203432300323463662e-17
1.200587417345684413e-17
1.197749802878905256e-17
1.194919147962771936e-17
1.192095626704899915e-17
1.189279124214908258e-17
1.186469717171403534e-17
1.183667196750060333e-17
1.180871734431115373e-17
1.178083310916514261e-17
1.175301719577814202e-17
1.172527129953364638e-17
1.169759522879789453e-17
1.166998693899951291e-17
1.164244810633660443e-17
1.161497762053351478e-17
1.158757530179473968e-17
1.156024097071712531e-17
1.153297535828162430e-17
1.150577736933342196e-17
1.147864682600877258e-17
1.145158355089831744e-17
1.142458826383357886e-17
1.139765988482181821e-17
1.137079823765428609e-17
1.134400314650864858e-17
1.131727443594847422e-17
1.129061281163408634e-17
1.126401633428529615e-17
1.123748658787650421e-17
1.121102251783473421e-17
1.118462481870234578e-17
1.115829157819921655e-17
1.113202435653506578e-17
1.110582125476149113e-17
1.107968382132988109e-17
1.105361102295552136e-17
1.102760268848195301e-17
1.100165864713168312e-17
1.097577957172516076e-17
1.094996360275526468e-17
1.092421141685614269e-17
1.089852367887464427e-17
1.087289937978186551e-17
1.084733835109698956e-17
1.082183959960087729e-17
1.079640461076555814e-17
1.077103238913114900e-17
1.074572276771290309e-17
1.072047557989863019e-17
1.069529146978817801e-17
1.067016864791195092e-17
1.064510776204403494e-17
1.062010864705674663e-17
1.059517193691591994e-17
1.057029586690866852e-17
1.054548107462582860e-17
1.052072818654264854e-17
1.049603545627507691e-17
1.047140351388688880e-17
1.044683219682589140e-17
1.042232212172410235e-17
1.039787156632229732e-17
1.037348115079295716e-17
1.034915148449226280e-17
1.032488086302231536e-17
1.030066989924415241e-17
1.027651843315215973e-17
1.025242630510215084e-17
1.022839335800833840e-17
1.020441944392080722e-17
1.018050441740664916e-17
1.015664738475318207e-17
1.013284970103296510e-17
1.010911047046708446e-17
1.008542880831110794e-17
1.006180605449852654e-17
1.003824058697591970e-17
1.001473300304741938e-17
9.991283159759354753e-18
9.967890914469762881e-18
9.944556124847871060e-18
9.921277926676438586e-18
9.898057625224987726e-18
9.874893637264451272e-18
9.851786543871929051e-18
9.828736204236270253e-18
9.805742477854791793e-18
9.782805224532796056e-18
9.759923600076023852e-18
9.737098174245534802e-18
9.714329507021249783e-18
9.691615361560135270e-18
9.668957697018542518e-18
9.646355675728868442e-18
9.623808470263915203e-18
9.601316637114706085e-18
9.578880038780531201e-18
9.556498538064028494e-18
9.534171318510278783e-18
9.511898927934383842e-18
9.489681230018478326e-18
9.467517416428781182e-18
9.445408698480787530e-18
9.423353598502739949e-18
9.401352653670045006e-18
9.379405066353026118e-18
9.357512029942993685e-18
9.335672086962958588e-18
9.313885110493216125e-18
9.292152280659104840e-18
9.270472154930705497e-18
9.248844607174086650e-18
9.227270804404099161e-18
9.205749318875309753e-18
9.184280667100848753e-18
9.162864077545980545e-18
9.141500062681698312e-18
9.120188491118955051e-18
9.098928593351376829e-18
9.077720847798923766e-18
9.056565090344514114e-18
9.035460531197371318e-18
9.014407637561568276e-18
8.993405624857072106e-18
8.972455576028543563e-18
8.951555470603523959e-18
8.930707005117549685e-18
8.909908785893264236e-18
8.889160658470126187e-18
8.868463077266857789e-18
8.847815882046878070e-18
8.827218308737944614e-18
8.806670806398634679e-18
8.786172615988934301e-18
8.765724183022691212e-18
8.745324753457306794e-18
8.724974769291051663e-18
8.704674072953508277e-18
8.684421917845236425e-18
8.664218740756949309e-18
8.644063800000549941e-18
8.623956945736278925e-18
8.603898609587933793e-18
8.583888636230928535e-18
8.563926293698562566e-18
8.544011433547226245e-18
8.524144480625221606e-18
8.504325281090363242e-18
8.484553112563839966e-18
8.464827827987835014e-18
8.445149845545449076e-18
8.425519012864996643e-18
8.405934056096533420e-18
8.386396512340321864e-18
8.366904553462614883e-18
8.347459150383532293e-18
8.328060152541904479e-18
8.308706858643295625e-18
8.289399124699289742e-18
8.270137354278088168e-18
8.250920852962485907e-18
8.231750021147531364e-18
8.212624168968814705e-18
8.193543154116121368e-18
8.174507372262324453e-18
8.155516140303451934e-18
8.136569316924466557e-18
8.117667293133334029e-18
8.098809414693313162e-18
8.079996180277583583e-18
8.061226524023510933e-18
8.042502017578303825e-18
8.023821074067887742e-18
8.005184732998485664e-18
7.986592461972858504e-18
7.968044253045398929e-18
7.949540613566027747e-18
7.931081016374328178e-18
7.912665453249098474e-18
7.894294425853254871e-18
7.875967412208002655e-18
7.857684403822106214e-18
7.839445392108936313e-18
7.821250871243809563e-18
7.803100326065128528e-18
7.784993747723599484e-18
7.766931624859327020e-18
7.748912951528175368e-18
7.730938712036579089e-18
7.713008891971154271e-18
7.695122495585092736e-18
7.677280496520837846e-18
7.659481905755124577e-18
7.641727689875691792e-18
7.624017834138892492e-18
7.606351359534172678e-18
7.588729222186940288e-18
7.571150449688139067e-18
7.553615991242091935e-18
7.536125356390593326e-18
7.518679008748026158e-18
7.501275988982595716e-18
7.483917232633652761e-18
7.466602255613402531e-18
7.449330580337934174e-18
7.432103132221040261e-18
7.414919895772540203e-18
7.397779930909141194e-18
7.380683692391835591e-18
7.363631628439613835e-18
7.346622808425269576e-18
7.329658137878302397e-18
7.312737146690008866e-18
7.295859823730253405e-18
7.279026157792339327e-18
7.262236137593581994e-18
7.245489751775846538e-18
7.228786988906096362e-18
7.212127759759892144e-18
7.195511664658008959e-18
7.178938669250663491e-18
7.162407413691156606e-18
7.145918306650545799e-18
7.129469997176299828e-18
7.113062890570451556e-18
7.096695644713896884e-18
7.080368661570315635e-18
7.064080607794066639e-18
7.047831452378699303e-18
7.031621159678222452e-18
7.015448409396473757e-18
6.999313595281179069e-18
6.983215405663032579e-18
6.967154231053695548e-18
6.951128768353398388e-18
6.935139404865528942e-18
6.919184846003263086e-18
6.903265059446299308e-18
6.887379593393043843e-18
6.871527997358910825e-18
6.855709822172715413e-18
6.839924619973093098e-18
6.824171944204909769e-18
6.808451349615671013e-18
6.792762392251973009e-18
6.777104224418259065e-18
6.761477216227737335e-18
6.745880118922028116e-18
6.730313299572261571e-18
6.714775517583088955e-18
6.699266340876888913e-18
6.683786131991555425e-18
6.668334453083020258e-18
6.652909291856325581e-18
6.637512584874058232e-18
6.622141542696923309e-18
6.606797308302019712e-18
6.591479450201019819e-18
6.576186763894882381e-18
6.560918828517596161e-18
6.545675993333451974e-18
6.530457065647319954e-18
6.515261628262231781e-18
6.500090026102912059e-18
6.484941836436028738e-18
6.469815126535432793e-18
6.454710997943966597e-18
6.439629031621073095e-18
