# tt
1.070083984375000000e+03
1.024218383789062500e+03
9.765559692382812500e+02
9.389955444335937500e+02
9.116144409179687500e+02
8.928530273437500000e+02
8.812476196289062500e+02
8.748236083984375000e+02
8.732912597656250000e+02
8.755874633789062500e+02
8.825478515625000000e+02
8.926718750000000000e+02
9.050371093750000000e+02
9.194874877929687500e+02
9.360441894531250000e+02
9.549668579101562500e+02
9.757166137695312500e+02
9.990755004882812500e+02
1.023198547363281250e+03
1.048229736328125000e+03
1.074279541015625000e+03
1.101188354492187500e+03
1.129062500000000000e+03
1.157777099609375000e+03
1.187057495117187500e+03
1.217076293945312500e+03
1.247648071289062500e+03
1.278865234375000000e+03
1.310656738281250000e+03
1.342764160156250000e+03
1.375301025390625000e+03
1.408270385742187500e+03
1.441534301757812500e+03
1.475091796875000000e+03
1.508870239257812500e+03
1.542744262695312500e+03
1.576890747070312500e+03
1.611338745117187500e+03
1.645912597656250000e+03
1.680792480468750000e+03
1.715724731445312500e+03
1.750811523437500000e+03
1.785857666015625000e+03
1.821187988281250000e+03
1.856690551757812500e+03
1.892213623046875000e+03
1.927687500000000000e+03
1.963192382812500000e+03
1.998956298828125000e+03
2.034756835937500000e+03
2.070799804687500000e+03
2.106691650390625000e+03
2.142336425781250000e+03
2.177934814453125000e+03
2.213693115234375000e+03
2.249539062500000000e+03
2.285479736328125000e+03
2.321373779296875000e+03
2.357228271484375000e+03
2.393345458984375000e+03
2.429128173828125000e+03
2.464794433593750000e+03
2.500636230468750000e+03
2.536277587890625000e+03
2.572010009765625000e+03
2.607674316406250000e+03
2.643557861328125000e+03
2.679425781250000000e+03
2.715416503906250000e+03
2.751368164062500000e+03
2.787257812500000000e+03
2.822986816406250000e+03
2.858529296875000000e+03
2.893935302734375000e+03
2.929116943359375000e+03
2.964182617187500000e+03
2.999250976562500000e+03
3.034218994140625000e+03
3.069280517578125000e+03
3.104389648437500000e+03
3.139582275390625000e+03
3.174728515625000000e+03
3.209847656250000000e+03
3.244736083984375000e+03
3.279428710937500000e+03
3.314174804687500000e+03
3.348570556640625000e+03
3.383030517578125000e+03
3.417447998046875000e+03
3.451784179687500000e+03
3.486194824218750000e+03
3.520679687500000000e+03
3.555017089843750000e+03
3.589428466796875000e+03
3.623618164062500000e+03
3.658031250000000000e+03
3.692445068359375000e+03
3.726711914062500000e+03
3.761053710937500000e+03
3.795322021484375000e+03
3.829889404296875000e+03
3.864161132812500000e+03
3.898433837890625000e+03
3.932634765625000000e+03
3.966836914062500000e+03
4.000743896484375000e+03
4.034802001953125000e+03
4.068787353515625000e+03
4.102626464843750000e+03
4.136396484375000000e+03
4.170104980468750000e+03
4.203837890625000000e+03
4.237457519531250000e+03
4.271123535156250000e+03
4.304623535156250000e+03
4.338267089843750000e+03
4.371915039062500000e+03
4.405430664062500000e+03
4.438972656250000000e+03
4.472404296875000000e+03
4.505810546875000000e+03
4.539202148437500000e+03
4.572590820312500000e+03
4.605912109375000000e+03
4.639251953125000000e+03
4.672546875000000000e+03
4.705808105468750000e+03
4.739120605468750000e+03
4.772420898437500000e+03
4.805720214843750000e+03
4.839100097656250000e+03
4.872419921875000000e+03
4.905761718750000000e+03
4.939133300781250000e+03
4.972393066406250000e+03
5.005697753906250000e+03
5.038980468750000000e+03
5.072100585937500000e+03
5.105362304687500000e+03
5.138476562500000000e+03
5.171673828125000000e+03
5.204886718750000000e+03
5.237975585937500000e+03
5.271020996093750000e+03
5.304254394531250000e+03
5.337237304687500000e+03
5.370200195312500000e+03
5.403224609375000000e+03
5.436096191406250000e+03
5.468970214843750000e+03
5.501707519531250000e+03
5.534463867187500000e+03
5.567174316406250000e+03
5.599846191406250000e+03
5.632339843750000000e+03
5.664961425781250000e+03
5.697494628906250000e+03
5.729949218750000000e+03
5.762407226562500000e+03
5.794877441406250000e+03
5.827294433593750000e+03
5.859813476562500000e+03
5.892146972656250000e+03
5.924599609375000000e+03
5.957032226562500000e+03
5.989526855468750000e+03
6.021869140625000000e+03
6.054215332031250000e+03
6.086574707031250000e+03
6.118806640625000000e+03
6.150993652343750000e+03
6.183069824218750000e+03
6.215192382812500000e+03
6.247294921875000000e+03
6.279237792968750000e+03
6.311174804687500000e+03
6.343039062500000000e+03
6.374835937500000000e+03
6.406720703125000000e+03
6.438476562500000000e+03
6.470184082031250000e+03
6.501774902343750000e+03
6.533404296875000000e+03
6.565003906250000000e+03
6.596208496093750000e+03
6.627692871093750000e+03
6.659091796875000000e+03
6.690336914062500000e+03
6.721881347656250000e+03
6.752986816406250000e+03
6.784180664062500000e+03
6.815246093750000000e+03
6.846412109375000000e+03
6.877461425781250000e+03
6.908400878906250000e+03
6.939385742187500000e+03
6.970346191406250000e+03
7.001291015625000000e+03
7.032224121093750000e+03
7.063076660156250000e+03
7.093921386718750000e+03
7.124680664062500000e+03
7.155275390625000000e+03
7.185851562500000000e+03
7.216257324218750000e+03
7.246638183593750000e+03
7.276766113281250000e+03
7.306787597656250000e+03
7.336699218750000000e+03
7.366496582031250000e+03
7.396027832031250000e+03
7.425513183593750000e+03
7.454799804687500000e+03
7.483958496093750000e+03
7.512911621093750000e+03
7.541804687500000000e+03
7.570484863281250000e+03
7.599022949218750000e+03
7.627416503906250000e+03
7.655661132812500000e+03
7.683753906250000000e+03
7.711541503906250000e+03
7.739318847656250000e+03
7.766859375000000000e+03
7.794233398437500000e+03
7.821364257812500000e+03
7.848395996093750000e+03
7.875250976562500000e+03
7.901851562500000000e+03
7.928194335937500000e+03
7.954423828125000000e+03
7.980463378906250000e+03
8.006160156250000000e+03
8.031733398437500000e+03
8.057031738281250000e+03
8.082125000000000000e+03
8.107011230468750000e+03
8.131759277343750000e+03
8.156144042968750000e+03
8.180458984375000000e+03
8.204552734375000000e+03
8.228420898437500000e+03
8.252059570312500000e+03
8.275465820312500000e+03
8.298710937500000000e+03
8.321791015625000000e+03
8.344628906250000000e+03
8.367368164062500000e+03
8.389858398437500000e+03
8.412243164062500000e+03
8.434286132812500000e+03
8.456348632812500000e+03
8.478118164062500000e+03
8.499658203125000000e+03
8.521029296875000000e+03
8.542219726562500000e+03
8.563140625000000000e+03
8.583853515625000000e+03
8.604420898437500000e+03
8.624681640625000000e+03
8.644621093750000000e+03
8.664600585937500000e+03
8.684159179687500000e+03
8.703358398437500000e+03
8.722410156250000000e+03
8.741077148437500000e+03
8.759495117187500000e+03
8.777502929687500000e+03
8.795385742187500000e+03
8.812907226562500000e+03
8.830277343750000000e+03
8.847258789062500000e+03
8.863990234375000000e+03
8.880383789062500000e+03
8.896573242187500000e+03
8.912324218750000000e+03
8.927847656250000000e+03
8.943055664062500000e+03
8.957933593750000000e+03
8.972620117187500000e+03
8.986803710937500000e+03
9.000768554687500000e+03
9.014428710937500000e+03
9.027769531250000000e+03
9.040705078125000000e+03
9.053296875000000000e+03
9.065605468750000000e+03
9.077545898437500000e+03
9.089176757812500000e+03
9.100486328125000000e+03
9.111165039062500000e+03
9.121794921875000000e+03
9.131916015625000000e+03
9.141886718750000000e+03
9.151324218750000000e+03
9.160438476562500000e+03
9.169066406250000000e+03
9.177419921875000000e+03
9.185336914062500000e+03
9.192877929687500000e+03
9.200110351562500000e+03
9.206949218750000000e+03
9.213386718750000000e+03
9.219488281250000000e+03
9.225169921875000000e+03
9.230498046875000000e+03
9.235462890625000000e+03
9.240129882812500000e+03
9.244342773437500000e+03
9.248240234375000000e+03
9.251814453125000000e+03
9.254980468750000000e+03
9.257805664062500000e+03
9.260278320312500000e+03
9.262394531250000000e+03
9.264140625000000000e+03
9.265509765625000000e+03
9.266567382812500000e+03
9.267305664062500000e+03
9.267638671875000000e+03
9.267634765625000000e+03
9.267282226562500000e+03
9.266575195312500000e+03
9.265577148437500000e+03
9.264131835937500000e+03
9.262377929687500000e+03
9.260306640625000000e+03
9.257835937500000000e+03
9.255030273437500000e+03
9.251954101562500000e+03
9.248453125000000000e+03
9.244589843750000000e+03
9.240430664062500000e+03
9.235817382812500000e+03
9.230891601562500000e+03
9.225643554687500000e+03
9.219989257812500000e+03
9.214069335937500000e+03
9.207725585937500000e+03
9.200950195312500000e+03
9.193881835937500000e+03
9.186438476562500000e+03
9.178684570312500000e+03
9.170462890625000000e+03
9.161913085937500000e+03
9.152953125000000000e+03
9.143646484375000000e+03
9.133911132812500000e+03
9.123812500000000000e+03
9.113492187500000000e+03
9.102579101562500000e+03
9.091373046875000000e+03
9.079726562500000000e+03
9.067792968750000000e+03
9.055499023437500000e+03
9.042848632812500000e+03
9.029916015625000000e+03
9.016556640625000000e+03
9.002921875000000000e+03
8.988939453125000000e+03
8.974686523437500000e+03
8.960089843750000000e+03
8.945227539062500000e+03
8.930026367187500000e+03
8.914565429687500000e+03
8.898844726562500000e+03
8.882719726562500000e+03
8.866490234375000000e+03
8.849934570312500000e+03
8.833055664062500000e+03
8.815929687500000000e+03
8.798560546875000000e+03
8.780951171875000000e+03
8.763026367187500000e+03
8.744940429687500000e+03
8.726620117187500000e+03
8.707993164062500000e+03
8.689137695312500000e+03
8.670129882812500000e+03
8.650824218750000000e+03
8.631221679687500000e+03
8.611473632812500000e+03
8.591583984375000000e+03
8.571330078125000000e+03
8.550939453125000000e+03
8.530264648437500000e+03
8.509381835937500000e+03
8.488295898437500000e+03
8.467006835937500000e+03
8.445518554687500000e+03
8.423758789062500000e+03
8.401877929687500000e+03
8.379731445312500000e+03
8.357320312500000000e+03
8.334794921875000000e+03
8.311937500000000000e+03
8.288971679687500000e+03
8.265750000000000000e+03
8.242277343750000000e+03
8.218630859375000000e+03
8.194817382812500000e+03
8.170770019531250000e+03
8.146498046875000000e+03
8.122083984375000000e+03
8.097387207031250000e+03
8.072563964843750000e+03
8.047548828125000000e+03
8.022423828125000000e+03
7.997049316406250000e+03
7.971581054687500000e+03
7.945879394531250000e+03
7.920026367187500000e+03
7.893957031250000000e+03
7.867826171875000000e+03
7.841494628906250000e+03
7.814971191406250000e+03
7.788337402343750000e+03
7.761601074218750000e+03
7.734697265625000000e+03
7.707707519531250000e+03
7.680566894531250000e+03
7.653207519531250000e+03
7.625713867187500000e+03
7.598167480468750000e+03
7.570501953125000000e+03
7.542651855468750000e+03
7.514699218750000000e+03
7.486578125000000000e+03
7.458445800781250000e+03
7.430160644531250000e+03
7.401658203125000000e+03
7.373168457031250000e+03
7.344477539062500000e+03
7.315666992187500000e+03
7.286819824218750000e+03
7.257870605468750000e+03
7.228751464843750000e+03
7.199622070312500000e+03
7.170338867187500000e+03
7.140986328125000000e+03
7.111423339843750000e+03
7.081880859375000000e+03
7.052220214843750000e+03
7.022447753906250000e+03
6.992497070312500000e+03
6.962526367187500000e+03
6.932395507812500000e+03
6.902259277343750000e+03
6.872053710937500000e+03
6.841711914062500000e+03
6.811244628906250000e+03
6.780811523437500000e+03
6.750200195312500000e+03
6.719496093750000000e+03
6.688858398437500000e+03
6.658000976562500000e+03
6.627157714843750000e+03
6.596264648437500000e+03
6.565333007812500000e+03
6.534298828125000000e+03
6.503248046875000000e+03
6.472116699218750000e+03
6.440915527343750000e+03
6.409655761718750000e+03
6.378422363281250000e+03
6.347226074218750000e+03
6.315929199218750000e+03
6.284616699218750000e+03
6.253373535156250000e+03
6.221914062500000000e+03
6.190619628906250000e+03
6.159278808593750000e+03
6.127977050781250000e+03
6.096724121093750000e+03
6.065382812500000000e+03
6.034038574218750000e+03
6.002775390625000000e+03
5.971530761718750000e+03
5.940315429687500000e+03
5.909140136718750000e+03
5.878089843750000000e+03
5.846952148437500000e+03
5.815812988281250000e+03
5.784905273437500000e+03
5.754017578125000000e+03
5.723160156250000000e+03
5.692343750000000000e+03
5.661653808593750000e+03
5.631101074218750000e+03
5.600473144531250000e+03
5.570078613281250000e+03
5.539779785156250000e+03
5.509586914062500000e+03
5.479436035156250000e+03
5.449413574218750000e+03
5.419529785156250000e+03
5.389794921875000000e+03
5.360294433593750000e+03
5.330891113281250000e+03
5.301520019531250000e+03
5.272481933593750000e+03
5.243481933593750000e+03
5.214598144531250000e+03
5.186055664062500000e+03
5.157486328125000000e+03
5.129189453125000000e+03
5.100944824218750000e+03
5.072904296875000000e+03
5.044921386718750000e+03
5.017222167968750000e+03
4.989586914062500000e+03
4.962166015625000000e+03
4.934888671875000000e+03
4.907756835937500000e+03
4.880774902343750000e+03
4.853869140625000000e+03
4.827192871093750000e+03
4.800747558593750000e+03
4.774388183593750000e+03
4.748116699218750000e+03
4.722010742187500000e+03
4.696147460937500000e+03
4.670454589843750000e+03
4.644787109375000000e+03
4.619370117187500000e+03
4.594281250000000000e+03
4.569225585937500000e+03
4.544354003906250000e+03
4.519596191406250000e+03
4.495251464843750000e+03
4.470876464843750000e+03
4.446697265625000000e+03
4.422716308593750000e+03
4.398937011718750000e+03
4.375360839843750000e+03
4.352066894531250000e+03
4.328833007812500000e+03
4.305885742187500000e+03
4.283152832031250000e+03
4.260563964843750000e+03
4.238269531250000000e+03
4.216124023437500000e+03
4.194278808593750000e+03
4.172587890625000000e+03
4.151202636718750000e+03
4.129977050781250000e+03
4.109062500000000000e+03
4.088388183593750000e+03
4.067955810546875000e+03
4.047841796875000000e+03
4.027894042968750000e+03
4.008257324218750000e+03
3.988853027343750000e+03
3.969677246093750000e+03
3.950724853515625000e+03
3.932067138671875000e+03
3.913624267578125000e+03
3.895393310546875000e+03
3.877517578125000000e+03
3.859696533203125000e+03
3.842296875000000000e+03
3.825092041015625000e+03
3.808151123046875000e+03
3.791396484375000000e+03
3.774898193359375000e+03
3.758651611328125000e+03
3.742652343750000000e+03
3.726822753906250000e+03
3.711306640625000000e+03
3.695951416015625000e+03
3.680826904296875000e+03
3.666003417968750000e+03
3.651402099609375000e+03
3.637019531250000000e+03
3.622925048828125000e+03
3.608966064453125000e+03
3.595286865234375000e+03
3.581883789062500000e+03
3.568751953125000000e+03
3.555664550781250000e+03
3.542914306640625000e+03
3.530423583984375000e+03
3.518187255859375000e+03
3.506201416015625000e+03
3.494388183593750000e+03
3.482891113281250000e+03
3.471557373046875000e+03
3.460457519531250000e+03
3.449587402343750000e+03
3.439016845703125000e+03
3.428667480468750000e+03
3.418534912109375000e+03
3.408540771484375000e+03
3.398829833984375000e+03
3.389471923828125000e+03
3.380313964843750000e+03
3.371574951171875000e+03
3.362953369140625000e+03
3.354519287109375000e+03
3.346342773437500000e+03
3.338418212890625000e+03
3.330665771484375000e+03
3.323302490234375000e+03
3.316099853515625000e+03
3.309200683593750000e+03
3.302301757812500000e+03
3.295843994140625000e+03
3.289672607421875000e+03
3.283633300781250000e+03
3.277868896484375000e+03
3.272374023437500000e+03
3.266993896484375000e+03
3.261946044921875000e+03
3.257076171875000000e+03
3.252452880859375000e+03
3.248144531250000000e+03
3.243997314453125000e+03
3.240004882812500000e+03
3.236385009765625000e+03
3.232834228515625000e+03
3.229570312500000000e+03
3.226587402343750000e+03
3.223730957031250000e+03
3.221069824218750000e+03
3.218672607421875000e+03
3.216533203125000000e+03
3.214572265625000000e+03
3.212857666015625000e+03
3.211236083984375000e+03
3.209849365234375000e+03
3.208766845703125000e+03
3.207759521484375000e+03
3.207044921875000000e+03
3.206542968750000000e+03
3.206099121093750000e+03
3.205931152343750000e+03
3.205958251953125000e+03
3.206175537109375000e+03
3.206576904296875000e+03
3.207156982421875000e+03
3.207834960937500000e+03
3.208754882812500000e+03
3.209910400390625000e+03
3.211147216796875000e+03
3.212534423828125000e+03
3.214214599609375000e+03
3.215884765625000000e+03
3.217836425781250000e+03
3.219915771484375000e+03
3.222117431640625000e+03
3.224438476562500000e+03
3.227026123046875000e+03
3.229654785156250000e+03
3.232396972656250000e+03
3.235399169921875000e+03
3.238510986328125000e+03
3.241655761718750000e+03
3.245128906250000000e+03
3.248705322265625000e+03
3.252382812500000000e+03
3.256234375000000000e+03
3.260182617187500000e+03
3.264300537109375000e+03
3.268511474609375000e+03
3.272887695312500000e+03
3.277427490234375000e+03
3.281979736328125000e+03
3.286839843750000000e+03
3.291708496093750000e+03
3.296806396484375000e+03
3.301908935546875000e+03
3.307236816406250000e+03
3.312639648437500000e+03
3.318188964843750000e+03
3.323809082031250000e+03
3.329572021484375000e+03
3.335475585937500000e+03
3.341443847656250000e+03
3.347623046875000000e+03
3.353862304687500000e+03
3.360160156250000000e+03
3.366662841796875000e+03
3.373145263671875000e+03
3.379679931640625000e+03
3.386338867187500000e+03
3.393194580078125000e+03
3.400021728515625000e+03
3.406967285156250000e+03
3.413954589843750000e+03
3.421056152343750000e+03
3.428195556640625000e+03
3.435444824218750000e+03
3.442653808593750000e+03
3.450042480468750000e+03
3.457461181640625000e+03
3.464907226562500000e+03
3.472379150390625000e+03
3.479874023437500000e+03
3.487464599609375000e+03
3.495075439453125000e+03
3.502707031250000000e+03
3.510361572265625000e+03
3.518041015625000000e+03
3.525671630859375000e+03
3.533404296875000000e+03
3.541092773437500000e+03
3.548960449218750000e+03
3.556712890625000000e+03
3.564574462890625000e+03
3.572397705078125000e+03
3.580258789062500000e+03
3.588234375000000000e+03
3.596028320312500000e+03
3.603939208984375000e+03
3.611895751953125000e+03
3.619823730468750000e+03
3.627726318359375000e+03
3.635678466796875000e+03
3.643533935546875000e+03
3.651591552734375000e+03
3.659480712890625000e+03
3.667427246093750000e+03
3.675357910156250000e+03
3.683274169921875000e+03
3.691252685546875000e+03
3.699145996093750000e+03
3.707030273437500000e+03
3.714907470703125000e+03
3.722704833984375000e+03
3.730646728515625000e+03
3.738437744140625000e+03
3.746303222656250000e+03
3.754094970703125000e+03
3.761890136718750000e+03
3.769541503906250000e+03
3.777273193359375000e+03
3.784864501953125000e+03
3.792465820312500000e+03
3.800003906250000000e+03
3.807555419921875000e+03
3.815047363281250000e+03
3.822481933593750000e+03
3.829934814453125000e+03
3.837258789062500000e+03
3.844456298828125000e+03
3.851602539062500000e+03
3.858774169921875000e+03
3.865898193359375000e+03
3.872901611328125000e+03
3.879861572265625000e+03
3.886779785156250000e+03
3.893583740234375000e+03
3.900275390625000000e+03
3.907005859375000000e+03
3.913480224609375000e+03
3.920071777343750000e+03
3.926411621093750000e+03
3.932798339843750000e+03
3.939011718750000000e+03
3.945128417968750000e+03
3.951298583984375000e+03
3.957227294921875000e+03
3.963139648437500000e+03
3.968889648437500000e+03
3.974627197265625000e+03
3.980206787109375000e+03
3.985703857421875000e+03
3.991121337890625000e+03
3.996386718750000000e+03
4.001576416015625000e+03
4.006618164062500000e+03
4.011588867187500000e+03
4.016416015625000000e+03
4.021250732421875000e+03
4.025797363281250000e+03
4.030280761718750000e+03
4.034853027343750000e+03
4.039068847656250000e+03
4.043229003906250000e+03
4.047334716796875000e+03
4.051239990234375000e+03
4.055095458984375000e+03
4.058828613281250000e+03
4.062367919921875000e+03
4.065863525390625000e+03
4.069169433593750000e+03
4.072361816406250000e+03
4.075443115234375000e+03
4.078489501953125000e+03
4.081354492187500000e+03
4.084114990234375000e+03
4.086697998046875000e+03
4.089106201171875000e+03
4.091416259765625000e+03
4.093778808593750000e+03
4.095824462890625000e+03
4.097777832031250000e+03
4.099641601562500000e+03
4.101416992187500000e+03
4.103033203125000000e+03
4.104414550781250000e+03
4.105859375000000000e+03
4.107070800781250000e+03
4.108270019531250000e+03
4.109236328125000000e+03
4.110042968750000000e+03
4.110689941406250000e+03
4.111326660156250000e+03
4.111729003906250000e+03
4.111972656250000000e+03
4.112130859375000000e+03
4.112129882812500000e+03
4.112118652343750000e+03
4.111874023437500000e+03
4.111395996093750000e+03
4.110833007812500000e+03
4.110259765625000000e+03
4.109453125000000000e+03
4.108562011718750000e+03
4.107437988281250000e+03
4.106228515625000000e+03
4.104861328125000000e+03
4.103260253906250000e+03
4.101648925781250000e+03
4.099805175781250000e+03
4.097802246093750000e+03
4.095789794921875000e+03
4.093543701171875000e+03
4.091213867187500000e+03
4.088725097656250000e+03
4.086077636718750000e+03
4.083346435546875000e+03
4.080382080078125000e+03
4.077407958984375000e+03
4.074126464843750000e+03
4.070835449218750000e+03
4.067385986328125000e+03
4.063703613281250000e+03
4.060011962890625000e+03
4.056161621093750000e+03
4.052152832031250000e+03
4.048060791015625000e+03
4.043735595703125000e+03
4.039401123046875000e+03
4.034982666015625000e+03
4.030480468750000000e+03
4.025820312500000000e+03
4.020927734375000000e+03
4.016100097656250000e+03
4.011039794921875000e+03
4.005892822265625000e+03
4.000657470703125000e+03
3.995255615234375000e+03
3.989685546875000000e+03
3.984166992187500000e+03
3.978400146484375000e+03
3.972530761718750000e+03
3.966556396484375000e+03
3.960549072265625000e+03
3.954356933593750000e+03
3.948051757812500000e+03
3.941631103515625000e+03
3.935092041015625000e+03
3.928283447265625000e+03
3.921722900390625000e+03
3.914812988281250000e+03
3.907848632812500000e+03
3.900753173828125000e+03
3.893522705078125000e+03
3.886230224609375000e+03
3.878798095703125000e+03
3.871223632812500000e+03
3.863578613281250000e+03
3.855786376953125000e+03
3.847843750000000000e+03
3.839971435546875000e+03
3.831795166015625000e+03
3.823609375000000000e+03
3.815336914062500000e+03
3.806901611328125000e+03
3.798373779296875000e+03
3.789826660156250000e+03
3.781033203125000000e+03
3.772140136718750000e+03
3.763219238281250000e+03
3.754118896484375000e+03
3.745059326171875000e+03
3.735666503906250000e+03
3.726309326171875000e+03
3.716910644531250000e+03
3.707393554687500000e+03
3.697681152343750000e+03
3.687993408203125000e+03
3.678105224609375000e+03
3.668162109375000000e+03
3.658087402343750000e+03
3.648026611328125000e+03
3.637828613281250000e+03
3.627491210937500000e+03
3.617159423828125000e+03
3.606684570312500000e+03
3.595990234375000000e+03
3.585447021484375000e+03
3.574682128906250000e+03
3.563843505859375000e+03
3.553003417968750000e+03
3.542161621093750000e+03
3.531167480468750000e+03
3.520019775390625000e+03
3.508866699218750000e+03
3.497632080078125000e+03
3.486092041015625000e+03
3.474839599609375000e+03
3.463353759765625000e+03
3.451930664062500000e+03
3.440345703125000000e+03
3.428820800781250000e+03
3.417206054687500000e+03
3.405500488281250000e+03
3.393851318359375000e+03
3.382034179687500000e+03
3.370196777343750000e+03
3.358337890625000000e+03
3.346530761718750000e+03
3.334550781250000000e+03
3.322620117187500000e+03
3.310662841796875000e+03
3.298603515625000000e+03
3.286590087890625000e+03
3.274471923828125000e+03
3.262396972656250000e+03
3.250289550781250000e+03
3.238148193359375000e+03
3.225972167968750000e+03
3.213834228515625000e+03
3.201584472656250000e+03
3.189370849609375000e+03
3.177191406250000000e+03
3.164896728515625000e+03
3.152634033203125000e+03
3.140328125000000000e+03
3.128126220703125000e+03
3.115878417968750000e+03
3.103583496093750000e+03
3.091314941406250000e+03
3.078996582031250000e+03
3.066553466796875000e+03
3.054281250000000000e+03
3.041956054687500000e+03
3.029651367187500000e+03
3.017367187500000000e+03
3.005030029296875000e+03
2.992714843750000000e+03
2.980347656250000000e+03
2.968003417968750000e+03
2.955757324218750000e+03
2.943386718750000000e+03
2.931189941406250000e+03
2.918944091796875000e+03
2.906650146484375000e+03
2.894457275390625000e+03
2.882291748046875000e+03
2.870154052734375000e+03
2.857970703125000000e+03
2.845890869140625000e+03
2.833766601562500000e+03
2.821672851562500000e+03
2.809684326171875000e+03
2.797727539062500000e+03
2.785728759765625000e+03
2.773763183593750000e+03
2.761830810546875000e+03
2.750007080078125000e+03
2.738218261718750000e+03
2.726464843750000000e+03
2.714747314453125000e+03
2.702992431640625000e+03
2.691423339843750000e+03
2.679818115234375000e+03
2.668251464843750000e+03
2.656723876953125000e+03
2.645310791015625000e+03
2.633863769531250000e+03
2.622532226562500000e+03
2.611167968750000000e+03
2.599845947265625000e+03
2.588641601562500000e+03
2.577480712890625000e+03
2.566364013671875000e+03
2.555292480468750000e+03
2.544266113281250000e+03
2.533211914062500000e+03
2.522278564453125000e+03
2.511467041015625000e+03
2.500629150390625000e+03
2.489840087890625000e+03
2.479099853515625000e+03
2.468409667968750000e+03
2.457770019531250000e+03
2.447181640625000000e+03
2.436573242187500000e+03
2.426096191406250000e+03
2.415679443359375000e+03
2.405399902343750000e+03
2.395112304687500000e+03
2.384819580078125000e+03
2.374375976562500000e+03
2.364230957031250000e+03
2.354164062500000000e+03
2.344103759765625000e+03
2.334127929687500000e+03
2.324239257812500000e+03
2.314440917968750000e+03
2.304587402343750000e+03
2.294904296875000000e+03
2.285320556640625000e+03
2.275764892578125000e+03
2.266239990234375000e+03
2.256897705078125000e+03
2.247592529296875000e+03
2.238327148437500000e+03
2.229179199218750000e+03
2.220077148437500000e+03
2.211024169921875000e+03
2.202320312500000000e+03
2.193448730468750000e+03
2.184634765625000000e+03
2.175956298828125000e+03
2.167341796875000000e+03
2.158645507812500000e+03
2.150242187500000000e+03
2.141837646484375000e+03
2.133657714843750000e+03
2.125482177734375000e+03
2.117388916015625000e+03
2.109380615234375000e+03
2.101534423828125000e+03
2.093779541015625000e+03
2.085969726562500000e+03
2.078405761718750000e+03
2.070867431640625000e+03
2.063432128906250000e+03
2.056177246093750000e+03
2.048882812500000000e+03
2.041774658203125000e+03
2.034781860351562500e+03
2.027758300781250000e+03
2.020930419921875000e+03
2.014152221679687500e+03
2.007501220703125000e+03
2.000979248046875000e+03
1.994439941406250000e+03
1.988033813476562500e+03
1.981688476562500000e+03
1.975480224609375000e+03
1.969411376953125000e+03
1.963557617187500000e+03
1.957698608398437500e+03
1.951910400390625000e+03
1.946194946289062500e+03
1.940628784179687500e+03
1.934990722656250000e+03
1.929580078125000000e+03
1.924250488281250000e+03
1.918929321289062500e+03
1.913841674804687500e+03
1.908766357421875000e+03
1.903780151367187500e+03
1.898959106445312500e+03
1.894082275390625000e+03
1.889374755859375000e+03
1.884838623046875000e+03
1.880252441406250000e+03
1.875841796875000000e+03
1.871459716796875000e+03
1.867256835937500000e+03
1.863012329101562500e+03
1.858876953125000000e+03
1.854926879882812500e+03
1.850941284179687500e+03
1.847070434570312500e+03
1.843316894531250000e+03
1.839682495117187500e+03
1.836094604492187500e+03
1.832630004882812500e+03
1.829216064453125000e+03
1.825854980468750000e+03
1.822623168945312500e+03
1.819448120117187500e+03
1.816406005859375000e+03
1.813499267578125000e+03
1.810580932617187500e+03
1.807653442382812500e+03
1.805015380859375000e+03
1.802372314453125000e+03
1.799799804687500000e+03
1.797374755859375000e+03
1.795024414062500000e+03
1.792751098632812500e+03
1.790556396484375000e+03
1.788588745117187500e+03
1.786550903320312500e+03
1.784665283203125000e+03
1.782783081054687500e+03
1.781052612304687500e+03
1.779399291992187500e+03
1.777822387695312500e+03
1.776247924804687500e+03
1.774823852539062500e+03
1.773401367187500000e+03
1.772202758789062500e+03
1.770930786132812500e+03
1.769733886718750000e+03
1.768685791015625000e+03
1.767712036132812500e+03
1.766737915039062500e+03
1.765837402343750000e+03
1.765084594726562500e+03
1.764330322265625000e+03
1.763649047851562500e+03
1.763039916992187500e+03
1.762428833007812500e+03
1.761963745117187500e+03
1.761495727539062500e+03
1.761099121093750000e+03
1.760773193359375000e+03
1.760518066406250000e+03
1.760333129882812500e+03
1.760069458007812500e+03
1.760024291992187500e+03
1.759973999023437500e+03
1.759918457031250000e+03
1.760006103515625000e+03
1.760088012695312500e+03
1.760238037109375000e+03
1.760455810546875000e+03
1.760741088867187500e+03
1.761093750000000000e+03
1.761438964843750000e+03
1.761851074218750000e+03
1.762329345703125000e+03
1.762873901367187500e+03
1.763335571289062500e+03
1.764011230468750000e+03
1.764677856445312500e+03
1.765409423828125000e+03
1.766131103515625000e+03
1.766991577148437500e+03
1.767841796875000000e+03
1.768829467773437500e+03
1.769729980468750000e+03
1.770838256835937500e+03
1.771928710937500000e+03
1.773073364257812500e+03
1.774195678710937500e+03
1.775367553710937500e+03
1.776660766601562500e+03
1.777999023437500000e+03
1.779230712890625000e+03
1.780651367187500000e+03
1.782035400390625000e+03
1.783454833984375000e+03
1.784981323242187500e+03
1.786464233398437500e+03
1.787901000976562500e+03
1.789512451171875000e+03
1.791072998046875000e+03
1.792729003906250000e+03
1.794403808593750000e+03
1.796020629882812500e+03
1.797725952148437500e+03
1.799442993164062500e+03
1.801169433593750000e+03
1.802902587890625000e+03
1.804566162109375000e+03
1.806380615234375000e+03
1.808120605468750000e+03
1.810006713867187500e+03
1.811813598632812500e+03
1.813687744140625000e+03
1.815477905273437500e+03
1.817330444335937500e+03
1.819168579101562500e+03
1.821064453125000000e+03
1.822941406250000000e+03
1.824871093750000000e+03
1.826777099609375000e+03
1.828656860351562500e+03
1.830582763671875000e+03
1.832477539062500000e+03
1.834413452148437500e+03
1.836313964843750000e+03
1.838250854492187500e+03
1.840221557617187500e+03
1.842075439453125000e+03
1.844032958984375000e+03
1.845943115234375000e+03
1.847877807617187500e+03
1.849760498046875000e+03
1.851737182617187500e+03
1.853583007812500000e+03
1.855518066406250000e+03
1.857391845703125000e+03
1.859276245117187500e+03
1.861168823242187500e+03
1.863141601562500000e+03
1.865043457031250000e+03
1.866872558593750000e+03
1.868774658203125000e+03
1.870599121093750000e+03
1.872492187500000000e+03
1.874302856445312500e+03
1.876177490234375000e+03
1.878039428710937500e+03
1.879886230468750000e+03
1.881567016601562500e+03
1.883376586914062500e+03
1.885089965820312500e+03
1.886853271484375000e+03
1.888589965820312500e+03
1.890297485351562500e+03
1.891973999023437500e+03
1.893616333007812500e+03
1.895297363281250000e+03
1.896939941406250000e+03
1.898615966796875000e+03
1.900174804687500000e+03
1.901762817382812500e+03
1.903154418945312500e+03
1.904644531250000000e+03
1.906082397460937500e+03
1.907614257812500000e+03
1.909014648437500000e+03
1.910653198242187500e+03
1.912081542968750000e+03
1.913445678710937500e+03
1.914817871093750000e+03
1.916121215820312500e+03
1.917353759765625000e+03
1.918661621093750000e+03
1.919819580078125000e+03
1.920973754882812500e+03
1.922121704101562500e+03
1.923261718750000000e+03
1.924316528320312500e+03
1.925283813476562500e+03
1.926236083984375000e+03
1.927170410156250000e+03
1.928084716796875000e+03
1.928902709960937500e+03
1.929772338867187500e+03
1.930469482421875000e+03
1.931142700195312500e+03
1.931791381835937500e+03
1.932489135742187500e+03
1.933086791992187500e+03
1.933583862304687500e+03
1.934053955078125000e+03
1.934496826171875000e+03
1.934911621093750000e+03
1.935297729492187500e+03
1.935654663085937500e+03
1.935907836914062500e+03
1.936204956054687500e+03
1.936396850585937500e+03
1.936557495117187500e+03
1.936693359375000000e+03
1.936804321289062500e+03
1.936852416992187500e+03
1.936874267578125000e+03
1.936839843750000000e+03
1.936748046875000000e+03
1.936628417968750000e+03
1.936465454101562500e+03
1.936251220703125000e+03
1.935999755859375000e+03
1.935703369140625000e+03
1.935368896484375000e+03
1.934995483398437500e+03
1.934575439453125000e+03
1.934115478515625000e+03
1.933607421875000000e+03
1.933058593750000000e+03
1.932453247070312500e+03
1.931805541992187500e+03
1.931115478515625000e+03
1.930381835937500000e+03
1.929596801757812500e+03
1.928760009765625000e+03
1.927878295898437500e+03
1.926943359375000000e+03
1.925954956054687500e+03
1.924927246093750000e+03
1.923837158203125000e+03
1.922691772460937500e+03
1.921498291015625000e+03
1.920247924804687500e+03
1.918933227539062500e+03
1.917575683593750000e+03
1.916160400390625000e+03
1.914680664062500000e+03
1.913145141601562500e+03
1.911555297851562500e+03
1.909912109375000000e+03
1.908202270507812500e+03
1.906456542968750000e+03
1.904653808593750000e+03
1.902788085937500000e+03
1.900882934570312500e+03
1.898916870117187500e+03
1.896928955078125000e+03
1.894868164062500000e+03
1.892765136718750000e+03
1.890606445312500000e+03
1.888408569335937500e+03
1.886165039062500000e+03
1.883861938476562500e+03
1.881515869140625000e+03
1.879120361328125000e+03
1.876676635742187500e+03
1.874193725585937500e+03
1.871665039062500000e+03
1.869092041015625000e+03
1.866468505859375000e+03
1.863810302734375000e+03
1.861089355468750000e+03
1.858343750000000000e+03
1.855545288085937500e+03
1.852702270507812500e+03
1.849823730468750000e+03
1.846888427734375000e+03
1.843919921875000000e+03
1.840904663085937500e+03
1.837843872070312500e+03
1.834746215820312500e+03
1.831605346679687500e+03
1.828415161132812500e+03
1.825192016601562500e+03
1.821922119140625000e+03
1.818606567382812500e+03
1.815246704101562500e+03
1.811851318359375000e+03
1.808414062500000000e+03
1.804921386718750000e+03
1.801396728515625000e+03
1.797834106445312500e+03
1.794219848632812500e+03
1.790577148437500000e+03
1.786878051757812500e+03
1.783145874023437500e+03
1.779359985351562500e+03
1.775544555664062500e+03
1.771678955078125000e+03
1.767787109375000000e+03
1.763856079101562500e+03
1.759880371093750000e+03
1.755853881835937500e+03
1.751793457031250000e+03
1.747678588867187500e+03
1.743548095703125000e+03
1.739359008789062500e+03
1.735143188476562500e+03
1.730865112304687500e+03
1.726637573242187500e+03
1.722299316406250000e+03
1.717926269531250000e+03
1.713594360351562500e+03
1.709156860351562500e+03
1.704689819335937500e+03
1.700194946289062500e+03
1.695673950195312500e+03
1.691128662109375000e+03
1.686560546875000000e+03
1.681971801757812500e+03
1.677364013671875000e+03
1.672738769531250000e+03
1.668097900390625000e+03
1.663368774414062500e+03
1.658627685546875000e+03
1.653876220703125000e+03
1.648967407226562500e+03
1.644200317382812500e+03
1.639279418945312500e+03
1.634355224609375000e+03
1.629429321289062500e+03
1.624429199218750000e+03
1.619579467773437500e+03
1.614584838867187500e+03
1.609520996093750000e+03
1.604538696289062500e+03
1.599490844726562500e+03
1.594453369140625000e+03
1.589354003906250000e+03
1.584268554687500000e+03
1.579199096679687500e+03
1.574072631835937500e+03
1.568891235351562500e+03
1.563730712890625000e+03
1.558593017578125000e+03
1.553405273437500000e+03
1.548242919921875000e+03
1.543032592773437500e+03
1.537775024414062500e+03
1.532619750976562500e+03
1.527344848632812500e+03
1.522025390625000000e+03
1.516885009765625000e+03
1.511553466796875000e+03
1.506328613281250000e+03
1.501062744140625000e+03
1.495756713867187500e+03
1.490337280273437500e+03
1.485028076171875000e+03
1.479681396484375000e+03
1.474372436523437500e+03
1.468953491210937500e+03
1.463573974609375000e+03
1.458160644531250000e+03
1.452788452148437500e+03
1.447384155273437500e+03
1.442022827148437500e+03
1.436556884765625000e+03
1.431210083007812500e+03
1.425760253906250000e+03
1.420282714843750000e+03
1.414926879882812500e+03
1.409470825195312500e+03
1.403989746093750000e+03
1.398558593750000000e+03
1.393104248046875000e+03
1.387627319335937500e+03
1.382277587890625000e+03
1.376832763671875000e+03
1.371368164062500000e+03
1.365958862304687500e+03
1.360457275390625000e+03
1.355012817382812500e+03
1.349552001953125000e+03
1.344150268554687500e+03
1.338734008789062500e+03
1.333304077148437500e+03
1.327861328125000000e+03
1.322480957031250000e+03
1.317015380859375000e+03
1.311688232421875000e+03
1.306203369140625000e+03
1.300858642578125000e+03
1.295506591796875000e+03
1.290147827148437500e+03
1.284857421875000000e+03
1.279486694335937500e+03
1.274183959960937500e+03
1.268948852539062500e+03
1.263706542968750000e+03
1.258457031250000000e+03
1.253125366210937500e+03
1.247934570312500000e+03
1.242735107421875000e+03
1.237527099609375000e+03
1.232384399414062500e+03
1.227232299804687500e+03
1.221996215820312500e+03
1.216898925781250000e+03
1.211716796875000000e+03
1.206672729492187500e+03
1.201543212890625000e+03
1.196476806640625000e+03
1.191473022460937500e+03
1.186308715820312500e+03
1.181354980468750000e+03
1.176388549804687500e+03
1.171409301757812500e+03
1.166342285156250000e+03
1.161410522460937500e+03
1.156464599609375000e+03
1.151578857421875000e+03
1.146678466796875000e+03
1.141837402343750000e+03
1.136981323242187500e+03
1.132116821289062500e+03
1.127318359375000000e+03
1.122518554687500000e+03
1.117769042968750000e+03
1.113017456054687500e+03
1.108286010742187500e+03
1.103574096679687500e+03
1.098903808593750000e+03
1.094230346679687500e+03
1.089590332031250000e+03
1.084976074218750000e+03
1.080394775390625000e+03
1.075831054687500000e+03
1.071292358398437500e+03
1.066785400390625000e+03
1.062302734375000000e+03
1.057843872070312500e+03
1.053423583984375000e+03
1.049026367187500000e+03
1.044659545898437500e+03
1.040322509765625000e+03
1.036014770507812500e+03
1.031742675781250000e+03
1.027498046875000000e+03
1.023279907226562500e+03
1.019094909667968750e+03
1.014942260742187500e+03
1.010820922851562500e+03
1.006722717285156250e+03
1.002669067382812500e+03
9.986293945312500000e+02
9.946250610351562500e+02
9.906478881835937500e+02
9.867117919921875000e+02
9.828234252929687500e+02
9.789445800781250000e+02
9.751043090820312500e+02
9.712941894531250000e+02
9.675135498046875000e+02
9.637761840820312500e+02
9.600590820312500000e+02
9.563687744140625000e+02
9.527192382812500000e+02
9.490947265625000000e+02
9.455018310546875000e+02
9.419472656250000000e+02
9.384224853515625000e+02
9.349268798828125000e+02
9.314667358398437500e+02
9.280415039062500000e+02
9.246427001953125000e+02
9.212843627929687500e+02
9.179509277343750000e+02
9.146560668945312500e+02
9.113917846679687500e+02
9.081571044921875000e+02
9.049660644531250000e+02
9.018103637695312500e+02
8.986519775390625000e+02
8.955494995117187500e+02
8.924797973632812500e+02
8.894420166015625000e+02
8.864277954101562500e+02
8.834512329101562500e+02
8.805114746093750000e+02
8.775927734375000000e+02
8.747091674804687500e+02
8.718671875000000000e+02
8.690510864257812500e+02
8.662749633789062500e+02
8.635156860351562500e+02
8.608023071289062500e+02
8.581121826171875000e+02
8.554595336914062500e+02
8.528289794921875000e+02
8.502423095703125000e+02
8.476840820312500000e+02
8.451613159179687500e+02
8.426807861328125000e+02
8.402271118164062500e+02
8.377850341796875000e+02
8.353762207031250000e+02
8.330075683593750000e+02
8.306785888671875000e+02
8.283887939453125000e+02
8.261227416992187500e+02
8.238798217773437500e+02
8.216745605468750000e+02
8.195137939453125000e+02
8.173820800781250000e+02
8.152863769531250000e+02
8.132112426757812500e+02
8.111711425781250000e+02
8.091802368164062500e+02
8.072084350585937500e+02
8.052700195312500000e+02
8.033644409179687500e+02
8.014912109375000000e+02
7.996572875976562500e+02
7.978397827148437500e+02
7.960530395507812500e+02
7.943114013671875000e+02
7.925846557617187500e+02
7.909019775390625000e+02
7.892331542968750000e+02
7.876074218750000000e+02
7.860093383789062500e+02
7.844457397460937500e+02
7.829014282226562500e+02
7.813831787109375000e+02
7.799053955078125000e+02
7.784451904296875000e+02
7.770170288085937500e+02
7.756054077148437500e+02
7.742322387695312500e+02
7.728894042968750000e+02
7.715617065429687500e+02
7.702633056640625000e+02
7.689863891601562500e+02
7.677378540039062500e+02
7.665097656250000000e+02
7.652947387695312500e+02
7.641226806640625000e+02
7.629638061523437500e+02
7.618331298828125000e+02
7.607233886718750000e+02
7.596345825195312500e+02
7.585668334960937500e+02
7.575350952148437500e+02
7.565246582031250000e+02
7.555281372070312500e+02
7.545678710937500000e+02
7.536143188476562500e+02
7.526972656250000000e+02
7.518019409179687500e+02
7.509210205078125000e+02
7.500693969726562500e+02
7.492398681640625000e+02
7.484176025390625000e+02
7.476397705078125000e+02
7.468768920898437500e+02
7.461362915039062500e+02
7.454108886718750000e+02
7.447153930664062500e+02
7.440426635742187500e+02
7.433853149414062500e+02
7.427433471679687500e+02
7.421244506835937500e+02
7.415285644531250000e+02
7.409559326171875000e+02
7.403842163085937500e+02
7.398507690429687500e+02
7.393333740234375000e+02
7.388469238281250000e+02
7.383618774414062500e+02
7.379006347656250000e+02
7.374557495117187500e+02
7.370200805664062500e+02
7.366157836914062500e+02
7.362208862304687500e+02
7.358353271484375000e+02
7.354741210937500000e+02
7.351225585937500000e+02
7.347807006835937500e+02
7.344560546875000000e+02
7.341412963867187500e+02
7.338514404296875000e+02
7.335716552734375000e+02
7.333020629882812500e+02
7.330427856445312500e+02
7.327939453125000000e+02
7.325632934570312500e+02
7.323363647460937500e+02
7.321209106445312500e+02
7.319247436523437500e+02
7.317333984375000000e+02
7.315397949218750000e+02
7.313739624023437500e+02
7.312140502929687500e+02
7.310529174804687500e+02
7.309133300781250000e+02
7.307733154296875000e+02
7.306480102539062500e+02
7.305230102539062500e+02
7.304135131835937500e+02
7.303125000000000000e+02
7.302128295898437500e+02
7.301297607421875000e+02
7.300488891601562500e+02
7.299703979492187500e+02
7.299096679687500000e+02
7.298520507812500000e+02
7.297906494140625000e+02
7.297479858398437500e+02
7.296948242187500000e+02
7.296611328125000000e+02
7.296325073242187500e+02
7.295943603515625000e+02
7.295693969726562500e+02
7.295505371093750000e+02
7.295382080078125000e+02
7.295177612304687500e+02
7.295119628906250000e+02
7.295063476562500000e+02
7.295086669921875000e+02
7.295118408203125000e+02
7.295087890625000000e+02
7.295221557617187500e+02
7.295226440429687500e+02
7.295253906250000000e+02
7.295382690429687500e+02
7.295541992187500000e+02
7.295661010742187500e+02
7.295742797851562500e+02
7.295939941406250000e+02
7.296107788085937500e+02
7.296175537109375000e+02
7.296369018554687500e+02
7.296544799804687500e+02
7.296704711914062500e+02
7.296778564453125000e+02
7.296991577148437500e+02
7.297120971679687500e+02
7.297243041992187500e+02
7.297359008789062500e+02
7.297395019531250000e+02
7.297502441406250000e+02
7.297532958984375000e+02
7.297562866210937500e+02
7.297518920898437500e+02
7.297402343750000000e+02
7.297362670898437500e+02
7.297178955078125000e+02
7.296926879882812500e+02
7.296607055664062500e+02
7.296369628906250000e+02
7.295993652343750000e+02
7.295480346679687500e+02
7.294978637695312500e+02
7.294490966796875000e+02
7.293869628906250000e+02
7.293264160156250000e+02
7.292527465820312500e+02
7.291661376953125000e+02
7.290740966796875000e+02
7.289767456054687500e+02
7.288743286132812500e+02
7.287593994140625000e+02
7.286470947265625000e+02
7.285076293945312500e+02
7.283710327148437500e+02
7.282224731445312500e+02
7.280695800781250000e+02
7.279050903320312500e+02
7.277290039062500000e+02
7.275489501953125000e+02
7.273576049804687500e+02
7.271551513671875000e+02
7.269565429687500000e+02
7.267322387695312500e+02
7.265194091796875000e+02
7.262811279296875000e+02
7.260397338867187500e+02
7.257880249023437500e+02
7.255260620117187500e+02
7.252539672851562500e+02
7.249793701171875000e+02
7.246873779296875000e+02
7.243857421875000000e+02
7.240744628906250000e+02
7.237536621093750000e+02
7.234306030273437500e+02
7.230975341796875000e+02
7.227543334960937500e+02
7.224007568359375000e+02
7.220440063476562500e+02
7.216688842773437500e+02
7.212753906250000000e+02
7.208853759765625000e+02
7.204763793945312500e+02
7.200556640625000000e+02
7.196229858398437500e+02
7.191854248046875000e+02
7.187428588867187500e+02
7.182727661132812500e+02
7.177971801757812500e+02
7.173084716796875000e+02
7.168063354492187500e+02
7.162980957031250000e+02
7.157685546875000000e+02
7.152322998046875000e+02
7.146892700195312500e+02
7.141167602539062500e+02
7.135443725585937500e+02
7.129569702148437500e+02
7.123617553710937500e+02
7.117362670898437500e+02
7.111098632812500000e+02
7.104675292968750000e+02
7.098164672851562500e+02
7.091564941406250000e+02
7.084649658203125000e+02
7.077714843750000000e+02
7.070757446289062500e+02
7.063551635742187500e+02
7.056245727539062500e+02
7.048835449218750000e+02
7.041319580078125000e+02
7.033620605468750000e+02
7.025737304687500000e+02
7.017814941406250000e+02
7.009777221679687500e+02
7.001473999023437500e+02
6.993198242187500000e+02
6.984801635742187500e+02
6.975982666015625000e+02
6.967407836914062500e+02
6.958555908203125000e+02
6.949572143554687500e+02
6.940528564453125000e+02
6.931423950195312500e+02
6.922253417968750000e+02
6.912866210937500000e+02
6.903256835937500000e+02
6.893573608398437500e+02
6.883884887695312500e+02
6.873966064453125000e+02
6.863961181640625000e+02
6.853867187500000000e+02
6.843680419921875000e+02
6.833249511718750000e+02
6.822793579101562500e+02
6.812235107421875000e+02
6.801495971679687500e+02
6.790721435546875000e+02
6.779834594726562500e+02
6.768756713867187500e+02
6.757558593750000000e+02
6.746088867187500000e+02
6.734714965820312500e+02
6.723286132812500000e+02
6.711648559570312500e+02
6.700172119140625000e+02
6.688331909179687500e+02
6.676422119140625000e+02
6.664365234375000000e+02
6.652305908203125000e+02
6.640018310546875000e+02
6.627647094726562500e+02
6.615189208984375000e+02
6.602640991210937500e+02
6.589924316406250000e+02
6.577185058593750000e+02
6.564345703125000000e+02
6.551326904296875000e+02
6.538201904296875000e+02
6.525039062500000000e+02
6.511762084960937500e+02
6.498292236328125000e+02
6.484849853515625000e+02
6.471282348632812500e+02
6.457586669921875000e+02
6.443758544921875000e+02
6.429869995117187500e+02
6.416065673828125000e+02
6.401895141601562500e+02
6.387727661132812500e+02
6.373411254882812500e+02
6.359016113281250000e+02
6.344539184570312500e+02
6.329753417968750000e+02
6.315180053710937500e+02
6.300295410156250000e+02
6.285397949218750000e+02
6.270411376953125000e+02
6.255409545898437500e+02
6.240242309570312500e+02
6.224984130859375000e+02
6.209708251953125000e+02
6.194265136718750000e+02
6.178876953125000000e+02
6.163394165039062500e+02
6.147667236328125000e+02
6.132066650390625000e+02
6.116294555664062500e+02
6.100573730468750000e+02
6.084605102539062500e+02
6.068685302734375000e+02
6.052739868164062500e+02
6.036693115234375000e+02
6.020544433593750000e+02
6.004440917968750000e+02
5.988234252929687500e+02
5.971996459960937500e+02
5.955728149414062500e+02
5.939353637695312500e+02
5.922946166992187500e+02
5.906431274414062500e+02
5.889956054687500000e+02
5.873444824218750000e+02
5.856898193359375000e+02
5.840240478515625000e+02
5.823618774414062500e+02
5.806959228515625000e+02
5.790258789062500000e+02
5.773444824218750000e+02
5.756589355468750000e+02
5.739840087890625000e+02
5.722899780273437500e+02
5.705989990234375000e+02
5.689110107421875000e+02
5.672109985351562500e+02
5.655063476562500000e+02
5.638043823242187500e+02
5.620902099609375000e+02
5.603785400390625000e+02
5.586693115234375000e+02
5.569476318359375000e+02
5.552280883789062500e+02
5.534959716796875000e+02
5.517659912109375000e+02
5.500382690429687500e+02
5.482984008789062500e+02
5.465761718750000000e+02
5.448199462890625000e+02
5.430745239257812500e+02
5.413327026367187500e+02
5.395874023437500000e+02
5.378313598632812500e+02
5.360797119140625000e+02
5.343327636718750000e+02
5.325833129882812500e+02
5.308389892578125000e+02
5.290853271484375000e+02
5.273372802734375000e+02
5.255803833007812500e+02
5.238371582031250000e+02
5.220855102539062500e+02
5.203405761718750000e+02
5.185952758789062500e+02
5.168422851562500000e+02
5.151043090820312500e+02
5.133591918945312500e+02
5.116072692871093750e+02
5.098784790039062500e+02
5.081359863281250000e+02
5.063874206542968750e+02
5.046628112792968750e+02
5.029252929687500000e+02
5.011973266601562500e+02
4.994792480468750000e+02
4.977564086914062500e+02
4.960365295410156250e+02
4.943199462890625000e+02
4.926067810058593750e+02
4.908973999023437500e+02
4.891846008300781250e+02
4.874835205078125000e+02
4.857869873046875000e+02
4.840877990722656250e+02
4.824012145996093750e+02
4.807050170898437500e+02
4.790219421386718750e+02
4.773446960449218750e+02
4.756587524414062500e+02
4.739866638183593750e+02
4.723063354492187500e+02
4.706479187011718750e+02
4.689817199707031250e+02
4.673230895996093750e+02
4.656722412109375000e+02
4.640219726562500000e+02
4.623802490234375000e+02
4.607399597167968750e+02
4.591014709472656250e+02
4.574651489257812500e+02
4.558684997558593750e+02
4.542227172851562500e+02
4.526099853515625000e+02
4.509934692382812500e+02
4.493883972167968750e+02
4.477876892089843750e+02
4.461917419433593750e+02
4.446009216308593750e+02
4.430230102539062500e+02
4.414435729980468750e+02
4.398777770996093750e+02
4.383037109375000000e+02
4.367514953613281250e+02
4.351917419433593750e+02
4.336470947265625000e+02
4.321030883789062500e+02
4.305675354003906250e+02
4.290482177734375000e+02
4.275231933593750000e+02
4.260077209472656250e+02
4.245021362304687500e+02
4.229994201660156250e+02
4.215073242187500000e+02
4.200262451171875000e+02
4.185416259765625000e+02
4.170688171386718750e+02
4.156080932617187500e+02
4.141524047851562500e+02
4.127095336914062500e+02
4.112650451660156250e+02
4.098267211914062500e+02
4.084023132324218750e+02
4.069848022460937500e+02
4.055820007324218750e+02
4.041719360351562500e+02
4.027698669433593750e+02
4.013836364746093750e+02
4.000061340332031250e+02
3.986451416015625000e+02
3.972788085937500000e+02
3.959223327636718750e+02
3.945834960937500000e+02
3.932478637695312500e+02
3.919158020019531250e+02
3.906024475097656250e+02
3.892932128906250000e+02
3.879957275390625000e+02
3.867101745605468750e+02
3.854219055175781250e+02
3.841533813476562500e+02
3.828824768066406250e+02
3.816317749023437500e+02
3.803864746093750000e+02
3.791394348144531250e+02
3.779131164550781250e+02
3.766928710937500000e+02
3.754714355468750000e+02
3.742713012695312500e+02
3.730778503417968750e+02
3.718986206054687500e+02
3.707115783691406250e+02
3.695392150878906250e+02
3.683742675781250000e+02
3.672243652343750000e+02
3.660823059082031250e+02
3.649407958984375000e+02
3.638075256347656250e+02
3.626900634765625000e+02
3.615663757324218750e+02
3.604663085937500000e+02
3.593752441406250000e+02
3.582785034179687500e+02
3.572059936523437500e+02
3.561282043457031250e+02
3.550601501464843750e+02
3.540094604492187500e+02
3.529615173339843750e+02
3.519313354492187500e+02
3.508968200683593750e+02
3.498729858398437500e+02
3.488675231933593750e+02
3.478508300781250000e+02
3.468602905273437500e+02
3.458812255859375000e+02
3.448989562988281250e+02
3.439359741210937500e+02
3.429701232910156250e+02
3.420314331054687500e+02
3.410902404785156250e+02
3.401690673828125000e+02
3.392458190917968750e+02
3.383355712890625000e+02
3.374384460449218750e+02
3.365472717285156250e+02
3.356546936035156250e+02
3.347904052734375000e+02
3.339244995117187500e+02
3.330718383789062500e+02
3.322247619628906250e+02
3.313906555175781250e+02
3.305693359375000000e+02
3.297533569335937500e+02
3.289499206542968750e+02
3.281515502929687500e+02
3.273655395507812500e+02
3.265843505859375000e+02
3.258153076171875000e+02
3.250434265136718750e+02
3.242834472656250000e+02
3.235427246093750000e+02
3.227988281250000000e+02
3.220590515136718750e+02
3.213381958007812500e+02
3.206138305664062500e+02
3.199007568359375000e+02
3.191988220214843750e+02
3.185004882812500000e+02
3.178131408691406250e+02
3.171291503906250000e+02
3.164484558105468750e+02
3.157858886718750000e+02
3.151263427734375000e+02
3.144549865722656250e+02
3.138162231445312500e+02
3.131728515625000000e+02
3.125395507812500000e+02
3.119163208007812500e+02
3.112881164550781250e+02
3.106846008300781250e+02
3.100759582519531250e+02
3.094769287109375000e+02
3.088799743652343750e+02
3.082998657226562500e+02
3.077142333984375000e+02
3.071526794433593750e+02
3.065853881835937500e+02
3.060196838378906250e+02
3.054703063964843750e+02
3.049297180175781250e+02
3.043904113769531250e+02
3.038597412109375000e+02
3.033375549316406250e+02
3.028237304687500000e+02
3.023182067871093750e+02
3.018134155273437500e+02
3.013164978027343750e+02
3.008272094726562500e+02
3.003527221679687500e+02
2.998704223632812500e+02
2.994023132324218750e+02
2.989407043457031250e+02
2.984778747558593750e+02
2.980358581542968750e+02
2.975920715332031250e+02
2.971536254882812500e+02
2.967202453613281250e+02
2.962916870117187500e+02
2.958750610351562500e+02
2.954552307128906250e+02
2.950541687011718750e+02
2.946493225097656250e+02
2.942478637695312500e+02
2.938568725585937500e+02
2.934612426757812500e+02
2.930755615234375000e+02
2.926920776367187500e+02
2.923179626464843750e+02
2.919528808593750000e+02
2.915817260742187500e+02
2.912265014648437500e+02
2.908646545410156250e+02
2.905180969238281250e+02
2.901643676757812500e+02
2.898179626464843750e+02
2.894786376953125000e+02
2.891461181640625000e+02
2.888126525878906250e+02
2.884854125976562500e+02
2.881567077636718750e+02
2.878336486816406250e+02
2.875160217285156250e+02
2.871960754394531250e+02
2.868883972167968750e+02
2.865778503417968750e+02
2.862790222167968750e+02
2.859693603515625000e+02
2.856634826660156250e+02
2.853610534667968750e+02
2.850692443847656250e+02
2.847729797363281250e+02
2.844794006347656250e+02
2.842030944824218750e+02
2.839214782714843750e+02
2.836343078613281250e+02
2.833561706542968750e+02
2.830794982910156250e+02
2.828039550781250000e+02
2.825294494628906250e+02
2.822631835937500000e+02
2.819974975585937500e+02
2.817321777343750000e+02
2.814745178222656250e+02
2.812093811035156250e+02
2.809514465332031250e+02
2.806931152343750000e+02
2.804415893554687500e+02
2.801891784667968750e+02
2.799357299804687500e+02
2.796884765625000000e+02
2.794471740722656250e+02
2.791967773437500000e+02
2.789519348144531250e+02
2.787198486328125000e+02
2.784854431152343750e+02
2.782410583496093750e+02
2.780088195800781250e+02
2.777810363769531250e+02
2.775500793457031250e+02
2.773157653808593750e+02
2.770852355957031250e+02
2.768731079101562500e+02
2.766495361328125000e+02
2.764216613769531250e+02
2.761967163085937500e+02
2.759744262695312500e+02
2.757546081542968750e+02
2.755296020507812500e+02
2.753065795898437500e+02
2.750853576660156250e+02
2.748656311035156250e+02
2.746546936035156250e+02
2.744299926757812500e+02
2.742135009765625000e+02
2.740051269531250000e+02
2.737822570800781250e+02
2.735669860839843750e+02
2.733442077636718750e+02
2.731285400390625000e+02
2.729049377441406250e+02
2.726879882812500000e+02
2.724700317382812500e+02
2.722434692382812500e+02
2.720154418945312500e+02
2.717931823730468750e+02
2.715690612792968750e+02
2.713356018066406250e+02
2.711150207519531250e+02
2.708776245117187500e+02
2.706530456542968750e+02
2.704190063476562500e+02
2.701828613281250000e+02
2.699520568847656250e+02
2.697117004394531250e+02
2.694766235351562500e+02
2.692393798828125000e+02
2.689999389648437500e+02
2.687583007812500000e+02
2.685144348144531250e+02
2.682683105468750000e+02
2.680199279785156250e+02
2.677767028808593750e+02
2.675237426757812500e+02
2.672833557128906250e+02
2.670332641601562500e+02
2.667733459472656250e+02
2.665260009765625000e+02
2.662763061523437500e+02
2.660168151855468750e+02
2.657549133300781250e+02
2.654981079101562500e+02
2.652388916015625000e+02
2.649772644042968750e+02
2.647206420898437500e+02
2.644541625976562500e+02
2.641926879882812500e+02
2.639212951660156250e+02
2.636548461914062500e+02
2.633933410644531250e+02
2.631293334960937500e+02
2.628627319335937500e+02
2.625861816406250000e+02
2.623070068359375000e+02
2.620326538085937500e+02
2.617408142089843750e+02
2.614537353515625000e+02
2.611788024902343750e+02
2.609159851074218750e+02
2.606281127929687500e+02
2.603373718261718750e+02
2.600438232421875000e+02
2.597548522949218750e+02
2.594554748535156250e+02
2.591531066894531250e+02
2.588551330566406250e+02
2.585467224121093750e+02
2.582353210449218750e+02
2.579285278320312500e+02
2.576189575195312500e+02
2.572993469238281250e+02
2.569845886230468750e+02
2.566600036621093750e+02
2.563330993652343750e+02
2.560113830566406250e+02
2.556801300048828125e+02
2.553468780517578125e+02
2.550117187500000000e+02
2.546747741699218750e+02
2.543287048339843750e+02
2.539736175537109375e+02
2.536244964599609375e+02
2.532814178466796875e+02
2.529296722412109375e+02
2.525693817138671875e+02
2.522080230712890625e+02
2.518532104492187500e+02
2.514901580810546875e+02
2.511190032958984375e+02
2.507547302246093750e+02
2.503751678466796875e+02
2.500101470947265625e+02
2.496375274658203125e+02
2.492500000000000000e+02
2.488699798583984375e+02
2.484827270507812500e+02
2.480958251953125000e+02
2.477019805908203125e+02
2.473013305664062500e+02
2.469088745117187500e+02
2.465099029541015625e+02
2.460896606445312500e+02
2.456706390380859375e+02
2.452752227783203125e+02
2.448589935302734375e+02
2.444443969726562500e+02
2.440390014648437500e+02
2.436429443359375000e+02
2.432192382812500000e+02
2.427977600097656250e+02
2.423786315917968750e+02
2.419397277832031250e+02
2.415183410644531250e+02
2.410923004150390625e+02
2.406543731689453125e+02
2.402269287109375000e+02
2.397730102539062500e+02
2.393299102783203125e+02
2.388977508544921875e+02
2.384469604492187500e+02
2.380000000000000000e+02
2.375495452880859375e+02
2.370734863281250000e+02
2.366239318847656250e+02
2.361861419677734375e+02
2.357305908203125000e+02
2.352647857666015625e+02
2.348037567138671875e+02
2.343327178955078125e+02
2.338666839599609375e+02
2.333983306884765625e+02
2.329203643798828125e+02
2.324477691650390625e+02
2.319731750488281250e+02
2.314893035888671875e+02
2.310111236572265625e+02
2.305387420654296875e+02
2.300500030517578125e+02
2.295523834228515625e+02
2.290683135986328125e+02
2.285756225585937500e+02
2.280817871093750000e+02
2.275869903564453125e+02
2.271061248779296875e+02
2.266096191406250000e+02
2.261049957275390625e+02
2.255923461914062500e+02
2.250866699218750000e+02
2.245805969238281250e+02
2.240519866943359375e+02
2.235380859375000000e+02
2.230241241455078125e+02
2.225028228759765625e+02
2.219816894531250000e+02
2.214534149169921875e+02
2.209255828857421875e+02
2.204131774902343750e+02
2.198791351318359375e+02
2.193459167480468750e+02
2.188135986328125000e+02
2.182823333740234375e+02
2.177522888183593750e+02
2.172235717773437500e+02
2.166814880371093750e+02
2.161558837890625000e+02
2.156023254394531250e+02
2.150506744384765625e+02
2.145084381103515625e+02
2.139608154296875000e+02
2.134227447509765625e+02
2.128720092773437500e+02
2.123235473632812500e+02
2.117699737548828125e+02
2.112188110351562500e+02
2.106627197265625000e+02
2.101091766357421875e+02
2.095582885742187500e+02
2.090026702880859375e+02
2.084424438476562500e+02
2.078850555419921875e+02
2.073306427001953125e+02
2.067643737792968750e+02
2.062086181640625000e+02
2.056486206054687500e+02
2.050844116210937500e+02
2.045160675048828125e+02
2.039585266113281250e+02
2.033969879150390625e+02
2.028240661621093750e+02
2.022621459960937500e+02
2.016889495849609375e+02
2.011268310546875000e+02
2.005535583496093750e+02
1.999914550781250000e+02
1.994182891845703125e+02
1.988563842773437500e+02
1.982909088134765625e+02
1.977218933105468750e+02
1.971493835449218750e+02
1.965808258056640625e+02
1.960088195800781250e+02
1.954407958984375000e+02
1.948693542480468750e+02
1.942945098876953125e+02
1.937237243652343750e+02
1.931569671630859375e+02
1.925794525146484375e+02
1.920059814453125000e+02
1.914440460205078125e+02
1.908639068603515625e+02
1.902952880859375000e+02
1.897233581542968750e+02
1.891555175781250000e+02
1.885769348144531250e+02
1.880173492431640625e+02
1.874470520019531250e+02
1.868734283447265625e+02
1.863113403320312500e+02
1.857383728027343750e+02
1.851693420410156250e+02
1.845967712402343750e+02
1.840354156494140625e+02
1.834629669189453125e+02
1.828942108154296875e+02
1.823216705322265625e+02
1.817601318359375000e+02
1.811947326660156250e+02
1.806179656982421875e+02
1.800520935058593750e+02
1.794822235107421875e+02
1.789157562255859375e+02
1.783526611328125000e+02
1.777854919433593750e+02
1.772216339111328125e+02
1.766536712646484375e+02
1.760889892578125000e+02
1.755201721191406250e+02
1.749620666503906250e+02
1.743923645019531250e+02
1.738259429931640625e+02
1.732702026367187500e+02
1.727028656005859375e+02
1.721388244628906250e+02
1.715854492187500000e+02
1.710205078125000000e+02
1.704662628173828125e+02
1.699004364013671875e+02
1.693527374267578125e+02
1.687860260009765625e+02
1.682374572753906250e+02
1.676847381591796875e+02
1.671352996826171875e+02
1.665891265869140625e+02
1.660387725830078125e+02
1.654916687011718750e+02
1.649552307128906250e+02
1.644071502685546875e+02
1.638696899414062500e+02
1.633279571533203125e+02
1.627893829345703125e+02
1.622538909912109375e+02
1.617214813232421875e+02
1.611920928955078125e+02
1.606582641601562500e+02
1.601347808837890625e+02
1.596067657470703125e+02
1.590815429687500000e+02
1.585516357421875000e+02
1.580392456054687500e+02
1.575219879150390625e+02
1.570072021484375000e+02
1.564947967529296875e+02
1.559846649169921875e+02
1.554692840576171875e+02
1.549708404541015625e+02
1.544669342041015625e+02
1.539574737548828125e+02
1.534646301269531250e+02
1.529660186767578125e+02
1.524689636230468750e+02
1.519807739257812500e+02
1.514864959716796875e+02
1.509934539794921875e+02
1.505015411376953125e+02
1.500106658935546875e+02
1.495207214355468750e+02
1.490390472412109375e+02
1.485581359863281250e+02
1.480778656005859375e+02
1.475981750488281250e+02
1.471189727783203125e+02
1.466476287841796875e+02
1.461691894531250000e+02
1.456984558105468750e+02
1.452205047607421875e+02
1.447575683593750000e+02
1.442798767089843750e+02
1.438170928955078125e+02
1.433468780517578125e+02
1.428818359375000000e+02
1.424226684570312500e+02
1.419641571044921875e+02
1.415047607421875000e+02
1.410504150390625000e+02
1.405944366455078125e+02
1.401419677734375000e+02
1.396915435791015625e+02
1.392409057617187500e+02
1.387945251464843750e+02
1.383501434326171875e+02
1.379070129394531250e+02
1.374658813476562500e+02
1.370275115966796875e+02
1.365903625488281250e+02
1.361574401855468750e+02
1.357250061035156250e+02
0.000000000000000000e+00
0.000000000000000000e+00
0.000000000000000000e+00
0.000000000000000000e+00
0.000000000000000000e+00
0.000000000000000000e+00
0.000000000000000000e+00
0.000000000000000000e+00
0.000000000000000000e+00
0.000000000000000000e+00
0.000000000000000000e+00
0.000000000000000000e+00
0.000000000000000000e+00
0.000000000000000000e+00
0.000000000000000000e+00
0.000000000000000000e+00
0.000000000000000000e+00
0.000000000000000000e+00
0.000000000000000000e+00
0.000000000000000000e+00
0.000000000000000000e+00
0.000000000000000000e+00
0.000000000000000000e+00
0.000000000000000000e+00
0.000000000000000000e+00
0.000000000000000000e+00
0.000000000000000000e+00
0.000000000000000000e+00
0.000000000000000000e+00
0.000000000000000000e+00
0.000000000000000000e+00
0.000000000000000000e+00
0.000000000000000000e+00
0.000000000000000000e+00
0.000000000000000000e+00
0.000000000000000000e+00
0.000000000000000000e+00
0.000000000000000000e+00
0.000000000000000000e+00
0.000000000000000000e+00
0.000000000000000000e+00
0.000000000000000000e+00
0.000000000000000000e+00
0.000000000000000000e+00
0.000000000000000000e+00
0.000000000000000000e+00
0.000000000000000000e+00
0.000000000000000000e+00
0.000000000000000000e+00
0.000000000000000000e+00
0.000000000000000000e+00
0.000000000000000000e+00
0.000000000000000000e+00
0.000000000000000000e+00
0.000000000000000000e+00
0.000000000000000000e+00
0.000000000000000000e+00
0.000000000000000000e+00
0.000000000000000000e+00
0.000000000000000000e+00
0.000000000000000000e+00
0.000000000000000000e+00
0.000000000000000000e+00
0.000000000000000000e+00
0.000000000000000000e+00
0.000000000000000000e+00
0.000000000000000000e+00
0.000000000000000000e+00
0.000000000000000000e+00
0.000000000000000000e+00
0.000000000000000000e+00
0.000000000000000000e+00
0.000000000000000000e+00
0.000000000000000000e+00
0.000000000000000000e+00
0.000000000000000000e+00
0.000000000000000000e+00
0.000000000000000000e+00
0.000000000000000000e+00
0.000000000000000000e+00
0.000000000000000000e+00
0.000000000000000000e+00
0.000000000000000000e+00
0.000000000000000000e+00
0.000000000000000000e+00
0.000000000000000000e+00
0.000000000000000000e+00
0.000000000000000000e+00
0.000000000000000000e+00
0.000000000000000000e+00
0.000000000000000000e+00
0.000000000000000000e+00
0.000000000000000000e+00
0.000000000000000000e+00
0.000000000000000000e+00
0.000000000000000000e+00
0.000000000000000000e+00
0.000000000000000000e+00
0.000000000000000000e+00
0.000000000000000000e+00
