# k_h
1.048004287440562621e-05
1.156992948381230235e-05
1.277316096093272790e-05
1.410152435710188001e-05
1.556803181301802397e-05
1.718705061648506671e-05
1.897444235510192811e-05
2.094771662086714059e-05
2.312620563316158950e-05
2.553124795667827129e-05
2.818640496116131544e-05
3.111769183306023479e-05
3.435381950112059712e-05
3.792649295064620674e-05
4.187071317574009299e-05
4.622511551133356988e-05
5.103236253489740193e-05
5.633954424411058426e-05
6.219865463208407164e-05
6.866709009045735002e-05
7.580822421004995704e-05
8.369200804736465216e-05
9.239567589247599244e-05
1.020044946926645935e-04
1.126126007875427604e-04
1.243239094037562609e-04
1.372531405650079250e-04
1.515269832452759147e-04
1.672852376941591501e-04
1.846823142841458321e-04
2.038886013906449080e-04
2.250922843813896179e-04
2.485010772943496704e-04
2.743442892096936703e-04
3.028751234523952007e-04
3.343730641063302755e-04
3.691466408781707287e-04
4.075365723110735416e-04
4.499189381022006273e-04
4.967089043930172920e-04
5.483648274093866348e-04
6.053927936591207981e-04
6.683514802716672421e-04
7.378576556220650673e-04
8.145921747200191021e-04
8.993068477138876915e-04
9.928315412253141403e-04
1.096082502044737339e-03
1.210071146488189697e-03
1.335914130322635174e-03
1.474844408221542835e-03
1.628222991712391376e-03
1.797552336938679218e-03
1.984491245821118355e-03
2.190871397033333778e-03
2.418714109808206558e-03
2.670251764357089996e-03
2.947948407381772995e-03
3.254524432122707367e-03
3.592983121052384377e-03
3.966640681028366089e-03
4.379156976938247681e-03
4.834573715925216675e-03
5.337351933121681213e-03
5.892417393624782562e-03
6.505207624286413193e-03
7.181725930422544479e-03
7.928599603474140167e-03
8.753146044909954071e-03
9.663441218435764313e-03
1.066840440034866333e-02
1.177788060158491135e-02
1.300273835659027100e-02
1.435497589409351349e-02
1.584784314036369324e-02
1.749596185982227325e-02
1.931547746062278748e-02
2.132421918213367462e-02
2.354186028242111206e-02
2.599013037979602814e-02
2.869301103055477142e-02
3.167698159813880920e-02
3.497127443552017212e-02
3.860815986990928650e-02
4.262327030301094055e-02
4.688559845089912415e-02
5.114792659878730774e-02
5.541025102138519287e-02
5.967257916927337646e-02
6.393490731716156006e-02
6.819723546504974365e-02
7.245956361293792725e-02
7.672189176082611084e-02
8.098421990871429443e-02
8.524654060602188110e-02
8.950886875391006470e-02
9.583461284637451172e-02
1.021603494882583618e-01
1.084860935807228088e-01
1.148118376731872559e-01
1.211375743150711060e-01
1.274633109569549561e-01
1.337890625000000000e-01
1.401147991418838501e-01
1.464405357837677002e-01
1.527662873268127441e-01
1.590920239686965942e-01
1.654177606105804443e-01
1.717435121536254883e-01
1.780692487955093384e-01
1.843949854373931885e-01
1.907207220792770386e-01
1.970464736223220825e-01
2.033722102642059326e-01
2.096979469060897827e-01
2.160236984491348267e-01
2.223494350910186768e-01
2.286751717329025269e-01
2.350009232759475708e-01
2.413266599178314209e-01
2.476523965597152710e-01
2.539781332015991211e-01
2.603038847446441650e-01
2.666296362876892090e-01
2.729553580284118652e-01
2.792811095714569092e-01
2.856068313121795654e-01
2.919325828552246094e-01
2.982583343982696533e-01
3.045840561389923096e-01
3.109098076820373535e-01
3.172355592250823975e-01
3.235612809658050537e-01
3.298870325088500977e-01
3.362127840518951416e-01
3.425385057926177979e-01
3.488642573356628418e-01
3.551900088787078857e-01
3.615157306194305420e-01
3.678414821624755859e-01
3.741672337055206299e-01
3.804929554462432861e-01
3.868187069892883301e-01
3.931444585323333740e-01
3.994701802730560303e-01
4.057959318161010742e-01
4.121216535568237305e-01
4.184474050998687744e-01
4.247731566429138184e-01
4.310988783836364746e-01
4.374246299266815186e-01
4.437503814697265625e-01
4.500761032104492188e-01
4.564018547534942627e-01
4.627276062965393066e-01
4.690533280372619629e-01
4.753790795803070068e-01
4.817048311233520508e-01
4.880305528640747070e-01
4.943563044071197510e-01
5.006820559501647949e-01
5.070077776908874512e-01
5.133334994316101074e-01
5.196592807769775391e-01
5.259850025177001953e-01
5.323107242584228516e-01
5.386365056037902832e-01
5.449622273445129395e-01
6.051536798477172852e-01
8.445600271224975586e-01
1.178678393363952637e+00
1.644978284835815430e+00
2.295752048492431641e+00
3.203980207443237305e+00
4.471514701843261719e+00
6.240501403808593750e+00
8.709321022033691406e+00
1.215483665466308594e+01
1.696344184875488281e+01
2.367438888549804688e+01
3.304027175903320312e+01
4.611141204833984375e+01
6.435366058349609375e+01
8.981276702880859375e+01
