# bb
1.808442675610422157e-06
3.617424681578995660e-06
6.030228632880607620e-06
9.047571438713930547e-06
1.267032075702445582e-05
1.689951204753015190e-05
2.173631764890160412e-05
2.718206815188750625e-05
3.323821147205308080e-05
3.990631375927478075e-05
4.718805212178267539e-05
5.508518734131939709e-05
6.359956023516133428e-05
7.273308438016101718e-05
8.248769881902262568e-05
9.286538261221721768e-05
1.038681439240463078e-04
1.154979545390233397e-04
1.277568226214498281e-04
1.406466471962630749e-04
1.541693636681884527e-04
1.683268055785447359e-04
1.831207046052441001e-04
1.985527342185378075e-04
2.146244660252705216e-04
2.313373406650498509e-04
2.486926678102463484e-04
2.666916989255696535e-04
2.853354089893400669e-04
3.046247002203017473e-04
3.245603584218770266e-04
3.451429074630141258e-04
3.663728421088308096e-04
3.882503369823098183e-04
4.107755667064338923e-04
4.339484148658812046e-04
4.577686486300081015e-04
4.822358896490186453e-04
5.073496722616255283e-04
5.331092397682368755e-04
5.595138645730912685e-04
5.865625571459531784e-04
6.142543861642479897e-04
6.425880710594356060e-04
6.715625058859586716e-04
7.011763518676161766e-04
7.314282702282071114e-04
7.623168057762086391e-04
7.938406197354197502e-04
8.259981404989957809e-04
8.587880874983966351e-04
8.922088309191167355e-04
9.262590901926159859e-04
9.609374101273715496e-04
9.962426265701651573e-04
1.032173284329473972e-03
1.068728626705706120e-03
1.105907256714999676e-03
1.143708475865423679e-03
1.182131352834403515e-03
1.221175421960651875e-03
1.260839984752237797e-03
1.301124691963195801e-03
1.342029427178204060e-03
1.383554190397262573e-03
1.425699214451014996e-03
1.468464615754783154e-03
1.511851092800498009e-03
1.555859227664768696e-03
1.600489951670169830e-03
1.645744312554597855e-03
1.691623590886592865e-03
1.738129300065338612e-03
1.785262604244053364e-03
1.833025831729173660e-03
1.881420612335205078e-03
1.930449157953262329e-03
1.980113564059138298e-03
2.030416158959269524e-03
2.081359736621379852e-03
2.132946858182549477e-03
2.185180084779858589e-03
2.238062210381031036e-03
2.291596727445721626e-03
2.345785964280366898e-03
2.400633646175265312e-03
2.456143032759428024e-03
2.512316685169935226e-03
2.569158794358372688e-03
2.626672154292464256e-03
2.684860490262508392e-03
2.743727061897516251e-03
2.803275827318429947e-03
2.863509813323616982e-03
2.924432745203375816e-03
2.986048348248004913e-03
3.048360114917159081e-03
3.111371537670493126e-03
3.175087040290236473e-03
3.239509183913469315e-03
3.304642625153064728e-03
3.370490390807390213e-03
3.437057137489318848e-03
3.504346124827861786e-03
3.572361310943961143e-03
3.641106653958559036e-03
3.710585879161953926e-03
3.780803875997662544e-03
3.851763904094696045e-03
3.923471085727214813e-03
3.995928913354873657e-03
4.069142509251832962e-03
4.143116064369678497e-03
4.217854235321283340e-03
4.293362144380807877e-03
4.369644448161125183e-03
4.446705803275108337e-03
4.524552263319492340e-03
4.603188950568437576e-03
4.682621452957391739e-03
4.762855358421802521e-03
4.843895789235830307e-03
4.925749730318784714e-03
5.008423700928688049e-03
5.091922823339700699e-03
5.176254082471132278e-03
5.261424463242292404e-03
5.347440950572490692e-03
5.434309132397174835e-03
5.522037390619516373e-03
5.610632710158824921e-03
5.700102075934410095e-03
5.790452472865581512e-03
5.881692282855510712e-03
5.973828025162220001e-03
6.066868081688880920e-03
6.160819903016090393e-03
6.255690474063158035e-03
6.351487711071968079e-03
6.448219064623117447e-03
6.545891985297203064e-03
6.644513923674821854e-03
6.744091864675283432e-03
6.844632793217897415e-03
6.946144159883260727e-03
7.048631552606821060e-03
7.152103353291749954e-03
7.256564218550920486e-03
7.362020667642354965e-03
7.468479219824075699e-03
7.575943134725093842e-03
7.684419862926006317e-03
7.793912198394536972e-03
7.904426194727420807e-03
8.015964180231094360e-03
8.128530345857143402e-03
8.242128416895866394e-03
8.356759324669837952e-03
8.472426794469356537e-03
8.589132688939571381e-03
8.706876076757907867e-03
8.825659751892089844e-03
8.945483714342117310e-03
9.066347032785415649e-03
9.188248775899410248e-03
9.311187081038951874e-03
9.435161948204040527e-03
9.560170583426952362e-03
9.686209261417388916e-03
9.813275188207626343e-03
9.941364638507366180e-03
1.007047388702630997e-02
1.020059641450643539e-02
1.033172942698001862e-02
1.046386454254388809e-02
1.059699896723031998e-02
1.073112338781356812e-02
1.086623407900333405e-02
1.100231986492872238e-02
1.113937608897686005e-02
1.127739436924457550e-02
1.141636632382869720e-02
1.155628263950347900e-02
1.169713493436574936e-02
1.183891575783491135e-02
1.198161207139492035e-02
1.212521828711032867e-02
1.226972136646509171e-02
1.241511292755603790e-02
1.256138179451227188e-02
1.270851865410804749e-02
1.285651233047246933e-02
1.300535071641206741e-02
1.315502543002367020e-02
1.330552250146865845e-02
1.345683168619871140e-02
1.360894180834293365e-02
1.376184169203042984e-02
1.391551736742258072e-02
1.406995952129364014e-02
1.422515604645013809e-02
1.438109111040830612e-02
1.453775539994239807e-02
1.469513587653636932e-02
1.485321950167417526e-02
1.501199230551719666e-02
1.517144124954938889e-02
1.533155422657728195e-02
1.549231633543968201e-02
1.565371453762054443e-02
1.581573300063610077e-02
1.597835868597030640e-02
1.614157855510711670e-02
1.630537398159503937e-02
1.646973006427288055e-02
1.663463376462459564e-02
1.680006831884384155e-02
1.696601696312427521e-02
1.713246293365955353e-02
1.729938946664333344e-02
1.746677979826927185e-02
1.763461530208587646e-02
1.780288107693195343e-02
1.797155477106571198e-02
1.814061775803565979e-02
1.831005327403545380e-02
1.847984269261360168e-02
1.864996552467346191e-02
1.882039941847324371e-02
1.899112574756145477e-02
1.916212402284145355e-02
1.933337375521659851e-02
1.950485073029994965e-02
1.967653632164001465e-02
1.984841004014015198e-02
2.002044580876827240e-02
2.019262500107288361e-02
2.036492340266704559e-02
2.053731866180896759e-02
2.070979028940200806e-02
2.088231220841407776e-02
2.105486392974853516e-02
2.122742310166358948e-02
2.139996550977230072e-02
2.157246880233287811e-02
2.174491062760353088e-02
2.191727049648761749e-02
2.208952233195304871e-02
2.226164564490318298e-02
2.243361994624137878e-02
2.260541915893554688e-02
2.277702838182449341e-02
2.294842153787612915e-02
2.311957813799381256e-02
2.329047955572605133e-02
2.346110343933105469e-02
2.363143488764762878e-02
2.380144968628883362e-02
2.397112920880317688e-02
2.414045669138431549e-02
2.430941537022590637e-02
2.447798661887645721e-02
2.464615367352962494e-02
2.481390163302421570e-02
2.498121000826358795e-02
2.514806948602199554e-02
2.531446330249309540e-02
2.548037655651569366e-02
2.564579620957374573e-02
2.581070922315120697e-02
2.597510255873203278e-02
2.613896504044532776e-02
2.630228549242019653e-02
2.646505273878574371e-02
2.662725560367107391e-02
2.678888663649559021e-02
2.694993466138839722e-02
2.711039036512374878e-02
2.727024629712104797e-02
2.742949500679969788e-02
2.758812904357910156e-02
2.774613909423351288e-02
2.790352143347263336e-02
2.806026674807071686e-02
2.821637131273746490e-02
2.837183326482772827e-02
2.852663956582546234e-02
2.868079021573066711e-02
2.883428148925304413e-02
2.898710593581199646e-02
2.913925983011722565e-02
2.929074503481388092e-02
2.944155409932136536e-02
2.959168143570423126e-02
2.974113263189792633e-02
2.988989837467670441e-02
3.003797680139541626e-02
3.018536791205406189e-02
3.033207170665264130e-02
3.047808632254600525e-02
3.062340989708900452e-02
3.076804243028163910e-02
3.091198392212390900e-02
3.105523437261581421e-02
3.119779191911220551e-02
3.133966028690338135e-02
3.148084133863449097e-02
3.162133693695068359e-02
3.176114708185195923e-02
3.190027549862861633e-02
3.203872218728065491e-02
3.217649459838867188e-02
3.231359645724296570e-02
3.245002776384353638e-02
3.258580341935157776e-02
3.272091597318649292e-02
3.285538032650947571e-02
3.298920020461082458e-02
3.312238678336143494e-02
3.325494378805160522e-02
3.338687866926193237e-02
3.351820260286331177e-02
3.364892676472663879e-02
3.377905860543251038e-02
3.390861675143241882e-02
3.403760492801666260e-02
3.416603431105613708e-02
3.429392725229263306e-02
3.442129120230674744e-02
3.454814106225967407e-02
3.467449173331260681e-02
3.480036184191703796e-02
3.492576628923416138e-02
3.505071997642517090e-02
3.517524152994155884e-02
3.529935702681541443e-02
3.542307391762733459e-02
3.554641455411911011e-02
3.566940128803253174e-02
3.579205647110939026e-02
3.591439500451087952e-02
3.603644296526908875e-02
3.615821525454521179e-02
3.627974539995193481e-02
3.640104830265045166e-02
3.652214631438255310e-02
3.664305806159973145e-02
3.676382079720497131e-02
3.688444569706916809e-02
3.700496256351470947e-02
3.712539002299308777e-02
3.724575415253639221e-02
3.736608102917671204e-02
3.748638927936553955e-02
3.760670870542526245e-02
3.772705793380737305e-02
3.784746304154396057e-02
3.796795010566711426e-02
3.808853775262832642e-02
3.820925205945968628e-02
3.833011165261268616e-02
3.845114633440971375e-02
3.857238218188285828e-02
3.869382664561271667e-02
3.881551325321197510e-02
3.893746435642242432e-02
3.905969485640525818e-02
3.918223455548286438e-02
3.930509835481643677e-02
3.942830488085746765e-02
3.955188393592834473e-02
3.967585042119026184e-02
3.980021923780441284e-02
3.992502018809318542e-02
4.005026817321777344e-02
4.017597809433937073e-02
4.030217230319976807e-02
4.042887315154075623e-02
4.055609181523323059e-02
4.068385064601898193e-02
4.081216454505920410e-02
4.094105213880538940e-02
4.107053577899932861e-02
4.120062291622161865e-02
4.133133590221405029e-02
4.146269336342811584e-02
4.159470647573471069e-02
4.172739386558532715e-02
4.186077415943145752e-02
4.199485480785369873e-02
4.212966188788414001e-02
4.226520657539367676e-02
4.240150004625320435e-02
4.253856465220451355e-02
4.267641156911849976e-02
4.281505569815635681e-02
4.295451194047927856e-02
4.309479147195816040e-02
4.323591664433479309e-02
4.337789490818977356e-02
4.352074488997459412e-02
4.366447404026985168e-02
4.380909726023674011e-02
4.395462945103645325e-02
4.410108178853988647e-02
4.424847289919853210e-02
4.439680650830268860e-02
4.454609751701354980e-02
4.469636082649230957e-02
4.484760016202926636e-02
4.499983415007591248e-02
4.515306651592254639e-02
4.530730843544006348e-02
4.546256735920906067e-02
4.561885818839073181e-02
4.577618092298507690e-02
4.593455046415328979e-02
4.609396681189537048e-02
4.625444114208221436e-02
4.641597345471382141e-02
4.657857120037078857e-02
4.674223810434341431e-02
4.690697789192199707e-02
4.707279428839683533e-02
4.723968356847763062e-02
4.740765318274497986e-02
4.757669568061828613e-02
4.774681851267814636e-02
4.791800677776336670e-02
4.809027165174484253e-02
4.826360568404197693e-02
4.843800142407417297e-02
4.861345142126083374e-02
4.878995940089225769e-02
4.896751046180725098e-02
4.914609342813491821e-02
4.932570829987525940e-02
4.950634017586708069e-02
4.968798160552978516e-02
4.987061768770217896e-02
5.005423724651336670e-02
5.023882910609245300e-02
5.042438209056854248e-02
5.061087757349014282e-02
5.079830065369606018e-02
5.098663643002510071e-02
5.117587372660636902e-02
5.136598646640777588e-02
5.155695974826812744e-02
5.174878239631652832e-02
5.194142833352088928e-02
5.213487893342971802e-02
5.232911556959152222e-02
5.252412334084510803e-02
5.271987617015838623e-02
5.291635170578956604e-02
5.311353504657745361e-02
5.331140011548995972e-02
5.350992083549499512e-02
5.370908603072166443e-02
5.390885844826698303e-02
5.410923436284065247e-02
5.431016907095909119e-02
5.451165884733200073e-02
5.471366271376609802e-02
5.491617321968078613e-02
5.511916056275367737e-02
5.532259494066238403e-02
5.552645772695541382e-02
5.573073029518127441e-02
5.593537911772727966e-02
5.614038184285163879e-02
5.634570866823196411e-02
5.655134841799736023e-02
5.675726756453514099e-02
5.696344003081321716e-02
5.716983973979949951e-02
5.737645179033279419e-02
5.758323520421981812e-02
5.779017880558967590e-02
5.799724906682968140e-02
5.820442363619804382e-02
5.841166526079177856e-02
5.861896649003028870e-02
5.882628262042999268e-02
5.903359502553939819e-02
5.924088135361671448e-02
5.944810435175895691e-02
5.965524911880493164e-02
5.986227095127105713e-02
6.006915494799613953e-02
6.027587503194808960e-02
6.048239395022392273e-02
6.068867817521095276e-02
6.089472025632858276e-02
6.110047176480293274e-02
6.130590662360191345e-02
6.151100248098373413e-02
6.171572953462600708e-02
6.192004308104515076e-02
6.212393194437026978e-02
6.232735887169837952e-02
6.253029406070709229e-02
6.273269653320312500e-02
6.293454766273498535e-02
6.313581764698028564e-02
6.333646923303604126e-02
6.353647261857986450e-02
6.373580545186996460e-02
6.393443048000335693e-02
6.413231045007705688e-02
6.432943046092987061e-02
6.452574580907821655e-02
6.472123414278030396e-02
6.491586565971374512e-02
6.510960310697555542e-02
6.530242413282394409e-02
6.549429893493652344e-02
6.568519771099090576e-02
6.587509810924530029e-02
6.606396287679672241e-02
6.625176221132278442e-02
6.643848121166229248e-02
6.662409007549285889e-02
6.680855900049209595e-02
6.699186563491821289e-02
6.717398017644882202e-02
6.735488027334213257e-02
6.753455102443695068e-02
6.771296262741088867e-02
6.789009273052215576e-02
6.806591898202896118e-02
6.824043393135070801e-02
6.841360032558441162e-02
6.858540326356887817e-02
6.875582784414291382e-02
6.892485916614532471e-02
6.909247487783432007e-02
6.925866007804870605e-02
6.942341476678848267e-02
6.958670169115066528e-02
6.974851340055465698e-02
6.990885734558105469e-02
7.006768882274627686e-02
7.022502273321151733e-02
7.038082927465438843e-02
7.053512334823608398e-02
7.068787515163421631e-02
7.083908468484878540e-02
7.098873704671859741e-02
7.113683968782424927e-02
7.128337025642395020e-02
7.142832875251770020e-02
7.157172262668609619e-02
7.171352952718734741e-02
7.185376435518264771e-02
7.199240475893020630e-02
7.212945818901062012e-02
7.226491719484329224e-02
7.239878922700881958e-02
7.253106683492660522e-02
7.266175746917724609e-02
7.279084622859954834e-02
7.291834801435470581e-02
7.304425537586212158e-02
7.316857576370239258e-02
7.329130917787551880e-02
7.341245561838150024e-02
7.353202253580093384e-02
7.365000247955322266e-02
7.376641780138015747e-02
7.388126105070114136e-02
7.399453967809677124e-02
7.410625368356704712e-02
7.421641796827316284e-02
7.432503253221511841e-02
7.443210482597351074e-02
7.453764975070953369e-02
7.464166730642318726e-02
7.474416494369506836e-02
7.484515011310577393e-02
7.494463771581649780e-02
7.504264265298843384e-02
7.513916492462158203e-02
7.523422688245773315e-02
7.532782852649688721e-02
7.541999220848083496e-02
7.551072537899017334e-02
7.560005038976669312e-02
7.568795979022979736e-02
7.577449828386306763e-02
7.585965842008590698e-02
7.594347745180130005e-02
7.602595537900924683e-02
7.610711455345153809e-02
7.618697732686996460e-02
7.626555860042572021e-02
7.634288817644119263e-02
7.641897350549697876e-02
7.649384438991546631e-02
7.656753063201904297e-02
7.664003968238830566e-02
7.671140134334564209e-02
7.678163796663284302e-02
7.685077935457229614e-02
7.691884785890579224e-02
7.698588073253631592e-02
7.705188542604446411e-02
7.711689919233322144e-02
7.718095183372497559e-02
7.724407315254211426e-02
7.730628550052642822e-02
7.736762613058090210e-02
7.742812484502792358e-02
7.748779654502868652e-02
7.754668593406677246e-02
7.760482281446456909e-02
7.766224443912506104e-02
7.771896570920944214e-02
7.777503132820129395e-02
7.783047109842300415e-02
7.788531482219696045e-02
7.793959975242614746e-02
7.799334824085235596e-02
7.804660499095916748e-02
7.809939235448837280e-02
7.815175503492355347e-02
7.820370793342590332e-02
7.825530320405960083e-02
7.830656319856643677e-02
7.835751026868820190e-02
7.840819656848907471e-02
7.845863699913024902e-02
7.850887626409530640e-02
7.855893671512603760e-02
7.860884815454483032e-02
7.865865528583526611e-02
7.870837301015853882e-02
7.875804603099822998e-02
7.880768924951553345e-02
7.885733991861343384e-02
7.890702784061431885e-02
7.895679771900177002e-02
7.900664955377578735e-02
7.905662059783935547e-02
7.910675555467605591e-02
7.915706932544708252e-02
7.920759171247482300e-02
7.925834506750106812e-02
7.930935919284820557e-02
7.936067134141921997e-02
7.941229641437530518e-02
7.946426421403884888e-02
7.951658964157104492e-02
7.956931740045547485e-02
7.962246239185333252e-02
7.967605441808700562e-02
7.973010838031768799e-02
7.978465408086776733e-02
7.983972132205963135e-02
7.989532500505447388e-02
7.995148748159408569e-02
8.000824600458145142e-02
8.006561547517776489e-02
8.012361079454421997e-02
8.018226176500320435e-02
8.024159073829650879e-02
8.030162006616592407e-02
8.036237210035324097e-02
8.042386174201965332e-02
8.048611879348754883e-02
8.054915815591812134e-02
8.061300218105316162e-02
8.067766577005386353e-02
8.074317872524261475e-02
8.080955594778060913e-02
8.087681233882904053e-02
8.094497025012969971e-02
8.101404458284378052e-02
8.108405768871307373e-02
8.115502446889877319e-02
8.122696727514266968e-02
8.129989355802536011e-02
8.137381821870803833e-02
8.144876360893249512e-02
8.152473717927932739e-02
8.160176873207092285e-02
8.167984336614608765e-02
8.175899833440780640e-02
8.183923363685607910e-02
8.192056417465209961e-02
8.200299739837646484e-02
8.208654820919036865e-02
8.217121660709381104e-02
8.225702494382858276e-02
8.234395831823348999e-02
8.243205398321151733e-02
8.252128958702087402e-02
8.261168003082275391e-02
8.270323276519775391e-02
8.279594779014587402e-02
8.288983255624771118e-02
8.298487216234207153e-02
8.308108150959014893e-02
8.317846059799194336e-02
8.327699452638626099e-02
8.337669074535369873e-02
8.347754925489425659e-02
8.357955515384674072e-02
8.368271589279174805e-02
8.378700911998748779e-02
8.389244973659515381e-02
8.399901539087295532e-02
8.410669118165969849e-02
8.421548455953598022e-02
8.432537317276000977e-02
8.443635702133178711e-02
8.454840630292892456e-02
8.466152846813201904e-02
8.477570116519927979e-02
8.489090949296951294e-02
8.500713855028152466e-02
8.512438088655471802e-02
8.524260669946670532e-02
8.536181598901748657e-02
8.548197895288467407e-02
8.560308068990707397e-02
8.572511374950408936e-02
8.584804087877273560e-02
8.597185462713241577e-02
8.609653264284133911e-02
8.622206747531890869e-02
8.634841442108154297e-02
8.647557348012924194e-02
8.660350739955902100e-02
8.673220872879028320e-02
8.686164766550064087e-02
8.699180185794830322e-02
8.712264895439147949e-02
8.725416660308837891e-02
8.738633990287780762e-02
8.751913160085678101e-02
8.765252679586410522e-02
8.778649568557739258e-02
8.792102336883544922e-02
8.805607259273529053e-02
8.819162845611572266e-02
8.832766115665435791e-02
8.846414089202880859e-02
8.860105276107788086e-02
8.873836696147918701e-02
8.887605369091033936e-02
8.901409059762954712e-02
8.915244042873382568e-02
8.929109573364257812e-02
8.943000435829162598e-02
8.956915885210037231e-02
8.970852941274642944e-02
8.984807878732681274e-02
8.998778462409973145e-02
9.012760967016220093e-02
9.026753902435302734e-02
9.040752053260803223e-02
9.054755419492721558e-02
9.068759530782699585e-02
9.082761406898498535e-02
9.096757322549819946e-02
9.110745042562484741e-02
9.124721586704254150e-02
9.138683229684829712e-02
9.152627736330032349e-02
9.166550636291503906e-02
9.180449694395065308e-02
9.194321185350418091e-02
9.208162128925323486e-02
9.221968799829483032e-02
9.235738962888717651e-02
9.249468892812728882e-02
9.263154119253158569e-02
9.276793152093887329e-02
9.290381520986557007e-02
9.303916245698928833e-02
9.317393600940704346e-02
9.330811351537704468e-02
9.344165027141571045e-02
9.357450902462005615e-02
9.370667487382888794e-02
9.383811056613922119e-02
9.396877139806747437e-02
9.409862011671066284e-02
9.422764182090759277e-02
9.435580670833587646e-02
9.448306262493133545e-02
9.460939466953277588e-02
9.473475813865661621e-02
9.485913068056106567e-02
9.498248249292373657e-02
9.510478377342224121e-02
9.522600471973419189e-02
9.534610807895660400e-02
9.546507149934768677e-02
9.558286517858505249e-02
9.569945931434631348e-02
9.581483155488967896e-02
9.592894464731216431e-02
9.604179114103317261e-02
9.615333378314971924e-02
9.626354277133941650e-02
9.637240320444107056e-02
9.647988528013229370e-02
9.658597409725189209e-02
9.669063985347747803e-02
9.679386019706726074e-02
9.689561277627944946e-02
9.699588268995285034e-02
9.709464758634567261e-02
9.719188511371612549e-02
9.728758037090301514e-02
9.738172590732574463e-02
9.747428447008132935e-02
9.756524860858917236e-02
9.765460342168807983e-02
9.774233400821685791e-02
9.782842546701431274e-02
9.791285544633865356e-02
9.799562394618988037e-02
9.807670116424560547e-02
9.815609455108642578e-02
9.823378175497055054e-02
9.830974787473678589e-02
9.838399291038513184e-02
9.845649451017379761e-02
9.852726012468338013e-02
9.859625995159149170e-02
9.866350144147872925e-02
9.872896969318389893e-02
9.879264980554580688e-02
9.885455667972564697e-02
9.891466796398162842e-02
9.897298365831375122e-02
9.902948886156082153e-02
9.908419847488403320e-02
9.913708269596099854e-02
9.918816387653350830e-02
9.923741221427917480e-02
9.928485006093978882e-02
9.933046251535415649e-02
9.937424957752227783e-02
9.941621124744415283e-02
9.945634752511978149e-02
9.949465841054916382e-02
9.953114390373229980e-02
9.956580400466918945e-02
9.959864616394042969e-02
9.962967038154602051e-02
9.965887665748596191e-02
9.968626499176025391e-02
9.971185773611068726e-02
9.973563998937606812e-02
9.975762665271759033e-02
9.977782517671585083e-02
9.979624301195144653e-02
9.981288760900497437e-02
9.982776641845703125e-02
9.984087944030761719e-02
9.985225647687911987e-02
9.986189007759094238e-02
9.986980259418487549e-02
9.987600892782211304e-02
9.988050907850265503e-02
9.988331794738769531e-02
9.988446533679962158e-02
9.988395124673843384e-02
9.988179802894592285e-02
9.987802803516387939e-02
9.987264126539230347e-02
9.986566752195358276e-02
9.985712915658950806e-02
9.984704107046127319e-02
9.983541071414947510e-02
9.982228279113769531e-02
9.980766475200653076e-02
9.979157894849777222e-02
9.977404773235321045e-02
9.975510090589523315e-02
9.973475337028503418e-02
9.971303492784500122e-02
9.968996793031692505e-02
9.966558218002319336e-02
9.963990002870559692e-02
9.961295127868652344e-02
9.958475083112716675e-02
9.955534338951110840e-02
9.952474385499954224e-02
9.949298202991485596e-02
9.946009516716003418e-02
9.942609816789627075e-02
9.939103573560714722e-02
9.935491532087326050e-02
9.931779652833938599e-02
9.927967190742492676e-02
9.924060851335525513e-02
9.920061379671096802e-02
9.915971755981445312e-02
9.911795705556869507e-02
9.907536208629608154e-02
9.903196245431900024e-02
9.898779541254043579e-02
9.894287586212158203e-02
9.889724850654602051e-02
9.885093569755554199e-02
9.880396723747253418e-02
9.875638037919998169e-02
9.870819747447967529e-02
9.865945577621459961e-02
9.861019253730773926e-02
9.856042265892028809e-02
9.851018339395523071e-02
9.845950454473495483e-02
9.840841591358184814e-02
9.835694730281829834e-02
9.830513596534729004e-02
9.825300425291061401e-02
9.820058196783065796e-02
9.814789891242980957e-02
9.809499233961105347e-02
9.804188460111618042e-02
9.798860549926757812e-02
9.793518483638763428e-02
9.788164496421813965e-02
9.782803058624267578e-02
9.777436405420303345e-02
9.772067517042160034e-02
9.766698628664016724e-02
9.761332720518112183e-02
9.755973517894744873e-02
9.750623255968093872e-02
9.745284914970397949e-02
9.739961475133895874e-02
9.734655916690826416e-02
9.729369729757308960e-02
9.724106639623641968e-02
9.718869626522064209e-02
9.713661670684814453e-02
9.708485752344131470e-02
9.703342616558074951e-02
9.698236733675003052e-02
9.693169593811035156e-02
9.688145667314529419e-02
9.683166444301605225e-02
9.678234159946441650e-02
9.673351794481277466e-02
9.668521583080291748e-02
9.663747251033782959e-02
9.659029543399810791e-02
9.654372930526733398e-02
9.649777412414550781e-02
9.645246714353561401e-02
9.640783816576004028e-02
9.636390209197998047e-02
9.632068127393722534e-02
9.627819061279296875e-02
9.623646736145019531e-02
9.619551897048950195e-02
9.615538269281387329e-02
9.611605852842330933e-02
9.607758373022079468e-02
9.603995829820632935e-02
9.600321948528289795e-02
9.596737474203109741e-02
9.593243896961212158e-02
9.589843451976776123e-02
9.586537629365921021e-02
9.583327919244766235e-02
9.580215811729431152e-02
9.577202796936035156e-02
9.574288874864578247e-02
9.571477770805358887e-02
9.568768739700317383e-02
9.566164016723632812e-02
9.563662856817245483e-02
9.561268240213394165e-02
9.558980166912078857e-02
9.556800127029418945e-02
9.554728120565414429e-02
9.552764892578125000e-02
9.550911188125610352e-02
9.549167007207870483e-02
9.547533839941024780e-02
9.546012431383132935e-02
9.544601291418075562e-02
9.543303400278091431e-02
9.542115777730941772e-02
9.541040658950805664e-02
9.540078043937683105e-02
9.539227187633514404e-02
9.538488835096359253e-02
9.537862986326217651e-02
9.537348151206970215e-02
9.536945074796676636e-02
9.536654502153396606e-02
9.536474198102951050e-02
9.536404907703399658e-02
9.536445885896682739e-02
9.536597877740859985e-02
9.536857903003692627e-02
9.537227451801300049e-02
9.537705779075622559e-02
9.538291394710540771e-02
9.538983553647994995e-02
9.539783000946044922e-02
9.540687501430511475e-02
9.541696310043334961e-02
9.542808681726455688e-02
9.544025361537933350e-02
9.545342624187469482e-02
9.546761214733123779e-02
9.548280388116836548e-02
9.549897909164428711e-02
9.551613032817840576e-02
9.553425014019012451e-02
9.555333107709884644e-02
9.557335078716278076e-02
9.559430181980133057e-02
9.561616927385330200e-02
9.563893079757690430e-02
9.566259384155273438e-02
9.568713605403900146e-02
9.571253508329391479e-02
9.573877602815628052e-02
9.576584398746490479e-02
9.579373896121978760e-02
9.582242369651794434e-02
9.585190564393997192e-02
9.588213264942169189e-02
9.591311961412429810e-02
9.594483673572540283e-02
9.597726166248321533e-02
9.601037949323654175e-02
9.604417532682418823e-02
9.607861191034317017e-02
9.611369669437408447e-02
9.614939242601394653e-02
9.618567675352096558e-02
9.622253477573394775e-02
9.625994414091110229e-02
9.629788249731063843e-02
9.633632004261016846e-02
9.637524187564849854e-02
9.641462564468383789e-02
9.645444899797439575e-02
9.649468213319778442e-02
9.653530269861221313e-02
9.657628834247589111e-02
9.661760926246643066e-02
9.665925055742263794e-02
9.670118242502212524e-02
9.674336761236190796e-02
9.678579866886138916e-02
9.682844579219818115e-02
9.687127172946929932e-02
9.691426157951354980e-02
9.695738554000854492e-02
9.700061380863189697e-02
9.704393148422241211e-02
9.708729386329650879e-02
9.713069349527359009e-02
9.717408567667007446e-02
9.721744805574417114e-02
9.726076573133468628e-02
9.730400145053863525e-02
9.734712541103363037e-02
9.739013016223907471e-02
9.743297100067138672e-02
9.747562557458877563e-02
9.751807153224945068e-02
9.756027907133102417e-02
9.760221838951110840e-02
9.764387458562850952e-02
9.768521785736083984e-02
9.772621840238571167e-02
9.776685386896133423e-02
9.780710935592651367e-02
9.784694015979766846e-02
9.788634628057479858e-02
9.792528301477432251e-02
9.796372801065444946e-02
9.800166636705398560e-02
9.803908318281173706e-02
9.807593375444412231e-02
9.811221808195114136e-02
9.814789891242980957e-02
9.818296134471893311e-02
9.821737557649612427e-02
9.825112670660018921e-02
9.828419983386993408e-02
9.831656515598297119e-02
9.834820777177810669e-02
9.837909787893295288e-02
9.840922802686691284e-02
9.843857586383819580e-02
9.846711903810501099e-02
9.849484264850616455e-02
9.852172434329986572e-02
9.854774177074432373e-02
9.857289493083953857e-02
9.859715402126312256e-02
9.862050414085388184e-02
9.864293038845062256e-02
9.866441041231155396e-02
9.868492931127548218e-02
9.870447963476181030e-02
9.872304648160934448e-02
9.874060004949569702e-02
9.875714033842086792e-02
9.877264499664306641e-02
9.878709912300109863e-02
9.880050271749496460e-02
9.881282597780227661e-02
9.882406145334243774e-02
9.883420169353485107e-02
9.884323179721832275e-02
9.885112941265106201e-02
9.885790199041366577e-02
9.886351972818374634e-02
9.886799007654190063e-02
9.887129068374633789e-02
9.887340664863586426e-02
9.887434542179107666e-02
9.887408465147018433e-02
9.887262433767318726e-02
9.886994957923889160e-02
9.886605292558670044e-02
9.886092692613601685e-02
9.885457158088684082e-02
9.884697943925857544e-02
9.883813560009002686e-02
9.882804751396179199e-02
9.881670027971267700e-02
9.880409389734268188e-02
9.879022091627120972e-02
9.877508878707885742e-02
9.875867515802383423e-02
9.874100238084793091e-02
9.872204810380935669e-02
9.870183467864990234e-02
9.868033230304718018e-02
9.865756332874298096e-02
9.863352030515670776e-02
9.860820323228836060e-02
9.858161956071853638e-02
9.855376929044723511e-02
9.852465242147445679e-02
9.849427640438079834e-02
9.846264868974685669e-02
9.842976182699203491e-02
9.839563816785812378e-02
9.836026281118392944e-02
9.832365810871124268e-02
9.828583151102066040e-02
9.824677556753158569e-02
9.820652008056640625e-02
9.816505014896392822e-02
9.812239557504653931e-02
9.807855635881423950e-02
9.803353995084762573e-02
9.798734635114669800e-02
9.794001281261444092e-02
9.789153933525085449e-02
9.784193336963653564e-02
9.779119491577148438e-02
9.773936122655868530e-02
9.768643230199813843e-02
9.763243049383163452e-02
9.757735580205917358e-02
9.752122312784194946e-02
9.746405482292175293e-02
9.740585833787918091e-02
9.734666347503662109e-02
9.728646278381347656e-02
9.722528606653213501e-02
9.716314822435379028e-02
9.710006415843963623e-02
9.703604131937026978e-02
9.697110950946807861e-02
9.690527617931365967e-02
9.683856368064880371e-02
9.677098691463470459e-02
9.670255333185195923e-02
9.663329273462295532e-02
9.656322747468948364e-02
9.649235755205154419e-02
9.642071276903152466e-02
9.634830802679061890e-02
9.627516567707061768e-02
9.620129317045211792e-02
9.612671285867691040e-02
9.605146199464797974e-02
9.597553312778472900e-02
9.589896351099014282e-02
9.582175314426422119e-02
9.574393928050994873e-02
9.566552937030792236e-02
9.558656066656112671e-02
9.550702571868896484e-02
9.542696923017501831e-02
9.534639865159988403e-02
9.526532888412475586e-02
9.518379718065261841e-02
9.510181099176406860e-02
9.501939266920089722e-02
9.493655711412429810e-02
9.485333412885665894e-02
9.476973116397857666e-02
9.468579292297363281e-02
9.460152685642242432e-02
9.451694786548614502e-02
9.443207830190658569e-02
9.434694796800613403e-02
9.426156431436538696e-02
9.417596459388732910e-02
9.409016370773315430e-02
9.400417655706405640e-02
9.391802549362182617e-02
9.383174777030944824e-02
9.374534338712692261e-02
9.365884214639663696e-02
9.357227385044097900e-02
9.348564594984054565e-02
9.339898824691772461e-02
9.331231564283370972e-02
9.322565048933029175e-02
9.313902258872985840e-02
9.305244684219360352e-02
9.296593070030212402e-02
9.287951886653900146e-02
9.279321879148483276e-02
9.270705282688140869e-02
9.262103587388992310e-02
9.253520518541336060e-02
9.244955331087112427e-02
9.236412495374679565e-02
9.227892756462097168e-02
9.219398349523544312e-02
9.210930764675140381e-02
9.202492237091064453e-02
9.194085001945495605e-02
9.185710549354553223e-02
9.177369624376296997e-02
9.169065952301025391e-02
9.160799533128738403e-02
9.152572602033615112e-02
9.144387394189834595e-02
9.136245399713516235e-02
9.128147363662719727e-02
9.120095521211624146e-02
9.112091362476348877e-02
9.104136377573013306e-02
9.096232056617736816e-02
9.088379144668579102e-02
9.080579131841659546e-02
9.072834998369216919e-02
9.065145999193191528e-02
9.057514369487762451e-02
9.049940854310989380e-02
9.042426943778991699e-02
9.034974128007888794e-02
9.027582406997680664e-02
9.020254015922546387e-02
9.012989699840545654e-02
9.005789458751678467e-02
8.998655527830123901e-02
8.991587907075881958e-02
8.984588831663131714e-02
8.977657556533813477e-02
8.970795571804046631e-02
8.964002877473831177e-02
8.957280963659286499e-02
8.950631320476531982e-02
8.944053202867507935e-02
8.937547355890274048e-02
8.931114524602890015e-02
8.924755454063415527e-02
8.918471634387969971e-02
8.912261575460433960e-02
8.906126022338867188e-02
8.900067210197448730e-02
8.894083648920059204e-02
8.888176083564758301e-02
8.882346004247665405e-02
8.876591920852661133e-02
8.870915323495864868e-02
8.865316212177276611e-02
8.859793841838836670e-02
8.854348957538604736e-02
8.848982304334640503e-02
8.843693137168884277e-02
8.838481456041336060e-02
8.833348006010055542e-02
8.828292042016983032e-02
8.823314309120178223e-02
8.818413317203521729e-02
8.813589811325073242e-02
8.808843791484832764e-02
8.804174512624740601e-02
8.799582719802856445e-02
8.795067667961120605e-02
8.790627866983413696e-02
8.786264806985855103e-02
8.781976252794265747e-02
8.777764439582824707e-02
8.773625642061233521e-02
8.769562095403671265e-02
8.765571564435958862e-02
8.761654049158096313e-02
8.757809549570083618e-02
8.754036575555801392e-02
8.750335127115249634e-02
8.746703714132308960e-02
8.743142336606979370e-02
8.739650249481201172e-02
8.736225962638854980e-02
8.732869476079940796e-02
8.729578554630279541e-02
8.726353198289871216e-02
8.723193407058715820e-02
8.720096945762634277e-02
8.717062324285507202e-02
8.714089542627334595e-02
8.711177855730056763e-02
8.708324283361434937e-02
8.705529570579528809e-02
8.702791482210159302e-02
8.700110018253326416e-02
8.697482198476791382e-02
8.694908767938613892e-02
8.692386746406555176e-02
8.689914643764495850e-02
8.687492460012435913e-02
8.685117959976196289e-02
8.682791143655776978e-02
8.680509030818939209e-02
8.678270131349563599e-02
8.676073700189590454e-02
8.673918992280960083e-02
8.671802282333374023e-02
8.669725060462951660e-02
8.667682856321334839e-02
8.665676414966583252e-02
8.663702756166458130e-02
8.661761134862899780e-02
8.659849315881729126e-02
8.657966554164886475e-02
8.656110614538192749e-02
8.654280751943588257e-02
8.652473986148834229e-02
8.650690317153930664e-02
8.648926764726638794e-02
8.647182583808898926e-02
8.645456284284591675e-02
8.643745630979537964e-02
8.642049878835678101e-02
8.640366047620773315e-02
8.638693392276763916e-02
8.637030422687530518e-02
8.635375648736953735e-02
8.633726835250854492e-02
8.632083237171173096e-02
8.630442619323730469e-02
8.628803491592407227e-02
8.627164363861083984e-02
8.625524491071701050e-02
8.623880147933959961e-02
8.622232079505920410e-02
8.620577305555343628e-02
8.618915081024169922e-02
8.617243915796279907e-02
8.615561574697494507e-02
8.613866567611694336e-02
8.612158149480819702e-02
8.610434085130691528e-02
8.608693629503250122e-02
8.606934547424316406e-02
8.605155348777770996e-02
8.603355288505554199e-02
8.601532876491546631e-02
8.599685132503509521e-02
8.597812801599502563e-02
8.595912903547286987e-02
8.593984693288803101e-02
8.592026680707931519e-02
8.590037375688552856e-02
8.588015288114547729e-02
8.585959672927856445e-02
8.583868294954299927e-02
8.581739664077758789e-02
8.579573780298233032e-02
8.577368408441543579e-02
8.575122803449630737e-02
8.572834730148315430e-02
8.570503443479537964e-02
8.568126708269119263e-02
8.565705269575119019e-02
8.563237637281417847e-02
8.560720086097717285e-02
8.558154851198196411e-02
8.555538207292556763e-02
8.552870154380798340e-02
8.550149202346801758e-02
8.547374606132507324e-02
8.544544130563735962e-02
8.541658520698547363e-02
8.538715541362762451e-02
8.535714447498321533e-02
8.532654494047164917e-02
8.529534190893173218e-02
8.526352792978286743e-02
8.523109555244445801e-02
8.519803732633590698e-02
8.516434580087661743e-02
8.512999862432479858e-02
8.509500324726104736e-02
8.505935221910476685e-02
8.502303063869476318e-02
8.498603105545043945e-02
8.494835346937179565e-02
8.490998297929763794e-02
8.487091958522796631e-02
8.483115583658218384e-02
8.479068428277969360e-02
8.474950492382049561e-02
8.470760285854339600e-02
8.466499298810958862e-02
8.462164551019668579e-02
8.457757532596588135e-02
8.453277498483657837e-02
8.448723703622817993e-02
8.444096148014068604e-02
8.439394831657409668e-02
8.434619009494781494e-02
8.429768681526184082e-02
8.424844592809677124e-02
8.419845253229141235e-02
8.414771407842636108e-02
8.409622311592102051e-02
8.404398709535598755e-02
8.399099856615066528e-02
8.393727242946624756e-02
8.388279378414154053e-02
8.382757008075714111e-02
8.377160876989364624e-02
8.371489495038986206e-02
8.365745842456817627e-02
8.359926939010620117e-02
8.354035019874572754e-02
8.348069339990615845e-02
8.342031389474868774e-02
8.335921168327331543e-02
8.329737931489944458e-02
8.323483169078826904e-02
8.317156881093978882e-02
8.310759812593460083e-02
8.304291963577270508e-02
8.297754824161529541e-02
8.291147649288177490e-02
8.284471929073333740e-02
8.277727663516998291e-02
8.270915597677230835e-02
8.264035731554031372e-02
8.257090300321578979e-02
8.250077813863754272e-02
8.243000507354736328e-02
8.235858380794525146e-02
8.228652179241180420e-02
8.221383392810821533e-02
8.214051276445388794e-02
8.206658065319061279e-02
8.199203759431838989e-02
8.191689103841781616e-02
8.184114843606948853e-02
8.176482468843460083e-02
8.168791979551315308e-02
8.161044865846633911e-02
8.153241127729415894e-02
8.145383000373840332e-02
8.137470483779907227e-02
8.129504323005676270e-02
8.121485263109207153e-02
8.113415539264678955e-02
8.105295151472091675e-02
8.097125589847564697e-02
8.088906854391098022e-02
8.080641925334930420e-02
8.072329312562942505e-02
8.063972741365432739e-02
8.055570721626281738e-02
8.047125488519668579e-02
8.038638532161712646e-02
8.030110597610473633e-02
8.021543174982070923e-02
8.012936264276504517e-02
8.004292100667953491e-02
7.995612174272537231e-02
7.986896485090255737e-02
7.978146523237228394e-02
7.969364523887634277e-02
7.960550487041473389e-02
7.951706647872924805e-02
7.942833006381988525e-02
7.933931797742843628e-02
7.925004512071609497e-02
7.916051149368286133e-02
7.907073944807052612e-02
7.898074388504028320e-02
7.889053225517272949e-02
7.880011945962905884e-02
7.870952039957046509e-02
7.861874997615814209e-02
7.852780818939208984e-02
7.843672484159469604e-02
7.834549993276596069e-02
7.825415581464767456e-02
7.816270738840103149e-02
7.807116210460662842e-02
7.797953486442565918e-02
7.788783311843872070e-02
7.779607921838760376e-02
7.770428061485290527e-02
7.761245220899581909e-02
7.752060145139694214e-02
7.742875814437866211e-02
7.733691483736038208e-02
7.724509388208389282e-02
7.715330272912979126e-02
7.706156373023986816e-02
7.696988433599472046e-02
7.687827199697494507e-02
7.678674161434173584e-02
7.669530063867568970e-02
7.660397887229919434e-02
7.651276886463165283e-02
7.642168551683425903e-02
7.633075118064880371e-02
7.623995840549468994e-02
7.614934444427490234e-02
7.605889439582824707e-02
7.596863061189651489e-02
7.587856054306030273e-02
7.578870654106140137e-02
7.569905370473861694e-02
7.560963183641433716e-02
7.552045583724975586e-02
7.543151825666427612e-02
7.534283399581909180e-02
7.525441795587539673e-02
7.516627758741378784e-02
7.507842034101486206e-02
7.499084621667861938e-02
7.490358501672744751e-02
7.481662184000015259e-02
7.472997903823852539e-02
7.464366406202316284e-02
7.455767691135406494e-02
7.447203993797302246e-02
7.438674569129943848e-02
7.430180907249450684e-02
7.421723008155822754e-02
7.413302361965179443e-02
7.404919713735580444e-02
7.396575808525085449e-02
7.388270646333694458e-02
7.380004972219467163e-02
7.371780276298522949e-02
7.363595813512802124e-02
7.355453819036483765e-02
7.347354292869567871e-02
7.339296489953994751e-02
7.331282645463943481e-02
7.323312759399414062e-02
7.315387576818466187e-02
7.307507097721099854e-02
7.299671322107315063e-02
7.291882485151290894e-02
7.284139096736907959e-02
7.276443392038345337e-02
7.268794625997543335e-02
7.261192798614501953e-02
7.253640145063400269e-02
7.246135175228118896e-02
7.238678634166717529e-02
7.231272757053375244e-02
7.223914563655853271e-02
7.216606289148330688e-02
7.209348678588867188e-02
7.202140986919403076e-02
7.194983214139938354e-02
7.187876105308532715e-02
7.180820405483245850e-02
7.173815369606018066e-02
7.166860997676849365e-02
7.159957289695739746e-02
7.153106480836868286e-02
7.146304845809936523e-02
7.139555364847183228e-02
7.132858037948608398e-02
7.126210629940032959e-02
7.119615375995635986e-02
7.113070785999298096e-02
7.106577605009078979e-02
7.100134342908859253e-02
7.093742489814758301e-02
7.087401300668716431e-02
7.081110030412673950e-02
7.074868679046630859e-02
7.068677991628646851e-02
7.062535732984542847e-02
7.056443393230438232e-02
7.050399482250213623e-02
7.044404745101928711e-02
7.038457691669464111e-02
7.032558321952819824e-02
7.026705890893936157e-02
7.020901143550872803e-02
7.015142589807510376e-02
7.009430229663848877e-02
7.003763318061828613e-02
6.998141109943389893e-02
6.992562860250473022e-02
6.987028568983078003e-02
6.981537491083145142e-02
6.976088881492614746e-02
6.970683485269546509e-02
6.965319067239761353e-02
6.959994137287139893e-02
6.954710930585861206e-02
6.949467211961746216e-02
6.944261491298675537e-02
6.939094513654708862e-02
6.933964788913726807e-02
6.928872317075729370e-02
6.923815608024597168e-02
6.918794661760330200e-02
6.913807988166809082e-02
6.908856332302093506e-02
6.903937458992004395e-02
6.899050623178482056e-02
6.894196569919586182e-02
6.889373064041137695e-02
6.884580850601196289e-02
6.879817694425582886e-02
6.875083595514297485e-02
6.870377808809280396e-02
6.865699589252471924e-02
6.861047446727752686e-02
6.856421381235122681e-02
6.851820647716522217e-02
6.847245246171951294e-02
6.842692196369171143e-02
6.838162988424301147e-02
6.833655387163162231e-02
6.829169392585754395e-02
6.824704259634017944e-02
6.820258498191833496e-02
6.815831363201141357e-02
6.811422854661941528e-02
6.807032227516174316e-02
6.802657246589660645e-02
6.798298656940460205e-02
6.793954968452453613e-02
6.789624691009521484e-02
6.785308569669723511e-02
6.781005114316940308e-02
6.776712834835052490e-02
6.772431731224060059e-02
6.768160313367843628e-02
6.763897836208343506e-02
6.759644299745559692e-02
6.755397468805313110e-02
6.751157343387603760e-02
6.746922433376312256e-02
6.742692738771438599e-02
6.738467514514923096e-02
6.734244525432586670e-02
6.730023771524429321e-02
6.725804507732391357e-02
6.721585243940353394e-02
6.717365235090255737e-02
6.713144481182098389e-02
6.708921492099761963e-02
6.704694777727127075e-02
6.700464338064193726e-02
6.696228682994842529e-02
6.691987812519073486e-02
6.687739491462707520e-02
6.683483719825744629e-02
6.679219752550125122e-02
6.674946844577789307e-02
6.670663505792617798e-02
6.666368991136550903e-02
6.662062555551528931e-02
6.657744199037551880e-02
6.653412431478500366e-02
6.649066507816314697e-02
6.644705682992935181e-02
6.640329211950302124e-02
6.635936349630355835e-02
6.631525605916976929e-02
6.627097725868225098e-02
6.622651219367980957e-02
6.618185341358184814e-02
6.613700091838836670e-02
6.609193980693817139e-02
6.604667007923126221e-02
6.600117683410644531e-02
6.595546752214431763e-02
6.590952724218368530e-02
6.586335599422454834e-02
6.581693887710571289e-02
6.577028334140777588e-02
6.572337448596954346e-02
6.567621231079101562e-02
6.562879681587219238e-02
6.558111310005187988e-02
6.553316861391067505e-02
6.548494845628738403e-02
6.543644517660140991e-02
6.538767367601394653e-02
6.533861905336380005e-02
6.528928130865097046e-02
6.523964554071426392e-02
6.518972665071487427e-02
6.513950973749160767e-02
6.508899480104446411e-02
6.503818184137344360e-02
6.498706340789794922e-02
6.493563950061798096e-02
6.488391011953353882e-02
6.483186781406402588e-02
6.477952003479003906e-02
6.472685188055038452e-02
6.467387825250625610e-02
6.462057679891586304e-02
6.456696242094039917e-02
6.451301276683807373e-02
6.445875018835067749e-02
6.440416723489761353e-02
6.434925645589828491e-02
6.429401785135269165e-02
6.423845142126083374e-02
6.418255716562271118e-02
6.412633508443832397e-02
6.406977027654647827e-02
6.401288509368896484e-02
6.395565718412399292e-02
6.389810144901275635e-02
6.384021788835525513e-02
6.378199160099029541e-02
6.372343003749847412e-02
6.366454064846038818e-02
6.360530853271484375e-02
6.354574859142303467e-02
6.348583847284317017e-02
6.342560797929763794e-02
6.336504220962524414e-02
6.330414116382598877e-02
6.324290484189987183e-02
6.318134069442749023e-02
6.311944127082824707e-02
6.305721402168273926e-02
6.299465894699096680e-02
6.293176859617233276e-02
6.286857277154922485e-02
6.280504167079925537e-02
6.274119019508361816e-02
6.267701834440231323e-02
6.261254101991653442e-02
6.254773586988449097e-02
6.248263642191886902e-02
6.241721659898757935e-02
6.235150620341300964e-02
6.228548288345336914e-02
6.221917271614074707e-02
6.215256452560424805e-02
6.208566948771476746e-02
6.201848760247230530e-02
6.195103004574775696e-02
6.188329681754112244e-02
6.181529164314270020e-02
6.174701824784278870e-02
6.167848408222198486e-02
6.160970032215118408e-02
6.154065579175949097e-02
6.147137284278869629e-02
6.140184402465820312e-02
6.133208423852920532e-02
6.126209720969200134e-02
6.119188293814659119e-02
6.112145632505416870e-02
6.105081364512443542e-02
6.097996979951858521e-02
6.090892478823661804e-02
6.083768606185913086e-02
6.076625734567642212e-02
6.069464609026908875e-02
6.062285974621772766e-02
6.055090203881263733e-02
6.047878041863441467e-02
6.040650233626365662e-02
6.033407151699066162e-02
6.026149913668632507e-02
6.018877774477005005e-02
6.011592969298362732e-02
6.004294380545616150e-02
5.996984243392944336e-02
5.989662557840347290e-02
5.982329696416854858e-02
5.974985286593437195e-02
5.967631563544273376e-02
5.960268527269363403e-02
5.952896550297737122e-02
5.945516377687454224e-02
5.938128009438514709e-02
5.930732563138008118e-02
5.923330411314964294e-02
5.915922671556472778e-02
5.908508226275444031e-02
5.901089683175086975e-02
5.893666297197341919e-02
5.886238813400268555e-02
5.878807604312896729e-02
5.871374160051345825e-02
5.863937735557556152e-02
5.856499820947647095e-02
5.849060416221618652e-02
5.841620266437530518e-02
5.834180489182472229e-02
5.826740339398384094e-02
5.819301307201385498e-02
5.811863765120506287e-02
5.804428085684776306e-02
5.796995013952255249e-02
5.789566040039062500e-02
5.782139673829078674e-02
5.774718150496482849e-02
5.767300724983215332e-02
5.759889259934425354e-02
5.752483755350112915e-02
5.745085328817367554e-02
5.737693980336189270e-02
5.730309709906578064e-02
5.722934007644653320e-02
5.715567618608474731e-02
5.708210915327072144e-02
5.700864642858505249e-02
5.693528801202774048e-02
5.686203762888908386e-02
5.678891763091087341e-02
5.671591311693191528e-02
5.664304271340370178e-02
5.657031387090682983e-02
5.649771913886070251e-02
5.642527714371681213e-02
5.635298788547515869e-02
5.628085881471633911e-02
5.620888993144035339e-02
5.613709613680839539e-02
5.606546998023986816e-02
5.599403008818626404e-02
5.592277273535728455e-02
5.585170164704322815e-02
5.578082054853439331e-02
5.571014061570167542e-02
5.563966929912567139e-02
5.556939914822578430e-02
5.549933388829231262e-02
5.542948842048645020e-02
5.535985901951789856e-02
5.529044196009635925e-02
5.522126331925392151e-02
5.515230074524879456e-02
5.508357286453247070e-02
5.501507222652435303e-02
5.494680628180503845e-02
5.487878620624542236e-02
5.481099337339401245e-02
5.474345013499259949e-02
5.467614158987998962e-02
5.460909008979797363e-02
5.454227328300476074e-02
5.447570979595184326e-02
5.440939962863922119e-02
5.434333533048629761e-02
5.427752062678337097e-02
5.421195551753044128e-02
5.414665117859840393e-02
5.408159270882606506e-02
5.401679500937461853e-02
5.395225062966346741e-02
5.388795956969261169e-02
5.382392555475234985e-02
5.376015231013298035e-02
5.369663611054420471e-02
5.363336950540542603e-02
5.357036367058753967e-02
5.350762233138084412e-02
5.344513058662414551e-02
5.338290333747863770e-02
5.332092940807342529e-02
5.325921997427940369e-02
5.319776013493537903e-02
5.313656851649284363e-02
5.307563021779060364e-02
5.301496013998985291e-02
5.295453965663909912e-02
5.289438366889953613e-02
5.283448845148086548e-02
5.277484655380249023e-02
5.271546915173530579e-02
5.265635251998901367e-02
5.259749293327331543e-02
5.253889411687850952e-02
5.248055234551429749e-02
5.242247134447097778e-02
5.236465111374855042e-02
5.230708792805671692e-02
5.224978178739547729e-02
5.219273269176483154e-02
5.213594436645507812e-02
5.207940936088562012e-02
5.202312767505645752e-02
5.196710303425788879e-02
5.191133171319961548e-02
5.185580998659133911e-02
5.180054157972335815e-02
5.174551904201507568e-02
5.169074609875679016e-02
5.163621902465820312e-02
5.158193409442901611e-02
5.152789130806922913e-02
5.147408694028854370e-02
5.142052099108695984e-02
5.136718600988388062e-02
5.131408572196960449e-02
5.126121267676353455e-02
5.120856314897537231e-02
5.115613713860511780e-02
5.110392719507217407e-02
5.105193704366683960e-02
5.100015178322792053e-02
5.094857886433601379e-02
5.089720711112022400e-02
5.084603652358055115e-02
5.079506337642669678e-02
5.074427649378776550e-02
5.069367960095405579e-02
5.064326524734497070e-02
5.059302598237991333e-02
5.054295808076858521e-02
5.049306526780128479e-02
5.044333264231681824e-02
5.039376020431518555e-02
5.034434422850608826e-02
5.029507726430892944e-02
5.024595558643341064e-02
5.019697546958923340e-02
5.014813318848609924e-02
5.009941756725311279e-02
5.005083605647087097e-02
5.000237375497817993e-02
4.995403066277503967e-02
4.990580305457115173e-02
4.985769093036651611e-02
4.980967938899993896e-02
4.976176843047142029e-02
4.971396178007125854e-02
4.966624081134796143e-02
4.961862042546272278e-02
4.957108199596405029e-02
4.952362924814224243e-02
4.947625473141670227e-02
4.942895844578742981e-02
4.938173666596412659e-02
4.933458194136619568e-02
4.928750172257423401e-02
4.924047738313674927e-02
4.919352009892463684e-02
4.914661869406700134e-02
4.909977316856384277e-02
4.905297979712486267e-02
4.900623857975006104e-02
4.895954206585884094e-02
4.891289025545120239e-02
4.886627942323684692e-02
4.881970956921577454e-02
4.877317324280738831e-02
4.872667416930198669e-02
4.868019744753837585e-02
4.863375425338745117e-02
4.858733341097831726e-02
4.854093492031097412e-02
4.849455505609512329e-02
4.844819009304046631e-02
4.840184003114700317e-02
4.835549369454383850e-02
4.830915480852127075e-02
4.826281964778900146e-02
4.821647703647613525e-02
4.817013442516326904e-02
4.812378063797950745e-02
4.807741567492485046e-02
4.803103208541870117e-02
4.798463359475135803e-02
4.793820530176162720e-02
4.789175093173980713e-02
4.784526675939559937e-02
4.779874160885810852e-02
4.775217920541763306e-02
4.770557209849357605e-02
4.765891656279563904e-02
4.761220887303352356e-02
4.756544157862663269e-02
4.751861840486526489e-02
4.747172445058822632e-02
4.742476344108581543e-02
4.737772792577743530e-02
4.733061790466308594e-02
4.728342965245246887e-02
4.723615571856498718e-02
4.718879237771034241e-02
4.714134335517883301e-02
4.709379747509956360e-02
4.704615473747253418e-02
4.699840769171714783e-02
4.695056006312370300e-02
4.690261185169219971e-02
4.685454815626144409e-02
4.680638015270233154e-02
4.675810039043426514e-02
4.670970141887664795e-02
4.666119068861007690e-02
4.661256447434425354e-02
4.656381905078887939e-02
4.651495441794395447e-02
4.646597057580947876e-02
4.641686379909515381e-02
4.636763781309127808e-02
4.631828889250755310e-02
4.626882076263427734e-02
4.621922969818115234e-02
4.616951569914817810e-02
4.611968621611595154e-02
4.606973007321357727e-02
4.601965844631195068e-02
4.596946761012077332e-02
4.591916128993034363e-02
4.586873203516006470e-02
4.581818729639053345e-02
4.576753079891204834e-02
4.571675881743431091e-02
4.566587135195732117e-02
4.561487212777137756e-02
4.556376114487648010e-02
4.551254585385322571e-02
4.546121880412101746e-02
4.540977999567985535e-02
4.535823687911033630e-02
4.530658572912216187e-02
4.525483027100563049e-02
4.520297050476074219e-02
4.515101015567779541e-02
4.509894177317619324e-02
4.504676908254623413e-02
4.499449953436851501e-02
4.494212195277214050e-02
4.488964751362800598e-02
4.483706876635551453e-02
4.478438943624496460e-02
4.473160579800605774e-02
4.467872157692909241e-02
4.462574049830436707e-02
4.457264766097068787e-02
4.451945796608924866e-02
4.446616768836975098e-02
4.441277310252189636e-02
4.435927048325538635e-02
4.430566728115081787e-02
4.425195977091789246e-02
4.419814795255661011e-02
4.414423182606697083e-02
4.409021139144897461e-02
4.403608664870262146e-02
4.398185387253761292e-02
4.392751678824424744e-02
4.387307912111282349e-02
4.381853342056274414e-02
4.376388713717460632e-02
4.370913282036781311e-02
4.365427792072296143e-02
4.359932243824005127e-02
4.354427009820938110e-02
4.348910972476005554e-02
4.343385994434356689e-02
4.337850958108901978e-02
4.332306608557701111e-02
4.326753318309783936e-02
4.321190714836120605e-02
4.315619543194770813e-02
4.310039803385734558e-02
4.304452240467071533e-02
4.298856481909751892e-02
4.293253645300865173e-02
4.287643358111381531e-02
4.282026737928390503e-02
4.276403412222862244e-02
4.270773753523826599e-02
4.265138879418373108e-02
4.259498789906501770e-02
4.253853857517242432e-02
4.248204827308654785e-02
4.242551699280738831e-02
4.236895218491554260e-02
4.231236129999160767e-02
4.225574061274528503e-02
4.219910129904747009e-02
4.214244708418846130e-02
4.208577796816825867e-02
4.202910140156745911e-02
4.197242483496665955e-02
4.191574826836585999e-02
4.185907542705535889e-02
4.180241376161575317e-02
4.174576327204704285e-02
4.168913140892982483e-02
4.163251817226409912e-02
4.157593101263046265e-02
4.151936620473861694e-02
4.146283119916915894e-02
4.140632972121238708e-02
4.134986177086830139e-02
4.129343107342720032e-02
4.123703762888908386e-02
4.118068516254425049e-02
4.112437739968299866e-02
4.106811061501502991e-02
4.101189225912094116e-02
4.095571860671043396e-02
4.089959338307380676e-02
4.084351658821105957e-02
4.078748822212219238e-02
4.073151201009750366e-02
4.067558422684669495e-02
4.061970487236976624e-02
4.056388139724731445e-02
4.050810635089874268e-02
4.045238345861434937e-02
4.039671272039413452e-02
4.034109786152839661e-02
4.028553143143653870e-02
4.023002088069915771e-02
4.017456248402595520e-02
4.011915624141693115e-02
4.006380587816238403e-02
4.000851511955261230e-02
3.995327651500701904e-02
3.989809378981590271e-02
3.984297439455986023e-02
3.978791087865829468e-02
3.973291069269180298e-02
3.967797011137008667e-02
3.962310031056404114e-02
3.956829011440277100e-02
3.951355442404747009e-02
3.945888951420783997e-02
3.940429538488388062e-02
3.934977948665618896e-02
3.929534554481506348e-02
3.924099355936050415e-02
3.918672353029251099e-02
3.913254663348197937e-02
3.907846659421920776e-02
3.902447596192359924e-02
3.897058963775634766e-02
3.891680762171745300e-02
3.886313363909721375e-02
3.880957141518592834e-02
3.875612840056419373e-02
3.870280459523200989e-02
3.864960372447967529e-02
3.859653323888778687e-02
3.854358941316604614e-02
3.849078714847564697e-02
3.843812271952629089e-02
3.838559612631797791e-02
3.833322227001190186e-02
3.828099370002746582e-02
3.822892159223556519e-02
3.817700222134590149e-02
3.812523558735847473e-02
3.807363659143447876e-02
3.802219405770301819e-02
3.797091543674468994e-02
3.791980445384979248e-02
3.786885738372802734e-02
3.781807422637939453e-02
3.776745870709419250e-02
3.771701827645301819e-02
3.766673803329467773e-02
3.761662915349006653e-02
3.756668418645858765e-02
3.751690685749053955e-02
3.746728971600532532e-02
3.741784021258354187e-02
3.736855462193489075e-02
3.731942176818847656e-02
3.727045282721519470e-02
3.722163662314414978e-02
3.717297315597534180e-02
3.712446242570877075e-02
3.707609698176383972e-02
3.702788054943084717e-02
3.697980195283889771e-02
3.693186491727828979e-02
3.688406571745872498e-02
3.683639690279960632e-02
3.678886219859123230e-02
3.674145415425300598e-02
3.669417276978492737e-02
3.664701431989669800e-02
3.659997507929801941e-02
3.655305132269859314e-02
3.650625050067901611e-02
3.645956143736839294e-02
3.641298413276672363e-02
3.636651858687400818e-02
3.632016107439994812e-02
3.627391159534454346e-02
3.622777387499809265e-02
3.618174046277999878e-02
3.613581880927085876e-02
3.608999773859977722e-02
3.604428842663764954e-02
3.599867969751358032e-02
3.595318645238876343e-02
3.590779751539230347e-02
3.586252033710479736e-02
3.581735491752624512e-02
3.577230125665664673e-02
3.572736307978630066e-02
3.568253666162490845e-02
3.563782945275306702e-02
3.559324517846107483e-02
3.554877638816833496e-02
3.550443798303604126e-02
3.546021878719329834e-02
3.541612997651100159e-02
3.537216782569885254e-02
3.532834351062774658e-02
3.528464213013648987e-02
3.524107858538627625e-02
3.519765287637710571e-02
3.515436500310897827e-02
3.511121124029159546e-02
3.506819903850555420e-02
3.502532467246055603e-02
3.498259186744689941e-02
3.493999689817428589e-02
3.489753976464271545e-02
3.485522419214248657e-02
3.481304645538330078e-02
3.477100655436515808e-02
3.472909703850746155e-02
3.468732535839080811e-02
3.464568033814430237e-02
3.460416570305824280e-02
3.456278145313262939e-02
3.452151641249656677e-02
3.448036685585975647e-02
3.443933650851249695e-02
3.439841419458389282e-02
3.435760363936424255e-02
3.431689366698265076e-02
3.427628055214881897e-02
3.423576056957244873e-02
3.419533371925354004e-02
3.415498510003089905e-02
3.411471471190452576e-02
3.407451882958412170e-02
3.403439000248908997e-02
3.399432450532913208e-02
3.395431488752365112e-02
3.391435742378234863e-02
3.387444838881492615e-02
3.383458033204078674e-02
3.379474952816963196e-02
3.375495225191116333e-02
3.371518477797508240e-02
3.367544338107109070e-02
3.363572061061859131e-02
3.359601646661758423e-02
3.355632722377777100e-02
3.351664915680885315e-02
3.347698226571083069e-02
3.343732282519340515e-02
3.339766710996627808e-02
3.335801139473915100e-02
3.331836313009262085e-02
3.327871859073638916e-02
3.323907405138015747e-02
3.319943323731422424e-02
3.315978869795799255e-02
3.312015160918235779e-02
3.308051452040672302e-02
3.304088488221168518e-02
3.300126269459724426e-02
3.296164795756340027e-02
3.292204067111015320e-02
3.288244828581809998e-02
3.284286707639694214e-02
3.280330449342727661e-02
3.276376053690910339e-02
3.272423520684242249e-02
3.268473222851753235e-02
3.264526277780532837e-02
3.260581940412521362e-02
3.256640210747718811e-02
3.252702206373214722e-02
3.248767554759979248e-02
3.244836628437042236e-02
3.240909799933433533e-02
3.236986696720123291e-02
3.233067691326141357e-02
3.229153156280517578e-02
3.225242719054222107e-02
3.221336752176284790e-02
3.217434883117675781e-02
3.213537111878395081e-02
3.209643438458442688e-02
3.205754235386848450e-02
3.201868757605552673e-02
3.197986632585525513e-02
3.194108232855796814e-02
3.190232813358306885e-02
3.186360746622085571e-02
3.182491287589073181e-02
3.178623691201210022e-02
3.174757957458496094e-02
3.170893713831901550e-02
3.167030587792396545e-02
3.163167834281921387e-02
3.159305825829505920e-02
3.155443072319030762e-02
3.151579201221466064e-02
3.147714212536811829e-02
3.143847361207008362e-02
3.139978274703025818e-02
3.136106207966804504e-02
3.132230788469314575e-02
3.128352016210556030e-02
3.124468587338924408e-02
3.120580874383449554e-02
3.116687759757041931e-02
3.112789243459701538e-02
3.108885139226913452e-02
3.104974888265132904e-02
3.101058118045330048e-02
3.097134828567504883e-02
3.093204647302627563e-02
3.089267574250698090e-02
3.085323423147201538e-02
3.081372193992137909e-02
3.077413327991962433e-02
3.073447570204734802e-02
3.069474548101425171e-02
3.065494634211063385e-02
3.061507642269134521e-02
3.057513944804668427e-02
3.053513728082180023e-02
3.049507364630699158e-02
3.045495413243770599e-02
3.041477315127849579e-02
3.037454560399055481e-02
3.033426776528358459e-02
3.029394708573818207e-02
3.025358356535434723e-02
3.021319024264812469e-02
3.017276339232921600e-02
3.013231605291366577e-02
3.009184636175632477e-02
3.005136176943778992e-02
3.001086600124835968e-02
2.997036464512348175e-02
2.992986328899860382e-02
2.988936565816402435e-02
2.984887734055519104e-02
2.980840019881725311e-02
2.976793982088565826e-02
2.972750179469585419e-02
2.968708612024784088e-02
2.964669466018676758e-02
2.960633486509323120e-02
2.956600487232208252e-02
2.952570654451847076e-02
2.948544174432754517e-02
2.944521419703960419e-02
2.940502204000949860e-02
2.936486713588237762e-02
2.932474389672279358e-02
2.928465791046619415e-02
2.924460358917713165e-02
2.920458093285560608e-02
2.916458621621131897e-02
2.912461943924427032e-02
2.908467501401901245e-02
2.904475294053554535e-02
2.900484763085842133e-02
2.896495722234249115e-02
2.892507426440715790e-02
2.888520061969757080e-02
2.884532511234283447e-02
2.880544774234294891e-02
2.876556664705276489e-02
2.872567251324653625e-02
2.868576161563396454e-02
2.864583022892475128e-02
2.860587649047374725e-02
2.856589853763580322e-02
2.852588891983032227e-02
2.848584018647670746e-02
2.844575792551040649e-02
2.840563468635082245e-02
2.836546860635280609e-02
2.832525782287120819e-02
2.828499861061573029e-02
2.824469655752182007e-02
2.820434235036373138e-02
2.816394157707691193e-02
2.812349423766136169e-02
2.808299660682678223e-02
2.804245799779891968e-02
2.800187095999717712e-02
2.796124480664730072e-02
2.792057953774929047e-02
2.787987701594829559e-02
2.783914469182491302e-02
2.779838256537914276e-02
2.775760181248188019e-02
2.771680243313312531e-02
2.767598628997802734e-02
2.763516642153263092e-02
2.759434469044208527e-02
2.755352482199668884e-02
2.751272171735763550e-02
2.747193165123462677e-02
2.743116766214370728e-02
2.739043533802032471e-02
2.734973840415477753e-02
2.730908244848251343e-02
2.726848050951957703e-02
2.722793258726596832e-02
2.718744613230228424e-02
2.714702673256397247e-02
2.710668370127677917e-02
2.706641517579555511e-02
2.702623233199119568e-02
2.698613330721855164e-02
2.694612555205821991e-02
2.690621279180049896e-02
2.686639875173568726e-02
2.682668343186378479e-02
2.678706683218479156e-02
2.674755640327930450e-02
2.670814841985702515e-02
2.666884288191795349e-02
2.662963792681694031e-02
2.659054100513458252e-02
2.655154094099998474e-02
2.651263773441314697e-02
2.647383324801921844e-02
2.643512375652790070e-02
2.639650180935859680e-02
2.635796740651130676e-02
2.631951309740543365e-02
2.628113888204097748e-02
2.624283730983734131e-02
2.620460279285907745e-02
2.616643160581588745e-02
2.612831629812717438e-02
2.609025686979293823e-02
2.605224214494228363e-02
2.601426839828491211e-02
2.597633190453052521e-02
2.593842521309852600e-02
2.590054459869861603e-02
2.586268819868564606e-02
2.582484669983386993e-02
2.578701637685298920e-02
2.574919722974300385e-02
2.571138180792331696e-02
2.567356824874877930e-02
0.000000000000000000e+00
0.000000000000000000e+00
0.000000000000000000e+00
0.000000000000000000e+00
0.000000000000000000e+00
0.000000000000000000e+00
0.000000000000000000e+00
0.000000000000000000e+00
0.000000000000000000e+00
0.000000000000000000e+00
0.000000000000000000e+00
0.000000000000000000e+00
0.000000000000000000e+00
0.000000000000000000e+00
0.000000000000000000e+00
0.000000000000000000e+00
0.000000000000000000e+00
0.000000000000000000e+00
0.000000000000000000e+00
0.000000000000000000e+00
0.000000000000000000e+00
0.000000000000000000e+00
0.000000000000000000e+00
0.000000000000000000e+00
0.000000000000000000e+00
0.000000000000000000e+00
0.000000000000000000e+00
0.000000000000000000e+00
0.000000000000000000e+00
0.000000000000000000e+00
0.000000000000000000e+00
0.000000000000000000e+00
0.000000000000000000e+00
0.000000000000000000e+00
0.000000000000000000e+00
0.000000000000000000e+00
0.000000000000000000e+00
0.000000000000000000e+00
0.000000000000000000e+00
0.000000000000000000e+00
0.000000000000000000e+00
0.000000000000000000e+00
0.000000000000000000e+00
0.000000000000000000e+00
0.000000000000000000e+00
0.000000000000000000e+00
0.000000000000000000e+00
0.000000000000000000e+00
0.000000000000000000e+00
0.000000000000000000e+00
0.000000000000000000e+00
0.000000000000000000e+00
0.000000000000000000e+00
0.000000000000000000e+00
0.000000000000000000e+00
0.000000000000000000e+00
0.000000000000000000e+00
0.000000000000000000e+00
0.000000000000000000e+00
0.000000000000000000e+00
0.000000000000000000e+00
0.000000000000000000e+00
0.000000000000000000e+00
0.000000000000000000e+00
0.000000000000000000e+00
0.000000000000000000e+00
0.000000000000000000e+00
0.000000000000000000e+00
0.000000000000000000e+00
0.000000000000000000e+00
0.000000000000000000e+00
0.000000000000000000e+00
0.000000000000000000e+00
0.000000000000000000e+00
0.000000000000000000e+00
0.000000000000000000e+00
0.000000000000000000e+00
0.000000000000000000e+00
0.000000000000000000e+00
0.000000000000000000e+00
0.000000000000000000e+00
0.000000000000000000e+00
0.000000000000000000e+00
0.000000000000000000e+00
0.000000000000000000e+00
0.000000000000000000e+00
0.000000000000000000e+00
0.000000000000000000e+00
0.000000000000000000e+00
0.000000000000000000e+00
0.000000000000000000e+00
0.000000000000000000e+00
0.000000000000000000e+00
0.000000000000000000e+00
0.000000000000000000e+00
0.000000000000000000e+00
0.000000000000000000e+00
0.000000000000000000e+00
0.000000000000000000e+00
0.000000000000000000e+00
