# ee
4.797805100679397583e-02
7.349890470504760742e-02
7.710655033588409424e-02
6.319344043731689453e-02
4.274344816803932190e-02
2.500155568122863770e-02
1.391895767301321030e-02
8.859136141836643219e-03
7.191727403551340103e-03
6.561577320098876953e-03
5.933773703873157501e-03
5.059756338596343994e-03
4.493778571486473083e-03
4.328071139752864838e-03
4.478613846004009247e-03
4.838800057768821716e-03
5.157726351171731949e-03
5.478593520820140839e-03
5.956077016890048981e-03
6.629342678934335709e-03
7.577023468911647797e-03
8.791676722466945648e-03
1.021335832774639130e-02
1.182949263602495193e-02
1.360882539302110672e-02
1.556226611137390137e-02
1.772192120552062988e-02
2.004811167716979980e-02
2.250780165195465088e-02
2.512700110673904419e-02
2.793555334210395813e-02
3.096790239214897156e-02
3.425810858607292175e-02
3.778575360774993896e-02
4.153763875365257263e-02
4.555135592818260193e-02
4.986836761236190796e-02
5.446663498878479004e-02
5.931384116411209106e-02
6.439127027988433838e-02
6.971469521522521973e-02
7.530830055475234985e-02
8.118142187595367432e-02
8.735377341508865356e-02
9.384236484766006470e-02
1.006399542093276978e-01
1.077402830123901367e-01
1.151148080825805664e-01
1.227275282144546509e-01
1.305416822433471680e-01
1.386435478925704956e-01
1.471855640411376953e-01
1.561640202999114990e-01
1.655603945255279541e-01
1.752343624830245972e-01
1.850785166025161743e-01
1.951014846563339233e-01
2.053415775299072266e-01
2.158519774675369263e-01
2.267256826162338257e-01
2.379472106695175171e-01
2.494740188121795654e-01
2.613156139850616455e-01
2.734442949295043945e-01
2.857906222343444824e-01
2.983560860157012939e-01
3.111820816993713379e-01
3.242283463478088379e-01
3.375363349914550781e-01
3.510952293872833252e-01
3.648782372474670410e-01
3.788508474826812744e-01
3.930009007453918457e-01
4.073385000228881836e-01
4.218638837337493896e-01
4.365675151348114014e-01
4.514745771884918213e-01
4.665286242961883545e-01
4.817325472831726074e-01
4.970347583293914795e-01
5.124557614326477051e-01
5.279690623283386230e-01
5.435702800750732422e-01
5.592328906059265137e-01
5.749681591987609863e-01
5.907451510429382324e-01
6.065780520439147949e-01
6.224514245986938477e-01
6.383275389671325684e-01
6.541983485221862793e-01
6.700484752655029297e-01
6.858702898025512695e-01
7.016259431838989258e-01
7.173151969909667969e-01
7.329227328300476074e-01
7.484332323074340820e-01
7.638388872146606445e-01
7.791021466255187988e-01
7.942225933074951172e-01
8.092592954635620117e-01
8.240631818771362305e-01
8.387082219123840332e-01
8.531939983367919922e-01
8.674458265304565430e-01
8.815375566482543945e-01
8.953202366828918457e-01
9.088678956031799316e-01
9.221057295799255371e-01
9.350333213806152344e-01
9.477246999740600586e-01
9.601051211357116699e-01
9.721739888191223145e-01
9.838567972183227539e-01
9.953016042709350586e-01
1.006285071372985840e+00
1.016880989074707031e+00
1.027237653732299805e+00
1.037206053733825684e+00
1.046637058258056641e+00
1.055827617645263672e+00
1.064479827880859375e+00
1.072667837142944336e+00
1.080465435981750488e+00
1.087797999382019043e+00
1.094739317893981934e+00
1.101140499114990234e+00
1.107149481773376465e+00
1.112617611885070801e+00
1.117544174194335938e+00
1.122077822685241699e+00
1.126069784164428711e+00
1.129594564437866211e+00
1.132652521133422852e+00
1.135169506072998047e+00
1.137145638465881348e+00
1.138655543327331543e+00
1.139625072479248047e+00
1.140202999114990234e+00
1.140166640281677246e+00
1.139590620994567871e+00
1.138549327850341797e+00
1.137042999267578125e+00
1.134997606277465820e+00
1.132561802864074707e+00
1.129513144493103027e+00
1.126074433326721191e+00
1.122097492218017578e+00
1.117656826972961426e+00
1.112826943397521973e+00
1.107533693313598633e+00
1.101703286170959473e+00
1.095485091209411621e+00
1.088879466056823730e+00
1.081887125968933105e+00
1.074508428573608398e+00
1.066744089126586914e+00
1.058669090270996094e+00
1.050135016441345215e+00
1.041291356086730957e+00
1.032212853431701660e+00
1.022751450538635254e+00
1.012981891632080078e+00
1.002979159355163574e+00
9.926694631576538086e-01
9.822017550468444824e-01
9.713538289070129395e-01
9.604976773262023926e-01
9.493365883827209473e-01
9.380940198898315430e-01
9.267703294754028320e-01
9.152919054031372070e-01
9.036590456962585449e-01
8.921696543693542480e-01
8.805267214775085449e-01
8.689539432525634766e-01
8.573775887489318848e-01
8.460212945938110352e-01
8.345887064933776855e-01
8.233033418655395508e-01
8.121660351753234863e-01
8.012517094612121582e-01
7.904868721961975098e-01
7.799464464187622070e-01
7.697798609733581543e-01
7.598464488983154297e-01
7.502882480621337891e-01
7.410908937454223633e-01
7.322923541069030762e-01
7.239451408386230469e-01
7.160723209381103516e-01
7.086966633796691895e-01
7.018635272979736328e-01
6.956031918525695801e-01
6.899533867835998535e-01
6.849517822265625000e-01
6.806437373161315918e-01
6.770519018173217773e-01
6.742140650749206543e-01
6.721605062484741211e-01
6.709508895874023438e-01
6.705917716026306152e-01
6.711413860321044922e-01
6.726208925247192383e-01
6.750735640525817871e-01
6.785353422164916992e-01
6.830273270606994629e-01
6.886002421379089355e-01
6.952751278877258301e-01
7.031027674674987793e-01
7.121115326881408691e-01
7.223298549652099609e-01
7.338011264801025391e-01
7.465164065361022949e-01
7.606678009033203125e-01
7.760680317878723145e-01
7.928718924522399902e-01
8.110779523849487305e-01
8.306848406791687012e-01
8.518399596214294434e-01
8.744673132896423340e-01
8.987144231796264648e-01
9.245053529739379883e-01
9.518387913703918457e-01
9.808619618415832520e-01
1.011573433876037598e+00
1.043971657752990723e+00
1.078055262565612793e+00
1.113897085189819336e+00
1.151495695114135742e+00
1.190923810005187988e+00
1.232105731964111328e+00
1.275262832641601562e+00
1.320245146751403809e+00
1.367125272750854492e+00
1.415902018547058105e+00
1.466647863388061523e+00
1.519435644149780273e+00
1.574115395545959473e+00
1.630759835243225098e+00
1.689516067504882812e+00
1.750233769416809082e+00
1.813060164451599121e+00
1.877919554710388184e+00
1.944884419441223145e+00
2.013953447341918945e+00
2.085050582885742188e+00
2.158546209335327148e+00
2.233917951583862305e+00
2.311610698699951172e+00
2.391325235366821289e+00
2.473281145095825195e+00
2.557252407073974609e+00
2.643532991409301758e+00
2.731821775436401367e+00
2.822487592697143555e+00
2.915080785751342773e+00
3.009969234466552734e+00
3.107001781463623047e+00
3.206174612045288086e+00
3.307409524917602539e+00
3.410927057266235352e+00
3.516500711441040039e+00
3.624200820922851562e+00
3.733950376510620117e+00
3.845968723297119141e+00
3.959881305694580078e+00
4.076056003570556641e+00
4.194192409515380859e+00
4.314361572265625000e+00
4.436486244201660156e+00
4.560859680175781250e+00
4.686884880065917969e+00
4.815152168273925781e+00
4.945139408111572266e+00
5.077065467834472656e+00
5.210927486419677734e+00
5.346647739410400391e+00
5.484148979187011719e+00
5.623427867889404297e+00
5.764555931091308594e+00
5.907232284545898438e+00
6.051677227020263672e+00
6.197813034057617188e+00
6.345636844635009766e+00
6.494997501373291016e+00
6.645890712738037109e+00
6.798315048217773438e+00
6.952191352844238281e+00
7.107370376586914062e+00
7.264590263366699219e+00
7.422734260559082031e+00
7.581428527832031250e+00
7.742154598236083984e+00
7.903425693511962891e+00
8.066724777221679688e+00
8.229817390441894531e+00
8.394933700561523438e+00
8.561324119567871094e+00
8.727502822875976562e+00
8.894951820373535156e+00
9.062929153442382812e+00
9.232177734375000000e+00
9.402698516845703125e+00
9.573003768920898438e+00
9.743840217590332031e+00
9.915205001831054688e+00
1.008858680725097656e+01
1.026101303100585938e+01
1.043322849273681641e+01
1.060746097564697266e+01
1.078074073791503906e+01
1.095455360412597656e+01
1.112889957427978516e+01
1.130229473114013672e+01
1.147622585296630859e+01
1.164920520782470703e+01
1.182346630096435547e+01
1.199677848815917969e+01
1.216988563537597656e+01
1.234353256225585938e+01
1.251549053192138672e+01
1.268724632263183594e+01
1.285954570770263672e+01
1.302867126464843750e+01
1.319908523559570312e+01
1.336855888366699219e+01
1.353634929656982422e+01
1.370394420623779297e+01
1.386985969543457031e+01
1.403483676910400391e+01
1.419962501525878906e+01
1.436273384094238281e+01
1.452491092681884766e+01
1.468467044830322266e+01
1.484350109100341797e+01
1.500140380859375000e+01
1.515689182281494141e+01
1.531219673156738281e+01
1.546509265899658203e+01
1.561557960510253906e+01
1.576588726043701172e+01
1.591304683685302734e+01
1.605854225158691406e+01
1.620163917541503906e+01
1.634381675720214844e+01
1.648285293579101562e+01
1.661949157714843750e+01
1.675447654724121094e+01
1.688632392883300781e+01
1.701652145385742188e+01
1.714433479309082031e+01
1.726903152465820312e+01
1.739136123657226562e+01
1.751133537292480469e+01
1.762896347045898438e+01
1.774350929260253906e+01
1.785424232482910156e+01
1.796265602111816406e+01
1.806875991821289062e+01
1.817182350158691406e+01
1.827185058593750000e+01
1.836959648132324219e+01
1.846284294128417969e+01
1.855382537841796875e+01
1.864181327819824219e+01
1.872532844543457031e+01
1.880660820007324219e+01
1.888492202758789062e+01
1.895953369140625000e+01
1.903045272827148438e+01
1.909843254089355469e+01
1.916274070739746094e+01
1.922412681579589844e+01
1.928185844421386719e+01
1.933668899536132812e+01
1.938714027404785156e+01
1.943396568298339844e+01
1.947791862487792969e+01
1.951900672912597656e+01
1.955352401733398438e+01
1.958668327331542969e+01
1.961551856994628906e+01
1.964004135131835938e+01
1.966249084472656250e+01
1.968064498901367188e+01
1.969451522827148438e+01
1.970485115051269531e+01
1.970943450927734375e+01
1.971347618103027344e+01
1.971252822875976562e+01
1.970956802368164062e+01
1.970163726806640625e+01
1.969022560119628906e+01
1.967460441589355469e+01
1.965552330017089844e+01
1.963299179077148438e+01
1.960627555847167969e+01
1.957612800598144531e+01
1.954255485534667969e+01
1.950482368469238281e+01
1.946294593811035156e+01
1.941840934753417969e+01
1.936974525451660156e+01
1.931695556640625000e+01
1.926153755187988281e+01
1.920201301574707031e+01
1.913913536071777344e+01
1.907365226745605469e+01
1.900334548950195312e+01
1.893045043945312500e+01
1.885423660278320312e+01
1.877470779418945312e+01
1.869187164306640625e+01
1.860648536682128906e+01
1.851706314086914062e+01
1.842510414123535156e+01
1.832838630676269531e+01
1.822988891601562500e+01
1.812887573242187500e+01
1.802461242675781250e+01
1.791710853576660156e+01
1.780636978149414062e+01
1.769314575195312500e+01
1.757670402526855469e+01
1.745853614807128906e+01
1.733716392517089844e+01
1.721333694458007812e+01
1.708706474304199219e+01
1.695909500122070312e+01
1.682794952392578125e+01
1.669437789916992188e+01
1.655987739562988281e+01
1.642222023010253906e+01
1.628364562988281250e+01
1.614267349243164062e+01
1.599931049346923828e+01
1.585430717468261719e+01
1.570841312408447266e+01
1.556014823913574219e+01
1.541026115417480469e+01
1.525876045227050781e+01
1.510639476776123047e+01
1.495317077636718750e+01
1.479686546325683594e+01
1.464119815826416016e+01
1.448469257354736328e+01
1.432586574554443359e+01
1.416695404052734375e+01
1.400796413421630859e+01
1.384741306304931641e+01
1.368678283691406250e+01
1.352607059478759766e+01
1.336452388763427734e+01
1.320288276672363281e+01
1.304039859771728516e+01
1.287855243682861328e+01
1.271659278869628906e+01
1.255526065826416016e+01
1.239306068420410156e+01
1.223147487640380859e+01
1.206975364685058594e+01
1.190937805175781250e+01
1.174959659576416016e+01
1.159040641784667969e+01
1.143105602264404297e+01
1.127302646636962891e+01
1.111631011962890625e+01
1.095941543579101562e+01
1.080456638336181641e+01
1.065175437927246094e+01
1.049948787689208984e+01
1.034850311279296875e+01
1.019953632354736328e+01
1.005109596252441406e+01
9.905403137207031250e+00
9.760966300964355469e+00
9.617777824401855469e+00
9.477316856384277344e+00
9.338834762573242188e+00
9.202323913574218750e+00
9.068519592285156250e+00
8.936673164367675781e+00
8.807519912719726562e+00
8.680311203002929688e+00
8.556524276733398438e+00
8.435409545898437500e+00
8.316217422485351562e+00
8.200426101684570312e+00
8.088029861450195312e+00
7.978277683258056641e+00
7.871904373168945312e+00
7.767417907714843750e+00
7.667784214019775391e+00
7.570764541625976562e+00
7.477839946746826172e+00
7.388258457183837891e+00
7.301271438598632812e+00
7.219099044799804688e+00
7.139506816864013672e+00
7.064713478088378906e+00
6.993957996368408203e+00
6.926477909088134766e+00
6.862997531890869141e+00
6.804238319396972656e+00
6.749587059020996094e+00
6.698726654052734375e+00
6.652678012847900391e+00
6.610455036163330078e+00
6.572707176208496094e+00
6.539116382598876953e+00
6.510110378265380859e+00
6.485445499420166016e+00
6.465400218963623047e+00
6.449880599975585938e+00
6.438940525054931641e+00
6.432710170745849609e+00
6.431020736694335938e+00
6.434076309204101562e+00
6.441782951354980469e+00
6.454195499420166016e+00
6.471518039703369141e+00
6.493581771850585938e+00
6.520368576049804688e+00
6.552007675170898438e+00
6.588479995727539062e+00
6.629766464233398438e+00
6.675848484039306641e+00
6.727003574371337891e+00
6.782990455627441406e+00
6.843716144561767578e+00
6.909458637237548828e+00
6.980051994323730469e+00
7.055550575256347656e+00
7.136011600494384766e+00
7.221266269683837891e+00
7.311372280120849609e+00
7.406458854675292969e+00
7.506211757659912109e+00
7.611057758331298828e+00
7.720532894134521484e+00
7.834842205047607422e+00
7.954043388366699219e+00
8.077968597412109375e+00
8.206601142883300781e+00
8.339699745178222656e+00
8.477471351623535156e+00
8.619896888732910156e+00
8.766960144042968750e+00
8.918642997741699219e+00
9.074930191040039062e+00
9.235806465148925781e+00
9.399770736694335938e+00
9.569782257080078125e+00
9.743597984313964844e+00
9.921947479248046875e+00
1.010407352447509766e+01
1.029145050048828125e+01
1.048183250427246094e+01
1.067595100402832031e+01
1.087453746795654297e+01
1.107757663726806641e+01
1.128357028961181641e+01
1.149473476409912109e+01
1.170808506011962891e+01
1.192583751678466797e+01
1.214649295806884766e+01
1.237152671813964844e+01
1.260018157958984375e+01
1.283170413970947266e+01
1.306682491302490234e+01
1.330478858947753906e+01
1.354558181762695312e+01
1.378993892669677734e+01
1.403636169433593750e+01
1.428632259368896484e+01
1.453906822204589844e+01
1.479384517669677734e+01
1.505212783813476562e+01
1.531241893768310547e+01
1.557470893859863281e+01
1.583972835540771484e+01
1.610672378540039062e+01
1.637568664550781250e+01
1.664660263061523438e+01
1.691872215270996094e+01
1.719352149963378906e+01
1.746950149536132812e+01
1.774739646911621094e+01
1.802570915222167969e+01
1.830666351318359375e+01
1.858727264404296875e+01
1.887050247192382812e+01
1.915411186218261719e+01
1.943734931945800781e+01
1.972318077087402344e+01
2.000713539123535156e+01
2.029292106628417969e+01
2.057904052734375000e+01
2.086548805236816406e+01
2.115225791931152344e+01
2.143787002563476562e+01
2.172457122802734375e+01
2.201014328002929688e+01
2.229533958435058594e+01
2.258017730712890625e+01
2.286466979980468750e+01
2.314882659912109375e+01
2.343117713928222656e+01
2.371247863769531250e+01
2.399348640441894531e+01
2.427421760559082031e+01
2.455096435546875000e+01
2.482820320129394531e+01
2.510297584533691406e+01
2.537752342224121094e+01
2.565037536621093750e+01
2.592154312133789062e+01
2.619178771972656250e+01
2.645814704895019531e+01
2.672360992431640625e+01
2.698670387268066406e+01
2.724670028686523438e+01
2.750435256958007812e+01
2.775967979431152344e+01
2.801269721984863281e+01
2.826267433166503906e+01
2.850962066650390625e+01
2.875355529785156250e+01
2.899449348449707031e+01
2.923245048522949219e+01
2.946669006347656250e+01
2.969872283935546875e+01
2.992558479309082031e+01
3.015026283264160156e+01
3.037202835083007812e+01
3.058792877197265625e+01
3.080168533325195312e+01
3.101034355163574219e+01
3.121615028381347656e+01
3.141763114929199219e+01
3.161405754089355469e+01
3.180767250061035156e+01
3.199477767944335938e+01
3.217835235595703125e+01
3.235767364501953125e+01
3.253201675415039062e+01
3.270212554931640625e+01
3.286654281616210938e+01
3.302601623535156250e+01
3.318205261230468750e+01
3.333244705200195312e+01
3.347649383544921875e+01
3.361644744873046875e+01
3.375159454345703125e+01
3.388122940063476562e+01
3.400537872314453125e+01
3.412481307983398438e+01
3.423882293701171875e+01
3.434669494628906250e+01
3.444920349121093750e+01
3.454712295532226562e+01
3.463973999023437500e+01
3.472559356689453125e+01
3.480620193481445312e+01
3.488160324096679688e+01
3.495106887817382812e+01
3.501538848876953125e+01
3.507383728027343750e+01
3.512644958496093750e+01
3.517473220825195312e+01
3.521575546264648438e+01
3.525251007080078125e+01
3.528280639648437500e+01
3.530740356445312500e+01
3.532633972167968750e+01
3.533964157104492188e+01
3.534659194946289062e+01
3.534870910644531250e+01
3.534527587890625000e+01
3.533557891845703125e+01
3.531964492797851562e+01
3.529972839355468750e+01
3.527214813232421875e+01
3.523989868164062500e+01
3.520152282714843750e+01
3.515853500366210938e+01
3.510873413085937500e+01
3.505362701416015625e+01
3.499399185180664062e+01
3.492687606811523438e+01
3.485602569580078125e+01
3.477923965454101562e+01
3.469653701782226562e+01
3.461017990112304688e+01
3.451721572875976562e+01
3.441916656494140625e+01
3.431530380249023438e+01
3.420714187622070312e+01
3.409322357177734375e+01
3.397431182861328125e+01
3.385116577148437500e+01
3.372232437133789062e+01
3.358928680419921875e+01
3.345058441162109375e+01
3.330772018432617188e+01
3.315996170043945312e+01
3.300807571411132812e+01
3.285133743286132812e+01
3.268975448608398438e+01
3.252408981323242188e+01
3.235436248779296875e+01
3.217984008789062500e+01
3.200202178955078125e+01
3.181944465637207031e+01
3.163285827636718750e+01
3.144302749633789062e+01
3.124921798706054688e+01
3.104996109008789062e+01
3.084824371337890625e+01
3.064407539367675781e+01
3.043524551391601562e+01
3.022399520874023438e+01
3.000885200500488281e+01
2.979131507873535156e+01
2.957214164733886719e+01
2.934836769104003906e+01
2.912075424194335938e+01
2.889154052734375000e+01
2.865999412536621094e+01
2.842464828491210938e+01
2.818922042846679688e+01
2.795001411437988281e+01
2.770927047729492188e+01
2.746550941467285156e+01
2.722023391723632812e+01
2.697419357299804688e+01
2.672666168212890625e+01
2.647690391540527344e+01
2.622567176818847656e+01
2.597223663330078125e+01
2.572031974792480469e+01
2.546770858764648438e+01
2.521292304992675781e+01
2.495745849609375000e+01
2.470207214355468750e+01
2.444528579711914062e+01
2.418933677673339844e+01
2.393126487731933594e+01
2.367479705810546875e+01
2.341770172119140625e+01
2.316219902038574219e+01
2.290529441833496094e+01
2.264994049072265625e+01
2.239463043212890625e+01
2.214008522033691406e+01
2.188702774047851562e+01
2.163395118713378906e+01
2.138157844543457031e+01
2.113063240051269531e+01
2.088109207153320312e+01
2.063293457031250000e+01
2.038688278198242188e+01
2.014142990112304688e+01
1.989729690551757812e+01
1.965595054626464844e+01
1.941662597656250000e+01
1.917855644226074219e+01
1.894172477722167969e+01
1.870833587646484375e+01
1.847688293457031250e+01
1.824808883666992188e+01
1.802192878723144531e+01
1.779838562011718750e+01
1.757743644714355469e+01
1.735980224609375000e+01
1.714472007751464844e+01
1.693290901184082031e+01
1.672434806823730469e+01
1.651753234863281250e+01
1.631615447998046875e+01
1.611721992492675781e+01
1.592219543457031250e+01
1.573105907440185547e+01
1.554304504394531250e+01
1.535887622833251953e+01
1.517927551269531250e+01
1.500273418426513672e+01
1.482923221588134766e+01
1.466246318817138672e+01
1.449869060516357422e+01
1.434012317657470703e+01
1.418673992156982422e+01
1.403777980804443359e+01
1.389247322082519531e+01
1.375303363800048828e+01
1.361720848083496094e+01
1.348721027374267578e+01
1.336227130889892578e+01
1.324163055419921875e+01
1.312674999237060547e+01
1.301685237884521484e+01
1.291115474700927734e+01
1.281184768676757812e+01
1.271740913391113281e+01
1.262779998779296875e+01
1.254446697235107422e+01
1.246663093566894531e+01
1.239425182342529297e+01
1.232729530334472656e+01
1.226572227478027344e+01
1.221098136901855469e+01
1.216006374359130859e+01
1.211590480804443359e+01
1.207698059082031250e+01
1.204399871826171875e+01
1.201617908477783203e+01
1.199497127532958984e+01
1.197885322570800781e+01
1.196853351593017578e+01
1.196323013305664062e+01
1.196514034271240234e+01
1.197199726104736328e+01
1.198525238037109375e+01
1.200338459014892578e+01
1.202858829498291016e+01
1.205859947204589844e+01
1.209487152099609375e+01
1.213736820220947266e+01
1.218531322479248047e+01
1.223867321014404297e+01
1.229741477966308594e+01
1.236224842071533203e+01
1.243239593505859375e+01
1.250931262969970703e+01
1.259073638916015625e+01
1.267812061309814453e+01
1.277143287658691406e+01
1.286989879608154297e+01
1.297497463226318359e+01
1.308439731597900391e+01
1.319888019561767578e+01
1.331913375854492188e+01
1.344513034820556641e+01
1.357535171508789062e+01
1.371274185180664062e+01
1.385355281829833984e+01
1.399998664855957031e+01
1.415126895904541016e+01
1.430811595916748047e+01
1.446975517272949219e+01
1.463691043853759766e+01
1.480807209014892578e+01
1.498470687866210938e+01
1.516605091094970703e+01
1.535060024261474609e+01
1.554056262969970703e+01
1.573666191101074219e+01
1.593442249298095703e+01
1.613754081726074219e+01
1.634525108337402344e+01
1.655679512023925781e+01
1.677289962768554688e+01
1.699205780029296875e+01
1.721574020385742188e+01
1.744318580627441406e+01
1.767511940002441406e+01
1.791003799438476562e+01
1.814866828918457031e+01
1.839025497436523438e+01
1.863551902770996094e+01
1.888444709777832031e+01
1.913628005981445312e+01
1.939174652099609375e+01
1.964860153198242188e+01
1.990980148315429688e+01
2.017310523986816406e+01
2.043849372863769531e+01
2.070744132995605469e+01
2.097844886779785156e+01
2.125075531005859375e+01
2.152583694458007812e+01
2.180367851257324219e+01
2.208203697204589844e+01
2.236312866210937500e+01
2.264619827270507812e+01
2.292974662780761719e+01
2.321599006652832031e+01
2.350194168090820312e+01
2.379056549072265625e+01
2.407961463928222656e+01
2.436908340454101562e+01
2.466044044494628906e+01
2.495144653320312500e+01
2.524283409118652344e+01
2.553533554077148438e+01
2.582819366455078125e+01
2.612065696716308594e+01
2.641345405578613281e+01
2.670583534240722656e+01
2.699779129028320312e+01
2.728933906555175781e+01
2.758050727844238281e+01
2.787056732177734375e+01
2.816103553771972656e+01
2.844969749450683594e+01
2.873732566833496094e+01
2.902394676208496094e+01
2.930957221984863281e+01
2.959497833251953125e+01
2.987720870971679688e+01
3.015926742553710938e+01
3.043894195556640625e+01
3.071699905395507812e+01
3.099346733093261719e+01
3.126762390136718750e+01
3.154097938537597656e+01
3.181132316589355469e+01
3.207943344116210938e+01
3.234531784057617188e+01
3.260902023315429688e+01
3.286980056762695312e+01
3.312769699096679688e+01
3.338346862792968750e+01
3.363565826416015625e+01
3.388577270507812500e+01
3.413235092163085938e+01
3.437615585327148438e+01
3.461647033691406250e+01
3.485257720947265625e+01
3.508672332763671875e+01
3.531596755981445312e+01
3.554181289672851562e+01
3.576502609252929688e+01
3.598340606689453125e+01
3.619771194458007812e+01
3.640871429443359375e+01
3.661569213867187500e+01
3.681718444824218750e+01
3.701543426513671875e+01
3.720898818969726562e+01
3.739786529541015625e+01
3.758208084106445312e+01
3.776166915893554688e+01
3.793589782714843750e+01
3.810628128051757812e+01
3.827135086059570312e+01
3.843261718750000000e+01
3.858712768554687500e+01
3.873712921142578125e+01
3.888265228271484375e+01
3.902299880981445312e+01
3.915672683715820312e+01
3.928611755371093750e+01
3.940973281860351562e+01
3.952835464477539062e+01
3.964056015014648438e+01
3.974712753295898438e+01
3.984959411621093750e+01
3.994578170776367188e+01
4.003647232055664062e+01
4.012172317504882812e+01
4.020156860351562500e+01
4.027531814575195312e+01
4.034375762939453125e+01
4.040693664550781250e+01
4.046489715576171875e+01
4.051545333862304688e+01
4.056088638305664062e+01
4.060123443603515625e+01
4.063579559326171875e+01
4.066387557983398438e+01
4.068626403808593750e+01
4.070373535156250000e+01
4.071560287475585938e+01
4.072041702270507812e+01
4.072044754028320312e+01
4.071499633789062500e+01
4.070410156250000000e+01
4.068706893920898438e+01
4.066318893432617188e+01
4.063547897338867188e+01
4.060174560546875000e+01
4.056055068969726562e+01
4.051564407348632812e+01
4.046483993530273438e+01
4.040817260742187500e+01
4.034717178344726562e+01
4.027964782714843750e+01
4.021009445190429688e+01
4.013186264038085938e+01
4.004870605468750000e+01
3.995992279052734375e+01
3.986703872680664062e+01
3.976859283447265625e+01
3.966315078735351562e+01
3.955519866943359375e+01
3.944105911254882812e+01
3.932225799560546875e+01
3.919882965087890625e+01
3.907006072998046875e+01
3.893597412109375000e+01
3.879807662963867188e+01
3.865489959716796875e+01
3.850719833374023438e+01
3.835424804687500000e+01
3.819681549072265625e+01
3.803491210937500000e+01
3.786855316162109375e+01
3.769850158691406250e+01
3.752477264404296875e+01
3.734589004516601562e+01
3.716410827636718750e+01
3.697720336914062500e+01
3.678742980957031250e+01
3.659256362915039062e+01
3.639485168457031250e+01
3.619208526611328125e+01
3.598723983764648438e+01
3.577662277221679688e+01
3.556321334838867188e+01
3.534703063964843750e+01
3.512659835815429688e+01
3.490267562866210938e+01
3.467675399780273438e+01
3.444662857055664062e+01
3.421527099609375000e+01
3.398046875000000000e+01
3.374223709106445312e+01
3.350207138061523438e+01
3.325923919677734375e+01
3.301226425170898438e+01
3.276413345336914062e+01
3.251485061645507812e+01
3.226220703125000000e+01
3.200694274902343750e+01
3.175056457519531250e+01
3.149308013916015625e+01
3.123301124572753906e+01
3.097110748291015625e+01
3.070886993408203125e+01
3.044407272338867188e+01
3.017821311950683594e+01
2.991056060791015625e+01
2.964408874511718750e+01
2.937509346008300781e+01
2.910506820678710938e+01
2.883476638793945312e+01
2.856418800354003906e+01
2.829261016845703125e+01
2.802076530456542969e+01
2.774864196777343750e+01
2.747621917724609375e+01
2.720420837402343750e+01
2.693259429931640625e+01
2.666060829162597656e+01
2.638896751403808594e+01
2.611839294433593750e+01
2.584737396240234375e+01
2.557663154602050781e+01
2.530762672424316406e+01
2.503884506225585938e+01
2.477101325988769531e+01
2.450410079956054688e+01
2.423734474182128906e+01
2.397220230102539062e+01
2.370865440368652344e+01
2.344593048095703125e+01
2.318548965454101562e+01
2.292508506774902344e+01
2.266766166687011719e+01
2.241096305847167969e+01
2.215645217895507812e+01
2.190410995483398438e+01
2.165242004394531250e+01
2.140358924865722656e+01
2.115685081481933594e+01
2.091292381286621094e+01
2.067029953002929688e+01
2.042969322204589844e+01
2.019331550598144531e+01
1.995890808105468750e+01
1.972645187377929688e+01
1.949740600585937500e+01
1.927100753784179688e+01
1.904797363281250000e+01
1.882828330993652344e+01
1.860968589782714844e+01
1.839587020874023438e+01
1.818532943725585938e+01
1.797729682922363281e+01
1.777249526977539062e+01
1.757238960266113281e+01
1.737472534179687500e+01
1.718245506286621094e+01
1.699184417724609375e+01
1.680584144592285156e+01
1.662442588806152344e+01
1.644683456420898438e+01
1.627379035949707031e+01
1.610378074645996094e+01
1.593824958801269531e+01
1.577715206146240234e+01
1.562118530273437500e+01
1.546881484985351562e+01
1.531999588012695312e+01
1.517616844177246094e+01
1.503580284118652344e+01
1.489810848236083984e+01
1.476750087738037109e+01
1.464096260070800781e+01
1.451844882965087891e+01
1.440140247344970703e+01
1.428755187988281250e+01
1.417908000946044922e+01
1.407520198822021484e+01
1.397587585449218750e+01
1.388180160522460938e+01
1.379144859313964844e+01
1.370626449584960938e+01
1.362546253204345703e+01
1.354900169372558594e+01
1.347832775115966797e+01
1.341117000579833984e+01
1.334897422790527344e+01
1.329170036315917969e+01
1.323856544494628906e+01
1.319101524353027344e+01
1.314826965332031250e+01
1.310954475402832031e+01
1.307554626464843750e+01
1.304623413085937500e+01
1.302231597900390625e+01
1.300226593017578125e+01
1.298679161071777344e+01
1.297659683227539062e+01
1.297016048431396484e+01
1.296967506408691406e+01
1.297213172912597656e+01
1.298046875000000000e+01
1.299167537689208984e+01
1.300869178771972656e+01
1.302925300598144531e+01
1.305406856536865234e+01
1.308458900451660156e+01
1.311855220794677734e+01
1.315741252899169922e+01
1.319964790344238281e+01
1.324671268463134766e+01
1.329783344268798828e+01
1.335297775268554688e+01
1.341212177276611328e+01
1.347598838806152344e+01
1.354381275177001953e+01
1.361557388305664062e+01
1.369050693511962891e+01
1.376933574676513672e+01
1.385278415679931641e+01
1.393934249877929688e+01
1.403048324584960938e+01
1.412469768524169922e+01
1.422271060943603516e+01
1.432450580596923828e+01
1.443006134033203125e+01
1.453861713409423828e+01
1.465089988708496094e+01
1.476615142822265625e+01
1.488509178161621094e+01
1.500696754455566406e+01
1.513175964355468750e+01
1.526019477844238281e+01
1.539151477813720703e+01
1.552570247650146484e+01
1.566200065612792969e+01
1.580113697052001953e+01
1.594309806823730469e+01
1.608861351013183594e+01
1.623543548583984375e+01
1.638652420043945312e+01
1.653963851928710938e+01
1.669401741027832031e+01
1.685113906860351562e+01
1.701024436950683594e+01
1.717057609558105469e+01
1.733435440063476562e+01
1.749933433532714844e+01
1.766624832153320312e+01
1.783433914184570312e+01
1.800434112548828125e+01
1.817549514770507812e+01
1.834853744506835938e+01
1.852271080017089844e+01
1.869800376892089844e+01
1.887440681457519531e+01
1.905190658569335938e+01
1.923123931884765625e+01
1.941016197204589844e+01
1.959014892578125000e+01
1.977044868469238281e+01
1.995179557800292969e+01
2.013269615173339844e+01
2.031539726257324219e+01
2.049769401550292969e+01
2.068035125732421875e+01
2.086190605163574219e+01
2.104461288452148438e+01
2.122700500488281250e+01
2.140985488891601562e+01
2.159169578552246094e+01
2.177329444885253906e+01
2.195541954040527344e+01
2.213660621643066406e+01
2.231687736511230469e+01
2.249774742126464844e+01
2.267700576782226562e+01
2.285616683959960938e+01
2.303450584411621094e+01
2.321279525756835938e+01
2.338882446289062500e+01
2.356410598754882812e+01
2.373792076110839844e+01
2.391177558898925781e+01
2.408421325683593750e+01
2.425376510620117188e+01
2.442343330383300781e+01
2.459100532531738281e+01
2.475724983215332031e+01
2.492219352722167969e+01
2.508511161804199219e+01
2.524603080749511719e+01
2.540571212768554688e+01
2.556270027160644531e+01
2.571924018859863281e+01
2.587238502502441406e+01
2.602438735961914062e+01
2.617303657531738281e+01
2.631984710693359375e+01
2.646483612060546875e+01
2.660654067993164062e+01
2.674646759033203125e+01
2.688315582275390625e+01
2.701885223388671875e+01
2.714986610412597656e+01
2.727993011474609375e+01
2.740683937072753906e+01
2.752986717224121094e+01
2.765052604675292969e+01
2.776808929443359375e+01
2.788406372070312500e+01
2.799549674987792969e+01
2.810315513610839844e+01
2.820930862426757812e+01
2.831102752685546875e+01
2.840909767150878906e+01
2.850505256652832031e+01
2.859670257568359375e+01
2.868557548522949219e+01
2.877023124694824219e+01
2.885219383239746094e+01
2.893002319335937500e+01
2.900524520874023438e+01
2.907715606689453125e+01
2.914505577087402344e+01
2.920973014831542969e+01
2.927047157287597656e+01
2.932807159423828125e+01
2.938107299804687500e+01
2.943249702453613281e+01
2.947791862487792969e+01
2.952035140991210938e+01
2.955983352661132812e+01
2.959566116333007812e+01
2.962712478637695312e+01
2.965427017211914062e+01
2.967861366271972656e+01
2.969945144653320312e+01
2.971682167053222656e+01
2.973001670837402344e+01
2.973907279968261719e+01
2.974550819396972656e+01
2.974787712097167969e+01
2.974621009826660156e+01
2.974128913879394531e+01
2.973240470886230469e+01
2.972033119201660156e+01
2.970361900329589844e+01
2.968378639221191406e+01
2.966012573242187500e+01
2.963340568542480469e+01
2.960217666625976562e+01
2.956795883178710938e+01
2.952855300903320312e+01
2.948770523071289062e+01
2.944247436523437500e+01
2.939363479614257812e+01
2.934195899963378906e+01
2.928672981262207031e+01
2.922798728942871094e+01
2.916574859619140625e+01
2.909930992126464844e+01
2.903092002868652344e+01
2.895837593078613281e+01
2.888244247436523438e+01
2.880388450622558594e+01
2.872123527526855469e+01
2.863674926757812500e+01
2.854820632934570312e+01
2.845638275146484375e+01
2.836054420471191406e+01
2.826294708251953125e+01
2.816211891174316406e+01
2.805882263183593750e+01
2.795159339904785156e+01
2.784193420410156250e+01
2.772986030578613281e+01
2.761390304565429688e+01
2.749705314636230469e+01
2.737561607360839844e+01
2.725183105468750000e+01
2.712571525573730469e+01
2.699803352355957031e+01
2.686582183837890625e+01
2.673207092285156250e+01
2.659605407714843750e+01
2.645778656005859375e+01
2.631727981567382812e+01
2.617529296875000000e+01
2.603109931945800781e+01
2.588396453857421875e+01
2.573464965820312500e+01
2.558390998840332031e+01
2.543101501464843750e+01
2.527597808837890625e+01
2.512029838562011719e+01
2.496175765991210938e+01
2.480260086059570312e+01
2.464060783386230469e+01
2.447801971435546875e+01
2.431336212158203125e+01
2.414813423156738281e+01
2.398234748840332031e+01
2.381452369689941406e+01
2.364542198181152344e+01
2.347504997253417969e+01
2.330490684509277344e+01
2.313276863098144531e+01
2.296013832092285156e+01
2.278702354431152344e+01
2.261194801330566406e+01
2.243789482116699219e+01
2.226263999938964844e+01
2.208691024780273438e+01
2.191217231750488281e+01
2.173617935180664062e+01
2.155965042114257812e+01
2.138405418395996094e+01
2.120713806152343750e+01
2.103036880493164062e+01
2.085372924804687500e+01
2.067868232727050781e+01
2.050148963928222656e+01
2.032510566711425781e+01
2.014876937866210938e+01
1.997319793701171875e+01
1.979763221740722656e+01
1.962204742431640625e+01
1.944642639160156250e+01
1.927297592163085938e+01
1.909870338439941406e+01
1.892581748962402344e+01
1.875355529785156250e+01
1.858189773559570312e+01
1.841156387329101562e+01
1.824179077148437500e+01
1.807256126403808594e+01
1.790459632873535156e+01
1.773861885070800781e+01
1.757163619995117188e+01
1.740808677673339844e+01
1.724349403381347656e+01
1.708155059814453125e+01
1.692075347900390625e+01
1.676108169555664062e+01
1.660326004028320312e+01
1.644652175903320312e+01
1.629159736633300781e+01
1.613846397399902344e+01
1.598635864257812500e+01
1.583600902557373047e+01
1.568813705444335938e+01
1.554198169708251953e+01
1.539752674102783203e+01
1.525549411773681641e+01
1.511512374877929688e+01
1.497640037536621094e+01
1.484078884124755859e+01
1.470678997039794922e+01
1.457438278198242188e+01
1.444578170776367188e+01
1.431873989105224609e+01
1.419323730468750000e+01
1.407146644592285156e+01
1.395190334320068359e+01
1.383525085449218750e+01
1.371998214721679688e+01
1.360828876495361328e+01
1.349864482879638672e+01
1.339101314544677734e+01
1.328684043884277344e+01
1.318460273742675781e+01
1.308500671386718750e+01
1.298875522613525391e+01
1.289507198333740234e+01
1.280391597747802734e+01
1.271525382995605469e+01
1.262979030609130859e+01
1.254600429534912109e+01
1.246534538269042969e+01
1.238777923583984375e+01
1.231326961517333984e+01
1.224104022979736328e+01
1.217179775238037109e+01
1.210550975799560547e+01
1.204214096069335938e+01
1.198165988922119141e+01
1.192403030395507812e+01
1.186922073364257812e+01
1.181645679473876953e+01
1.176793479919433594e+01
1.172139167785644531e+01
1.167754173278808594e+01
1.163709449768066406e+01
1.159927749633789062e+01
1.156480312347412109e+01
1.153215408325195312e+01
1.150278568267822266e+01
1.147667121887207031e+01
1.145229244232177734e+01
1.143185138702392578e+01
1.141383171081542969e+01
1.139820766448974609e+01
1.138569164276123047e+01
1.137700080871582031e+01
1.136987781524658203e+01
1.136652374267578125e+01
1.136468601226806641e+01
1.136656475067138672e+01
1.137139129638671875e+01
1.137765502929687500e+01
1.138755798339843750e+01
1.140033435821533203e+01
1.141521835327148438e+01
1.143293380737304688e+01
1.145345973968505859e+01
1.147603225708007812e+01
1.150211906433105469e+01
1.152947044372558594e+01
1.156029796600341797e+01
1.159309577941894531e+01
1.162933063507080078e+01
1.166601562500000000e+01
1.170610141754150391e+01
1.174882793426513672e+01
1.179343700408935547e+01
1.184065341949462891e+01
1.189046001434326172e+01
1.194209766387939453e+01
1.199629497528076172e+01
1.205228996276855469e+01
1.211006927490234375e+01
1.217110347747802734e+01
1.223389053344726562e+01
1.229841613769531250e+01
1.236466693878173828e+01
1.243262672424316406e+01
1.250302600860595703e+01
1.257510662078857422e+01
1.264885520935058594e+01
1.272500419616699219e+01
1.280279350280761719e+01
1.288147068023681641e+01
1.296250629425048828e+01
1.304514789581298828e+01
1.312863731384277344e+01
1.321370792388916016e+01
1.330109024047851562e+01
1.338854312896728516e+01
1.347828388214111328e+01
1.356955909729003906e+01
1.366087341308593750e+01
1.375369930267333984e+01
1.384802722930908203e+01
1.394235897064208984e+01
1.403817462921142578e+01
1.413545989990234375e+01
1.423346328735351562e+01
1.433143138885498047e+01
1.443084049224853516e+01
1.453019618988037109e+01
1.463097381591796875e+01
1.473168087005615234e+01
1.483307456970214844e+01
1.493516826629638672e+01
1.503723526000976562e+01
1.514003753662109375e+01
1.524284172058105469e+01
1.534641265869140625e+01
1.545002174377441406e+01
1.555293941497802734e+01
1.565741539001464844e+01
1.576123237609863281e+01
1.586515331268310547e+01
1.596919155120849609e+01
1.607410812377929688e+01
1.617843437194824219e+01
1.628218650817871094e+01
1.638611984252929688e+01
1.649025535583496094e+01
1.659311866760253906e+01
1.669621849060058594e+01
1.679956626892089844e+01
1.690169334411621094e+01
1.700335884094238281e+01
1.710532379150390625e+01
1.720685768127441406e+01
1.730723762512207031e+01
1.740647697448730469e+01
1.750607872009277344e+01
1.760457038879394531e+01
1.770197105407714844e+01
1.779903793334960938e+01
1.789578437805175781e+01
1.799074363708496094e+01
1.808541679382324219e+01
1.817907333374023438e+01
1.827098655700683594e+01
1.836265563964843750e+01
1.845335769653320312e+01
1.854161643981933594e+01
1.862893486022949219e+01
1.871606826782226562e+01
1.880154609680175781e+01
1.888464164733886719e+01
1.896759414672851562e+01
1.904818916320800781e+01
1.912718772888183594e+01
1.920533752441406250e+01
1.928191757202148438e+01
1.935619354248046875e+01
1.942892074584960938e+01
1.950011825561523438e+01
1.956907081604003906e+01
1.963730049133300781e+01
1.970409774780273438e+01
1.976800918579101562e+01
1.982981300354003906e+01
1.989028549194335938e+01
1.994945526123046875e+01
2.000513076782226562e+01
2.006031417846679688e+01
2.011281013488769531e+01
2.016413688659667969e+01
2.021283912658691406e+01
2.026043510437011719e+01
2.030472564697265625e+01
2.034797096252441406e+01
2.038723182678222656e+01
2.042699813842773438e+01
2.046357917785644531e+01
2.049923896789550781e+01
2.053400421142578125e+01
2.056418991088867188e+01
2.059354400634765625e+01
2.061985969543457031e+01
2.064540100097656250e+01
2.066647529602050781e+01
2.068683242797851562e+01
2.070500564575195312e+01
2.072028732299804688e+01
2.073493003845214844e+01
2.074673080444335938e+01
2.075646018981933594e+01
2.076265907287597656e+01
2.076832389831542969e+01
2.077199554443359375e+01
2.077221298217773438e+01
2.077122879028320312e+01
2.076758384704589844e+01
2.076204490661621094e+01
2.075389099121093750e+01
2.074389076232910156e+01
2.073207092285156250e+01
2.071770477294921875e+01
2.070156288146972656e+01
2.068366622924804688e+01
2.066254997253417969e+01
2.063972473144531250e+01
2.061446762084960938e+01
2.058754158020019531e+01
2.055896949768066406e+01
2.052802848815917969e+01
2.049399566650390625e+01
2.045837593078613281e+01
2.042044639587402344e+01
2.038097000122070312e+01
2.033921813964843750e+01
2.029595947265625000e+01
2.025120544433593750e+01
2.020274734497070312e+01
2.015283203125000000e+01
2.010147857666015625e+01
2.004721450805664062e+01
1.999154472351074219e+01
1.993448448181152344e+01
1.987530899047851562e+01
1.981403160095214844e+01
1.975141334533691406e+01
1.968672561645507812e+01
1.961997985839843750e+01
1.955194091796875000e+01
1.948113250732421875e+01
1.940979957580566406e+01
1.933646965026855469e+01
1.926189994812011719e+01
1.918461799621582031e+01
1.910686683654785156e+01
1.902642822265625000e+01
1.894554710388183594e+01
1.886274909973144531e+01
1.877879142761230469e+01
1.869293975830078125e+01
1.860520935058593750e+01
1.851709556579589844e+01
1.842712593078613281e+01
1.833679771423339844e+01
1.824315071105957031e+01
1.814990806579589844e+01
1.805559921264648438e+01
1.795948791503906250e+01
1.786233329772949219e+01
1.776413917541503906e+01
1.766492080688476562e+01
1.756617164611816406e+01
1.746418571472167969e+01
1.736194992065429688e+01
1.725946998596191406e+01
1.715601348876953125e+01
1.705158805847167969e+01
1.694695091247558594e+01
1.684062004089355469e+01
1.673483276367187500e+01
1.662660980224609375e+01
1.651891136169433594e+01
1.641172599792480469e+01
1.630356025695800781e+01
1.619440078735351562e+01
1.608497810363769531e+01
1.597453975677490234e+01
1.586381626129150391e+01
1.575354099273681641e+01
1.564221477508544922e+01
1.553131294250488281e+01
1.542008209228515625e+01
1.530776596069335938e+01
1.519583892822265625e+01
1.508354759216308594e+01
1.497162437438964844e+01
1.485931015014648438e+01
1.474734115600585938e+01
1.463496017456054688e+01
1.452215480804443359e+01
1.440965938568115234e+01
1.429671573638916016e+01
1.418554496765136719e+01
1.407316017150878906e+01
1.396029376983642578e+01
1.384916305541992188e+01
1.373678684234619141e+01
1.362612152099609375e+01
1.351492977142333984e+01
1.340319824218750000e+01
1.329314708709716797e+01
1.318402004241943359e+01
1.307432079315185547e+01
1.296552371978759766e+01
1.285761833190917969e+01
1.274910736083984375e+01
1.264220905303955078e+01
1.253617095947265625e+01
1.243023777008056641e+01
1.232588672637939453e+01
1.222087669372558594e+01
1.211742687225341797e+01
1.201552963256835938e+01
1.191294288635253906e+01
1.181262969970703125e+01
1.171235275268554688e+01
1.161358737945556641e+01
1.151558208465576172e+01
1.141758346557617188e+01
1.132255268096923828e+01
1.122749233245849609e+01
1.113460350036621094e+01
1.104163169860839844e+01
1.095077514648437500e+01
1.085903739929199219e+01
1.076936244964599609e+01
1.068172454833984375e+01
1.059535312652587891e+01
1.051096534729003906e+01
1.042779159545898438e+01
1.034431934356689453e+01
1.026275444030761719e+01
1.018306922912597656e+01
1.010375213623046875e+01
1.002626609802246094e+01
9.949841499328613281e+00
9.875197410583496094e+00
9.801567077636718750e+00
9.729667663574218750e+00
9.659477233886718750e+00
9.589486122131347656e+00
9.521154403686523438e+00
9.455204010009765625e+00
9.389383316040039062e+00
9.325897216796875000e+00
9.263237953186035156e+00
9.203613281250000000e+00
9.144770622253417969e+00
9.086688995361328125e+00
9.030089378356933594e+00
8.974951744079589844e+00
8.921997070312500000e+00
8.869719505310058594e+00
8.819584846496582031e+00
8.770085334777832031e+00
8.723430633544921875e+00
8.677372932434082031e+00
8.633378982543945312e+00
8.590685844421386719e+00
8.549273490905761719e+00
8.509868621826171875e+00
8.471709251403808594e+00
8.435519218444824219e+00
8.399795532226562500e+00
8.366749763488769531e+00
8.335620880126953125e+00
8.306391716003417969e+00
8.277561187744140625e+00
8.250597000122070312e+00
8.224740028381347656e+00
8.199973106384277344e+00
8.176277160644531250e+00
8.155121803283691406e+00
8.136264801025390625e+00
8.117907524108886719e+00
8.101146697998046875e+00
8.085818290710449219e+00
8.072052955627441406e+00
8.059909820556640625e+00
8.049224853515625000e+00
8.039906501770019531e+00
8.032238006591796875e+00
8.026129722595214844e+00
8.021268844604492188e+00
8.017789840698242188e+00
8.015678405761718750e+00
8.015069007873535156e+00
8.015798568725585938e+00
8.017781257629394531e+00
8.021223068237304688e+00
8.025891304016113281e+00
8.031845092773437500e+00
8.039145469665527344e+00
8.047708511352539062e+00
8.057445526123046875e+00
8.068568229675292969e+00
8.080765724182128906e+00
8.094251632690429688e+00
8.108863830566406250e+00
8.124592781066894531e+00
8.141500473022460938e+00
8.159502983093261719e+00
8.178513526916503906e+00
8.198670387268066406e+00
8.219817161560058594e+00
8.242090225219726562e+00
8.265255928039550781e+00
8.289381027221679688e+00
8.314454078674316406e+00
8.340391159057617188e+00
8.367258071899414062e+00
8.394971847534179688e+00
8.423446655273437500e+00
8.452899932861328125e+00
8.483022689819335938e+00
8.513807296752929688e+00
8.545320510864257812e+00
8.577625274658203125e+00
8.610568046569824219e+00
8.644066810607910156e+00
8.678126335144042969e+00
8.712825775146484375e+00
8.748025894165039062e+00
8.783881187438964844e+00
8.820322990417480469e+00
8.857285499572753906e+00
8.894552230834960938e+00
8.932204246520996094e+00
8.970472335815429688e+00
9.009140014648437500e+00
9.048289299011230469e+00
9.087779045104980469e+00
9.127615928649902344e+00
9.167808532714843750e+00
9.208289146423339844e+00
9.249065399169921875e+00
9.290143966674804688e+00
9.331608772277832031e+00
9.373094558715820312e+00
9.414905548095703125e+00
9.456828117370605469e+00
9.499017715454101562e+00
9.541034698486328125e+00
9.583110809326171875e+00
9.626071929931640625e+00
9.668734550476074219e+00
9.711331367492675781e+00
9.753126144409179688e+00
9.796354293823242188e+00
9.838795661926269531e+00
9.881199836730957031e+00
9.923574447631835938e+00
9.965184211730957031e+00
1.000752258300781250e+01
1.005059623718261719e+01
1.009144020080566406e+01
1.013303470611572266e+01
1.017464256286621094e+01
1.021478462219238281e+01
1.025569820404052734e+01
1.029590320587158203e+01
1.033540630340576172e+01
1.037495708465576172e+01
1.041381931304931641e+01
1.045274353027343750e+01
1.049099063873291016e+01
1.052856826782226562e+01
1.056548309326171875e+01
1.060173988342285156e+01
1.063809013366699219e+01
1.067455482482910156e+01
1.070892333984375000e+01
1.074270629882812500e+01
1.077517795562744141e+01
1.080784893035888672e+01
1.084073925018310547e+01
1.087163925170898438e+01
1.090279865264892578e+01
1.093201160430908203e+01
1.096152305603027344e+01
1.098987102508544922e+01
1.101781749725341797e+01
1.104612350463867188e+01
1.107258033752441406e+01
1.109795093536376953e+01
1.112299728393554688e+01
1.114699554443359375e+01
1.116996479034423828e+01
1.119266510009765625e+01
1.121511650085449219e+01
1.123585033416748047e+01
1.125637245178222656e+01
1.127521228790283203e+01
1.129387474060058594e+01
1.131163501739501953e+01
1.132850837707519531e+01
1.134377002716064453e+01
1.135818004608154297e+01
1.137175559997558594e+01
1.138451194763183594e+01
1.139720821380615234e+01
1.140763282775878906e+01
1.141877365112304688e+01
1.142767333984375000e+01
1.143657588958740234e+01
1.144401168823242188e+01
1.144999504089355469e+01
1.145528507232666016e+01
1.145989418029785156e+01
1.146383953094482422e+01
1.146639060974121094e+01
1.146830463409423828e+01
1.146885204315185547e+01
1.146879100799560547e+01
1.146813297271728516e+01
1.146540641784667969e+01
1.146210956573486328e+01
1.145825576782226562e+01
1.145237064361572266e+01
1.144595527648925781e+01
1.143828010559082031e+01
1.142936038970947266e+01
1.142069721221923828e+01
1.141007804870605469e+01
1.139825916290283203e+01
1.138674259185791016e+01
1.137331390380859375e+01
1.135872745513916016e+01
1.134448719024658203e+01
1.132837486267089844e+01
1.131114864349365234e+01
1.129282093048095703e+01
1.127340602874755859e+01
1.125365829467773438e+01
1.123284912109375000e+01
1.121024608612060547e+01
1.118809223175048828e+01
1.116417026519775391e+01
1.113923358917236328e+01
1.111403846740722656e+01
1.108710861206054688e+01
1.105994415283203125e+01
1.103180980682373047e+01
1.100197601318359375e+01
1.097268009185791016e+01
1.094244861602783203e+01
1.091129112243652344e+01
1.087921619415283203e+01
1.084623432159423828e+01
1.081161308288574219e+01
1.077759075164794922e+01
1.074194622039794922e+01
1.070617580413818359e+01
1.066880130767822266e+01
1.063206291198730469e+01
1.059225082397460938e+01
1.055383300781250000e+01
1.051384639739990234e+01
1.047378349304199219e+01
1.043291091918945312e+01
1.039123535156250000e+01
1.034950733184814453e+01
1.030550575256347656e+01
1.026295280456542969e+01
1.021888446807861328e+01
1.017479228973388672e+01
1.012994194030761719e+01
1.008359527587890625e+01
1.003799057006835938e+01
9.992389678955078125e+00
9.944559097290039062e+00
9.897469520568847656e+00
9.849631309509277344e+00
9.801784515380859375e+00
9.753180503845214844e+00
9.703817367553710938e+00
9.654433250427246094e+00
9.604281425476074219e+00
9.554844856262207031e+00
9.504631996154785156e+00
9.454383850097656250e+00
9.403351783752441406e+00
9.352274894714355469e+00
9.300408363342285156e+00
9.247743606567382812e+00
9.195766448974609375e+00
9.142986297607421875e+00
9.090140342712402344e+00
9.038711547851562500e+00
8.985722541809082031e+00
8.931913375854492188e+00
8.879508972167968750e+00
8.825531959533691406e+00
8.772208213806152344e+00
8.718046188354492188e+00
8.664529800415039062e+00
8.610909461975097656e+00
8.557183265686035156e+00
8.503344535827636719e+00
8.449391365051269531e+00
8.395318031311035156e+00
8.341121673583984375e+00
8.287539482116699219e+00
8.233083724975585938e+00
8.179233551025390625e+00
8.125987052917480469e+00
8.072596549987792969e+00
8.019800186157226562e+00
7.966851234436035156e+00
7.913003444671630859e+00
7.860480308532714844e+00
7.808537483215332031e+00
7.755681991577148438e+00
7.703398227691650391e+00
7.650938034057617188e+00
7.599040985107421875e+00
7.548447132110595703e+00
7.496922492980957031e+00
7.446693897247314453e+00
7.397010326385498047e+00
7.347116947174072266e+00
7.297739982604980469e+00
7.248861789703369141e+00
7.199725151062011719e+00
7.152541637420654297e+00
7.104324340820312500e+00
7.056541442871093750e+00
7.009922504425048828e+00
6.963707923889160156e+00
6.917138576507568359e+00
6.871685981750488281e+00
6.825848579406738281e+00
6.781839847564697266e+00
6.737415790557861328e+00
6.694047927856445312e+00
6.650977611541748047e+00
6.608340263366699219e+00
6.566119670867919922e+00
6.524303436279296875e+00
6.483469963073730469e+00
6.443012237548828125e+00
6.403064250946044922e+00
6.363613128662109375e+00
6.324719429016113281e+00
6.286369323730468750e+00
6.248699188232421875e+00
6.211547374725341797e+00
6.174975395202636719e+00
6.138970851898193359e+00
6.103595256805419922e+00
6.068762779235839844e+00
6.034684658050537109e+00
6.001200199127197266e+00
5.968297481536865234e+00
5.936040401458740234e+00
5.904491901397705078e+00
5.873492240905761719e+00
5.843254089355468750e+00
5.813617706298828125e+00
5.784573078155517578e+00
5.756333351135253906e+00
5.728739738464355469e+00
5.701782226562500000e+00
5.675526142120361328e+00
5.649961471557617188e+00
5.625079631805419922e+00
5.600945472717285156e+00
5.577550411224365234e+00
5.554811000823974609e+00
5.532793045043945312e+00
5.511558055877685547e+00
5.491020202636718750e+00
5.471166133880615234e+00
5.451984405517578125e+00
5.433611392974853516e+00
5.415961265563964844e+00
5.398947238922119141e+00
5.382707118988037109e+00
5.367005348205566406e+00
5.352129459381103516e+00
5.337992668151855469e+00
5.324509620666503906e+00
5.311744689941406250e+00
5.299685955047607422e+00
5.288323402404785156e+00
5.277572154998779297e+00
5.267495632171630859e+00
5.258158206939697266e+00
5.249475479125976562e+00
5.241437435150146484e+00
5.234107494354248047e+00
5.227403163909912109e+00
5.221313476562500000e+00
5.215829849243164062e+00
5.211016178131103516e+00
5.206864833831787109e+00
5.203290462493896484e+00
5.200359821319580078e+00
5.197989463806152344e+00
5.196319580078125000e+00
5.195117950439453125e+00
5.194525718688964844e+00
5.194608211517333984e+00
5.195135116577148438e+00
5.196246623992919922e+00
5.197935581207275391e+00
5.200119972229003906e+00
5.202866554260253906e+00
5.206093788146972656e+00
5.209868431091308594e+00
5.214036464691162109e+00
5.218738555908203125e+00
5.223968029022216797e+00
5.229570388793945312e+00
5.235762119293212891e+00
5.242239475250244141e+00
5.249220848083496094e+00
5.256550312042236328e+00
5.264445781707763672e+00
5.272605895996093750e+00
5.281178474426269531e+00
5.290091991424560547e+00
5.299420833587646484e+00
5.309018135070800781e+00
5.319109439849853516e+00
5.329472541809082031e+00
5.340184211730957031e+00
5.351246833801269531e+00
5.362661361694335938e+00
5.374282360076904297e+00
5.386334419250488281e+00
5.398523807525634766e+00
5.411074161529541016e+00
5.423988819122314453e+00
5.437270641326904297e+00
5.450995922088623047e+00
5.464646816253662109e+00
5.478672027587890625e+00
5.492851257324218750e+00
5.507410049438476562e+00
5.522054195404052734e+00
5.536933898925781250e+00
5.551977634429931641e+00
5.567337036132812500e+00
5.582643032073974609e+00
5.598343372344970703e+00
5.614069461822509766e+00
5.629897117614746094e+00
5.645904541015625000e+00
5.662167072296142578e+00
5.678389549255371094e+00
5.694797992706298828e+00
5.711245059967041016e+00
5.727807044982910156e+00
5.744263648986816406e+00
5.760913372039794922e+00
5.777535438537597656e+00
5.794205188751220703e+00
5.810851097106933594e+00
5.827325344085693359e+00
5.843926429748535156e+00
5.860434055328369141e+00
5.876849174499511719e+00
5.893247127532958984e+00
5.909481048583984375e+00
5.925625801086425781e+00
5.941757678985595703e+00
5.957729339599609375e+00
5.973466396331787109e+00
5.989047527313232422e+00
6.004481315612792969e+00
6.019703865051269531e+00
6.034726619720458984e+00
6.049560070037841797e+00
6.064216136932373047e+00
6.078629493713378906e+00
6.092886924743652344e+00
6.106924533843994141e+00
6.120678424835205078e+00
6.134232997894287109e+00
6.147600650787353516e+00
6.160642147064208984e+00
6.173443317413330078e+00
6.186162948608398438e+00
6.198440551757812500e+00
6.210434913635253906e+00
6.222306251525878906e+00
6.233767032623291016e+00
6.245050907135009766e+00
6.255945682525634766e+00
6.266610622406005859e+00
6.276907444000244141e+00
6.287069320678710938e+00
6.296809196472167969e+00
6.306137561798095703e+00
6.315287113189697266e+00
6.324046134948730469e+00
6.332497596740722656e+00
6.340577602386474609e+00
6.348370075225830078e+00
6.355811119079589844e+00
6.362909317016601562e+00
6.369599342346191406e+00
6.375891685485839844e+00
6.381942749023437500e+00
6.387539863586425781e+00
6.392838954925537109e+00
6.397700309753417969e+00
6.402133464813232422e+00
6.406293392181396484e+00
6.409891605377197266e+00
6.413158893585205078e+00
6.416102886199951172e+00
6.418581485748291016e+00
6.420602321624755859e+00
6.422246456146240234e+00
6.423446178436279297e+00
6.424207687377929688e+00
6.424537658691406250e+00
6.424516677856445312e+00
6.423931598663330078e+00
6.423014640808105469e+00
6.421627044677734375e+00
6.419704437255859375e+00
6.417404174804687500e+00
6.414661407470703125e+00
6.411558628082275391e+00
6.407882213592529297e+00
6.403789520263671875e+00
6.399362087249755859e+00
6.394311904907226562e+00
6.388943195343017578e+00
6.383116245269775391e+00
6.376912117004394531e+00
6.370115756988525391e+00
6.362958431243896484e+00
6.355297565460205078e+00
6.347214698791503906e+00
6.338792324066162109e+00
6.329887866973876953e+00
6.320509433746337891e+00
6.310662746429443359e+00
6.300503253936767578e+00
6.289890766143798828e+00
6.278756141662597656e+00
6.267254829406738281e+00
6.255246162414550781e+00
6.242884159088134766e+00
6.230101585388183594e+00
6.216905117034912109e+00
6.203301429748535156e+00
6.189297199249267578e+00
6.174899101257324219e+00
6.160187721252441406e+00
6.145020961761474609e+00
6.129405975341796875e+00
6.113497734069824219e+00
6.097228050231933594e+00
6.080604076385498047e+00
6.063557624816894531e+00
6.046169281005859375e+00
6.028445720672607422e+00
6.010393619537353516e+00
5.991944313049316406e+00
5.973253250122070312e+00
5.954252243041992188e+00
5.934872627258300781e+00
5.915269851684570312e+00
5.895299911499023438e+00
5.875118255615234375e+00
5.854577541351318359e+00
5.833828449249267578e+00
5.812798976898193359e+00
5.791564941406250000e+00
5.769978523254394531e+00
5.748189926147460938e+00
5.726125717163085938e+00
5.703787326812744141e+00
5.681249618530273438e+00
5.658438682556152344e+00
5.635503292083740234e+00
5.612295627593994141e+00
5.588815212249755859e+00
5.565210819244384766e+00
5.541407585144042969e+00
5.517405509948730469e+00
5.493128776550292969e+00
5.468726158142089844e+00
5.444195270538330078e+00
5.419461250305175781e+00
5.394597053527832031e+00
5.369378566741943359e+00
5.344100952148437500e+00
5.318762302398681641e+00
5.293212413787841797e+00
5.267523765563964844e+00
5.241767406463623047e+00
5.215794086456298828e+00
5.189823150634765625e+00
5.163556098937988281e+00
5.137361526489257812e+00
5.110939979553222656e+00
5.084586620330810547e+00
5.058075904846191406e+00
5.031405925750732422e+00
5.004796504974365234e+00
4.978023529052734375e+00
4.951307296752929688e+00
4.924422740936279297e+00
4.897517204284667969e+00
4.870662689208984375e+00
4.843708515167236328e+00
4.816802978515625000e+00
4.789720058441162109e+00
4.762906551361083984e+00
4.735987663269042969e+00
4.709186553955078125e+00
4.682354450225830078e+00
4.655489444732666016e+00
4.628740310668945312e+00
4.602173805236816406e+00
4.575485706329345703e+00
4.548967361450195312e+00
4.522536277770996094e+00
4.496111392974853516e+00
4.469836235046386719e+00
4.443628787994384766e+00
4.417483806610107422e+00
4.391543388366699219e+00
4.365505218505859375e+00
4.339734077453613281e+00
4.314076423645019531e+00
4.288527011871337891e+00
4.263080120086669922e+00
4.237804412841796875e+00
4.212694644927978516e+00
4.187672138214111328e+00
4.162806034088134766e+00
4.138164997100830078e+00
4.113595008850097656e+00
4.089314460754394531e+00
4.065094947814941406e+00
4.041229248046875000e+00
4.017414093017578125e+00
3.993867635726928711e+00
3.970361471176147461e+00
3.947262287139892578e+00
3.924266576766967773e+00
3.901517629623413086e+00
3.879084348678588867e+00
3.856812477111816406e+00
3.834769725799560547e+00
3.812802553176879883e+00
3.791275501251220703e+00
3.769885540008544922e+00
3.748849391937255859e+00
3.728086233139038086e+00
3.707441568374633789e+00
3.687130689620971680e+00
3.667147636413574219e+00
3.647337675094604492e+00
3.627841711044311523e+00
3.608579158782958984e+00
3.589691638946533203e+00
3.571098327636718750e+00
3.552717924118041992e+00
3.534693002700805664e+00
3.516867160797119141e+00
3.499383449554443359e+00
3.482159614562988281e+00
3.465260505676269531e+00
3.448601484298706055e+00
3.432320594787597656e+00
3.416259288787841797e+00
3.400556325912475586e+00
3.385053396224975586e+00
3.369740962982177734e+00
3.354758739471435547e+00
3.340171575546264648e+00
3.325822830200195312e+00
3.311703681945800781e+00
3.297880411148071289e+00
3.284271240234375000e+00
3.271091222763061523e+00
3.258036613464355469e+00
3.245248794555664062e+00
3.232721805572509766e+00
3.220597743988037109e+00
3.208574056625366211e+00
3.196942090988159180e+00
3.185474634170532227e+00
3.174389123916625977e+00
3.163533210754394531e+00
3.152976751327514648e+00
3.142641782760620117e+00
3.132599353790283203e+00
3.122845649719238281e+00
3.113378286361694336e+00
3.104120016098022461e+00
3.095142841339111328e+00
3.086518049240112305e+00
3.078095436096191406e+00
3.070021629333496094e+00
3.062145709991455078e+00
3.054614782333374023e+00
3.047278404235839844e+00
3.040431976318359375e+00
3.033628225326538086e+00
3.027236461639404297e+00
3.021181106567382812e+00
3.015311479568481445e+00
3.009700059890747070e+00
3.004419088363647461e+00
2.999466657638549805e+00
2.994765996932983398e+00
2.990314245223999023e+00
2.986183881759643555e+00
2.982222795486450195e+00
2.978651285171508789e+00
2.975317478179931641e+00
2.972219944000244141e+00
2.969356298446655273e+00
2.966873884201049805e+00
2.964546918869018555e+00
2.962522029876708984e+00
2.960796117782592773e+00
2.959292650222778320e+00
2.957933425903320312e+00
2.956938028335571289e+00
2.956080913543701172e+00
2.955506324768066406e+00
2.955136060714721680e+00
2.954966545104980469e+00
2.954993486404418945e+00
2.955286979675292969e+00
2.955694198608398438e+00
2.956285238265991211e+00
2.956981658935546875e+00
2.958002090454101562e+00
2.959119081497192383e+00
2.960403442382812500e+00
2.961850881576538086e+00
2.963383197784423828e+00
2.965219497680664062e+00
2.967059612274169922e+00
2.968974113464355469e+00
2.971108913421630859e+00
2.973163843154907227e+00
2.975507974624633789e+00
2.977916717529296875e+00
2.980313539505004883e+00
2.982846021652221680e+00
2.985364675521850586e+00
2.988016843795776367e+00
2.990728616714477539e+00
2.993500232696533203e+00
2.996257305145263672e+00
2.999150037765502930e+00
3.002031087875366211e+00
3.004902124404907227e+00
3.007914304733276367e+00
3.010921001434326172e+00
3.013925552368164062e+00
3.017005205154418945e+00
3.020015478134155273e+00
3.023034334182739258e+00
3.026065349578857422e+00
3.029262304306030273e+00
3.032406568527221680e+00
3.035429239273071289e+00
3.038562059402465820e+00
3.041666507720947266e+00
3.044825792312622070e+00
3.047976255416870117e+00
3.051201581954956055e+00
3.054436922073364258e+00
3.057617664337158203e+00
3.060902118682861328e+00
3.064150094985961914e+00
3.067445755004882812e+00
3.070871591567993164e+00
3.074213027954101562e+00
3.077552556991577148e+00
3.080971956253051758e+00
3.084552764892578125e+00
3.088079214096069336e+00
3.091556787490844727e+00
3.095140457153320312e+00
3.098761320114135742e+00
3.102349042892456055e+00
3.105983018875122070e+00
3.109665870666503906e+00
3.113401412963867188e+00
3.117117404937744141e+00
3.120815753936767578e+00
3.124497652053833008e+00
3.128164291381835938e+00
3.131815433502197266e+00
3.135451078414916992e+00
3.139070034027099609e+00
3.142597198486328125e+00
3.146179199218750000e+00
3.149591207504272461e+00
3.153053522109985352e+00
3.156340360641479492e+00
3.159523248672485352e+00
3.162598609924316406e+00
3.165637493133544922e+00
3.168487310409545898e+00
3.171218872070312500e+00
3.173753976821899414e+00
3.176311969757080078e+00
3.178517580032348633e+00
3.180590391159057617e+00
3.182526826858520508e+00
3.184249401092529297e+00
3.185681343078613281e+00
3.187042951583862305e+00
3.188035011291503906e+00
0.000000000000000000e+00
0.000000000000000000e+00
0.000000000000000000e+00
0.000000000000000000e+00
0.000000000000000000e+00
0.000000000000000000e+00
0.000000000000000000e+00
0.000000000000000000e+00
0.000000000000000000e+00
0.000000000000000000e+00
0.000000000000000000e+00
0.000000000000000000e+00
0.000000000000000000e+00
0.000000000000000000e+00
0.000000000000000000e+00
0.000000000000000000e+00
0.000000000000000000e+00
0.000000000000000000e+00
0.000000000000000000e+00
0.000000000000000000e+00
0.000000000000000000e+00
0.000000000000000000e+00
0.000000000000000000e+00
0.000000000000000000e+00
0.000000000000000000e+00
0.000000000000000000e+00
0.000000000000000000e+00
0.000000000000000000e+00
0.000000000000000000e+00
0.000000000000000000e+00
0.000000000000000000e+00
0.000000000000000000e+00
0.000000000000000000e+00
0.000000000000000000e+00
0.000000000000000000e+00
0.000000000000000000e+00
0.000000000000000000e+00
0.000000000000000000e+00
0.000000000000000000e+00
0.000000000000000000e+00
0.000000000000000000e+00
0.000000000000000000e+00
0.000000000000000000e+00
0.000000000000000000e+00
0.000000000000000000e+00
0.000000000000000000e+00
0.000000000000000000e+00
0.000000000000000000e+00
0.000000000000000000e+00
0.000000000000000000e+00
0.000000000000000000e+00
0.000000000000000000e+00
0.000000000000000000e+00
0.000000000000000000e+00
0.000000000000000000e+00
0.000000000000000000e+00
0.000000000000000000e+00
0.000000000000000000e+00
0.000000000000000000e+00
0.000000000000000000e+00
0.000000000000000000e+00
0.000000000000000000e+00
0.000000000000000000e+00
0.000000000000000000e+00
0.000000000000000000e+00
0.000000000000000000e+00
0.000000000000000000e+00
0.000000000000000000e+00
0.000000000000000000e+00
0.000000000000000000e+00
0.000000000000000000e+00
0.000000000000000000e+00
0.000000000000000000e+00
0.000000000000000000e+00
0.000000000000000000e+00
0.000000000000000000e+00
0.000000000000000000e+00
0.000000000000000000e+00
0.000000000000000000e+00
0.000000000000000000e+00
0.000000000000000000e+00
0.000000000000000000e+00
0.000000000000000000e+00
0.000000000000000000e+00
0.000000000000000000e+00
0.000000000000000000e+00
0.000000000000000000e+00
0.000000000000000000e+00
0.000000000000000000e+00
0.000000000000000000e+00
0.000000000000000000e+00
0.000000000000000000e+00
0.000000000000000000e+00
0.000000000000000000e+00
0.000000000000000000e+00
0.000000000000000000e+00
0.000000000000000000e+00
0.000000000000000000e+00
0.000000000000000000e+00
0.000000000000000000e+00
