# tt
1.076076171875000000e+03
1.016435668945312500e+03
9.576154785156250000e+02
9.121752929687500000e+02
8.798169555664062500e+02
8.582330932617187500e+02
8.444208984375000000e+02
8.366194458007812500e+02
8.335331420898437500e+02
8.336898193359375000e+02
8.374396362304687500e+02
8.429558715820312500e+02
8.492308349609375000e+02
8.567141113281250000e+02
8.659798583984375000e+02
8.769404296875000000e+02
8.885998535156250000e+02
9.017472534179687500e+02
9.146905517578125000e+02
9.278515625000000000e+02
9.415737304687500000e+02
9.556321411132812500e+02
9.700374755859375000e+02
9.847515869140625000e+02
9.996195068359375000e+02
1.014886169433593750e+03
1.030409912109375000e+03
1.046257690429687500e+03
1.062344970703125000e+03
1.078515502929687500e+03
1.094989257812500000e+03
1.111781005859375000e+03
1.128738159179687500e+03
1.145837524414062500e+03
1.163014770507812500e+03
1.180279052734375000e+03
1.197931274414062500e+03
1.215949584960937500e+03
1.234064697265625000e+03
1.252387451171875000e+03
1.270691650390625000e+03
1.289131225585937500e+03
1.307563110351562500e+03
1.326364257812500000e+03
1.345464721679687500e+03
1.364715698242187500e+03
1.384041748046875000e+03
1.403515747070312500e+03
1.423359497070312500e+03
1.443348876953125000e+03
1.463705688476562500e+03
1.484057495117187500e+03
1.504328857421875000e+03
1.524741943359375000e+03
1.545520019531250000e+03
1.566595581054687500e+03
1.587977050781250000e+03
1.609524169921875000e+03
1.631245239257812500e+03
1.653444091796875000e+03
1.675526855468750000e+03
1.697715332031250000e+03
1.720305419921875000e+03
1.742924560546875000e+03
1.765865844726562500e+03
1.788965942382812500e+03
1.812504150390625000e+03
1.836239624023437500e+03
1.860303588867187500e+03
1.884538208007812500e+03
1.908969726562500000e+03
1.933559204101562500e+03
1.958341674804687500e+03
1.983426513671875000e+03
2.008764648437500000e+03
2.034414916992187500e+03
2.060426513671875000e+03
2.086625244140625000e+03
2.113135009765625000e+03
2.139860107421875000e+03
2.166871582031250000e+03
2.194096191406250000e+03
2.221609375000000000e+03
2.249263671875000000e+03
2.277134277343750000e+03
2.305444091796875000e+03
2.333747070312500000e+03
2.362414550781250000e+03
2.391298095703125000e+03
2.420322998046875000e+03
2.449638916015625000e+03
2.479246582031250000e+03
2.508924072265625000e+03
2.538895019531250000e+03
2.568863281250000000e+03
2.599275634765625000e+03
2.629909667968750000e+03
2.660617919921875000e+03
2.691624267578125000e+03
2.722781005859375000e+03
2.754460449218750000e+03
2.786069091796875000e+03
2.817904785156250000e+03
2.849894775390625000e+03
2.882113769531250000e+03
2.914265380859375000e+03
2.946796630859375000e+03
2.979485595703125000e+03
3.012258544921875000e+03
3.045190429687500000e+03
3.078280273437500000e+03
3.111600585937500000e+03
3.145001464843750000e+03
3.178630126953125000e+03
3.212261474609375000e+03
3.246191894531250000e+03
3.280271240234375000e+03
3.314348876953125000e+03
3.348572265625000000e+03
3.382791503906250000e+03
3.417078613281250000e+03
3.451432617187500000e+03
3.485852539062500000e+03
3.520260986328125000e+03
3.554732421875000000e+03
3.589189941406250000e+03
3.623632568359375000e+03
3.658133056640625000e+03
3.692615234375000000e+03
3.727078125000000000e+03
3.761596435546875000e+03
3.796022460937500000e+03
3.830430664062500000e+03
3.864822265625000000e+03
3.899049316406250000e+03
3.933261230468750000e+03
3.967384033203125000e+03
4.001270263671875000e+03
4.035217285156250000e+03
4.068929199218750000e+03
4.102629394531250000e+03
4.136244628906250000e+03
4.169625976562500000e+03
4.202849609375000000e+03
4.236138671875000000e+03
4.269047851562500000e+03
4.301801269531250000e+03
4.334474121093750000e+03
4.366843261718750000e+03
4.399058593750000000e+03
4.430969726562500000e+03
4.462724121093750000e+03
4.494246093750000000e+03
4.525533691406250000e+03
4.556437011718750000e+03
4.587251464843750000e+03
4.617753417968750000e+03
4.647940429687500000e+03
4.677886230468750000e+03
4.707588378906250000e+03
4.736971679687500000e+03
4.766183105468750000e+03
4.794924316406250000e+03
4.823490234375000000e+03
4.851731445312500000e+03
4.879720214843750000e+03
4.907232910156250000e+03
4.934416015625000000e+03
4.961268066406250000e+03
4.987639648437500000e+03
5.013603027343750000e+03
5.039082519531250000e+03
5.064225585937500000e+03
5.088956054687500000e+03
5.113124511718750000e+03
5.136879882812500000e+03
5.160147949218750000e+03
5.182928710937500000e+03
5.205373046875000000e+03
5.227257324218750000e+03
5.248656250000000000e+03
5.269496582031250000e+03
5.289927734375000000e+03
5.309875488281250000e+03
5.328968750000000000e+03
5.347876953125000000e+03
5.366229492187500000e+03
5.383951660156250000e+03
5.401491210937500000e+03
5.418104003906250000e+03
5.434312500000000000e+03
5.449892578125000000e+03
5.465068847656250000e+03
5.479619140625000000e+03
5.493542968750000000e+03
5.506990234375000000e+03
5.519886718750000000e+03
5.532233398437500000e+03
5.544030761718750000e+03
5.555205078125000000e+03
5.565831054687500000e+03
5.575833984375000000e+03
5.585141601562500000e+03
5.593902343750000000e+03
5.601967773437500000e+03
5.609487304687500000e+03
5.616238769531250000e+03
5.622370605468750000e+03
5.627883789062500000e+03
5.632778320312500000e+03
5.636906738281250000e+03
5.640492187500000000e+03
5.643386230468750000e+03
5.645664062500000000e+03
5.647251953125000000e+03
5.648298339843750000e+03
5.648655761718750000e+03
5.648398437500000000e+03
5.647526855468750000e+03
5.646042480468750000e+03
5.643944824218750000e+03
5.641085937500000000e+03
5.637764160156250000e+03
5.633756347656250000e+03
5.629136718750000000e+03
5.623833496093750000e+03
5.617993164062500000e+03
5.611544433593750000e+03
5.604411621093750000e+03
5.596596191406250000e+03
5.588247070312500000e+03
5.579289550781250000e+03
5.569577148437500000e+03
5.559332031250000000e+03
5.548406738281250000e+03
5.536875488281250000e+03
5.524739746093750000e+03
5.512073242187500000e+03
5.498653320312500000e+03
5.484778808593750000e+03
5.470301757812500000e+03
5.455221191406250000e+03
5.439538574218750000e+03
5.423253906250000000e+03
5.406443359375000000e+03
5.389105468750000000e+03
5.371167480468750000e+03
5.352778320312500000e+03
5.333790039062500000e+03
5.314351562500000000e+03
5.294240234375000000e+03
5.273829589843750000e+03
5.252821777343750000e+03
5.231292968750000000e+03
5.209317871093750000e+03
5.186896972656250000e+03
5.163957031250000000e+03
5.140572753906250000e+03
5.116819824218750000e+03
5.092549316406250000e+03
5.067763671875000000e+03
5.042833496093750000e+03
5.017314453125000000e+03
4.991281250000000000e+03
4.964958496093750000e+03
4.938122558593750000e+03
4.910923339843750000e+03
4.883213378906250000e+03
4.855290527343750000e+03
4.826932128906250000e+03
4.798361816406250000e+03
4.769357910156250000e+03
4.740068847656250000e+03
4.710421875000000000e+03
4.680565917968750000e+03
4.650278808593750000e+03
4.619783691406250000e+03
4.589007812500000000e+03
4.557951171875000000e+03
4.526763183593750000e+03
4.495147460937500000e+03
4.463401855468750000e+03
4.431452148437500000e+03
4.399299804687500000e+03
4.366870605468750000e+03
4.334240234375000000e+03
4.301482910156250000e+03
4.268525390625000000e+03
4.235442382812500000e+03
4.202234375000000000e+03
4.168604980468750000e+03
4.135149902343750000e+03
4.101422363281250000e+03
4.067796386718750000e+03
4.033899902343750000e+03
3.999957031250000000e+03
3.965819335937500000e+03
3.931710693359375000e+03
3.897482666015625000e+03
3.863210693359375000e+03
3.828968994140625000e+03
3.794683105468750000e+03
3.760353271484375000e+03
3.726053466796875000e+03
3.691709960937500000e+03
3.657396728515625000e+03
3.623113525390625000e+03
3.588935058593750000e+03
3.554712646484375000e+03
3.520594726562500000e+03
3.486581787109375000e+03
3.452598876953125000e+03
3.418720458984375000e+03
3.384947021484375000e+03
3.351278320312500000e+03
3.317713867187500000e+03
3.284254150390625000e+03
3.250973388671875000e+03
3.217871337890625000e+03
3.184874267578125000e+03
3.152055664062500000e+03
3.119416015625000000e+03
3.086955078125000000e+03
3.054747558593750000e+03
3.022644042968750000e+03
2.990793701171875000e+03
2.959196289062500000e+03
2.927777343750000000e+03
2.896611572265625000e+03
2.865772705078125000e+03
2.835112548828125000e+03
2.804705078125000000e+03
2.774624511718750000e+03
2.744721923828125000e+03
2.715146484375000000e+03
2.685897705078125000e+03
2.656901367187500000e+03
2.628305908203125000e+03
2.599962646484375000e+03
2.571871826171875000e+03
2.544181152343750000e+03
2.516817382812500000e+03
2.489853759765625000e+03
2.463142333984375000e+03
2.436831054687500000e+03
2.410845703125000000e+03
2.385260498046875000e+03
2.360001220703125000e+03
2.335141845703125000e+03
2.310831054687500000e+03
2.286696777343750000e+03
2.263034667968750000e+03
2.239695800781250000e+03
2.216828125000000000e+03
2.194356201171875000e+03
2.172279296875000000e+03
2.150671142578125000e+03
2.129381835937500000e+03
2.108559570312500000e+03
2.088129394531250000e+03
2.068164306640625000e+03
2.048589599609375000e+03
2.029478637695312500e+03
2.010756347656250000e+03
1.992496215820312500e+03
1.974697387695312500e+03
1.957210571289062500e+03
1.940332397460937500e+03
1.923838989257812500e+03
1.907729492187500000e+03
1.892077636718750000e+03
1.876882690429687500e+03
1.862143798828125000e+03
1.847785766601562500e+03
1.833956787109375000e+03
1.820581420898437500e+03
1.807585083007812500e+03
1.795040893554687500e+03
1.783022705078125000e+03
1.771381347656250000e+03
1.760115478515625000e+03
1.749373535156250000e+03
1.739154663085937500e+03
1.729235107421875000e+03
1.719837280273437500e+03
1.710811645507812500e+03
1.702231933593750000e+03
1.694097290039062500e+03
1.686407348632812500e+03
1.679161010742187500e+03
1.672283447265625000e+03
1.665922729492187500e+03
1.659929199218750000e+03
1.654302368164062500e+03
1.649190307617187500e+03
1.644369140625000000e+03
1.640061035156250000e+03
1.636117065429687500e+03
1.632536132812500000e+03
1.629392211914062500e+03
1.626684692382812500e+03
1.624338867187500000e+03
1.622354370117187500e+03
1.620805053710937500e+03
1.619541870117187500e+03
1.618713012695312500e+03
1.618243774414062500e+03
1.618208007812500000e+03
1.618456787109375000e+03
1.619138427734375000e+03
1.620103515625000000e+03
1.621426391601562500e+03
1.623032104492187500e+03
1.625068969726562500e+03
1.627387939453125000e+03
1.629988769531250000e+03
1.632945068359375000e+03
1.636256835937500000e+03
1.639848999023437500e+03
1.643795898437500000e+03
1.648022583007812500e+03
1.652454467773437500e+03
1.657165649414062500e+03
1.662229736328125000e+03
1.667572387695312500e+03
1.673118896484375000e+03
1.678943115234375000e+03
1.684970581054687500e+03
1.691349365234375000e+03
1.697930664062500000e+03
1.704639892578125000e+03
1.711699707031250000e+03
1.718886718750000000e+03
1.726275146484375000e+03
1.733938720703125000e+03
1.741802978515625000e+03
1.749793457031250000e+03
1.758058471679687500e+03
1.766448974609375000e+03
1.775039184570312500e+03
1.783680053710937500e+03
1.792594604492187500e+03
1.801633422851562500e+03
1.810796752929687500e+03
1.820009643554687500e+03
1.829421142578125000e+03
1.838881591796875000e+03
1.848539794921875000e+03
1.858321289062500000e+03
1.868151367187500000e+03
1.878030273437500000e+03
1.888107055664062500e+03
1.898158935546875000e+03
1.908260253906250000e+03
1.918559692382812500e+03
1.928760864257812500e+03
1.939086425781250000e+03
1.949462158203125000e+03
1.959889038085937500e+03
1.970292236328125000e+03
1.980746948242187500e+03
1.991178466796875000e+03
2.001587280273437500e+03
2.011973632812500000e+03
2.022412109375000000e+03
2.032903076171875000e+03
2.043298095703125000e+03
2.053671386718750000e+03
2.064097900390625000e+03
2.074280517578125000e+03
2.084590576171875000e+03
2.094805908203125000e+03
2.105001220703125000e+03
2.115176269531250000e+03
2.125182861328125000e+03
2.135095703125000000e+03
2.144989013671875000e+03
2.154788818359375000e+03
2.164495361328125000e+03
2.174108886718750000e+03
2.183704101562500000e+03
2.193058105468750000e+03
2.202245605468750000e+03
2.211489257812500000e+03
2.220566894531250000e+03
2.229478759765625000e+03
2.238224609375000000e+03
2.246879394531250000e+03
2.255443115234375000e+03
2.263693359375000000e+03
2.271927246093750000e+03
2.279996337890625000e+03
2.287901123046875000e+03
2.295567382812500000e+03
2.303069824218750000e+03
2.310408447265625000e+03
2.317583496093750000e+03
2.324669433593750000e+03
2.331518066406250000e+03
2.338055175781250000e+03
2.344579101562500000e+03
2.350793457031250000e+03
2.356773681640625000e+03
2.362743408203125000e+03
2.368332031250000000e+03
2.373838134765625000e+03
2.379039306640625000e+03
2.384085449218750000e+03
2.388828857421875000e+03
2.393493164062500000e+03
2.397856689453125000e+03
2.402069091796875000e+03
2.406056640625000000e+03
2.409820556640625000e+03
2.413361572265625000e+03
2.416606689453125000e+03
2.419705078125000000e+03
2.422657714843750000e+03
2.425317382812500000e+03
2.427684326171875000e+03
2.429834472656250000e+03
2.431842529296875000e+03
2.433635253906250000e+03
2.435064941406250000e+03
2.436355468750000000e+03
2.437582031250000000e+03
2.438448486328125000e+03
2.439103759765625000e+03
2.439474853515625000e+03
2.439860107421875000e+03
2.439813964843750000e+03
2.439560791015625000e+03
2.439101074218750000e+03
2.438435546875000000e+03
2.437565429687500000e+03
2.436565917968750000e+03
2.435214599609375000e+03
2.433735351562500000e+03
2.432054443359375000e+03
2.430099121093750000e+03
2.428017822265625000e+03
2.425663818359375000e+03
2.423185302734375000e+03
2.420435546875000000e+03
2.417563476562500000e+03
2.414421142578125000e+03
2.411158203125000000e+03
2.407701171875000000e+03
2.404050537109375000e+03
2.400281250000000000e+03
2.396245361328125000e+03
2.392091796875000000e+03
2.387746093750000000e+03
2.383208984375000000e+03
2.378480224609375000e+03
2.373635009765625000e+03
2.368599121093750000e+03
2.363372314453125000e+03
2.358104003906250000e+03
2.352497314453125000e+03
2.346923339843750000e+03
2.341160156250000000e+03
2.335281494140625000e+03
2.329214111328125000e+03
2.323032226562500000e+03
2.316736083984375000e+03
2.310325683593750000e+03
2.303727050781250000e+03
2.297089355468750000e+03
2.290263671875000000e+03
2.283324951171875000e+03
2.276347656250000000e+03
2.269257568359375000e+03
2.262054931640625000e+03
2.254814208984375000e+03
2.247386962890625000e+03
2.239922119140625000e+03
2.232419921875000000e+03
2.224880371093750000e+03
2.217080810546875000e+03
2.209318847656250000e+03
2.201520263671875000e+03
2.193685058593750000e+03
2.185813720703125000e+03
2.177831787109375000e+03
2.169888183593750000e+03
2.161834716796875000e+03
2.153745605468750000e+03
2.145620849609375000e+03
2.137535400390625000e+03
2.129414794921875000e+03
2.121259033203125000e+03
2.112994140625000000e+03
2.104769042968750000e+03
2.096657714843750000e+03
2.088512451171875000e+03
2.080555664062500000e+03
2.072490234375000000e+03
2.064391357421875000e+03
2.056332275390625000e+03
2.048313232421875000e+03
2.040258911132812500e+03
2.032391601562500000e+03
2.024487670898437500e+03
2.016695190429687500e+03
2.008716064453125000e+03
2.000995483398437500e+03
1.993384155273437500e+03
1.985732666015625000e+03
1.978189086914062500e+03
1.970752563476562500e+03
1.963274047851562500e+03
1.955975341796875000e+03
1.948707519531250000e+03
1.941543945312500000e+03
1.934558105468750000e+03
1.927600952148437500e+03
1.920671508789062500e+03
1.913992187500000000e+03
1.907265014648437500e+03
1.900712280273437500e+03
1.894333129882812500e+03
1.887978149414062500e+03
1.881721069335937500e+03
1.875635498046875000e+03
1.869720581054687500e+03
1.863901489257812500e+03
1.858251953125000000e+03
1.852622192382812500e+03
1.847160644531250000e+03
1.841940551757812500e+03
1.836738403320312500e+03
1.831776489257812500e+03
1.826979858398437500e+03
1.822199096679687500e+03
1.817656494140625000e+03
1.813277099609375000e+03
1.809060302734375000e+03
1.805005126953125000e+03
1.801111206054687500e+03
1.797303710937500000e+03
1.793730224609375000e+03
1.790390380859375000e+03
1.787134765625000000e+03
1.784037109375000000e+03
1.781245361328125000e+03
1.778461547851562500e+03
1.775982666015625000e+03
1.773659179687500000e+03
1.771490356445312500e+03
1.769475463867187500e+03
1.767761962890625000e+03
1.766126098632812500e+03
1.764641113281250000e+03
1.763454711914062500e+03
1.762417236328125000e+03
1.761453613281250000e+03
1.760859863281250000e+03
1.760412231445312500e+03
1.760109741210937500e+03
1.760025756835937500e+03
1.760085205078125000e+03
1.760361083984375000e+03
1.760778320312500000e+03
1.761410522460937500e+03
1.762256591796875000e+03
1.763166992187500000e+03
1.764437988281250000e+03
1.765771362304687500e+03
1.767389404296875000e+03
1.769068115234375000e+03
1.771029663085937500e+03
1.773124145507812500e+03
1.775425292968750000e+03
1.777857910156250000e+03
1.780495483398437500e+03
1.783336791992187500e+03
1.786307128906250000e+03
1.789553710937500000e+03
1.792927490234375000e+03
1.796427368164062500e+03
1.800201171875000000e+03
1.804025390625000000e+03
1.807972900390625000e+03
1.812117797851562500e+03
1.816533081054687500e+03
1.820994995117187500e+03
1.825651733398437500e+03
1.830427856445312500e+03
1.835396850585937500e+03
1.840484008789062500e+03
1.845762207031250000e+03
1.851082397460937500e+03
1.856666625976562500e+03
1.862365478515625000e+03
1.868178344726562500e+03
1.874104248046875000e+03
1.880142578125000000e+03
1.886366699218750000e+03
1.892701782226562500e+03
1.899147216796875000e+03
1.905703002929687500e+03
1.912368774414062500e+03
1.919069824218750000e+03
1.925954101562500000e+03
1.932873413085937500e+03
1.940049804687500000e+03
1.947186157226562500e+03
1.954504882812500000e+03
1.961857055664062500e+03
1.969317138671875000e+03
1.976958618164062500e+03
1.984484375000000000e+03
1.992191284179687500e+03
2.000004882812500000e+03
2.007850585937500000e+03
2.015728027343750000e+03
2.023711547851562500e+03
2.031652099609375000e+03
2.039846801757812500e+03
2.047923950195312500e+03
2.056106201171875000e+03
2.064319335937500000e+03
2.072562744140625000e+03
2.080910644531250000e+03
2.089214355468750000e+03
2.097547851562500000e+03
2.105911376953125000e+03
2.114229736328125000e+03
2.122726562500000000e+03
2.131103759765625000e+03
2.139584228515625000e+03
2.148019775390625000e+03
2.156483398437500000e+03
2.164827636718750000e+03
2.173274169921875000e+03
2.181600585937500000e+03
2.189955078125000000e+03
2.198263183593750000e+03
2.206599365234375000e+03
2.214888916015625000e+03
2.223131591796875000e+03
2.231401855468750000e+03
2.239550537109375000e+03
2.247578125000000000e+03
2.255558105468750000e+03
2.263564941406250000e+03
2.271524414062500000e+03
2.279361816406250000e+03
2.287151611328125000e+03
2.294894042968750000e+03
2.302516113281250000e+03
2.310017578125000000e+03
2.317549072265625000e+03
2.324813232421875000e+03
2.332182128906250000e+03
2.339285888671875000e+03
2.346421386718750000e+03
2.353367187500000000e+03
2.360198242187500000e+03
2.367063232421875000e+03
2.373666503906250000e+03
2.380231445312500000e+03
2.386609863281250000e+03
2.392951171875000000e+03
2.399107910156250000e+03
2.405154296875000000e+03
2.411092041015625000e+03
2.416846679687500000e+03
2.422493896484375000e+03
2.427959716796875000e+03
2.433319335937500000e+03
2.438499267578125000e+03
2.443648193359375000e+03
2.448470458984375000e+03
2.453189208984375000e+03
2.457953857421875000e+03
2.462319580078125000e+03
2.466583496093750000e+03
2.470747314453125000e+03
2.474662597656250000e+03
2.478478515625000000e+03
2.482121826171875000e+03
2.485518798828125000e+03
2.488818603515625000e+03
2.491873535156250000e+03
2.494758300781250000e+03
2.497473876953125000e+03
2.500095214843750000e+03
2.502474121093750000e+03
2.504686035156250000e+03
2.506656738281250000e+03
2.508387451171875000e+03
2.509952636718750000e+03
2.511502197265625000e+03
2.512664550781250000e+03
2.513663574218750000e+03
2.514500244140625000e+03
2.515174560546875000e+03
2.515613525390625000e+03
2.515743408203125000e+03
2.515862548828125000e+03
2.515674804687500000e+03
2.515404296875000000e+03
2.514828613281250000e+03
2.514023437500000000e+03
2.512989990234375000e+03
2.511877685546875000e+03
2.510464355468750000e+03
2.508825439453125000e+03
2.507036376953125000e+03
2.505023925781250000e+03
2.502937255859375000e+03
2.500554931640625000e+03
2.497877441406250000e+03
2.495054443359375000e+03
2.492161376953125000e+03
2.488976074218750000e+03
2.485648193359375000e+03
2.482030029296875000e+03
2.478270996093750000e+03
2.474297851562500000e+03
2.470037109375000000e+03
2.465712646484375000e+03
2.461102294921875000e+03
2.456281494140625000e+03
2.451399169921875000e+03
2.446233886718750000e+03
2.440934814453125000e+03
2.435428710937500000e+03
2.429716064453125000e+03
2.423872314453125000e+03
2.417749755859375000e+03
2.411571777343750000e+03
2.405042236328125000e+03
2.398458984375000000e+03
2.391674560546875000e+03
2.384614990234375000e+03
2.377504638671875000e+03
2.370194824218750000e+03
2.362687011718750000e+03
2.355055908203125000e+03
2.347154052734375000e+03
2.339204833984375000e+03
2.331134521484375000e+03
2.322944335937500000e+03
2.314560546875000000e+03
2.305909179687500000e+03
2.297288574218750000e+03
2.288402587890625000e+03
2.279399658203125000e+03
2.270280273437500000e+03
2.260970703125000000e+03
2.251471435546875000e+03
2.242005615234375000e+03
2.232276367187500000e+03
2.222432861328125000e+03
2.212475341796875000e+03
2.202478759765625000e+03
2.192294677734375000e+03
2.181997314453125000e+03
2.171587890625000000e+03
2.161066162109375000e+03
2.150283935546875000e+03
2.139761962890625000e+03
2.128905761718750000e+03
2.118013183593750000e+03
2.107010009765625000e+03
2.095896972656250000e+03
2.084748046875000000e+03
2.073489501953125000e+03
2.062122070312500000e+03
2.050719726562500000e+03
2.039208862304687500e+03
2.027589599609375000e+03
2.016085083007812500e+03
2.004324096679687500e+03
1.992604003906250000e+03
1.980851196289062500e+03
1.968991210937500000e+03
1.957098999023437500e+03
1.945248657226562500e+03
1.933217651367187500e+03
1.921155029296875000e+03
1.909135131835937500e+03
1.897009887695312500e+03
1.885002075195312500e+03
1.872740722656250000e+03
1.860597290039062500e+03
1.848497802734375000e+03
1.836368408203125000e+03
1.824134643554687500e+03
1.812019775390625000e+03
1.799801513671875000e+03
1.787627929687500000e+03
1.775425781250000000e+03
1.763343139648437500e+03
1.751232055664062500e+03
1.739092529296875000e+03
1.727073364257812500e+03
1.715025512695312500e+03
1.702873657226562500e+03
1.690989013671875000e+03
1.678999023437500000e+03
1.667051757812500000e+03
1.655221069335937500e+03
1.643505981445312500e+03
1.631757324218750000e+03
1.619974365234375000e+03
1.608305053710937500e+03
1.596674438476562500e+03
1.584858764648437500e+03
1.573452148437500000e+03
1.561933471679687500e+03
1.550599487304687500e+03
1.539226562500000000e+03
1.528036865234375000e+03
1.516881103515625000e+03
1.505758789062500000e+03
1.494817749023437500e+03
1.483834472656250000e+03
1.472956787109375000e+03
1.462184326171875000e+03
1.451590454101562500e+03
1.440951904296875000e+03
1.430490600585937500e+03
1.420131958007812500e+03
1.409800903320312500e+03
1.399645263671875000e+03
1.389515991210937500e+03
1.379561035156250000e+03
1.369705444335937500e+03
1.359948852539062500e+03
1.350290161132812500e+03
1.340803466796875000e+03
1.331339355468750000e+03
1.322046020507812500e+03
1.312922729492187500e+03
1.303820190429687500e+03
1.294886718750000000e+03
1.286047119140625000e+03
1.277449584960937500e+03
1.268944946289062500e+03
1.260532592773437500e+03
1.252286132812500000e+03
1.244130981445312500e+03
1.235992065429687500e+03
1.228166137695312500e+03
1.220429809570312500e+03
1.212856567382812500e+03
1.205445434570312500e+03
1.198121582031250000e+03
1.190958007812500000e+03
1.183879394531250000e+03
1.176959228515625000e+03
1.170270996093750000e+03
1.163590576171875000e+03
1.157214355468750000e+03
1.150918457031250000e+03
1.144702148437500000e+03
1.138712768554687500e+03
1.132875366210937500e+03
1.127189086914062500e+03
1.121578369140625000e+03
1.116191284179687500e+03
1.110878173828125000e+03
1.105712402343750000e+03
1.100767578125000000e+03
1.095968383789062500e+03
1.091239868164062500e+03
1.086655029296875000e+03
1.082213500976562500e+03
1.077988525390625000e+03
1.073904907226562500e+03
1.069962036132812500e+03
1.066158935546875000e+03
1.062420532226562500e+03
1.058968872070312500e+03
1.055580322265625000e+03
1.052328369140625000e+03
1.049212280273437500e+03
1.046305541992187500e+03
1.043458862304687500e+03
1.040819824218750000e+03
1.038239379882812500e+03
1.035791015625000000e+03
1.033548217773437500e+03
1.031435913085937500e+03
1.029453613281250000e+03
1.027600341796875000e+03
1.025875488281250000e+03
1.024204101562500000e+03
1.022734069824218750e+03
1.021464782714843750e+03
1.020246704101562500e+03
1.019153686523437500e+03
1.018184875488281250e+03
1.017339843750000000e+03
1.016617858886718750e+03
1.016018188476562500e+03
1.015466369628906250e+03
1.015110656738281250e+03
1.014876464843750000e+03
1.014837890625000000e+03
1.014846069335937500e+03
1.014900695800781250e+03
1.014852966308593750e+03
1.015148437500000000e+03
1.015563903808593750e+03
1.016025024414062500e+03
1.016605712890625000e+03
1.017305847167968750e+03
1.018125061035156250e+03
1.018914611816406250e+03
1.019897338867187500e+03
1.020998596191406250e+03
1.022143859863281250e+03
1.023333007812500000e+03
1.024714355468750000e+03
1.026139160156250000e+03
1.027607421875000000e+03
1.029192993164062500e+03
1.030821533203125000e+03
1.032492675781250000e+03
1.034503784179687500e+03
1.036334228515625000e+03
1.038207031250000000e+03
1.040196289062500000e+03
1.042227416992187500e+03
1.044151611328125000e+03
1.046340332031250000e+03
1.048496337890625000e+03
1.050842285156250000e+03
1.053155151367187500e+03
1.055508911132812500e+03
1.057903686523437500e+03
1.060413574218750000e+03
1.062963989257812500e+03
1.065406372070312500e+03
1.068037719726562500e+03
1.070635009765625000e+03
1.073272460937500000e+03
1.076024291992187500e+03
1.078667358398437500e+03
1.081424560546875000e+03
1.084221435546875000e+03
1.086909301757812500e+03
1.089710937500000000e+03
1.092477661132812500e+03
1.095283691406250000e+03
1.098129516601562500e+03
1.100867065429687500e+03
1.103645385742187500e+03
1.106390747070312500e+03
1.109178100585937500e+03
1.112007812500000000e+03
1.114954589843750000e+03
1.117796508789062500e+03
1.120608032226562500e+03
1.123389648437500000e+03
1.126216308593750000e+03
1.128865722656250000e+03
1.131635620117187500e+03
1.134377563476562500e+03
1.137018310546875000e+03
1.139781005859375000e+03
1.142443359375000000e+03
1.145079956054687500e+03
1.147765991210937500e+03
1.150278808593750000e+03
1.152841918945312500e+03
1.155455932617187500e+03
1.157898315429687500e+03
1.160392333984375000e+03
1.162790405273437500e+03
1.165241088867187500e+03
1.167522460937500000e+03
1.169783203125000000e+03
1.172098388671875000e+03
1.174245361328125000e+03
1.176373413085937500e+03
1.178483032226562500e+03
1.180574584960937500e+03
1.182574340820312500e+03
1.184557006835937500e+03
1.186448730468750000e+03
1.188250000000000000e+03
1.190035644531250000e+03
1.191731689453125000e+03
1.193412963867187500e+03
1.195079833984375000e+03
1.196584228515625000e+03
1.197926513671875000e+03
1.199404296875000000e+03
1.200720825195312500e+03
1.201950683593750000e+03
1.203168823242187500e+03
1.204301269531250000e+03
1.205348388671875000e+03
1.206310546875000000e+03
1.207337036132812500e+03
1.208131591796875000e+03
1.208917968750000000e+03
1.209548217773437500e+03
1.210171752929687500e+03
1.210714965820312500e+03
1.211178710937500000e+03
1.211489501953125000e+03
1.211796630859375000e+03
1.211952026367187500e+03
1.212179809570312500e+03
1.212183105468750000e+03
1.212111328125000000e+03
1.212039672851562500e+03
1.211894287109375000e+03
1.211601806640625000e+03
1.211237060546875000e+03
1.210875366210937500e+03
1.210368408203125000e+03
1.209791381835937500e+03
1.209145019531250000e+03
1.208355468750000000e+03
1.207572387695312500e+03
1.206647460937500000e+03
1.205655883789062500e+03
1.204598144531250000e+03
1.203474975585937500e+03
1.202287109375000000e+03
1.200886352539062500e+03
1.199570678710937500e+03
1.198117919921875000e+03
1.196528442382812500e+03
1.194951660156250000e+03
1.193239501953125000e+03
1.191466918945312500e+03
1.189634399414062500e+03
1.187742675781250000e+03
1.185792236328125000e+03
1.183709228515625000e+03
1.181568847656250000e+03
1.179371459960937500e+03
1.177117553710937500e+03
1.174659179687500000e+03
1.172294189453125000e+03
1.169799926757812500e+03
1.167251586914062500e+03
1.164575195312500000e+03
1.161919921875000000e+03
1.159137695312500000e+03
1.156377441406250000e+03
1.153416748046875000e+03
1.150552978515625000e+03
1.147563354492187500e+03
1.144522583007812500e+03
1.141356445312500000e+03
1.138139526367187500e+03
1.134946289062500000e+03
1.131702636718750000e+03
1.128260253906250000e+03
1.124916259765625000e+03
1.121448364257812500e+03
1.117930786132812500e+03
1.114437988281250000e+03
1.110821655273437500e+03
1.107081665039062500e+03
1.103441528320312500e+03
1.099678222656250000e+03
1.095940429687500000e+03
1.092154296875000000e+03
1.088245361328125000e+03
1.084362426757812500e+03
1.080431518554687500e+03
1.076452636718750000e+03
1.072425781250000000e+03
1.068276977539062500e+03
1.064229125976562500e+03
1.060059570312500000e+03
1.055991210937500000e+03
1.051801269531250000e+03
1.047638549804687500e+03
1.043354370117187500e+03
1.039097534179687500e+03
1.034793945312500000e+03
1.030517944335937500e+03
1.026195190429687500e+03
1.021900268554687500e+03
1.017558898925781250e+03
1.013171081542968750e+03
1.008811340332031250e+03
1.004405456542968750e+03
1.000027709960937500e+03
9.956039428710937500e+02
9.912085571289062500e+02
9.868416748046875000e+02
9.823546752929687500e+02
9.779706420898437500e+02
9.735408935546875000e+02
9.691400756835937500e+02
9.646938476562500000e+02
9.603506469726562500e+02
9.558873901367187500e+02
9.515264282226562500e+02
9.471187744140625000e+02
9.427380371093750000e+02
9.383840332031250000e+02
9.341304321289062500e+02
9.298281860351562500e+02
9.254767456054687500e+02
9.212243652343750000e+02
9.169218750000000000e+02
9.127175292968750000e+02
9.084621582031250000e+02
9.043038940429687500e+02
9.001680908203125000e+02
8.960541381835937500e+02
8.918129882812500000e+02
8.877415161132812500e+02
8.836162719726562500e+02
8.795853271484375000e+02
8.755740966796875000e+02
8.715819091796875000e+02
8.676083984375000000e+02
8.636532592773437500e+02
8.597902221679687500e+02
8.559443969726562500e+02
8.521899414062500000e+02
8.483775634765625000e+02
8.446555786132812500e+02
8.408005371093750000e+02
8.371092529296875000e+02
8.334327392578125000e+02
8.299191284179687500e+02
8.263450317382812500e+02
8.230817260742187500e+02
8.196827392578125000e+02
8.162963867187500000e+02
8.129965820312500000e+02
8.097084960937500000e+02
8.064318847656250000e+02
8.033148193359375000e+02
8.001341552734375000e+02
7.970379028320312500e+02
7.940258178710937500e+02
7.910975341796875000e+02
7.881782226562500000e+02
7.852676391601562500e+02
7.824396972656250000e+02
7.796940307617187500e+02
7.770302734375000000e+02
7.743737182617187500e+02
7.718723144531250000e+02
7.693026123046875000e+02
7.668123779296875000e+02
7.644010620117187500e+02
7.621423339843750000e+02
7.598869018554687500e+02
7.576340942382812500e+02
7.554576416015625000e+02
7.533568115234375000e+02
7.513311157226562500e+02
7.493798828125000000e+02
7.475025024414062500e+02
7.456240234375000000e+02
7.438925170898437500e+02
7.421587524414062500e+02
7.404964599609375000e+02
7.389124755859375000e+02
7.374062500000000000e+02
7.359400024414062500e+02
7.345503540039062500e+02
7.332071533203125000e+02
7.319096069335937500e+02
7.306870727539062500e+02
7.295241088867187500e+02
7.284127197265625000e+02
7.273672485351562500e+02
7.263797607421875000e+02
7.254572143554687500e+02
7.245989379882812500e+02
7.237971801757812500e+02
7.230587768554687500e+02
7.223759155273437500e+02
7.217553710937500000e+02
7.211818847656250000e+02
7.206698608398437500e+02
7.202188110351562500e+02
7.198281860351562500e+02
7.194902343750000000e+02
7.192044067382812500e+02
7.189777832031250000e+02
7.188023071289062500e+02
7.186777343750000000e+02
7.186182861328125000e+02
7.186014404296875000e+02
7.186341552734375000e+02
7.187232666015625000e+02
7.188611450195312500e+02
7.190399169921875000e+02
7.192813110351562500e+02
7.195701904296875000e+02
7.198989257812500000e+02
7.202747192382812500e+02
7.206973266601562500e+02
7.211665649414062500e+02
7.216674194335937500e+02
7.222293701171875000e+02
7.228298950195312500e+02
7.234615478515625000e+02
7.241462402343750000e+02
7.248616333007812500e+02
7.256447143554687500e+02
7.264432373046875000e+02
7.272868652343750000e+02
7.281604614257812500e+02
7.290787963867187500e+02
7.300343017578125000e+02
7.310120239257812500e+02
7.320266113281250000e+02
7.330704345703125000e+02
7.341434936523437500e+02
7.352530517578125000e+02
7.363914794921875000e+02
7.375587768554687500e+02
7.387473144531250000e+02
7.399718017578125000e+02
7.412025756835937500e+02
7.424765014648437500e+02
7.437638549804687500e+02
7.450719604492187500e+02
7.464080810546875000e+02
7.477499389648437500e+02
7.491196289062500000e+02
7.505023193359375000e+02
7.518977661132812500e+02
7.533134765625000000e+02
7.547418212890625000e+02
7.561753540039062500e+02
7.576288452148437500e+02
7.590874023437500000e+02
7.605508422851562500e+02
7.620191650390625000e+02
7.634997558593750000e+02
7.649851074218750000e+02
7.664602050781250000e+02
7.679473266601562500e+02
7.694390869140625000e+02
7.709204101562500000e+02
7.724135131835937500e+02
7.738887939453125000e+02
7.753683471679687500e+02
7.768303222656250000e+02
7.782973632812500000e+02
7.797475585937500000e+02
7.812036743164062500e+02
7.826512451171875000e+02
7.840831298828125000e+02
7.854923706054687500e+02
7.868942260742187500e+02
7.882668457031250000e+02
7.896477050781250000e+02
7.909925537109375000e+02
7.923316040039062500e+02
7.936281738281250000e+02
7.949938964843750000e+02
7.962658081054687500e+02
7.975186157226562500e+02
7.988270263671875000e+02
8.000426635742187500e+02
8.012403564453125000e+02
8.024203491210937500e+02
8.035831909179687500e+02
8.047290649414062500e+02
8.058584594726562500e+02
8.069717407226562500e+02
8.080692138671875000e+02
8.091512451171875000e+02
8.102182006835937500e+02
8.111961669921875000e+02
8.121597900390625000e+02
8.131093750000000000e+02
8.138966064453125000e+02
8.148192138671875000e+02
8.155802001953125000e+02
8.163284912109375000e+02
8.170644531250000000e+02
8.177141113281250000e+02
8.185007324218750000e+02
8.191274414062500000e+02
8.196687622070312500e+02
8.202736206054687500e+02
8.207938842773437500e+02
8.213040161132812500e+02
8.217299804687500000e+02
8.221465454101562500e+02
8.225538330078125000e+02
8.228779907226562500e+02
8.231192016601562500e+02
8.233521118164062500e+02
8.235769653320312500e+02
8.237197265625000000e+02
8.238554077148437500e+02
8.239100952148437500e+02
8.238844604492187500e+02
8.239275512695312500e+02
8.238170776367187500e+02
8.236279907226562500e+02
8.235835571289062500e+02
8.233129272460937500e+02
8.231138305664062500e+02
8.228381347656250000e+02
8.224864501953125000e+02
8.219849243164062500e+02
8.215570678710937500e+02
8.210546875000000000e+02
8.205526733398437500e+02
8.199028320312500000e+02
8.192543334960937500e+02
8.185333862304687500e+02
8.178147583007812500e+02
8.170245971679687500e+02
8.162377319335937500e+02
8.153059692382812500e+02
8.144527587890625000e+02
8.134555664062500000e+02
8.123892211914062500e+02
8.114027099609375000e+02
8.102736816406250000e+02
8.090767211914062500e+02
8.078866577148437500e+02
8.066296386718750000e+02
8.053060913085937500e+02
8.040650024414062500e+02
8.026837768554687500e+02
8.012373046875000000e+02
7.998001708984375000e+02
7.982241821289062500e+02
7.966583862304687500e+02
7.950287475585937500e+02
7.934100952148437500e+02
7.917284545898437500e+02
7.899840698242187500e+02
7.881774902343750000e+02
7.863832397460937500e+02
7.844531250000000000e+02
7.826104125976562500e+02
7.805581054687500000e+02
7.785939331054687500e+02
7.765695190429687500e+02
7.744852905273437500e+02
7.724156494140625000e+02
7.702124023437500000e+02
7.680242309570312500e+02
7.658513793945312500e+02
7.636197509765625000e+02
7.613294677734375000e+02
7.589063720703125000e+02
7.565736083984375000e+02
7.541826782226562500e+02
7.517338256835937500e+02
7.493014526367187500e+02
7.468114013671875000e+02
7.441894531250000000e+02
7.416588745117187500e+02
7.389967041015625000e+02
7.364260253906250000e+02
7.337241210937500000e+02
7.310397338867187500e+02
7.283729248046875000e+02
7.255009155273437500e+02
7.227954711914062500e+02
7.200336914062500000e+02
7.172156982421875000e+02
7.142672729492187500e+02
7.114114990234375000e+02
7.084999389648437500e+02
7.056068725585937500e+02
7.026582031250000000e+02
6.997283325195312500e+02
6.967429809570312500e+02
6.937098388671875000e+02
6.907031250000000000e+02
6.876561279296875000e+02
6.846209716796875000e+02
6.815457763671875000e+02
6.784528198242187500e+02
6.753422851562500000e+02
6.722365112304687500e+02
6.690910644531250000e+02
6.659430541992187500e+02
6.627852783203125000e+02
6.596251220703125000e+02
6.564479370117187500e+02
6.532611694335937500e+02
6.500722656250000000e+02
6.468739624023437500e+02
6.436663208007812500e+02
6.404642333984375000e+02
6.372529907226562500e+02
6.340399780273437500e+02
6.308253784179687500e+02
6.276088256835937500e+02
6.243975830078125000e+02
6.211837768554687500e+02
6.179672241210937500e+02
6.147550659179687500e+02
6.115469970703125000e+02
6.083426513671875000e+02
6.051343994140625000e+02
6.019442749023437500e+02
5.987422485351562500e+02
5.955501708984375000e+02
5.923605346679687500e+02
5.891877441406250000e+02
5.860390625000000000e+02
5.828770141601562500e+02
5.797310180664062500e+02
5.765933837890625000e+02
5.734638061523437500e+02
5.703568725585937500e+02
5.672499389648437500e+02
5.641503295898437500e+02
5.610724487304687500e+02
5.580012817382812500e+02
5.549438476562500000e+02
5.519074096679687500e+02
5.488842773437500000e+02
5.458740844726562500e+02
5.428841552734375000e+02
5.399140014648437500e+02
5.369561157226562500e+02
5.340250244140625000e+02
5.311055908203125000e+02
5.282124633789062500e+02
5.253379516601562500e+02
5.224816894531250000e+02
5.196584472656250000e+02
5.168605346679687500e+02
5.140504150390625000e+02
5.112874755859375000e+02
5.085490722656250000e+02
5.058349609375000000e+02
5.031375732421875000e+02
5.004714660644531250e+02
4.978364868164062500e+02
4.952174682617187500e+02
4.926291198730468750e+02
4.900786132812500000e+02
4.875509338378906250e+02
4.850606689453125000e+02
4.825853576660156250e+02
4.801542663574218750e+02
4.777447204589843750e+02
4.753710937500000000e+02
4.730180664062500000e+02
4.707075195312500000e+02
4.684242248535156250e+02
4.661750793457031250e+02
4.639671630859375000e+02
4.617852478027343750e+02
4.596139526367187500e+02
4.574752502441406250e+02
4.553760986328125000e+02
4.533161315917968750e+02
4.512950134277343750e+02
4.492974243164062500e+02
4.473229675292968750e+02
4.453861694335937500e+02
4.434940490722656250e+02
4.416313476562500000e+02
4.398052368164062500e+02
4.380003967285156250e+02
4.362313537597656250e+02
4.345126037597656250e+02
4.328140869140625000e+02
4.311502990722656250e+02
4.295209655761718750e+02
4.279256286621093750e+02
4.263714599609375000e+02
4.248358459472656250e+02
4.233333129882812500e+02
4.218783874511718750e+02
4.204410095214843750e+02
4.190506286621093750e+02
4.176771850585937500e+02
4.163500976562500000e+02
4.150541992187500000e+02
4.137966918945312500e+02
4.125622863769531250e+02
4.113582763671875000e+02
4.101991271972656250e+02
4.090623168945312500e+02
4.079624023437500000e+02
4.068843078613281250e+02
4.058499450683593750e+02
4.048517456054687500e+02
4.038745117187500000e+02
4.029328308105468750e+02
4.020191040039062500e+02
4.011404418945312500e+02
4.002892150878906250e+02
3.994577331542968750e+02
3.986756591796875000e+02
3.979129638671875000e+02
3.971844177246093750e+02
3.964823913574218750e+02
3.958067321777343750e+02
3.951572875976562500e+02
3.945487060546875000e+02
3.939660339355468750e+02
3.934016723632812500e+02
3.928777465820312500e+02
3.923643798828125000e+02
3.918912048339843750e+02
3.914432067871093750e+02
3.910127868652343750e+02
3.906147155761718750e+02
3.902413940429687500e+02
3.898778381347656250e+02
3.895611267089843750e+02
3.892613830566406250e+02
3.889859313964843750e+02
3.887272644042968750e+02
3.885000305175781250e+02
3.882967834472656250e+02
3.881099853515625000e+02
3.879394836425781250e+02
3.877926635742187500e+02
3.876693725585937500e+02
3.875695495605468750e+02
3.874708251953125000e+02
3.874102172851562500e+02
3.873653869628906250e+02
3.873510742187500000e+02
3.873374938964843750e+02
3.873468627929687500e+02
3.873716735839843750e+02
3.874043884277343750e+02
3.874672546386718750e+02
3.875378723144531250e+02
3.876161804199218750e+02
3.877169494628906250e+02
3.878252868652343750e+02
3.879411010742187500e+02
3.880717773437500000e+02
3.882097778320312500e+02
3.883698730468750000e+02
3.885372314453125000e+02
3.887117004394531250e+02
3.888932189941406250e+02
3.890818176269531250e+02
3.892850646972656250e+02
3.894882812500000000e+02
3.896991271972656250e+02
3.899251708984375000e+02
3.901518249511718750e+02
3.903718566894531250e+02
3.906151123046875000e+02
3.908596191406250000e+02
3.910980529785156250e+02
3.913529357910156250e+02
3.916022033691406250e+02
3.918608703613281250e+02
3.921143188476562500e+02
3.923775634765625000e+02
3.926434326171875000e+02
3.929046325683593750e+02
3.931762695312500000e+02
3.934436035156250000e+02
3.937069396972656250e+02
3.939812316894531250e+02
3.942518920898437500e+02
3.945115966796875000e+02
3.947828979492187500e+02
3.950362243652343750e+02
3.953015441894531250e+02
3.955640563964843750e+02
3.958092346191406250e+02
3.960594787597656250e+02
3.963074951171875000e+02
3.965535583496093750e+02
3.967828979492187500e+02
3.970180664062500000e+02
3.972443237304687500e+02
3.974692687988281250e+02
3.976856689453125000e+02
3.978862304687500000e+02
3.980934448242187500e+02
3.982777404785156250e+02
3.984541320800781250e+02
3.986302185058593750e+02
3.987987365722656250e+02
3.989523925781250000e+02
3.990913696289062500e+02
3.992306213378906250e+02
3.993554992675781250e+02
3.994586791992187500e+02
3.995626220703125000e+02
3.996525878906250000e+02
3.997286987304687500e+02
3.997837219238281250e+02
3.998402709960937500e+02
3.998763427734375000e+02
3.998997192382812500e+02
3.999107360839843750e+02
3.999022827148437500e+02
3.998894958496093750e+02
3.998579406738281250e+02
3.998152770996093750e+02
3.997544250488281250e+02
3.996756896972656250e+02
3.995942382812500000e+02
3.994880676269531250e+02
3.993648986816406250e+02
3.992250976562500000e+02
3.990837402343750000e+02
3.989188842773437500e+02
3.987307739257812500e+02
3.985345764160156250e+02
3.983305664062500000e+02
3.981041564941406250e+02
3.978705139160156250e+02
3.976150207519531250e+02
3.973379211425781250e+02
3.970469665527343750e+02
3.967423706054687500e+02
3.964243774414062500e+02
3.960858764648437500e+02
3.957419128417968750e+02
3.953630371093750000e+02
3.949792480468750000e+02
3.945758666992187500e+02
3.941605529785156250e+02
3.937261657714843750e+02
3.932728576660156250e+02
3.928083801269531250e+02
3.923254699707031250e+02
3.918243103027343750e+02
3.913200378417968750e+02
3.907831115722656250e+02
3.902509155273437500e+02
3.896864624023437500e+02
3.891122741699218750e+02
3.885211181640625000e+02
3.879131774902343750e+02
3.872886657714843750e+02
3.866551513671875000e+02
3.859979858398437500e+02
3.853247985839843750e+02
3.846357421875000000e+02
3.839309692382812500e+02
3.832181396484375000e+02
3.824898681640625000e+02
3.817463989257812500e+02
3.809877319335937500e+02
3.802215576171875000e+02
3.794330749511718750e+02
3.786224060058593750e+02
3.778120117187500000e+02
3.769796752929687500e+02
3.761329956054687500e+02
3.752720336914062500e+02
3.744043884277343750e+02
3.735301208496093750e+02
3.726270751953125000e+02
3.717176513671875000e+02
3.707944946289062500e+02
3.698577575683593750e+02
3.689149475097656250e+02
3.679512329101562500e+02
3.669816589355468750e+02
3.660062866210937500e+02
3.650028991699218750e+02
3.640013732910156250e+02
3.629868164062500000e+02
3.619668273925781250e+02
3.609191589355468750e+02
3.598736572265625000e+02
3.588155212402343750e+02
3.577521972656250000e+02
3.566838378906250000e+02
3.555881958007812500e+02
3.544950561523437500e+02
3.534045104980468750e+02
3.522942810058593750e+02
3.511793823242187500e+02
3.500597839355468750e+02
3.489356079101562500e+02
3.477994689941406250e+02
3.466514587402343750e+02
3.455064392089843750e+02
3.443570861816406250e+02
3.431885986328125000e+02
3.420306701660156250e+02
3.408686218261718750e+02
3.396726684570312500e+02
3.385097961425781250e+02
3.373280639648437500e+02
3.361423339843750000e+02
3.349601135253906250e+02
3.337814331054687500e+02
3.326061706542968750e+02
3.314192810058593750e+02
3.302207031250000000e+02
3.290250854492187500e+02
3.278398132324218750e+02
3.266423339843750000e+02
3.254474487304687500e+02
3.242550048828125000e+02
3.230648193359375000e+02
3.218619689941406250e+02
3.206685180664062500e+02
3.194769592285156250e+02
3.182796630859375000e+02
3.170914001464843750e+02
3.159045715332031250e+02
3.147116088867187500e+02
3.135198059082031250e+02
3.123141479492187500e+02
3.111316833496093750e+02
3.099573974609375000e+02
3.087762756347656250e+02
3.076253356933593750e+02
3.064524536132812500e+02
3.052871704101562500e+02
3.041219787597656250e+02
3.029715576171875000e+02
3.018135070800781250e+02
3.006625671386718750e+02
2.995185546875000000e+02
2.983814086914062500e+02
2.972435302734375000e+02
2.961196594238281250e+02
2.950022277832031250e+02
2.938837585449218750e+02
2.927714538574218750e+02
2.916726989746093750e+02
2.905798950195312500e+02
2.894855346679687500e+02
2.884117736816406250e+02
2.873436584472656250e+02
2.862810363769531250e+02
2.852238769531250000e+02
2.841794128417968750e+02
2.831624450683593750e+02
2.821282653808593750e+02
2.811139526367187500e+02
2.801045532226562500e+02
2.791073608398437500e+02
2.781223144531250000e+02
2.771270141601562500e+02
2.761731872558593750e+02
2.752086181640625000e+02
2.742627868652343750e+02
2.733279724121093750e+02
2.724114074707031250e+02
2.714979858398437500e+02
2.705948791503906250e+02
2.697092895507812500e+02
2.688261108398437500e+02
2.679674377441406250e+02
2.671181335449218750e+02
2.662631530761718750e+02
2.654393920898437500e+02
2.646169433593750000e+02
2.638178405761718750e+02
2.630121765136718750e+02
2.622294311523437500e+02
2.614620056152343750e+02
2.607022399902343750e+02
2.599499206542968750e+02
2.592197265625000000e+02
2.584965515136718750e+02
2.577876586914062500e+02
2.570928955078125000e+02
2.564045715332031250e+02
2.557299499511718750e+02
2.550614166259765625e+02
2.544136810302734375e+02
2.537790679931640625e+02
2.531574401855468750e+02
2.525411682128906250e+02
2.519449768066406250e+02
2.513612213134765625e+02
2.507897338867187500e+02
2.502229461669921875e+02
2.496681213378906250e+02
2.491399536132812500e+02
2.486085510253906250e+02
2.480960540771484375e+02
2.476023101806640625e+02
2.471123199462890625e+02
2.466333465576171875e+02
2.461726989746093750e+02
2.457153320312500000e+02
2.452760162353515625e+02
2.448545532226562500e+02
2.444360198974609375e+02
2.440350799560546875e+02
2.436367492675781250e+02
2.432557983398437500e+02
2.428920745849609375e+02
2.425306091308593750e+02
2.422010192871093750e+02
2.418511352539062500e+02
2.415254821777343750e+02
2.412164916992187500e+02
2.409166412353515625e+02
2.406184082031250000e+02
2.403365020751953125e+02
2.400708770751953125e+02
2.398139801025390625e+02
2.395731506347656250e+02
2.393334350585937500e+02
2.391096191406250000e+02
2.388867187500000000e+02
2.386869812011718750e+02
2.384880218505859375e+02
2.383045959472656250e+02
2.381291961669921875e+02
2.379543457031250000e+02
2.378022308349609375e+02
2.376504974365234375e+02
2.374990844726562500e+02
2.373776245117187500e+02
2.372489318847656250e+02
2.371203308105468750e+02
2.370214843750000000e+02
2.369152069091796875e+02
2.368237152099609375e+02
2.367469329833984375e+02
2.366699523925781250e+02
2.366001586914062500e+02
2.365375061035156250e+02
2.364819183349609375e+02
2.364333648681640625e+02
2.363843536376953125e+02
2.363497314453125000e+02
2.363219604492187500e+02
2.362936096191406250e+02
2.362794799804687500e+02
2.362572631835937500e+02
2.362491607666015625e+02
2.362477416992187500e+02
2.362380981445312500e+02
2.362424774169921875e+02
2.362385406494140625e+02
2.362559967041015625e+02
2.362650604248046875e+02
2.362805633544921875e+02
2.363025054931640625e+02
2.363235473632812500e+02
2.363511505126953125e+02
2.363780670166015625e+02
2.364043731689453125e+02
2.364301452636718750e+02
2.364926452636718750e+02
2.365028228759765625e+02
2.365425262451171875e+02
2.365746765136718750e+02
2.366142578125000000e+02
2.366539154052734375e+02
2.366937408447265625e+02
2.367338867187500000e+02
2.367818450927734375e+02
2.368228607177734375e+02
2.368718872070312500e+02
2.369067535400390625e+02
2.369572296142578125e+02
2.369937591552734375e+02
2.370386810302734375e+02
2.370772247314453125e+02
2.371169433593750000e+02
2.371653442382812500e+02
2.372002258300781250e+02
2.372365570068359375e+02
2.372744293212890625e+02
2.373064727783203125e+02
2.373402252197265625e+02
2.373757934570312500e+02
2.373983612060546875e+02
2.374229278564453125e+02
2.374495086669921875e+02
2.374708251953125000e+02
2.374943695068359375e+02
2.375053558349609375e+02
2.375112762451171875e+02
2.375196838378906250e+02
2.375231933593750000e+02
2.375293273925781250e+02
2.375158691406250000e+02
2.374977416992187500e+02
2.374824829101562500e+02
2.374627075195312500e+02
2.374459533691406250e+02
2.374099578857421875e+02
2.373696594238281250e+02
2.373325958251953125e+02
2.372839202880859375e+02
2.372237396240234375e+02
2.371669616699218750e+02
2.370989532470703125e+02
2.370273284912109375e+02
2.369522247314453125e+02
2.368590240478515625e+02
2.367702178955078125e+02
2.366636352539062500e+02
2.365618133544921875e+02
2.364500579833984375e+02
2.363210906982421875e+02
2.361974487304687500e+02
2.360644073486328125e+02
2.359147186279296875e+02
2.357708587646484375e+02
2.356181182861328125e+02
2.354641571044921875e+02
2.352868041992187500e+02
2.351085205078125000e+02
2.349220733642578125e+02
2.347350463867187500e+02
2.345401611328125000e+02
2.343301391601562500e+02
2.341125946044921875e+02
2.338950958251953125e+02
2.336555175781250000e+02
2.334237060546875000e+02
2.331849975585937500e+02
2.329246215820312500e+02
2.326724700927734375e+02
2.323989868164062500e+02
2.321191253662109375e+02
2.318404693603515625e+02
2.315483093261718750e+02
2.312576293945312500e+02
2.309462280273437500e+02
2.306291198730468750e+02
2.303138580322265625e+02
2.299708251953125000e+02
2.296373138427734375e+02
2.292985687255859375e+02
2.289398345947265625e+02
2.285835113525390625e+02
2.282073974609375000e+02
2.278413543701171875e+02
2.274557342529296875e+02
2.270729217529296875e+02
2.266707305908203125e+02
2.262641296386718750e+02
2.258531646728515625e+02
2.254305419921875000e+02
2.249889068603515625e+02
2.245580444335937500e+02
2.241083831787109375e+02
2.236548004150390625e+02
2.231900024414062500e+02
2.227214965820312500e+02
2.222493591308593750e+02
2.217662506103515625e+02
2.212797088623046875e+02
2.207823181152343750e+02
2.202816162109375000e+02
2.197702789306640625e+02
2.192557830810546875e+02
2.187233581542968750e+02
2.181879272460937500e+02
2.176569671630859375e+02
2.171083068847656250e+02
2.165494384765625000e+02
2.159952850341796875e+02
2.154236145019531250e+02
2.148493652343750000e+02
2.142725982666015625e+02
2.136859588623046875e+02
2.130969238281250000e+02
2.124981689453125000e+02
2.118897247314453125e+02
2.112865295410156250e+02
2.106737823486328125e+02
2.100366821289062500e+02
2.094198760986328125e+02
2.087862701416015625e+02
2.081507873535156250e+02
2.075135040283203125e+02
2.068596038818359375e+02
2.062188568115234375e+02
2.055615997314453125e+02
2.049027709960937500e+02
2.042349700927734375e+02
2.035731506347656250e+02
2.028950195312500000e+02
2.022303924560546875e+02
2.015495758056640625e+02
2.008600463867187500e+02
2.001767425537109375e+02
1.994922485351562500e+02
1.987992095947265625e+02
1.981050567626953125e+02
1.974098815917968750e+02
1.967136688232421875e+02
1.960165252685546875e+02
1.953109893798828125e+02
1.946044616699218750e+02
1.938968963623046875e+02
1.931956634521484375e+02
1.924783782958984375e+02
1.917673034667968750e+02
1.910549316406250000e+02
1.903337554931640625e+02
1.896260070800781250e+02
1.889093475341796875e+02
1.881910858154296875e+02
1.874711761474609375e+02
1.867495574951171875e+02
1.860335845947265625e+02
1.853083190917968750e+02
1.845959625244140625e+02
1.838741607666015625e+02
1.831502838134765625e+02
1.824316558837890625e+02
1.817033538818359375e+02
1.809801635742187500e+02
1.802545776367187500e+02
1.795339508056640625e+02
1.788182067871093750e+02
1.780924377441406250e+02
1.773787994384765625e+02
1.766549682617187500e+02
1.759431610107421875e+02
1.752210083007812500e+02
1.745033111572265625e+02
1.737899780273437500e+02
1.730809631347656250e+02
1.723687591552734375e+02
1.716607513427734375e+02
1.709494171142578125e+02
1.702421417236328125e+02
1.695388793945312500e+02
1.688321228027343750e+02
1.681366882324218750e+02
1.674376525878906250e+02
1.667498474121093750e+02
1.660509033203125000e+02
1.653556518554687500e+02
1.646640472412109375e+02
1.639835052490234375e+02
1.632990875244140625e+02
1.626181945800781250e+02
1.619556579589843750e+02
1.612891693115234375e+02
1.606186828613281250e+02
1.599589996337890625e+02
1.593025970458984375e+02
1.586493530273437500e+02
1.579991302490234375e+02
1.573592681884765625e+02
1.567221679687500000e+02
1.560877685546875000e+02
1.554633483886718750e+02
1.548339385986328125e+02
1.542142944335937500e+02
1.535968475341796875e+02
1.529889526367187500e+02
1.523830261230468750e+02
1.517790069580078125e+02
1.511841583251953125e+02
1.505984039306640625e+02
1.500067443847656250e+02
1.494239807128906250e+02
1.488573760986328125e+02
1.482920074462890625e+02
1.477203063964843750e+02
1.471644592285156250e+02
1.466169128417968750e+02
1.460701599121093750e+02
1.455240631103515625e+02
1.449859466552734375e+02
1.444705657958984375e+02
1.439481048583984375e+02
1.434258422851562500e+02
1.429111328125000000e+02
1.424038543701171875e+02
1.419039154052734375e+02
1.414037475585937500e+02
1.409106750488281250e+02
1.404246368408203125e+02
1.399454498291015625e+02
1.394804992675781250e+02
1.390073699951171875e+02
1.385482330322265625e+02
1.381030120849609375e+02
1.376492767333984375e+02
1.372092590332031250e+02
1.367679901123046875e+02
1.363402099609375000e+02
1.359109954833984375e+02
1.354951019287109375e+02
1.350850067138671875e+02
1.346731872558593750e+02
1.342669982910156250e+02
1.338737792968750000e+02
1.334860382080078125e+02
1.330962371826171875e+02
1.327265777587890625e+02
1.323472595214843750e+02
1.319878997802734375e+02
1.316261291503906250e+02
1.312693023681640625e+02
1.309247894287109375e+02
1.305776367187500000e+02
1.302426452636718750e+02
1.299123229980468750e+02
1.295865783691406250e+02
1.292653961181640625e+02
1.289486999511718750e+02
1.286364288330078125e+02
1.283285369873046875e+02
1.280324401855468750e+02
1.277331848144531250e+02
1.274530563354492188e+02
1.271697006225585938e+02
1.268830947875976562e+02
1.266154937744140625e+02
1.263520050048828125e+02
1.260851669311523438e+02
1.258223724365234375e+02
1.255710372924804688e+02
1.253236999511718750e+02
1.250803146362304688e+02
1.248483200073242188e+02
1.246128005981445312e+02
1.243886032104492188e+02
1.241608505249023438e+02
1.239443588256835938e+02
1.237391204833984375e+02
1.235376739501953125e+02
1.233399810791015625e+02
1.231386032104492188e+02
1.229409179687500000e+02
1.227543334960937500e+02
1.225565490722656250e+02
1.223697891235351562e+02
1.222014694213867188e+02
1.220515518188476562e+02
1.218828430175781250e+02
1.217175979614257812e+02
1.215557632446289062e+02
1.214047470092773438e+02
1.212496337890625000e+02
1.210978012084960938e+02
1.209566497802734375e+02
1.208112792968750000e+02
1.206691055297851562e+02
1.205375747680664062e+02
1.204092712402343750e+02
1.202767715454101562e+02
1.201549377441406250e+02
1.200289306640625000e+02
1.199061660766601562e+02
1.197940902709960938e+02
1.196778717041015625e+02
1.195649032592773438e+02
1.194552459716796875e+02
1.193488693237304688e+02
1.192383651733398438e+02
1.191237411499023438e+02
1.190198822021484375e+02
1.189267807006835938e+02
1.188296127319335938e+02
1.187283782958984375e+02
1.186305465698242188e+02
1.185435638427734375e+02
1.184525756835937500e+02
1.183576202392578125e+02
1.182735977172851562e+02
1.181782455444335938e+02
1.181013107299804688e+02
1.180205383300781250e+02
1.179285354614257812e+02
1.178476409912109375e+02
1.177630386352539062e+02
1.176822052001953125e+02
1.175977554321289062e+02
1.175097503662109375e+02
1.174330978393554688e+02
1.173529815673828125e+02
1.172546234130859375e+02
1.171603393554687500e+02
1.170925216674804688e+02
1.170066146850585938e+02
1.169249877929687500e+02
1.168551254272460938e+02
1.167971038818359375e+02
1.167138137817382812e+02
1.166350479125976562e+02
1.165608901977539062e+02
1.164690628051757812e+02
1.163968276977539062e+02
1.163219146728515625e+02
1.162369766235351562e+02
1.161643371582031250e+02
1.160669174194335938e+02
1.159819793701171875e+02
1.159096527099609375e+02
1.158203201293945312e+02
1.157363739013671875e+02
1.156505050659179688e+02
1.155405197143554688e+02
1.154585571289062500e+02
1.153898239135742188e+02
1.153047103881835938e+02
1.152107086181640625e+02
1.151227951049804688e+02
1.150261764526367188e+02
1.149357986450195312e+02
1.148442840576171875e+02
1.147442779541015625e+02
1.146507110595703125e+02
1.145562210083007812e+02
1.144534149169921875e+02
1.143572158813476562e+02
1.142676696777343750e+02
1.141625366210937500e+02
1.140492782592773438e+02
1.139502487182617188e+02
1.138431625366210938e+02
1.137355117797851562e+02
1.136273269653320312e+02
1.135334854125976562e+02
1.134243240356445312e+02
1.133072738647460938e+02
1.131823730468750000e+02
1.130645294189453125e+02
1.129463195800781250e+02
1.128054962158203125e+02
1.126792449951171875e+02
1.125527191162109375e+02
1.124185256958007812e+02
1.122841339111328125e+02
1.121421661376953125e+02
1.120000610351562500e+02
1.118727493286132812e+02
1.117230834960937500e+02
1.115734329223632812e+02
1.114238357543945312e+02
1.112743377685546875e+02
1.111249847412109375e+02
1.109758529663085938e+02
1.108121261596679688e+02
1.106635818481445312e+02
1.104857177734375000e+02
1.103082962036132812e+02
1.101388702392578125e+02
1.099626388549804688e+02
1.097945785522460938e+02
1.096124877929687500e+02
1.094313125610351562e+02
1.092437438964843750e+02
1.090572967529296875e+02
1.088646316528320312e+02
1.086732940673828125e+02
1.084833831787109375e+02
1.082875442504882812e+02
1.080859146118164062e+02
1.078859863281250000e+02
1.076878814697265625e+02
1.074768066406250000e+02
1.072751693725585938e+02
1.070681838989257812e+02
1.068559341430664062e+02
1.066385040283203125e+02
1.064308319091796875e+02
1.062181320190429688e+02
1.059930496215820312e+02
1.057779235839843750e+02
1.055505447387695312e+02
1.053332443237304688e+02
1.051037826538085938e+02
1.048845062255859375e+02
1.046531448364257812e+02
1.044320526123046875e+02
1.042063674926757812e+02
1.039761276245117188e+02
1.037413482666015625e+02
1.035094833374023438e+02
1.032730865478515625e+02
1.030396118164062500e+02
1.028016204833984375e+02
1.025591125488281250e+02
1.023194961547851562e+02
1.020827636718750000e+02
1.018340454101562500e+02
1.015881729125976562e+02
1.013525543212890625e+02
1.010974426269531250e+02
1.008525390625000000e+02
1.006029510498046875e+02
1.003560714721679688e+02
1.000970230102539062e+02
9.985549926757812500e+01
9.960173797607421875e+01
9.934314727783203125e+01
9.909452056884765625e+01
9.883351135253906250e+01
9.857491302490234375e+01
9.831124114990234375e+01
9.805731201171875000e+01
9.779077148437500000e+01
9.752642822265625000e+01
9.725682830810546875e+01
9.699678039550781250e+01
9.673140716552734375e+01
9.645321655273437500e+01
9.618451690673828125e+01
9.591039276123046875e+01
9.563829040527343750e+01
9.536818695068359375e+01
9.509265136718750000e+01
9.481911468505859375e+01
9.454016113281250000e+01
9.426322937011718750e+01
9.398090362548828125e+01
9.370806884765625000e+01
9.342245483398437500e+01
9.313896179199218750e+01
9.286504364013671875e+01
9.257843780517578125e+01
9.229405212402343750e+01
9.201936340332031250e+01
9.173210906982421875e+01
9.145461273193359375e+01
9.116465759277343750e+01
9.089198303222656250e+01
9.059949493408203125e+01
9.032436370849609375e+01
9.004437255859375000e+01
8.976696014404296875e+01
8.949217224121093750e+01
8.921260833740234375e+01
8.893572998046875000e+01
8.866899871826171875e+01
8.839012908935546875e+01
8.812144470214843750e+01
8.784809112548828125e+01
8.757749938964843750e+01
8.730966949462890625e+01
8.704460144042968750e+01
8.678227233886718750e+01
8.651525115966796875e+01
8.625836181640625000e+01
8.599672698974609375e+01
8.573772430419921875e+01
8.547384643554687500e+01
8.522729492187500000e+01
8.497566223144531250e+01
8.472628784179687500e+01
8.447905731201171875e+01
8.423386383056640625e+01
8.398315429687500000e+01
8.374909210205078125e+01
8.350926971435546875e+01
8.326355743408203125e+01
8.303411865234375000e+01
8.279852294921875000e+01
8.256407928466796875e+01
8.233808898925781250e+01
8.210553741455078125e+01
8.187375640869140625e+01
8.164259338378906250e+01
8.141193389892578125e+01
8.118165588378906250e+01
8.095906066894531250e+01
8.073661804199218750e+01
8.051420593261718750e+01
8.029172515869140625e+01
8.006907653808593750e+01
7.985359954833984375e+01
7.963034820556640625e+01
7.941410827636718750e+01
7.918994140625000000e+01
7.898007965087890625e+01
7.875474548339843750e+01
7.854362487792968750e+01
7.832437133789062500e+01
7.810960388183593750e+01
7.790003967285156250e+01
7.769046020507812500e+01
7.747938537597656250e+01
7.727274322509765625e+01
7.706388854980468750e+01
7.685802459716796875e+01
7.665367889404296875e+01
7.644867706298828125e+01
7.624750518798828125e+01
7.604798889160156250e+01
7.584941864013671875e+01
7.565259552001953125e+01
7.545833587646484375e+01
7.526519775390625000e+01
7.507621765136718750e+01
7.488774108886718750e+01
0.000000000000000000e+00
0.000000000000000000e+00
0.000000000000000000e+00
0.000000000000000000e+00
0.000000000000000000e+00
0.000000000000000000e+00
0.000000000000000000e+00
0.000000000000000000e+00
0.000000000000000000e+00
0.000000000000000000e+00
0.000000000000000000e+00
0.000000000000000000e+00
0.000000000000000000e+00
0.000000000000000000e+00
0.000000000000000000e+00
0.000000000000000000e+00
0.000000000000000000e+00
0.000000000000000000e+00
0.000000000000000000e+00
0.000000000000000000e+00
0.000000000000000000e+00
0.000000000000000000e+00
0.000000000000000000e+00
0.000000000000000000e+00
0.000000000000000000e+00
0.000000000000000000e+00
0.000000000000000000e+00
0.000000000000000000e+00
0.000000000000000000e+00
0.000000000000000000e+00
0.000000000000000000e+00
0.000000000000000000e+00
0.000000000000000000e+00
0.000000000000000000e+00
0.000000000000000000e+00
0.000000000000000000e+00
0.000000000000000000e+00
0.000000000000000000e+00
0.000000000000000000e+00
0.000000000000000000e+00
0.000000000000000000e+00
0.000000000000000000e+00
0.000000000000000000e+00
0.000000000000000000e+00
0.000000000000000000e+00
0.000000000000000000e+00
0.000000000000000000e+00
0.000000000000000000e+00
0.000000000000000000e+00
0.000000000000000000e+00
0.000000000000000000e+00
0.000000000000000000e+00
0.000000000000000000e+00
0.000000000000000000e+00
0.000000000000000000e+00
0.000000000000000000e+00
0.000000000000000000e+00
0.000000000000000000e+00
0.000000000000000000e+00
0.000000000000000000e+00
0.000000000000000000e+00
0.000000000000000000e+00
0.000000000000000000e+00
0.000000000000000000e+00
0.000000000000000000e+00
0.000000000000000000e+00
0.000000000000000000e+00
0.000000000000000000e+00
0.000000000000000000e+00
0.000000000000000000e+00
0.000000000000000000e+00
0.000000000000000000e+00
0.000000000000000000e+00
0.000000000000000000e+00
0.000000000000000000e+00
0.000000000000000000e+00
0.000000000000000000e+00
0.000000000000000000e+00
0.000000000000000000e+00
0.000000000000000000e+00
0.000000000000000000e+00
0.000000000000000000e+00
0.000000000000000000e+00
0.000000000000000000e+00
0.000000000000000000e+00
0.000000000000000000e+00
0.000000000000000000e+00
0.000000000000000000e+00
0.000000000000000000e+00
0.000000000000000000e+00
0.000000000000000000e+00
0.000000000000000000e+00
0.000000000000000000e+00
0.000000000000000000e+00
0.000000000000000000e+00
0.000000000000000000e+00
0.000000000000000000e+00
0.000000000000000000e+00
0.000000000000000000e+00
0.000000000000000000e+00
