# d_a
# unit = Mpc
0.000000000000000000e+00
4.399382868169692529e+01
8.691755532819928476e+01
1.288012535274639276e+02
1.696739035922450967e+02
2.095634442935356390e+02
2.484968216002363874e+02
2.865000346235465258e+02
3.235981789499588217e+02
3.598154875332600113e+02
3.951753693036195614e+02
4.297004456404447978e+02
4.634125848452469540e+02
4.963329347411109325e+02
5.284819535164759827e+02
5.598794389227282409e+02
5.905445559275631240e+02
6.204958629190267629e+02
6.497513365487340025e+02
6.783283952967298092e+02
7.062439218349426255e+02
7.335142842610289335e+02
7.601553562696536801e+02
7.861825363238298223e+02
8.116107658848412711e+02
8.364545467554670495e+02
8.607279575876739273e+02
8.844446696026761856e+02
9.076179615681778614e+02
9.302607340747734952e+02
9.523855231508296129e+02
9.740045132527073974e+02
9.951295496648591552e+02
1.015772150342207738e+03
1.035943517225204005e+03
1.055654547056093406e+03
1.074915841723162202e+03
1.093737718158130519e+03
1.112130217810309887e+03
1.130103115719743300e+03
1.147665929210189461e+03
1.164827926221608550e+03
1.181598133300587733e+03
1.197985343266119571e+03
1.213998122567069686e+03
1.229644818346753937e+03
1.244933565229141095e+03
1.259872291840348907e+03
1.274468727078334041e+03
1.288730406142930178e+03
1.302664676337704122e+03
1.316278702654446079e+03
1.329579473150522745e+03
1.342573804128724305e+03
1.355268345128726423e+03
1.367669583738779465e+03
1.379783850235763566e+03
1.391617322061306368e+03
1.403176028141250981e+03
1.414465853055367916e+03
1.425492541063833642e+03
1.436261699996658535e+03
1.446778805011929762e+03
1.457049202228406784e+03
1.467078112237754567e+03
1.476870633501388738e+03
1.486431745636695950e+03
1.495766312597108481e+03
1.504879085750337254e+03
1.513774706858791433e+03
1.522457710966091099e+03
1.530932529193303708e+03
1.539203491448438172e+03
1.547274829052499854e+03
1.555150677285293114e+03
1.562835077853976600e+03
1.570331981287266672e+03
1.577645249258024251e+03
1.584778656836844448e+03
1.591735894679152352e+03
1.598520571148192175e+03
1.605136214376193948e+03
1.611586274265884185e+03
1.617874124434443047e+03
1.624003064101885002e+03
1.629976319925783628e+03
1.635797047784155438e+03
1.641468334508267390e+03
1.646993199567024703e+03
1.652374596704563601e+03
1.657615415532579391e+03
1.662718483078869440e+03
1.667686565293521880e+03
1.672522368514087930e+03
1.677228540891073408e+03
1.681807673774989325e+03
1.686262303066174127e+03
1.690594910528557875e+03
1.694807925068474560e+03
1.698903723979609367e+03
1.702884634155103413e+03
1.706752933267839353e+03
1.710510850919834638e+03
1.714160569761695115e+03
1.717704226583013906e+03
1.721143913374576641e+03
1.724481678363197261e+03
1.727719527020001578e+03
1.730859423042914159e+03
1.733903289314110452e+03
1.736853008833147669e+03
1.739710425626474262e+03
1.742477345633989444e+03
1.745155537573306447e+03
1.747746733782350475e+03
1.750252631040893903e+03
1.752674891371621698e+03
1.755015142821301879e+03
1.757274980222602608e+03
1.759455965937098881e+03
1.761559630579974055e+03
1.763587473726938242e+03
1.765540964603821294e+03
1.767421542759334898e+03
1.769230618721438077e+03
1.770969574637767892e+03
1.772639764900547789e+03
1.774242516756394025e+03
1.775779130901423969e+03
1.777250882062053506e+03
1.778659019561867353e+03
1.780004767874919708e+03
1.781289327165835857e+03
1.782513873817046715e+03
1.783679560943502565e+03
1.784787518895186849e+03
1.785838855747746948e+03
1.786834657781551414e+03
1.787775989949476980e+03
1.788663896333697039e+03
1.789499400591782432e+03
1.790283506392361460e+03
1.791017197840620611e+03
1.791701439893900215e+03
1.792337178767638079e+03
1.792925342331903948e+03
1.793466840498758529e+03
1.793962565600681046e+03
1.794413392760275201e+03
1.794820180251479087e+03
1.795183769852492333e+03
1.795504987190627162e+03
1.795784642079279365e+03
1.796023528847219268e+03
1.796222426660396422e+03
1.796382099836432644e+03
1.796503298151995068e+03
1.796586757143216346e+03
1.796633198399341381e+03
1.796643329849749762e+03
1.796617846044541920e+03
1.796557428428820458e+03
1.796462745610833281e+03
1.796334453624133175e+03
1.796173196183879099e+03
1.795979604937444265e+03
1.795754299709450152e+03
1.795497888741371526e+03
1.795210968925840916e+03
1.794894126035775344e+03
1.794547934948455577e+03
1.794172959864672293e+03
1.793769754523065785e+03
1.793338862409761532e+03
1.792880816963427606e+03
1.792396141775846445e+03
1.791885350788125834e+03
1.791348948482635706e+03
1.790787430070774690e+03
1.790201281676681219e+03
1.789590980516959917e+03
1.788956995076530802e+03
1.788299785280690003e+03
1.787619802663476776e+03
1.786917490532413467e+03
1.786193284129727999e+03
1.785447610790119597e+03
1.784680890095162567e+03
1.783893534024421115e+03
1.783085947103342278e+03
1.782258526548019290e+03
1.781411662406882215e+03
1.780545737699391339e+03
1.779661128551807906e+03
1.778758204330098806e+03
1.777837327770047750e+03
1.776898855104636368e+03
1.775943136188752760e+03
1.774970514621295706e+03
1.773981327864724790e+03
1.772975907362127600e+03
1.771954578651837437e+03
1.770917661479685648e+03
1.769865469908918385e+03
1.768798312427845758e+03
1.767716492055257277e+03
1.766620306443681102e+03
1.765510047980500758e+03
1.764386003887005927e+03
1.763248456315412568e+03
1.762097682443891244e+03
1.760933954569659818e+03
1.759757540200175299e+03
1.758568702142470329e+03
1.757367698590674536e+03
1.756154783211763743e+03
1.754930205229564308e+03
1.753694209507071491e+03
1.752447036627099578e+03
1.751188922971310376e+03
1.749920100797654413e+03
1.748640798316253495e+03
1.747351239763772810e+03
1.746051645476294198e+03
1.744742231960746494e+03
1.743423211964903885e+03
1.742094794545997956e+03
1.740757185137965962e+03
1.739410585617363722e+03
1.738055193435336378e+03
1.736691205382683847e+03
1.735318812141890703e+03
1.733938201993474649e+03
1.732549559971143026e+03
1.731153067920294689e+03
1.729748904555370927e+03
1.728337245516096118e+03
1.726918263422607197e+03
1.725492127929525623e+03
1.724059005778962046e+03
1.722619060852507118e+03
1.721172454222204351e+03
1.719719344200546175e+03
1.718259886389495023e+03
1.716794233728568770e+03
1.715322536541995532e+03
1.713844942584967384e+03
1.712361597089001407e+03
1.710872642806438535e+03
1.709378220054090434e+03
1.707878466756048738e+03
1.706373518485689601e+03
1.704863508506869039e+03
1.703348567814344733e+03
1.701828825173427276e+03
1.700304407158881304e+03
1.698775438193097216e+03
1.697242040583540302e+03
1.695704334559490235e+03
1.694162438308101173e+03
1.692616468009774508e+03
1.691066537872879735e+03
1.689512760167818897e+03
1.687955245260453239e+03
1.686394101644921420e+03
1.684829435975829256e+03
1.683261353099852840e+03
1.681689956086755728e+03
1.680115346259825174e+03
1.678537623225756079e+03
1.676956884903969467e+03
1.675373227555411859e+03
1.673786745810802586e+03
1.672197532698377245e+03
1.670605679671119560e+03
1.669011276633494617e+03
1.667414411967689830e+03
1.665815172559385019e+03
1.664213643823045459e+03
1.662609909726762226e+03
1.661004052816637568e+03
1.659396154240728492e+03
1.657786293772556974e+03
1.656174549834201343e+03
1.654560999518960898e+03
1.652945718613622148e+03
1.651328781620317386e+03
1.649710261777999449e+03
1.648090231083521530e+03
1.646468760312347058e+03
1.644845919038889406e+03
1.643221775656481668e+03
1.641596397397003102e+03
1.639969850350144497e+03
1.638342199482338856e+03
1.636713508655353962e+03
1.635083840644555949e+03
1.633453257156853624e+03
1.631821818848316525e+03
1.630189585341498059e+03
1.628556615242437374e+03
1.626922966157373821e+03
1.625288694709166748e+03
1.623653856553422656e+03
1.622018506394345877e+03
1.620382698000307528e+03
1.618746484219152080e+03
1.617109916993223806e+03
1.615473047374146063e+03
1.613835925537333878e+03
1.612198600796260962e+03
1.610561121616476385e+03
1.608923535629383878e+03
1.607285889645776479e+03
1.605648229669142211e+03
1.604010600908743982e+03
1.602373047792467787e+03
1.600735613979455820e+03
1.599098342372520392e+03
1.597461275130346849e+03
1.595824453679491398e+03
1.594187918726165890e+03
1.592551710267827730e+03
1.590915867604578352e+03
1.589280429350352506e+03
1.587645433443934508e+03
1.586010917159776227e+03
1.584376917118638630e+03
1.582743469298052332e+03
1.581110609042597616e+03
1.579478371074019833e+03
1.577846789501165176e+03
1.576215897829755932e+03
1.574585728972000879e+03
1.572956315256044263e+03
1.571327688435254458e+03
1.569699879697360302e+03
1.568072919673434626e+03
1.566446838446731135e+03
1.564821665561362124e+03
1.563197430030853184e+03
1.561574160346533972e+03
1.559951884485803930e+03
1.558330629920258843e+03
1.556710423623677116e+03
1.555091292079883715e+03
1.553473261290475648e+03
1.551856356782426701e+03
1.550240603615564169e+03
1.548626026389920980e+03
1.547012649252975507e+03
1.545400495906760625e+03
1.543789589614868191e+03
1.542179953209330506e+03
1.540571609097395822e+03
1.538964579268189482e+03
1.537358885299267513e+03
1.535754548363064259e+03
1.534151589233237701e+03
1.532550028290906766e+03
1.530949885530792244e+03
1.529351180567255369e+03
1.527753932640242283e+03
1.526158160621129582e+03
1.524563883018475963e+03
1.522971117983682461e+03
1.521379883316564928e+03
1.519790196470827368e+03
1.518202074559458879e+03
1.516615534360037600e+03
1.515030592319950756e+03
1.513447264561532165e+03
1.511865566887118575e+03
1.510285514784024599e+03
1.508707123429433523e+03
1.507130407695224449e+03
1.505555382152704397e+03
1.503982061077280150e+03
1.502410458453047568e+03
1.500840587977311998e+03
1.499272463065038664e+03
1.497706096853225517e+03
1.496141502205216739e+03
1.494578691714940987e+03
1.493017677711087345e+03
1.491458472261211909e+03
1.489901087175785051e+03
1.488345534012167263e+03
1.486791824078534091e+03
1.485239968437726702e+03
1.483689977911052210e+03
1.482141863082020564e+03
1.480595634300022766e+03
1.479051301683954534e+03
1.477508875125778786e+03
1.475968364294039247e+03
1.474429778637312438e+03
1.472893127387611230e+03
1.471358419563734742e+03
1.469825663974564804e+03
1.468294869222310581e+03
