# d_l
# unit = Mpc
0.000000000000000000e+00
4.487810463819903362e+01
9.042902456345854034e+01
1.366452498672864806e+02
1.835192941253723120e+02
2.310436973336230722e+02
2.792110287500256618e+02
3.280138896404984621e+02
3.774449159272319889e+02
4.274967807382662954e+02
4.781621968573797403e+02
5.294339190735920511e+02
5.813047464298779232e+02
6.337675243709244342e+02
6.868151467900122498e+02
7.404405579753080247e+02
7.946367544561287559e+02
8.493967867498556643e+02
9.047137610104571195e+02
9.605808405796990428e+02
1.016991247442317331e+03
1.073938263586572248e+03
1.131415232271752529e+03
1.189415559204322108e+03
1.247932713624531971e+03
1.306960229305417215e+03
1.366491705466191206e+03
1.426520807602156538e+03
1.487041268233302617e+03
1.548046887573830645e+03
1.609531534124902009e+03
1.671489145192971364e+03
1.733913727336050897e+03
1.796799356740331632e+03
1.860140179529576471e+03
1.923930412009730389e+03
1.988164340851160432e+03
2.052836323210995488e+03
2.117940786797953933e+03
2.183472229882116608e+03
2.249425221251970925e+03
2.315794400121180388e+03
2.382574475987304595e+03
2.449760228444887616e+03
2.517346506955075711e+03
2.585328230574049940e+03
2.653700387642436908e+03
2.722458035437809940e+03
2.791596299792382979e+03
2.861110374677919481e+03
2.930995521759834446e+03
3.001247069922402716e+03
3.071860414766968006e+03
3.142831018084930747e+03
3.214154407307287784e+03
3.285826174932417416e+03
3.357841977933754151e+03
3.430197537148914307e+03
3.502888636651819525e+03
3.575911123109274740e+03
3.649260905123413977e+03
3.722933952561338174e+03
3.796926295873308845e+03
3.871234025400653536e+03
3.945853290674665459e+03
4.020780299707530503e+03
4.096011318276480779e+03
4.171542669202075558e+03
4.247370731621752384e+03
4.323491940259394141e+03
4.399902784692004388e+03
4.476599808614138965e+03
4.553579609101059759e+03
4.630838835871226365e+03
4.708374190548953266e+03
4.786182425927802797e+03
4.864260345235437853e+03
4.942604801400464567e+03
5.021212696321857948e+03
5.100080980141472537e+03
5.179206650520142830e+03
5.258586751917849142e+03
5.338218374878314535e+03
5.418098655318506644e+03
5.498224773823340911e+03
5.578593954945995392e+03
5.659203466514063621e+03
5.740050618941961147e+03
5.821132764549692183e+03
5.902447296888371966e+03
5.983991650072610355e+03
6.065763298120024047e+03
6.147759754298038388e+03
6.229978570478127040e+03
6.312417336497644101e+03
6.395073679529397850e+03
6.477945263459014313e+03
6.561029788270279823e+03
6.644324989438448029e+03
6.727828637331650498e+03
6.811538536620413652e+03
6.895452525695396616e+03
6.979568476093293611e+03
7.063884291930970903e+03
7.148397909347871064e+03
7.233107295956657254e+03
7.318010450302063873e+03
7.403105401328006337e+03
7.488390207852864478e+03
7.573862958052965041e+03
7.659521768954182335e+03
7.745364785931628830e+03
7.831390182217402980e+03
7.917596158416332401e+03
8.003980942029653306e+03
8.090542786986534338e+03
8.177279973183439324e+03
8.264190806031228931e+03
8.351273616009893885e+03
8.438526758230920677e+03
8.525948612007076008e+03
8.613537580429738227e+03
8.701292089953471077e+03
8.789210589987895219e+03
8.877291552496690201e+03
8.965533471603699581e+03
9.053934863206035516e+03
9.142494264594022752e+03
9.231210234077963833e+03
9.320081350621614547e+03
9.409106213482276871e+03
9.498283441857358412e+03
9.587611674537396539e+03
9.677089569565365309e+03
9.766715803902241532e+03
9.856489073098669905e+03
9.946408090972654463e+03
1.003647158929319630e+04
1.012667831746981574e+04
1.021702704224771151e+04
1.030751654740866798e+04
1.039814563347747571e+04
1.048891311743380902e+04
1.057981783242948768e+04
1.067085862751101013e+04
1.076203436734725437e+04
1.085334393196228848e+04
1.094478621647319233e+04
1.103636013083279613e+04
1.112806459957719744e+04
1.121989856157807662e+04
1.131186096979966896e+04
1.140395079106025696e+04
1.149616700579816825e+04
1.158850860784221368e+04
1.168097460418640003e+04
1.177356401476891551e+04
1.186627587225523166e+04
1.195910922182537797e+04
1.205206312096510555e+04
1.214513663926110530e+04
1.223832885819996955e+04
1.233163887097100451e+04
1.242506578227276623e+04
1.251860870812316534e+04
1.261226677567320621e+04
1.270603912302418757e+04
1.279992489904836293e+04
1.289392326321295695e+04
1.298803338540747427e+04
1.308225444577424241e+04
1.317658563454213981e+04
1.327102615186344701e+04
1.336557520765371009e+04
1.346023202143463095e+04
1.355499582217983880e+04
1.364986584816362665e+04
1.374484134681241449e+04
1.383992157455897723e+04
1.393510579669945582e+04
1.403039328725296400e+04
1.412578332882379436e+04
1.422127521246616197e+04
1.431686823755152182e+04
1.441256171163823274e+04
1.450835495034371525e+04
1.460424727721886484e+04
1.470023802362484639e+04
1.479632652861215865e+04
1.489251213880182695e+04
1.498879420826884598e+04
1.508517209842771990e+04
1.518164517792008883e+04
1.527821282250441254e+04
1.537487441494764062e+04
1.547162934491884153e+04
1.556847700888478175e+04
1.566541681000736571e+04
1.576244815804295285e+04
1.585957046924342831e+04
1.595678316625914704e+04
1.605408567804351514e+04
1.615147743975932462e+04
1.624895789268679073e+04
1.634652648413318093e+04
1.644418266734403005e+04
1.654192590141605251e+04
1.663975565121142063e+04
1.673767138727369456e+04
1.683567258574518928e+04
1.693375872828579668e+04
1.703192930199320472e+04
1.713018379932458629e+04
1.722852171801956501e+04
1.732694256102461441e+04
1.742544583641872305e+04
1.752403105734034034e+04
1.762269774191561010e+04
1.772144541318788470e+04
1.782027359904834884e+04
1.791918183216798570e+04
1.801816964993050715e+04
1.811723659436670278e+04
1.821638221208962932e+04
1.831560605423113520e+04
1.841490767637929821e+04
1.851428663851704914e+04
1.861374250496175591e+04
1.871327484430584809e+04
1.881288321926342542e+04
1.891256722661742970e+04
1.901232643770776849e+04
1.911216043765287395e+04
1.921206881556400913e+04
1.931205116449163688e+04
1.941210708137265101e+04
1.951223616697852049e+04
1.961243802586420861e+04
1.971271226631807076e+04
1.981305850031241062e+04
1.991347634345498227e+04
2.001396541494121630e+04
2.011452533750726798e+04
2.021515573738377134e+04
2.031585624425038986e+04
2.041662649119110574e+04
2.051746611465019669e+04
2.061837475438895854e+04
2.071935205344309361e+04
2.082039765808083030e+04
2.092151121776159562e+04
2.102269238509554998e+04
2.112394081580351121e+04
2.122525616867776989e+04
2.132663810554332304e+04
2.142808629121980630e+04
2.152960039348403734e+04
2.163118008303315946e+04
2.173282503344825091e+04
2.183453492115863628e+04
2.193630942540667820e+04
2.203814822821315465e+04
2.214005101434316748e+04
2.224201747127246563e+04
2.234404728915455053e+04
2.244614016078798159e+04
2.254829578158439108e+04
2.265051384953690285e+04
2.275279406518905671e+04
2.285513613160421664e+04
2.295753975433534288e+04
2.306000464139544420e+04
2.316253050322821218e+04
2.326511705267925208e+04
2.336776400496775386e+04
2.347047107765851979e+04
2.357323799063441402e+04
2.367606446606928512e+04
2.377895022840120509e+04
2.388189500430618500e+04
2.398489852267225069e+04
2.408796051457383874e+04
2.419108071324666162e+04
2.429425885406291491e+04
2.439749467450678640e+04
2.450078791415041633e+04
2.460413831463007955e+04
2.470754561962292064e+04
2.481100957482376543e+04
2.491452992792246732e+04
2.501810642858150823e+04
2.512173882841386148e+04
2.522542688096130587e+04
2.532917034167295060e+04
2.543296896788403683e+04
2.553682251879516116e+04
2.564073075545167012e+04
2.574469344072345484e+04
2.584871033928487304e+04
2.595278121759518399e+04
2.605690584387899798e+04
2.616108398810718427e+04
2.626531542197801173e+04
2.636959991889848243e+04
2.647393725396595619e+04
2.657832720395005526e+04
2.668276954727482371e+04
2.678726406400105770e+04
2.689181053580898515e+04
2.699640874598107257e+04
2.710105847938514125e+04
2.720575952245767257e+04
2.731051166318741525e+04
2.741531469109904356e+04
2.752016839723723751e+04
2.762507257415085041e+04
2.773002701587733100e+04
2.783503151792735662e+04
2.794008587726962287e+04
2.804518989231587693e+04
2.815034336290623105e+04
2.825554609029443600e+04
2.836079787713359110e+04
2.846609852746196702e+04
2.857144784668889770e+04
2.867684564158106514e+04
2.878229172024875152e+04
2.888778589213242230e+04
2.899332796798944401e+04
2.909891775988087466e+04
2.920455508115863631e+04
2.931023974645260023e+04
2.941597157165804310e+04
2.952175037392314698e+04
2.962757597163674654e+04
2.973344818441609459e+04
2.983936683309493310e+04
2.994533173971161523e+04
3.005134272749746742e+04
3.015739962086513697e+04
3.026350224539732153e+04
3.036965042783542958e+04
3.047584399606845909e+04
3.058208277912208723e+04
3.068836660714771642e+04
3.079469531141190237e+04
3.090106872428562565e+04
3.100748667923399626e+04
3.111394901080582713e+04
3.122045555462344782e+04
3.132700614737275464e+04
3.143360062679309704e+04
3.154023883166759697e+04
3.164692060181335546e+04
3.175364577807188107e+04
3.186041420229970390e+04
3.196722571735885867e+04
3.207408016710776792e+04
3.218097739639208521e+04
3.228791725103565113e+04
3.239489957783155842e+04
3.250192422453336258e+04
3.260899103984638714e+04
3.271609987341909073e+04
3.282325057583458693e+04
3.293044299860217870e+04
3.303767699414920207e+04
3.314495241581262962e+04
3.325226911783109244e+04
3.335962695533681836e+04
3.346702578434771567e+04
3.357446546175948606e+04
3.368194584533799207e+04
3.378946679371151549e+04
3.389702816636313946e+04
3.400462982362350158e+04
3.411227162666311051e+04
3.421995343748524465e+04
3.432767511891861795e+04
3.443543653461024223e+04
3.454323754901850043e+04
3.465107802740592160e+04
3.475895783583247976e+04
3.486687684114868898e+04
3.497483491098884406e+04
3.508283191376435570e+04
3.519086771865716582e+04
3.529894219561317004e+04
3.540705521533584397e+04
3.551520664927977487e+04
3.562339636964436795e+04
3.573162424936766183e+04
3.583989016212007118e+04
3.594819398229834042e+04
3.605653558501944644e+04
3.616491484611469787e+04
3.627333164212370320e+04
3.638178585028865928e+04
3.649027734854845767e+04
3.659880601553306769e+04
3.670737173055776657e+04
