# mu
-inf
3.326017253418244479e+01
3.478153923117201174e+01
3.567797269561057050e+01
3.631840865061602841e+01
3.681847062924737202e+01
3.722966284394402692e+01
3.757946117079173121e+01
3.788426789963541808e+01
3.815466424312363358e+01
3.839787619071384484e+01
3.861905880831175608e+01
3.882201934521278019e+01
3.900964990614379246e+01
3.918419932189389954e+01
3.934745099707136262e+01
3.950084324336719988e+01
3.964555306865447903e+01
3.978255598068405163e+01
3.991266960049298973e+01
4.003658607629581923e+01
4.015489658114579896e+01
4.026811010680646064e+01
4.037666807687137549e+01
4.048095584784836376e+01
4.058131186117742573e+01
4.067803499945844692e+01
4.077139055385573840e+01
4.086161510594973834e+01
4.094892055274922882e+01
4.103349744925938580e+01
4.111551780294355751e+01
4.119513742454178384e+01
4.127249791719328442e+01
4.134772836867612966e+01
4.142094679841871852e+01
4.149226140074642899e+01
4.156177161787088892e+01
4.162956906987153616e+01
4.169573836396219235e+01
4.176035780138337827e+01
4.182349999708954158e+01
4.188523242484099285e+01
4.194561789823266906e+01
4.200471499649633245e+01
4.206257844252272804e+01
4.211925943940389061e+01
4.217480597084750116e+01
4.222926307002605029e+01
4.228267306076511289e+01
4.233507577442267689e+01
4.238650874534681634e+01
4.243700738740650280e+01
4.248660515375770785e+01
4.253533368172399776e+01
4.258322292442943535e+01
4.263030127061496444e+01
4.267659565389241294e+01
4.272213165253708667e+01
4.276693358078875207e+01
4.281102457251623150e+01
4.285442665800226081e+01
4.289716083451885709e+01
4.293924713128865278e+01
4.298070466936177070e+01
4.302155171688059454e+01
4.306180574015409235e+01
4.310148345091915445e+01
4.314060085012723533e+01
4.317917326855990723e+01
4.321721540454657884e+01
4.325474135903031936e+01
4.329176466820383951e+01
4.332829833391596708e+01
4.336435485203035967e+01
4.339994623890058278e+01
4.343508405611092371e+01
4.346977943361835628e+01
4.350404309141907788e+01
4.353788535985181340e+01
4.357131619864044580e+01
4.360434521476945235e+01
4.363698167927766036e+01
4.366923454304864549e+01
4.370111245166943803e+01
4.373262375942334756e+01
4.376377654247730931e+01
4.379457861131934493e+01
4.382503752249706963e+01
4.385516058970448228e+01
4.388495489426036755e+01
4.391442729501827102e+01
4.394358443774514456e+01
4.397243276400282497e+01
4.400097851956389405e+01
4.402922776239135771e+01
4.405718637020920880e+01
4.408486004768913347e+01
4.411225433327665257e+01
4.413937460567858295e+01
4.416622609003189837e+01
4.419281386377290488e+01
4.421914286222411761e+01
4.424521788391533050e+01
4.427104359565399960e+01
4.429662453735913630e+01
4.432196512667210442e+01
4.434706966335655665e+01
4.437194233349929817e+01
4.439658721352277837e+01
4.442100827401947072e+01
4.444520938341766225e+01
4.446919431148751300e+01
4.449296673269591196e+01
4.451653022941781046e+01
4.453988829501160751e+01
4.456304433676537258e+01
4.458600167872060638e+01
4.460876356437952950e+01
4.463133315930174660e+01
4.465371355359578587e+01
4.467590776431058686e+01
4.469791873773178281e+01
4.471974935158739584e+01
4.474140241716717981e+01
4.476288068135978904e+01
4.478418682861152433e+01
4.480532348281035127e+01
4.482629320909856574e+01
4.484709851561748195e+01
4.486774185518710567e+01
4.488822562692376295e+01
4.490855217779843400e+01
4.492872380413843558e+01
4.494874275307492439e+01
4.496861122393854515e+01
4.498833136960553958e+01
4.500790529779634142e+01
4.502733507232878196e+01
4.504662271432771092e+01
4.506577020339292972e+01
4.508477947872724201e+01
4.510365244022597153e+01
4.512239094952997220e+01
4.514099683104320349e+01
4.515947187291654075e+01
4.517781782799909251e+01
4.519603641475832490e+01
4.521412931817020819e+01
4.523209819058066472e+01
4.524994465253919884e+01
4.526767029360611616e+01
4.528527667313402105e+01
4.530276532102479337e+01
4.532013773846291826e+01
4.533739539862595080e+01
4.535453974737318106e+01
4.537157220391306112e+01
4.538849416145043136e+01
4.540530698781403629e+01
4.542201202606527488e+01
4.543861059508868294e+01
4.545510399016491476e+01
4.547149348352682807e+01
4.548778032489920520e+01
4.550396574202278543e+01
4.552005094116312733e+01
4.553603710760474854e+01
4.555192540613116137e+01
4.556771698149125882e+01
4.558341295885247746e+01
4.559901444424122019e+01
4.561452252497097959e+01
4.562993827005851699e+01
4.564526273062859474e+01
4.566049694030752448e+01
4.567564191560600761e+01
4.569069865629155913e+01
4.570566814575080627e+01
4.572055135134218773e+01
4.573534922473903919e+01
4.575006270226373317e+01
4.576469270521287314e+01
4.577924014017398946e+01
4.579370589933392210e+01
4.580809086077920256e+01
4.582239588878864112e+01
4.583662183411840374e+01
4.585076953427979873e+01
4.586483981380992958e+01
4.587883348453553367e+01
4.589275134583019167e+01
4.590659418486504251e+01
4.592036277685323142e+01
4.593405788528833256e+01
4.594768026217684564e+01
4.596123064826500126e+01
4.597470977326002384e+01
4.598811835604593057e+01
4.600145710489421447e+01
4.601472671766941858e+01
4.602792788202967955e+01
4.604106127562262429e+01
4.605412756627654147e+01
4.606712741218702689e+01
4.608006146209924481e+01
4.609293035548596151e+01
4.610573472272133699e+01
4.611847518525078726e+01
4.613115235575684636e+01
4.614376683832126957e+01
4.615631922858335656e+01
4.616881011389475020e+01
4.618124007347066140e+01
4.619360967853772593e+01
4.620591949247850039e+01
4.621817007097270391e+01
4.623036196213543292e+01
4.624249570665214293e+01
4.625457183791078819e+01
4.626659088213095572e+01
4.627855335849027085e+01
4.629045977924793931e+01
4.630231064986569578e+01
4.631410646912610218e+01
4.632584772924829508e+01
4.633753491600127461e+01
4.634916850881475625e+01
4.636074898088766361e+01
4.637227679812915682e+01
4.638375242388644892e+01
4.639517631216527604e+01
4.640654891228143697e+01
4.641787066782915616e+01
4.642914201677666597e+01
4.644036339155978510e+01
4.645153521917363548e+01
4.646265792126235539e+01
4.647373191420712857e+01
4.648475760921233757e+01
4.649573541238996199e+01
4.650666572484235672e+01
4.651754894274330354e+01
4.652838545741744269e+01
4.653917565541814128e+01
4.654991991860384815e+01
4.656061862421284303e+01
4.657127214493664979e+01
4.658188084899188652e+01
4.659244510019077268e+01
4.660296525801025780e+01
4.661344167765982149e+01
4.662387471014790918e+01
4.663426470234716703e+01
4.664461199705837657e+01
4.665491693307316723e+01
4.666517984523555640e+01
4.667540106450232429e+01
4.668558091800221632e+01
4.669571972909408686e+01
4.670581781742387761e+01
4.671587549898059422e+01
4.672589308615123116e+01
4.673587088777466647e+01
4.674580920919450477e+01
4.675570835231108902e+01
4.676556861563241085e+01
4.677539029432417550e+01
4.678517368025893575e+01
4.679491906206428098e+01
4.680462672517026590e+01
4.681429695185589424e+01
4.682393002129477111e+01
4.683352620959999513e+01
4.684308578986816229e+01
4.685260903222272333e+01
4.686209620385639596e+01
4.687154756907300168e+01
4.688096338932841434e+01
4.689034392327090472e+01
4.689968942678074626e+01
4.690900015300907455e+01
4.691827635241617145e+01
4.692751827280898880e+01
4.693672615937810377e+01
4.694590025473399919e+01
4.695504079894270433e+01
4.696414802956088863e+01
4.697322218167028751e+01
4.698226348791160945e+01
4.699127217851781069e+01
4.700024848134684419e+01
4.700919262191386849e+01
4.701810482342287401e+01
4.702698530679780475e+01
4.703583429071321120e+01
4.704465199162427780e+01
4.705343862379648812e+01
4.706219439933470028e+01
4.707091952821178182e+01
4.707961421829680404e+01
4.708827867538271761e+01
4.709691310321362323e+01
4.710551770351158041e+01
4.711409267600298278e+01
4.712263821844453560e+01
4.713115452664875704e+01
4.713964179450911729e+01
4.714810021402481510e+01
4.715652997532501445e+01
4.716493126669288216e+01
4.717330427458910691e+01
4.718164918367510552e+01
4.718996617683585981e+01
4.719825543520238398e+01
4.720651713817386508e+01
4.721475146343938434e+01
4.722295858699943949e+01
4.723113868318698394e+01
4.723929192468823146e+01
4.724741848256311982e+01
4.725551852626544047e+01
4.726359222366269819e+01
4.727163974105565103e+01
4.727966124319748786e+01
4.728765689331286382e+01
4.729562685311648806e+01
4.730357128283152690e+01
4.731149034120771546e+01
4.731938418553916392e+01
4.732725297168192924e+01
4.733509685407133105e+01
4.734291598573896209e+01
4.735071051832951383e+01
4.735848060211728949e+01
4.736622638602251811e+01
4.737394801762741281e+01
4.738164564319199457e+01
4.738931940766966733e+01
4.739696945472259415e+01
4.740459592673684597e+01
4.741219896483731588e+01
4.741977870890242031e+01
4.742733529757860111e+01
4.743486886829458626e+01
4.744237955727552247e+01
4.744986749955678818e+01
4.745733282899773542e+01
4.746477567829512623e+01
4.747219617899645527e+01
4.747959446151306651e+01
4.748697065513303528e+01
4.749432488803395813e+01
4.750165728729546544e+01
4.750896797891164880e+01
4.751625708780325397e+01
4.752352473782972453e+01
4.753077105180108219e+01
4.753799615148962943e+01
4.754520015764150997e+01
4.755238318998811309e+01
4.755954536725725745e+01
4.756668680718432540e+01
4.757380762652316974e+01
4.758090794105689270e+01
4.758798786560848271e+01
4.759504751405130207e+01
4.760208699931943954e+01
4.760910643341790660e+01
4.761610592743274140e+01
4.762308559154088528e+01
4.763004553502003802e+01
4.763698586625832831e+01
4.764390669276380663e+01
4.765080812117393805e+01
4.765769025726481090e+01
4.766455320596037382e+01
4.767139707134145254e+01
4.767822195665468143e+01
4.768502796432133550e+01
4.769181519594597773e+01
4.769858375232511349e+01
4.770533373345560335e+01
4.771206523854304749e+01
4.771877836601007061e+01
4.772547321350437954e+01
4.773214987790693442e+01
4.773880845533975048e+01
4.774544904117386324e+01
4.775207173003695971e+01
4.775867661582108781e+01
4.776526379169015257e+01
4.777183335008740528e+01
4.777838538274274072e+01
4.778491998068000868e+01
4.779143723422414780e+01
4.779793723300827679e+01
4.780442006598067906e+01
4.781088582141167365e+01
4.781733458690050753e+01
4.782376644938199206e+01
