# k_h
1.047687055688584223e-05
1.157906353910220787e-05
1.279720891034230590e-05
1.414350663253571838e-05
1.563143814564682543e-05
1.727590461086947471e-05
1.909337152028456330e-05
2.110204150085337460e-05
2.332202893740031868e-05
2.577556369942612946e-05
2.848721487680450082e-05
3.148414180031977594e-05
3.479635051917284727e-05
3.845701212412677705e-05
4.250278288964182138e-05
4.697417898569256067e-05
5.191598029341548681e-05
5.737766696256585419e-05
6.341394328046590090e-05
7.008523971308022738e-05
7.745838229311630130e-05
8.560719288652762771e-05
9.461327863391488791e-05
1.045668323058634996e-04
1.155675199697725475e-04
1.277255068998783827e-04
1.411625416949391365e-04
1.560131931910291314e-04
1.724261674098670483e-04
1.905658136820420623e-04
2.106138126691803336e-04
2.327708934899419546e-04
2.572589728515595198e-04
2.843232359737157822e-04
3.142347559332847595e-04
3.472930111456662416e-04
3.838290867861360312e-04
4.242088471073657274e-04
4.688366898335516453e-04
5.181594751775264740e-04
5.726710660383105278e-04
6.329175084829330444e-04
6.995019502937793732e-04
7.730912766419351101e-04
8.544223965145647526e-04
9.443097515031695366e-04
1.043653464876115322e-03
1.153448363766074181e-03
1.274793990887701511e-03
1.408905372954905033e-03
1.557125709950923920e-03
1.720939180813729763e-03
1.901986193843185902e-03
2.102079801261425018e-03
2.323223743587732315e-03
2.567632589489221573e-03
2.837753854691982269e-03
3.136292565613985062e-03
3.466238267719745636e-03
3.830895060673356056e-03
4.233914893120527267e-03
4.679332952946424484e-03
5.171610042452812195e-03
5.715676117688417435e-03
6.316979415714740753e-03
6.981541402637958527e-03
7.716016378253698349e-03
8.527760393917560577e-03
9.424901567399501801e-03
1.041642483323812485e-02
1.151225809007883072e-02
1.272337604314088821e-02
1.406190637499094009e-02
1.554125361144542694e-02
1.717623136937618256e-02
1.898321323096752167e-02
2.098029479384422302e-02
2.318747341632843018e-02
2.562685124576091766e-02
2.832285873591899872e-02
3.130249306559562683e-02
3.459559381008148193e-02
3.823513537645339966e-02
4.225756600499153137e-02
4.648332297801971436e-02
5.070907995104789734e-02
5.493483319878578186e-02
5.916059017181396484e-02
6.338635087013244629e-02
6.761210411787033081e-02
7.183786481618881226e-02
7.606361806392669678e-02
8.028937876224517822e-02
8.451513200998306274e-02
8.874088525772094727e-02
9.507500380277633667e-02
1.014091223478317261e-01
1.077432408928871155e-01
1.140773519873619080e-01
1.204114705324172974e-01
1.267455816268920898e-01
1.330797076225280762e-01
1.394138187170028687e-01
1.457479298114776611e-01
1.520820558071136475e-01
1.584161669015884399e-01
1.647502928972244263e-01
1.710844039916992188e-01
1.774185150861740112e-01
1.837526410818099976e-01
1.900867521762847900e-01
1.964208632707595825e-01
2.027549892663955688e-01
2.090891003608703613e-01
2.154232114553451538e-01
2.217573374509811401e-01
2.280914485454559326e-01
2.344255745410919189e-01
2.407596856355667114e-01
2.470937967300415039e-01
2.534279227256774902e-01
2.597620487213134766e-01
2.660961449146270752e-01
2.724302709102630615e-01
2.787643969058990479e-01
2.850984930992126465e-01
2.914326190948486328e-01
2.977667450904846191e-01
3.041008412837982178e-01
3.104349672794342041e-01
3.167690932750701904e-01
3.231031894683837891e-01
3.294373154640197754e-01
3.357714414596557617e-01
3.421055376529693604e-01
3.484396636486053467e-01
3.547737896442413330e-01
3.611078858375549316e-01
3.674420118331909180e-01
3.737761378288269043e-01
3.801102340221405029e-01
3.864443600177764893e-01
3.927784860134124756e-01
3.991126120090484619e-01
4.054467082023620605e-01
4.117808341979980469e-01
4.181149601936340332e-01
4.244490563869476318e-01
4.307831823825836182e-01
4.371173083782196045e-01
4.434514045715332031e-01
4.497855305671691895e-01
4.561196565628051758e-01
4.624537527561187744e-01
4.687878787517547607e-01
4.751220047473907471e-01
4.814561009407043457e-01
4.877902269363403320e-01
4.941243529319763184e-01
5.004584789276123047e-01
5.067926049232482910e-01
5.131266713142395020e-01
5.194607973098754883e-01
5.257949233055114746e-01
5.321290493011474609e-01
5.384631752967834473e-01
5.447973012924194336e-01
6.167014837265014648e-01
8.606762290000915527e-01
1.201170444488525391e+00
1.676368474960327148e+00
2.339560508728027344e+00
3.265119791030883789e+00
4.556841850280761719e+00
6.359585285186767578e+00
8.875515937805175781e+00
1.238678073883056641e+01
1.728714370727539062e+01
2.412615394592285156e+01
3.367076110839843750e+01
4.699132919311523438e+01
6.558168792724609375e+01
9.152661132812500000e+01
