# bb
7.763587461795395939e-08
1.553762842831929447e-07
2.591902159565506736e-07
3.892153301876533078e-07
5.456188887364987750e-07
7.285991614480735734e-07
9.383815608998702373e-07
1.175218812932143919e-06
1.439386892343463842e-06
1.731182351250026841e-06
2.050920784313348122e-06
2.398932565483846702e-06
2.775561824819305912e-06
3.181160082021960989e-06
3.616086132751661353e-06
4.080700819031335413e-06
4.575364073389209807e-06
5.100432645122054964e-06
5.656256234942702577e-06
6.243173174880212173e-06
6.861509518785169348e-06
7.511575404350878671e-06
8.193663234123960137e-06
8.908041309041436762e-06
9.654957466409541667e-06
1.043463180394610390e-05
1.124726077250670642e-05
1.209300990012707189e-05
1.297201561101246625e-05
1.388438522553769872e-05
1.483019696024712175e-05
1.580949174240231514e-05
1.682228867139201611e-05
1.786857319530099630e-05
1.894830165838357061e-05
2.006140312005300075e-05
2.120778299286030233e-05
2.238731758552603424e-05
2.359986501687671989e-05
2.484526703483425081e-05
2.612334174045827240e-05
2.743389813986141235e-05
2.877673250623047352e-05
3.015163201780524105e-05
3.155838203383609653e-05
3.299676609458401799e-05
3.446656774030998349e-05
3.596757596824318171e-05
3.749960160348564386e-05
3.906245183316059411e-05
4.065595567226409912e-05
4.227996396366506815e-05
4.393434937810525298e-05
4.561900277622044086e-05
4.733385503641329706e-05
4.907885886495932937e-05
5.085399607196450233e-05
5.265929212328046560e-05
5.449480522656813264e-05
5.636062269331887364e-05
5.825688276672735810e-05
6.018373824190348387e-05
6.214140739757567644e-05
6.413013761630281806e-05
6.615019810851663351e-05
6.820191629230976105e-05
7.028563413769006729e-05
7.240173727041110396e-05
7.455063314409926534e-05
7.673276559216901660e-05
7.894860755186527967e-05
8.119863196043297648e-05
8.348335541086271405e-05
8.580329449614509940e-05
8.815896580927073956e-05
9.055092232301831245e-05
9.297969518229365349e-05
9.544581553200259805e-05
9.794982179300859571e-05
1.004922305583022535e-04
1.030735511449165642e-04
1.056942564900964499e-04
1.083548268070444465e-04
1.110556695493869483e-04
1.137972067226655781e-04
1.165797948488034308e-04
1.194037686218507588e-04
1.222694263560697436e-04
1.251769717782735825e-04
1.281266449950635433e-04
1.311185769736766815e-04
1.341528550256043673e-04
1.372295228065922856e-04
1.403485948685556650e-04
1.435099547961726785e-04
1.467135589336976409e-04
1.499591744504868984e-04
1.532466267235577106e-04
1.565756101626902819e-04
1.599458337295800447e-04
1.633569481782615185e-04
1.668084878474473953e-04
1.703000743873417377e-04
1.738311693770810962e-04
1.774012926034629345e-04
1.810098765417933464e-04
1.846563827712088823e-04
1.883402001112699509e-04
1.920607319334521890e-04
1.958173816092312336e-04
1.996095088543370366e-04
2.034365170402452350e-04
2.072978240903466940e-04
2.111928188242018223e-04
2.151209046132862568e-04
2.190815721405670047e-04
2.230742538813501596e-04
2.270985132781788707e-04
2.311538701178506017e-04
2.352398732909932733e-04
2.393562317593023181e-04
2.435025962768122554e-04
2.476786903571337461e-04
2.518843393772840500e-04
2.561193541623651981e-04
2.603836765047162771e-04
2.646773064043372869e-04
2.690002147573977709e-04
2.733525470830500126e-04
2.777344489004462957e-04
2.821461239363998175e-04
2.865879214368760586e-04
2.910601324401795864e-04
2.955631643999367952e-04
3.000974829774349928e-04
3.046635538339614868e-04
3.092620463576167822e-04
3.138934262096881866e-04
3.185583918821066618e-04
3.232576418668031693e-04
3.279918164480477571e-04
3.327617014292627573e-04
3.375680244062095881e-04
3.424115129746496677e-04
3.472929529380053282e-04
3.522131300996989012e-04
3.571728011593222618e-04
3.621726937126368284e-04
3.672135644592344761e-04
3.722961409948766232e-04
3.774210636038333178e-04
3.825890307780355215e-04
3.878006245940923691e-04
3.930564562324434519e-04
3.983570204582065344e-04
4.037028120364993811e-04
4.090942384209483862e-04
4.145316779613494873e-04
4.200154507998377085e-04
4.255458188708871603e-04
4.311228694859892130e-04
4.367468063719570637e-04
4.424177168402820826e-04
4.481355135794728994e-04
4.539001383818686008e-04
4.597115330398082733e-04
4.655694938264787197e-04
4.714736714959144592e-04
4.774239496327936649e-04
4.834197752643376589e-04
4.894609446637332439e-04
4.955469630658626556e-04
5.016773357056081295e-04
5.078516551293432713e-04
5.140692810527980328e-04
5.203297478146851063e-04
5.266325315460562706e-04
5.329769919626414776e-04
5.393627216108143330e-04
5.457890802063047886e-04
5.522556020878255367e-04
5.587616469711065292e-04
5.653069238178431988e-04
5.718908505514264107e-04
5.785130779258906841e-04
5.851731984876096249e-04
5.918710376136004925e-04
5.986062460578978062e-04
6.053785327821969986e-04
6.121879559941589832e-04
6.190343992784619331e-04
6.259179208427667618e-04
6.328384624794125557e-04
6.397963734343647957e-04
6.467918283306062222e-04
6.538251182064414024e-04
6.608966505154967308e-04
6.680070073343813419e-04
6.751566543243825436e-04
6.823463481850922108e-04
6.895766709931194782e-04
6.968484958633780479e-04
7.041626959107816219e-04
7.115200860425829887e-04
7.189217722043395042e-04
7.263687439262866974e-04
7.338620489463210106e-04
7.414028514176607132e-04
7.489923154935240746e-04
7.566316635347902775e-04
7.643220014870166779e-04
7.720647845417261124e-04
7.798610604368150234e-04
7.877121097408235073e-04
7.956192712299525738e-04
8.035837672650814056e-04
8.116067619994282722e-04
8.196894777938723564e-04
8.278330788016319275e-04
8.360386709682643414e-04
8.443074184469878674e-04
8.526402525603771210e-04
8.610382210463285446e-04
8.695023134350776672e-04
8.780331700108945370e-04
8.866317803040146828e-04
8.952988428063690662e-04
9.040350560098886490e-04
9.128409437835216522e-04
9.217169717885553837e-04
9.306636638939380646e-04
9.396813693456351757e-04
9.487704373896121979e-04
9.579309262335300446e-04
9.671631269156932831e-04
9.764672140590846539e-04
9.858430130407214165e-04
9.952906984835863113e-04
1.004809979349374771e-03
1.014400972053408623e-03
1.024063210934400558e-03
1.033796812407672405e-03
1.043601427227258682e-03
1.053476589731872082e-03
1.063422416336834431e-03
1.073438208550214767e-03
1.083524082787334919e-03
1.093679573386907578e-03
1.103904447518289089e-03
1.114198472350835800e-03
1.124561415053904057e-03
1.134993042796850204e-03
1.145493355579674244e-03
1.156062236987054348e-03
1.166699570603668690e-03
1.177405356429517269e-03
1.188179943710565567e-03
1.199023216031491756e-03
1.209935522638261318e-03
1.220917212776839733e-03
1.231968519277870655e-03
1.243090140633285046e-03
1.254282542504370213e-03
1.265546423383057117e-03
1.276882365345954895e-03
1.288291299715638161e-03
1.299774041399359703e-03
1.311331754550337791e-03
1.322965254075825214e-03
1.334675820544362068e-03
1.346464618109166622e-03
1.358333043754100800e-03
1.370282145217061043e-03
1.382313552312552929e-03
1.394428662024438381e-03
1.406628987751901150e-03
1.418915926478803158e-03
1.431291108019649982e-03
1.443756162188947201e-03
1.456312718801200390e-03
1.468962291255593300e-03
1.481706392951309681e-03
1.494546886533498764e-03
1.507485052570700645e-03
1.520522753708064556e-03
1.533661270514130592e-03
1.546902232803404331e-03
1.560247037559747696e-03
1.573697198182344437e-03
1.587253878824412823e-03
1.600918592885136604e-03
1.614692271687090397e-03
1.628576312214136124e-03
1.642571645788848400e-03
1.656679320149123669e-03
1.670900266617536545e-03
1.685235416516661644e-03
1.699685351923108101e-03
1.714250771328806877e-03
1.728932373225688934e-03
1.743730739690363407e-03
1.758645870722830296e-03
1.773678581230342388e-03
1.788828987628221512e-03
1.804097439162433147e-03
1.819483586587011814e-03
1.834988244809210300e-03
1.850610948167741299e-03
1.866351696662604809e-03
1.882210490293800831e-03
1.898187445476651192e-03
1.914282212965190411e-03
1.930494559928774834e-03
1.946824602782726288e-03
1.963271759450435638e-03
1.979836262762546539e-03
1.996517879888415337e-03
2.013316377997398376e-03
2.030231524258852005e-03
2.047263318672776222e-03
2.064411761239171028e-03
2.081676851958036423e-03
2.099058590829372406e-03
2.116557210683822632e-03
2.134172711521387100e-03
2.151905093342065811e-03
2.169755287468433380e-03
2.187723061069846153e-03
2.205809345468878746e-03
2.224014373496174812e-03
2.242338843643665314e-03
2.260783221572637558e-03
2.279348671436309814e-03
2.298035891726613045e-03
2.316845813766121864e-03
2.335779601708054543e-03
2.354838186874985695e-03
2.374022500589489937e-03
2.393334172666072845e-03
2.412774367257952690e-03
2.432344714179635048e-03
2.452046144753694534e-03
2.471880288794636726e-03
2.491848776116967201e-03
2.511952770873904228e-03
2.532194368541240692e-03
2.552575198933482170e-03
2.573095960542559624e-03
2.593758981674909592e-03
2.614565659314393997e-03
2.635517623275518417e-03
2.656616270542144775e-03
2.677862998098134995e-03
2.699259668588638306e-03
2.720807446166872978e-03
2.742507727816700935e-03
2.764361910521984100e-03
2.786370925605297089e-03
2.808536402881145477e-03
2.830859506502747536e-03
2.853340702131390572e-03
2.875981386750936508e-03
2.898782258853316307e-03
2.921744249761104584e-03
2.944867825135588646e-03
2.968153450638055801e-03
2.991602057591080666e-03
3.015213878825306892e-03
3.038988914340734482e-03
3.062927862629294395e-03
3.087030723690986633e-03
3.111297264695167542e-03
3.135727718472480774e-03
3.160321852192282677e-03
3.185079898685216904e-03
3.210001159459352493e-03
3.235085634514689445e-03
3.260332858189940453e-03
3.285742364823818207e-03
3.311314154416322708e-03
3.337047295644879341e-03
3.362941555678844452e-03
3.388996701687574387e-03
3.415211569517850876e-03
3.441586392000317574e-03
3.468120703473687172e-03
3.494813339784741402e-03
3.521664300933480263e-03
3.548673586919903755e-03
3.575840033590793610e-03
3.603164106607437134e-03
3.630644874647259712e-03
3.658282803371548653e-03
3.686077194288372993e-03
3.714028513059020042e-03
3.742136294022202492e-03
3.770400770008563995e-03
3.798822173848748207e-03
3.827400738373398781e-03
3.856136230751872063e-03
3.885029815137386322e-03
3.914081491529941559e-03
3.943292424082756042e-03
3.972661681473255157e-03
4.002191592007875443e-03
4.031882155686616898e-03
4.061733838170766830e-03
4.091748502105474472e-03
4.121925681829452515e-03
4.152267705649137497e-03
4.182774573564529419e-03
4.213448148220777512e-03
4.244287963956594467e-03
4.275297280400991440e-03
4.306475631892681122e-03
4.337823949754238129e-03
4.369344096630811691e-03
4.401037469506263733e-03
4.432903602719306946e-03
4.464944824576377869e-03
4.497161600738763809e-03
4.529554862529039383e-03
4.562125541269779205e-03
4.594875033944845200e-03
4.627802874892950058e-03
4.660910461097955704e-03
4.694198258221149445e-03
4.727667197585105896e-03
4.761317279189825058e-03
4.795148968696594238e-03
4.829162731766700745e-03
4.863358102738857269e-03
4.897735547274351120e-03
4.932295531034469604e-03
4.967036657035350800e-03
5.001959856599569321e-03
5.037064664065837860e-03
5.072350148111581802e-03
5.107816308736801147e-03
5.143462214618921280e-03
5.179287400096654892e-03
5.215290933847427368e-03
5.251472350209951401e-03
5.287830252200365067e-03
5.324364174157381058e-03
5.361072253435850143e-03
5.397954955697059631e-03
5.435009952634572983e-03
5.472236312925815582e-03
5.509633105248212814e-03
5.547199863940477371e-03
5.584933795034885406e-03
5.622834898531436920e-03
5.660901777446269989e-03
5.699133500456809998e-03
5.737528670579195023e-03
5.776085890829563141e-03
5.814804229885339737e-03
5.853683222085237503e-03
5.892721470445394516e-03
5.931918043643236160e-03
5.971272476017475128e-03
6.010782904922962189e-03
6.050449796020984650e-03
6.090271752327680588e-03
6.130248308181762695e-03
6.170379463583230972e-03
6.210663821548223495e-03
6.251101847738027573e-03
6.291692610830068588e-03
6.332436576485633850e-03
6.373332813382148743e-03
6.414381321519613266e-03
6.455582566559314728e-03
6.496936082839965820e-03
6.538442336022853851e-03
6.580100860446691513e-03
6.621911656111478806e-03
6.663876120001077652e-03
6.705992855131626129e-03
6.748263724148273468e-03
6.790687795728445053e-03
6.833265069872140884e-03
6.875996943563222885e-03
6.918882951140403748e-03
6.961924023926258087e-03
7.005118764936923981e-03
7.048468571156263351e-03
7.091973908245563507e-03
7.135633379220962524e-03
7.179448846727609634e-03
7.223417982459068298e-03
7.267543114721775055e-03
7.311822846531867981e-03
7.356256246566772461e-03
7.400844246149063110e-03
7.445585448294878006e-03
7.490479387342929840e-03
7.535526994615793228e-03
7.580725010484457016e-03
7.626074831932783127e-03
7.671574596315622330e-03
7.717222906649112701e-03
7.763020228594541550e-03
7.808963768184185028e-03
7.855053059756755829e-03
7.901285775005817413e-03
7.947660982608795166e-03
7.994178682565689087e-03
8.040834218263626099e-03
8.087628521025180817e-03
8.134558796882629395e-03
8.181623183190822601e-03
8.228820748627185822e-03
8.276148699223995209e-03
8.323604241013526917e-03
8.371187373995780945e-03
8.418895304203033447e-03
8.466725237667560577e-03
8.514677174389362335e-03
8.562746457755565643e-03
8.610932156443595886e-03
8.659233339130878448e-03
8.707647211849689484e-03
8.756170980632305145e-03
8.804803714156150818e-03
8.853544481098651886e-03
8.902389556169509888e-03
8.951338939368724823e-03
9.000388905405998230e-03
9.049540385603904724e-03
9.098788723349571228e-03
9.148134849965572357e-03
9.197576902806758881e-03
9.247112087905406952e-03
9.296741336584091187e-03
9.346460923552513123e-03
9.396272711455821991e-03
9.446172043681144714e-03
9.496161714196205139e-03
9.546237066388130188e-03
9.596399031579494476e-03
9.646647609770298004e-03
9.696980006992816925e-03
9.747397154569625854e-03
9.797897189855575562e-03
9.848480112850666046e-03
9.899144060909748077e-03
9.949890896677970886e-03
1.000071782618761063e-02
1.005162391811609268e-02
1.010261010378599167e-02
1.015367545187473297e-02
1.020481903105974197e-02
1.025603897869586945e-02
1.030733715742826462e-02
1.035870984196662903e-02
1.041015889495611191e-02
1.046168152242898941e-02
1.051327865570783615e-02
1.056494656950235367e-02
1.061668712645769119e-02
1.066849753260612488e-02
1.072037778794765472e-02
1.077232509851455688e-02
1.082433946430683136e-02
1.087641995400190353e-02
1.092856284230947495e-02
1.098076812922954559e-02
1.103303302079439163e-02
1.108535751700401306e-02
1.113773789256811142e-02
1.119017414748668671e-02
1.124266255646944046e-02
1.129520032554864883e-02
1.134778838604688644e-02
1.140042115002870560e-02
1.145309861749410629e-02
1.150581706315279007e-02
1.155857462435960770e-02
1.161136850714683533e-02
1.166419684886932373e-02
1.171705592423677444e-02
1.176994480192661285e-02
1.182285882532596588e-02
1.187579706311225891e-02
1.192875578999519348e-02
1.198173314332962036e-02
1.203472632914781570e-02
1.208773255348205566e-02
1.214074902236461639e-02
1.219377387315034866e-02
1.224680431187152863e-02
1.229983754456043243e-02
1.235287170857191086e-02
1.240590307861566544e-02
1.245893165469169617e-02
1.251195278018712997e-02
1.256496552377939224e-02
1.261796802282333374e-02
1.267095748335123062e-02
1.272393297404050827e-02
1.277689076960086823e-02
1.282982993870973587e-02
1.288275048136711121e-02
1.293564774096012115e-02
1.298852171748876572e-02
1.304137147963047028e-02
1.309419423341751099e-02
1.314698811620473862e-02
1.319975405931472778e-02
1.325248740613460541e-02
1.330519001930952072e-02
1.335786003619432449e-02
1.341049559414386749e-02
1.346309483051300049e-02
1.351565681397914886e-02
1.356818061321973801e-02
1.362066622823476791e-02
1.367311272770166397e-02
1.372551638633012772e-02
1.377787813544273376e-02
1.383019704371690750e-02
1.388247031718492508e-02
1.393469795584678650e-02
1.398687902837991714e-02
1.403901074081659317e-02
1.409109123051166534e-02
1.414312236011028290e-02
1.419510040432214737e-02
1.424702256917953491e-02
1.429888978600502014e-02
1.435069926083087921e-02
1.440245006233453751e-02
1.445413753390312195e-02
1.450576446950435638e-02
1.455732434988021851e-02
1.460881717503070831e-02
1.466024108231067657e-02
1.471159420907497406e-02
1.476287283003330231e-02
1.481407601386308670e-02
1.486519910395145416e-02
1.491624303162097931e-02
1.496720220893621445e-02
1.501807570457458496e-02
1.506885979324579239e-02
1.511955354362726212e-02
1.517015229910612106e-02
1.522065419703722000e-02
1.527105644345283508e-02
1.532135810703039169e-02
1.537155266851186752e-02
1.542164012789726257e-02
1.547161582857370377e-02
1.552147977054119110e-02
1.557122636586427689e-02
1.562085375189781189e-02
1.567036099731922150e-02
1.571974344551563263e-02
1.576900109648704529e-02
1.581812649965286255e-02
1.586712151765823364e-02
1.591598242521286011e-02
1.596470735967159271e-02
1.601329259574413300e-02
1.606173627078533173e-02
1.611004024744033813e-02
1.615819521248340607e-02
1.620620489120483398e-02
1.625406555831432343e-02
1.630177535116672516e-02
1.634933426976203918e-02
1.639673672616481781e-02
1.644398272037506104e-02
1.649107411503791809e-02
1.653800532221794128e-02
1.658477447926998138e-02
1.663138344883918762e-02
1.667783036828041077e-02
1.672411337494850159e-02
1.677022874355316162e-02
1.681618206202983856e-02
1.686196401715278625e-02
1.690758019685745239e-02
1.695302501320838928e-02
1.699829846620559692e-02
1.704340055584907532e-02
1.708833128213882446e-02
1.713308691978454590e-02
1.717766746878623962e-02
1.722207292914390564e-02
1.726629957556724548e-02
1.731034927070140839e-02
1.735421828925609589e-02
1.739790663123130798e-02
1.744141429662704468e-02
1.748473756015300751e-02
1.752787455916404724e-02
1.757082715630531311e-02
1.761359162628650665e-02
1.765616610646247864e-02
1.769855059683322906e-02
1.774074137210845947e-02
1.778273843228816986e-02
1.782453991472721100e-02
1.786614209413528442e-02
1.790754310786724091e-02
1.794874481856822968e-02
1.798973977565765381e-02
1.803053170442581177e-02
1.807111315429210663e-02
1.811148412525653839e-02
1.815164275467395782e-02
1.819158717989921570e-02
1.823131367564201355e-02
1.827082037925720215e-02
1.831010542809963226e-02
1.834916695952415466e-02
1.838800124824047089e-02
1.842660829424858093e-02
1.846498250961303711e-02
1.850312389433383942e-02
1.854103058576583862e-02
1.857869885861873627e-02
1.861612685024738312e-02
1.865331456065177917e-02
1.869025640189647675e-02
1.872695423662662506e-02
1.876340247690677643e-02
1.879960112273693085e-02
1.883554831147193909e-02
1.887124218046665192e-02
1.890667900443077087e-02
1.894186250865459442e-02
1.897678524255752563e-02
1.901144906878471375e-02
1.904585212469100952e-02
1.907999254763126373e-02
1.911387033760547638e-02
1.914748176932334900e-02
1.918083056807518005e-02
1.921391114592552185e-02
1.924672350287437439e-02
1.927926950156688690e-02
1.931154727935791016e-02
1.934355311095714569e-02
1.937529072165489197e-02
1.940675638616085052e-02
1.943795010447502136e-02
1.946887187659740448e-02
1.949952356517314911e-02
1.952990144491195679e-02
1.956000551581382751e-02
1.958983577787876129e-02
1.961939223110675812e-02
1.964867487549781799e-02
1.967768184840679169e-02
1.970641501247882843e-02
1.973487064242362976e-02
1.976305060088634491e-02
1.979095488786697388e-02
1.981857977807521820e-02
1.984592899680137634e-02
1.987300068140029907e-02
1.989979110658168793e-02
1.992630213499069214e-02
1.995253376662731171e-02
1.997848413884639740e-02
2.000415138900279999e-02
2.002953737974166870e-02
2.005463652312755585e-02
2.007945440709590912e-02
2.010398358106613159e-02
2.012822590768337250e-02
2.015218138694763184e-02
2.017584629356861115e-02
2.019922249019145966e-02
2.022230438888072968e-02
2.024509385228157043e-02
2.026758901774883270e-02
2.028978802263736725e-02
2.031168900430202484e-02
2.033329196274280548e-02
2.035459317266941071e-02
2.037559449672698975e-02
2.039629407227039337e-02
2.041668631136417389e-02
2.043677493929862976e-02
2.045655623078346252e-02
2.047602832317352295e-02
2.049519307911396027e-02
2.051404491066932678e-02
2.053258754312992096e-02
2.055081538856029510e-02
2.056873030960559845e-02
2.058632858097553253e-02
2.060361206531524658e-02
2.062057889997959137e-02
2.063722908496856689e-02
2.065355889499187469e-02
2.066957205533981323e-02
2.068526297807693481e-02
2.070063725113868713e-02
2.071569114923477173e-02
2.073042467236518860e-02
2.074483782052993774e-02
2.075893059372901917e-02
2.077270112931728363e-02
2.078615128993988037e-02
2.079928293824195862e-02
2.081209234893321991e-02
2.082458324730396271e-02
2.083675377070903778e-02
2.084860578179359436e-02
2.086013928055763245e-02
2.087135240435600281e-02
2.088225074112415314e-02
2.089282870292663574e-02
2.090309001505374908e-02
2.091303654015064240e-02
2.092266827821731567e-02
2.093198522925376892e-02
2.094098553061485291e-02
2.094967290759086609e-02
2.095804922282695770e-02
2.096611075103282928e-02
2.097386121749877930e-02
2.098130062222480774e-02
2.098842896521091461e-02
2.099524810910224915e-02
2.100175619125366211e-02
2.100795507431030273e-02
2.101384475827217102e-02
2.101942710578441620e-02
2.102470025420188904e-02
2.102966420352458954e-02
2.103432081639766693e-02
2.103866823017597198e-02
2.104271017014980316e-02
2.104644291102886200e-02
2.104986831545829773e-02
2.105298452079296112e-02
2.105579525232315063e-02
2.105829678475856781e-02
2.106048911809921265e-02
2.106237411499023438e-02
2.106394991278648376e-02
2.106521837413311005e-02
2.106617577373981476e-02
2.106682397425174713e-02
2.106716483831405640e-02
2.106719464063644409e-02
2.106691524386405945e-02
2.106632478535175323e-02
2.106542512774467468e-02
2.106421254575252533e-02
2.106269076466560364e-02
2.106085978448390961e-02
2.105871587991714478e-02
2.105626277625560760e-02
2.105349861085414886e-02
2.105042338371276855e-02
2.104703895747661591e-02
2.104334346950054169e-02
2.103933878242969513e-02
2.103502489626407623e-02
2.103040367364883423e-02
2.102547325193881989e-02
2.102023549377918243e-02
2.101469226181507111e-02
2.100884169340133667e-02
2.100268751382827759e-02
2.099622786045074463e-02
2.098946832120418549e-02
2.098240703344345093e-02
2.097504399716854095e-02
2.096738293766975403e-02
2.095942385494709015e-02
2.095116861164569855e-02
2.094261907041072845e-02
2.093377523124217987e-02
2.092464268207550049e-02
2.091521769762039185e-02
2.090550586581230164e-02
2.089550904929637909e-02
2.088522538542747498e-02
2.087466046214103699e-02
2.086381427943706512e-02
2.085268683731555939e-02
2.084128372371196747e-02
2.082960307598114014e-02
2.081764861941337585e-02
2.080542407929897308e-02
2.079292573034763336e-02
2.078015916049480438e-02
2.076712623238563538e-02
2.075382694602012634e-02
2.074026316404342651e-02
2.072643488645553589e-02
2.071234770119190216e-02
2.069799788296222687e-02
2.068338915705680847e-02
2.066852338612079620e-02
2.065340243279933929e-02
2.063802629709243774e-02
2.062239311635494232e-02
2.060650847852230072e-02
2.059037052094936371e-02
2.057398296892642975e-02
2.055734395980834961e-02
2.054045535624027252e-02
2.052331715822219849e-02
2.050593122839927673e-02
2.048829756677150726e-02
2.047041617333889008e-02
2.045228891074657440e-02
2.043391577899456024e-02
2.041529864072799683e-02
2.039643563330173492e-02
2.037733048200607300e-02
2.035798132419586182e-02
2.033839002251625061e-02
2.031855657696723938e-02
2.029848098754882812e-02
2.027816511690616608e-02
2.025760896503925323e-02
2.023681625723838806e-02
2.021578326821327209e-02
2.019451372325420380e-02
2.017300948500633240e-02
2.015126869082450867e-02
2.012929320335388184e-02
2.010708674788475037e-02
2.008464932441711426e-02
2.006197907030582428e-02
2.003908157348632812e-02
2.001595869660377502e-02
1.999260857701301575e-02
1.996903494000434875e-02
1.994523964822292328e-02
1.992122456431388855e-02
1.989698968827724457e-02
1.987254060804843903e-02
1.984787546098232269e-02
1.982299983501434326e-02
1.979791373014450073e-02
1.977262087166309357e-02
1.974712125957012177e-02
1.972142234444618225e-02
1.969552040100097656e-02
1.966942101716995239e-02
1.964312605559825897e-02
1.961663924157619476e-02
1.958996243774890900e-02
1.956309750676155090e-02
1.953604817390441895e-02
1.950881630182266235e-02
1.948140375316143036e-02
1.945381611585617065e-02
1.942605152726173401e-02
1.939811557531356812e-02
1.937001012265682220e-02
1.934173703193664551e-02
1.931330002844333649e-02
1.928469911217689514e-02
1.925593987107276917e-02
1.922702044248580933e-02
1.919794827699661255e-02
1.916872151196002960e-02
1.913934201002120972e-02
1.910981535911560059e-02
1.908013969659805298e-02
1.905031874775886536e-02
1.902035623788833618e-02
1.899025030434131622e-02
1.896000467240810394e-02
1.892961934208869934e-02
1.889909990131855011e-02
1.886844448745250702e-02
1.883765310049057007e-02
1.880673319101333618e-02
1.877568103373050690e-02
1.874450035393238068e-02
1.871318928897380829e-02
1.868175528943538666e-02
1.865019463002681732e-02
1.861850917339324951e-02
1.858670264482498169e-02
1.855477504432201385e-02
1.852272637188434601e-02
1.849056035280227661e-02
1.845827698707580566e-02
1.842587813735008240e-02
1.839336566627025604e-02
1.836074143648147583e-02
1.832800358533859253e-02
1.829515770077705383e-02
1.826220378279685974e-02
1.822914183139801025e-02
1.819597743451595306e-02
1.816270872950553894e-02
1.812933944165706635e-02
1.809587143361568451e-02
1.806230470538139343e-02
1.802864484488964081e-02
1.799488998949527740e-02
1.796104386448860168e-02
1.792711019515991211e-02
1.789308898150920868e-02
1.785898581147193909e-02
1.782479695975780487e-02
1.779053173959255219e-02
1.775618828833103180e-02
1.772177033126354218e-02
1.768728159368038177e-02
1.765272021293640137e-02
1.761809363961219788e-02
1.758340373635292053e-02
1.754865236580371857e-02
1.751383952796459198e-02
1.747897081077098846e-02
1.744404993951320648e-02
1.740907877683639526e-02
1.737405546009540558e-02
1.733898930251598358e-02
1.730387844145298004e-02
1.726872846484184265e-02
1.723353751003742218e-02
1.719831302762031555e-02
1.716305315494537354e-02
1.712776161730289459e-02
1.709244213998317719e-02
1.705709472298622131e-02
1.702172309160232544e-02
1.698632910847663879e-02
1.695091463625431061e-02
1.691548153758049011e-02
1.688003167510032654e-02
1.684456691145896912e-02
1.680908724665641785e-02
1.677359826862812042e-02
1.673809811472892761e-02
1.670258864760398865e-02
1.666707359254360199e-02
1.663155108690261841e-02
1.659602671861648560e-02
1.656049676239490509e-02
1.652496494352817535e-02
1.648943312466144562e-02
1.645390130579471588e-02
1.641837321221828461e-02
1.638284698128700256e-02
1.634732447564601898e-02
1.631180383265018463e-02
1.627629250288009644e-02
1.624078862369060516e-02
1.620529033243656158e-02
1.616980321705341339e-02
1.613432727754116058e-02
1.609886065125465393e-02
1.606340706348419189e-02
1.602796837687492371e-02
1.599254459142684937e-02
1.595713756978511810e-02
1.592174917459487915e-02
1.588637754321098328e-02
1.585103012621402740e-02
1.581570319831371307e-02
1.578040048480033875e-02
1.574512384831905365e-02
1.570987328886985779e-02
1.567465625703334808e-02
1.563946716487407684e-02
1.560431066900491714e-02
1.556918956339359283e-02
1.553410850465297699e-02
1.549906376749277115e-02
1.546406280249357224e-02
1.542910467833280563e-02
1.539419498294591904e-02
1.535933185368776321e-02
1.532452087849378586e-02
1.528976485133171082e-02
1.525506190955638885e-02
1.522042136639356613e-02
1.518583949655294418e-02
1.515132095664739609e-02
1.511687040328979492e-02
1.508248783648014069e-02
1.504817698150873184e-02
1.501393970102071762e-02
1.497977878898382187e-02
1.494569610804319382e-02
1.491169538348913193e-02
1.487777847796678543e-02
1.484394632279872894e-02
1.481020171195268631e-02
1.477654837071895599e-02
1.474298723042011261e-02
1.470952108502388000e-02
1.467614993453025818e-02
1.464287843555212021e-02
1.460970472544431686e-02
1.457663439214229584e-02
1.454366557300090790e-02
1.451080292463302612e-02
1.447804551571607590e-02
1.444539520889520645e-02
1.441285479813814163e-02
1.438042242079973221e-02
1.434810273349285126e-02
1.431589387357234955e-02
1.428379770368337631e-02
1.425181422382593155e-02
1.421994529664516449e-02
1.418819185346364975e-02
1.415655482560396194e-02
1.412503235042095184e-02
1.409362815320491791e-02
1.406233850866556168e-02
1.403116900473833084e-02
1.400011591613292694e-02
1.396918017417192459e-02
1.393836457282304764e-02
1.390766724944114685e-02
1.387709006667137146e-02
1.384663209319114685e-02
1.381629332900047302e-02
1.378607470542192459e-02
1.375597808510065079e-02
1.372600346803665161e-02
1.369614992290735245e-02
1.366641838103532791e-02
1.363680977374315262e-02
1.360732596367597580e-02
1.357796508818864822e-02
1.354872994124889374e-02
1.351962145417928696e-02
1.349063683301210403e-02
1.346178352832794189e-02
1.343305595219135284e-02
1.340446062386035919e-02
1.337599381804466248e-02
1.334766205400228500e-02
1.331946160644292831e-02
1.329139806330204010e-02
1.326346769928932190e-02
1.323567703366279602e-02
1.320802513509988785e-02
1.318051386624574661e-02
1.315314508974552155e-02
1.312592066824436188e-02
1.309884153306484222e-02
1.307190954685211182e-02
1.304512564092874527e-02
1.301849354058504105e-02
1.299201324582099915e-02
1.296568568795919418e-02
1.293951552361249924e-02
1.291350182145833969e-02
1.288764644414186478e-02
1.286195218563079834e-02
1.283641904592514038e-02
1.281104981899261475e-02
1.278584543615579605e-02
1.276080589741468430e-02
1.273593492805957794e-02
1.271123252809047699e-02
1.268669962882995605e-02
1.266233716160058975e-02
1.263814605772495270e-02
1.261412817984819412e-02
1.259028352797031403e-02
1.256661210209131241e-02
1.254311669617891312e-02
1.251979451626539230e-02
1.249664928764104843e-02
1.247368007898330688e-02
1.245088595896959305e-02
1.242826785892248154e-02
1.240582671016454697e-02
1.238356158137321472e-02
1.236147247254848480e-02
1.233955845236778259e-02
1.231782045215368271e-02
1.229625847190618515e-02
1.227486971765756607e-02
1.225365698337554932e-02
1.223261747509241104e-02
1.221175119280815125e-02
1.219105906784534454e-02
1.217053830623626709e-02
1.215018983930349350e-02
1.213001273572444916e-02
1.211000513285398483e-02
1.209016796201467514e-02
1.207050122320652008e-02
1.205100305378437042e-02
1.203167345374822617e-02
1.201251149177551270e-02
1.199351716786623001e-02
1.197468955069780350e-02
1.195602957159280777e-02
1.193753536790609360e-02
1.191920880228281021e-02
1.190104708075523376e-02
1.188305206596851349e-02
1.186522282660007477e-02
1.184755936264991760e-02
1.183006260544061661e-02
1.181273162364959717e-02
1.179556641727685928e-02
1.177856978029012680e-02
1.176173891872167587e-02
1.174507662653923035e-02
1.172858197242021561e-02
1.171225588768720627e-02
1.169609930366277695e-02
1.168011315166950226e-02
1.166429650038480759e-02
1.164865121245384216e-02
1.163317821919918060e-02
1.161787845194339752e-02
1.160275191068649292e-02
1.158779952675104141e-02
1.157302223145961761e-02
1.155842095613479614e-02
1.154399663209915161e-02
1.152975019067525864e-02
1.151568163186311722e-02
1.150179095566272736e-02
1.148808002471923828e-02
1.147454977035522461e-02
1.146120019257068634e-02
1.144803129136562347e-02
1.143504399806261063e-02
1.142223924398422241e-02
1.140961423516273499e-02
1.139717362821102142e-02
1.138491462916135788e-02
1.137283723801374435e-02
1.136094238609075546e-02
1.134923007339239120e-02
1.133769843727350235e-02
1.132634934037923813e-02
1.131517998874187469e-02
1.130419038236141205e-02
1.129338145256042480e-02
1.128275040537118912e-02
1.127229817211627960e-02
1.126202195882797241e-02
1.125192176550626755e-02
1.124199666082859039e-02
1.123224478214979172e-02
1.122266612946987152e-02
1.121325790882110596e-02
1.120401918888092041e-02
1.119494903832674026e-02
1.118604559451341629e-02
1.117730885744094849e-02
1.116873510181903839e-02
1.116032339632511139e-02
1.115207280963659286e-02
1.114398147910833359e-02
1.113604754209518433e-02
1.112827099859714508e-02
1.112064905464649200e-02
1.111317984759807587e-02
1.110586337745189667e-02
1.109869591891765594e-02
1.109167933464050293e-02
1.108480989933013916e-02
1.107808761298656464e-02
1.107151061296463013e-02
1.106507889926433563e-02
1.105878967791795731e-02
1.105264388024806976e-02
1.104663871228694916e-02
1.104077417403459549e-02
1.103505026549100876e-02
1.102946605533361435e-02
1.102401968091726303e-02
1.101871300488710403e-02
1.101354323327541351e-02
1.100851222872734070e-02
1.100361719727516174e-02
1.099886000156402588e-02
1.099423971027135849e-02
1.098975632339715958e-02
1.098540890961885452e-02
1.098119933158159256e-02
1.097712572664022446e-02
1.097318902611732483e-02
1.096939016133546829e-02
1.096572726964950562e-02
1.096220221370458603e-02
1.095881406217813492e-02
1.095556281507015228e-02
1.095244940370321274e-02
1.094947289675474167e-02
1.094663515686988831e-02
1.094393339008092880e-02
1.094136852771043777e-02
1.093894243240356445e-02
1.093665324151515961e-02
1.093450002372264862e-02
1.093248371034860611e-02
1.093060337007045746e-02
1.092885900288820267e-02
1.092724874615669250e-02
1.092577353119850159e-02
1.092443242669105530e-02
1.092322356998920441e-02
1.092214789241552353e-02
1.092120166867971420e-02
1.092038583010435104e-02
1.091969851404428482e-02
1.091913785785436630e-02
1.091870386153459549e-02
1.091839466243982315e-02
1.091820746660232544e-02
1.091814134269952774e-02
1.091819442808628082e-02
1.091836486011743546e-02
1.091865170747041702e-02
1.091905217617750168e-02
1.091956440359354019e-02
1.092018559575080872e-02
1.092091575264930725e-02
1.092175021767616272e-02
1.092268805950880051e-02
1.092372741550207138e-02
1.092486549168825150e-02
1.092610042542219162e-02
1.092743035405874252e-02
1.092885155230760574e-02
1.093036402016878128e-02
1.093196496367454529e-02
1.093365158885717392e-02
1.093542296439409256e-02
1.093727629631757736e-02
1.093920972198247910e-02
1.094122231006622314e-02
1.094331126660108566e-02
1.094547566026449203e-02
1.094771362841129303e-02
1.095002330839633942e-02
1.095240470021963120e-02
1.095485500991344452e-02
1.095737330615520477e-02
1.095995865762233734e-02
1.096261013299226761e-02
1.096532586961984634e-02
1.096810679882764816e-02
1.097095105797052383e-02
1.097385771572589874e-02
1.097682584077119827e-02
1.097985636442899704e-02
1.098294835537672043e-02
1.098610088229179382e-02
1.098931301385164261e-02
1.099258661270141602e-02
1.099591981619596481e-02
1.099931262433528900e-02
1.100276503711938858e-02
1.100627798587083817e-02
1.100984960794448853e-02
1.101348083466291428e-02
1.101717166602611542e-02
1.102092117071151733e-02
1.102473028004169464e-02
1.102859806269407272e-02
1.103252451866865158e-02
1.103650964796543121e-02
1.104055251926183701e-02
1.104465406388044357e-02
1.104881241917610168e-02
1.105302851647138596e-02
1.105730049312114716e-02
1.106162834912538528e-02
1.106601115316152573e-02
1.107044797390699387e-02
1.107493788003921509e-02
1.107948087155818939e-02
1.108407415449619293e-02
1.108871772885322571e-02
1.109340973198413849e-02
1.109814830124378204e-02
1.110293343663215637e-02
1.110776141285896301e-02
1.111263222992420197e-02
1.111754309386014938e-02
1.112249214202165604e-02
1.112747751176357269e-02
1.113249734044075012e-02
1.113754883408546448e-02
1.114263013005256653e-02
1.114773936569690704e-02
1.115287374705076218e-02
1.115803048014640808e-02
1.116320863366127014e-02
1.116840355098247528e-02
1.117361430078744888e-02
1.117883808910846710e-02
1.118407212197780609e-02
1.118931546807289124e-02
1.119456440210342407e-02
1.119981613010168076e-02
1.120506972074508667e-02
1.121032144874334335e-02
1.121557038277387619e-02
1.122081372886896133e-02
1.122604962438344955e-02
1.123127620667219162e-02
1.123649161309003830e-02
1.124169398099184036e-02
1.124688144773244858e-02
1.125205308198928833e-02
1.125720702111721039e-02
1.126234140247106552e-02
1.126745622605085373e-02
1.127254962921142578e-02
1.127762161195278168e-02
1.128266938030719757e-02
1.128769386559724808e-02
1.129269506782293320e-02
1.129767019301652908e-02
1.130262110382318497e-02
1.130754686892032623e-02
1.131244655698537827e-02
1.131732109934091568e-02
1.132216956466436386e-02
1.132699288427829742e-02
1.133179105818271637e-02
1.133656315505504608e-02
1.134131103754043579e-02
1.134603470563888550e-02
1.135073415935039520e-02
1.135540846735239029e-02
1.136006042361259460e-02
1.136468909680843353e-02
1.136929448693990707e-02
1.137387752532958984e-02
1.137843728065490723e-02
1.138297561556100845e-02
1.138749253004789352e-02
1.139198616147041321e-02
1.139645837247371674e-02
1.140090823173522949e-02
1.140533667057752609e-02
1.140974275767803192e-02
1.141412556171417236e-02
1.141848508268594742e-02
1.142282038927078247e-02
1.142713055014610291e-02
1.143141556531190872e-02
1.143567450344562531e-02
1.143990457057952881e-02
1.144410669803619385e-02
1.144827716052532196e-02
1.145241688936948776e-02
1.145652215927839279e-02
1.146059297025203705e-02
1.146462652832269669e-02
1.146862097084522247e-02
1.147257443517446518e-02
1.147648505866527557e-02
1.148034911602735519e-02
1.148416660726070404e-02
1.148793380707502365e-02
1.149164978414773941e-02
1.149530988186597824e-02
1.149891223758459091e-02
1.150245498865842819e-02
1.150593720376491547e-02
1.150935329496860504e-02
1.151270326226949692e-02
1.151598338037729263e-02
1.151919271796941757e-02
1.152232848107814789e-02
1.152538694441318512e-02
1.152836810797452927e-02
1.153126917779445648e-02
1.153408829122781754e-02
1.153682451695203781e-02
1.153947506099939346e-02
1.154203806072473526e-02
1.154451444745063782e-02
1.154690049588680267e-02
1.154919713735580444e-02
1.155140250921249390e-02
1.155351568013429642e-02
1.155553758144378662e-02
1.155746541917324066e-02
1.155930105596780777e-02
1.156104356050491333e-02
1.156269293278455734e-02
1.156424917280673981e-02
1.156571414321660995e-02
1.156708691269159317e-02
1.156836748123168945e-02
1.156955864280462265e-02
1.157066039741039276e-02
1.157167367637157440e-02
1.157259941101074219e-02
1.157343853265047073e-02
1.157419197261333466e-02
1.157486252486705780e-02
1.157545018941164017e-02
1.157595589756965637e-02
1.157638244330883026e-02
1.157672889530658722e-02
1.157699804753065109e-02
1.157719176262617111e-02
1.157730910927057266e-02
1.157735195010900497e-02
1.157732214778661728e-02
1.157721970230340958e-02
1.157704647630453110e-02
1.157680153846740723e-02
1.157648675143718719e-02
1.157610118389129639e-02
1.157564576715230942e-02
1.157512050122022629e-02
1.157452631741762161e-02
1.157386135309934616e-02
1.157312653958797455e-02
1.157231908291578293e-02
1.157144084572792053e-02
1.157048996537923813e-02
1.156946457922458649e-02
1.156836375594139099e-02
1.156718656420707703e-02
1.156593114137649536e-02
1.156459562480449677e-02
1.156317908316850662e-02
1.156167872250080109e-02
1.156009174883365631e-02
1.155841723084449768e-02
1.155665237456560135e-02
1.155479531735181808e-02
1.155284233391284943e-02
1.155079342424869537e-02
1.154864393174648285e-02
1.154639199376106262e-02
1.154403574764728546e-02
1.154157333076000214e-02
1.153900101780891418e-02
1.153631787747144699e-02
1.153351925313472748e-02
1.153060607612133026e-02
1.152757555246353149e-02
1.152442488819360733e-02
1.152115315198898315e-02
1.151775941252708435e-02
1.151424087584018707e-02
1.151059754192829132e-02
1.150682847946882248e-02
1.150293182581663132e-02
1.149890851229429245e-02
1.149475667625665665e-02
1.149047724902629852e-02
1.148607023060321808e-02
1.148153562098741531e-02
1.147687528282403946e-02
1.147208735346794128e-02
1.146717462688684464e-02
1.146213803440332413e-02
1.145697943866252899e-02
1.145169790834188461e-02
1.144629810005426407e-02
1.144078094512224197e-02
1.143514737486839294e-02
1.142940204590559006e-02
1.142354402691125870e-02
1.141757704317569733e-02
1.141150388866662979e-02
1.140532642602920532e-02
1.139904744923114777e-02
1.139266975224018097e-02
1.138619612902402878e-02
1.137962751090526581e-02
1.137296762317419052e-02
1.136621832847595215e-02
1.135938242077827454e-02
1.135246176272630692e-02
1.134545821696519852e-02
1.133837271481752396e-02
1.133120991289615631e-02
1.132396887987852097e-02
1.131665240973234177e-02
1.130926050245761871e-02
1.130179315805435181e-02
1.129425410181283951e-02
1.128664240241050720e-02
1.127895899116992950e-02
1.127120293676853180e-02
1.126337423920631409e-02
1.125547196716070175e-02
1.124749798327684402e-02
1.123944856226444244e-02
1.123132463544607162e-02
1.122312340885400772e-02
1.121484395116567612e-02
1.120648439973592758e-02
1.119804475456476212e-02
1.118951942771673203e-02
1.118090935051441193e-02
1.117221079766750336e-02
1.116342190653085709e-02
1.115453988313674927e-02
1.114556286484003067e-02
1.113648712635040283e-02
1.112731080502271652e-02
1.111803017556667328e-02
1.110864430665969849e-02
1.109915040433406830e-02
1.108954474329948425e-02
1.107982639223337173e-02
1.106999255716800690e-02
1.106004137545824051e-02
1.104997098445892334e-02
1.103977859020233154e-02
1.102946419268846512e-02
1.101902592927217484e-02
1.100846193730831146e-02
1.099777314811944962e-02
1.098695769906044006e-02
1.097601652145385742e-02
1.096494775265455246e-02
1.095375325530767441e-02
1.094243302941322327e-02
1.093098800629377365e-02
1.091942004859447479e-02
1.090772822499275208e-02
1.089591812342405319e-02
1.088398881256580353e-02
1.087194308638572693e-02
1.085978373885154724e-02
1.084751356393098831e-02
1.083513442426919937e-02
1.082265190780162811e-02
1.081006694585084915e-02
1.079738419502973557e-02
1.078460644930601120e-02
1.077173743396997452e-02
1.075878180563449860e-02
1.074574235826730728e-02
1.073262374848127365e-02
1.071942877024412155e-02
1.070616208016872406e-02
1.069282740354537964e-02
1.067942753434181213e-02
1.066596619784832001e-02
1.065244618803262711e-02
1.063887216150760651e-02
1.062524691224098206e-02
1.061157230287790298e-02
1.059785112738609314e-02
1.058408617973327637e-02
1.057027839124202728e-02
1.055643055588006973e-02
1.054254360496997833e-02
1.052861940115690231e-02
1.051465794444084167e-02
1.050065923482179642e-02
1.048662420362234116e-02
1.047255285084247589e-02
1.045844517648220062e-02
1.044429838657379150e-02
1.043011248111724854e-02
1.041588746011257172e-02
1.040162052959203720e-02
1.038730982691049576e-02
1.037295162677764893e-02
1.035854686051607132e-02
1.034409087151288986e-02
1.032958086580038071e-02
1.031501404941082001e-02
1.030038762837648392e-02
1.028569880872964859e-02
1.027094386518001556e-02
1.025611907243728638e-02
1.024122349917888641e-02
1.022625155746936798e-02
1.021120231598615646e-02
1.019607111811637878e-02
1.018085516989231110e-02
1.016555260866880417e-02
1.015016064047813416e-02
1.013467647135257721e-02
1.011909916996955872e-02
1.010342594236135483e-02
1.008765585720539093e-02
1.007178798317909241e-02
1.005582045763731003e-02
1.003975421190261841e-02
1.002358738332986832e-02
1.000732090324163437e-02
9.990956634283065796e-03
9.974494576454162598e-03
9.957934729754924774e-03
9.941281750798225403e-03
9.924534708261489868e-03
9.907697327435016632e-03
9.890773333609104156e-03
9.873764589428901672e-03
9.856674820184707642e-03
9.839507751166820526e-03
9.822268038988113403e-03
9.804958477616310120e-03
9.787584654986858368e-03
9.770150296390056610e-03
9.752661921083927155e-03
9.735122323036193848e-03
9.717537090182304382e-03
9.699912741780281067e-03
9.682252071797847748e-03
9.664562530815601349e-03
9.646845981478691101e-03
9.629109874367713928e-03
9.611357003450393677e-03
9.593594819307327271e-03
9.575824253261089325e-03
9.558050893247127533e-03
9.540279395878314972e-03
9.522511623799800873e-03
9.504752233624458313e-03
9.487004019320011139e-03
9.469268843531608582e-03
9.451548568904399872e-03
9.433845989406108856e-03
9.416161105036735535e-03
9.398496709764003754e-03
9.380850940942764282e-03
9.363226592540740967e-03
9.345620870590209961e-03
9.328034706413745880e-03
9.310465306043624878e-03
9.292911738157272339e-03
9.275373071432113647e-03
9.257845580577850342e-03
9.240327402949333191e-03
9.222815744578838348e-03
9.205305948853492737e-03
9.187797084450721741e-03
9.170283563435077667e-03
9.152761660516262054e-03
9.135226719081401825e-03
9.117676876485347748e-03
9.100104682147502899e-03
9.082509204745292664e-03
9.064884856343269348e-03
9.047226980328559875e-03
9.029531851410865784e-03
9.011795744299888611e-03
8.994014933705329895e-03
8.976184763014316559e-03
8.958304300904273987e-03
8.940368890762329102e-03
8.922376669943332672e-03
8.904325775802135468e-03
8.886212483048439026e-03
8.868036791682243347e-03
8.849796839058399200e-03
8.831493556499481201e-03
8.813125081360340118e-03
8.794693276286125183e-03
8.776197209954261780e-03
8.757638745009899139e-03
8.739019744098186493e-03
8.720343001186847687e-03
8.701610378921031952e-03
8.682826533913612366e-03
8.663993328809738159e-03
8.645115420222282410e-03
8.626197464764118195e-03
8.607244119048118591e-03
8.588259108364582062e-03
8.569248951971530914e-03
8.550219237804412842e-03
8.531175553798675537e-03
8.512124419212341309e-03
8.493071421980857849e-03
8.474022150039672852e-03
8.454983122646808624e-03
8.435960859060287476e-03
8.416961878538131714e-03
8.397990837693214417e-03
8.379055187106132507e-03
8.360158652067184448e-03
8.341308683156967163e-03
8.322509936988353729e-03
8.303766138851642609e-03
8.285081945359706879e-03
8.266462013125419617e-03
8.247910067439079285e-03
8.229427970945835114e-03
8.211019448935985565e-03
8.192687295377254486e-03
8.174432441592216492e-03
8.156254887580871582e-03
8.138156495988368988e-03
8.120137266814708710e-03
8.102196268737316132e-03
8.084332570433616638e-03
8.066545240581035614e-03
8.048830553889274597e-03
8.031186647713184357e-03
8.013611659407615662e-03
7.996100932359695435e-03
7.978650741279125214e-03
7.961256429553031921e-03
7.943913340568542480e-03
7.926618680357933044e-03
7.909364067018032074e-03
7.892146706581115723e-03
7.874959148466587067e-03
7.857796736061573029e-03
7.840654812753200531e-03
7.823526859283447266e-03
7.806405890733003616e-03
7.789288181811571121e-03
7.772168144583702087e-03
7.755040191113948822e-03
7.737899199128150940e-03
7.720742374658584595e-03
7.703563198447227478e-03
7.686359342187643051e-03
7.669126614928245544e-03
7.651862688362598419e-03
7.634565234184265137e-03
7.617230992764234543e-03
7.599860895425081253e-03
7.582453079521656036e-03
7.565007545053958893e-03
7.547523826360702515e-03
7.530005183070898056e-03
7.512450683861970901e-03
7.494863588362932205e-03
7.477248087525367737e-03
7.459604647010564804e-03
7.441940251737833023e-03
7.424257230013608932e-03
7.406562101095914841e-03
7.388858124613761902e-03
7.371153682470321655e-03
7.353452965617179871e-03
7.335762493312358856e-03
7.318091113120317459e-03
7.300443481653928757e-03
7.282827515155076981e-03
7.265250664204359055e-03
7.247720845043659210e-03
7.230243645608425140e-03
7.212827913463115692e-03
7.195480633527040482e-03
7.178207859396934509e-03
7.161016110330820084e-03
7.143912836909294128e-03
7.126904092729091644e-03
7.109995000064373016e-03
7.093190215528011322e-03
7.076496258378028870e-03
7.059914991259574890e-03
7.043451536446809769e-03
7.027108687907457352e-03
7.010888773947954178e-03
6.994793191552162170e-03
6.978824734687805176e-03
6.962980609387159348e-03
6.947263609617948532e-03
6.931671872735023499e-03
6.916202604770660400e-03
6.900855340063571930e-03
6.885625887662172318e-03
6.870511453598737717e-03
6.855507846921682358e-03
6.840610876679420471e-03
6.825814489275217056e-03
6.811113096773624420e-03
6.796501576900482178e-03
6.781972479075193405e-03
6.767518818378448486e-03
6.753135472536087036e-03
6.738814059644937515e-03
6.724547129124403000e-03
6.710327230393886566e-03
6.696147378534078598e-03
6.682001054286956787e-03
6.667878478765487671e-03
6.653775461018085480e-03
6.639683619141578674e-03
6.625596899539232254e-03
6.611509248614311218e-03
6.597415544092655182e-03
6.583309266716241837e-03
6.569187156856060028e-03
6.555044557899236679e-03
6.540877744555473328e-03
6.526684388518333435e-03
6.512462161481380463e-03
6.498209666460752487e-03
6.483925972133874893e-03
6.469612009823322296e-03
6.455267313867807388e-03
6.440894678235054016e-03
6.426495034247636795e-03
6.412072107195854187e-03
6.397629156708717346e-03
6.383170839399099350e-03
6.368702743202447891e-03
6.354229059070348740e-03
6.339756306260824203e-03
6.325291935354471207e-03
6.310841999948024750e-03
6.296414416283369064e-03
6.282017100602388382e-03
6.267657969146966934e-03
6.253345869481563568e-03
6.239088252186775208e-03
6.224894430488348007e-03
6.210772320628166199e-03
6.196731235831975937e-03
6.182778626680374146e-03
6.168922875076532364e-03
6.155172362923622131e-03
6.141533609479665756e-03
6.128013599663972855e-03
6.114619784057140350e-03
6.101357284933328629e-03
6.088232155889272690e-03
6.075249053537845612e-03
6.062411237508058548e-03
6.049723364412784576e-03
6.037187296897172928e-03
6.024804431945085526e-03
6.012576632201671600e-03
6.000503897666931152e-03
5.988585297018289566e-03
5.976819898933172226e-03
5.965204909443855286e-03
5.953737534582614899e-03
5.942414514720439911e-03
5.931230727583169937e-03
5.920180585235357285e-03
5.909258499741554260e-03
5.898457951843738556e-03
5.887771956622600555e-03
5.877193063497543335e-03
5.866712890565395355e-03
5.856322590261697769e-03
5.846013780683279037e-03
5.835777614265680313e-03
5.825604777783155441e-03
5.815486423671245575e-03
5.805412307381629944e-03
5.795374047011137009e-03
5.785362794995307922e-03
5.775368772447109222e-03
5.765384528785943985e-03
5.755401682108640671e-03
5.745411850512027740e-03
5.735408514738082886e-03
5.725385621190071106e-03
5.715336184948682785e-03
5.705255549401044846e-03
5.695139523595571518e-03
5.684983916580677032e-03
5.674786400049924850e-03
5.664543714374303818e-03
5.654256325215101242e-03
5.643922835588455200e-03
5.633544176816940308e-03
5.623121745884418488e-03
5.612658802419900894e-03
5.602157209068536758e-03
5.591621622443199158e-03
5.581057164818048477e-03
5.570469424128532410e-03
5.559864453971385956e-03
5.549249239265918732e-03
5.538632161915302277e-03
5.528020206838846207e-03
5.517423618584871292e-03
5.506849847733974457e-03
5.496309138834476471e-03
5.485811270773410797e-03
5.475365556776523590e-03
5.464982241392135620e-03
5.454671103507280350e-03
5.444441456347703934e-03
5.434304010123014450e-03
5.424267146736383438e-03
5.414340645074844360e-03
5.404532421380281448e-03
5.394850391894578934e-03
5.385302938520908356e-03
5.375896580517292023e-03
5.366636905819177628e-03
5.357529968023300171e-03
5.348579958081245422e-03
5.339790601283311844e-03
5.331165157258510590e-03
5.322704557329416275e-03
5.314411129802465439e-03
5.306283477693796158e-03
5.298321135342121124e-03
5.290522240102291107e-03
5.282883532345294952e-03
5.275401286780834198e-03
5.268070846796035767e-03
5.260886158794164658e-03
5.253841169178485870e-03
5.246928427368402481e-03
5.240139551460742950e-03
5.233466159552335739e-03
5.226898938417434692e-03
5.220428109169006348e-03
5.214043427258729935e-03
5.207734182476997375e-03
5.201489198952913284e-03
5.195298232138156891e-03
5.189149640500545502e-03
5.183031782507896423e-03
5.176934879273176193e-03
5.170846823602914810e-03
5.164757836610078812e-03
5.158658139407634735e-03
5.152536556124687195e-03
5.146385170519351959e-03
5.140195135027170181e-03
5.133958533406257629e-03
5.127667915076017380e-03
5.121317692101001740e-03
5.114902742207050323e-03
5.108417477458715439e-03
5.101859103888273239e-03
5.095225293189287186e-03
5.088515114039182663e-03
5.081726703792810440e-03
5.074861925095319748e-03
5.067922640591859818e-03
5.060910712927579880e-03
5.053830333054065704e-03
5.046686623245477676e-03
5.039484705775976181e-03
5.032231565564870834e-03
5.024934653192758560e-03
5.017601419240236282e-03
5.010241642594337463e-03
5.002864636480808258e-03
4.995479714125394821e-03
4.988098982721567154e-03
4.980732221156358719e-03
4.973390605300664902e-03
4.966086242347955704e-03
4.958829842507839203e-03
4.951633512973785400e-03
4.944508429616689682e-03
4.937464836984872818e-03
4.930514842271804810e-03
4.923668224364519119e-03
4.916934296488761902e-03
4.910323303192853928e-03
4.903843160718679428e-03
4.897501319646835327e-03
4.891305696219205856e-03
4.885261878371238708e-03
4.879374988377094269e-03
4.873648751527070999e-03
4.868086893111467361e-03
4.862690810114145279e-03
4.857461899518966675e-03
4.852398764342069626e-03
4.847500938922166824e-03
4.842765629291534424e-03
4.838189110159873962e-03
4.833766724914312363e-03
4.829492419958114624e-03
4.825359210371971130e-03
4.821360111236572266e-03
4.817485343664884567e-03
4.813726060092449188e-03
4.810072015970945358e-03
4.806512035429477692e-03
4.803034476935863495e-03
4.799627698957920074e-03
4.796279128640890121e-03
4.792976193130016327e-03
4.789705388247966766e-03
4.786454606801271439e-03
4.783210344612598419e-03
4.779960028827190399e-03
4.776691086590290070e-03
4.773390945047140121e-03
4.770048893988132477e-03
4.766652826219797134e-03
4.763192962855100632e-03
4.759658593684434891e-03
4.756041802465915680e-03
4.752334207296371460e-03
4.748528357595205307e-03
4.744618665426969528e-03
4.740600474178791046e-03
4.736469592899084091e-03
4.732223693281412125e-03
4.727860912680625916e-03
4.723381251096725464e-03
4.718786105513572693e-03
4.714077804237604141e-03
4.709259141236543655e-03
4.704335238784551620e-03
4.699310753494501114e-03
4.694194067269563675e-03
4.688992165029048920e-03
4.683713428676128387e-03
4.678368568420410156e-03
4.672966431826353073e-03
4.667520057410001755e-03
4.662039689719676971e-03
4.656538367271423340e-03
4.651028197258710861e-03
4.645523149520158768e-03
4.640035331249237061e-03
4.634578712284564972e-03
4.629165399819612503e-03
4.623809829354286194e-03
4.618523642420768738e-03
4.613319877535104752e-03
4.608209710568189621e-03
4.603204317390918732e-03
4.598314873874187469e-03
4.593550227582454681e-03
4.588920157402753830e-03
4.584431182593107224e-03
4.580091219395399094e-03
4.575905390083789825e-03
4.571877419948577881e-03
4.568011965602636337e-03
4.564309958368539810e-03
4.560772795230150223e-03
4.557399079203605652e-03
4.554187413305044174e-03
4.551134072244167328e-03
4.548234865069389343e-03
4.545485135167837143e-03
4.542876500636339188e-03
4.540401976555585861e-03
4.538051784038543701e-03
4.535816144198179245e-03
4.533683881163597107e-03
4.531643819063901901e-03
4.529682453721761703e-03
4.527786746621131897e-03
4.525943193584680557e-03
4.524137359112501144e-03
4.522355273365974426e-03
4.520581569522619247e-03
4.518802277743816376e-03
4.517002496868371964e-03
4.515167325735092163e-03
4.513283725827932358e-03
4.511336795985698700e-03
4.509314894676208496e-03
4.507204517722129822e-03
4.504994023591279984e-03
4.502673633396625519e-03
4.500233102589845657e-03
4.497662652283906937e-03
4.494956694543361664e-03
4.492107313126325607e-03
4.489109851419925690e-03
4.485960584133863449e-03
4.482657182961702347e-03
4.479198250919580460e-03
4.475584253668785095e-03
4.471817053854465485e-03
4.467898979783058167e-03
4.463835153728723526e-03
4.459631163626909256e-03
4.455293528735637665e-03
4.450830165296792984e-03
4.446251317858695984e-03
4.441567230969667435e-03
4.436788149178028107e-03
4.431927576661109924e-03
4.426997154951095581e-03
4.422011785209178925e-03
4.416984505951404572e-03
4.411930684000253677e-03
4.406864754855632782e-03
4.401801619678735733e-03
4.396757110953330994e-03
4.391745198518037796e-03
4.386781249195337296e-03
4.381879698485136032e-03
4.377053584903478622e-03
4.372317343950271606e-03
4.367682617157697678e-03
4.363161046057939529e-03
4.358764272183179855e-03
4.354501143097877502e-03
4.350380506366491318e-03
4.346409812569618225e-03
4.342594649642705917e-03
4.338940605521202087e-03
4.335450008511543274e-03
4.332125186920166016e-03
4.328966606408357620e-03
4.325973801314830780e-03
4.323143046349287033e-03
4.320471547544002533e-03
4.317953716963529587e-03
4.315582569688558578e-03
4.313350655138492584e-03
4.311247728765010834e-03
4.309264477342367172e-03
4.307388793677091599e-03
4.305608104914426804e-03
4.303908906877040863e-03
4.302277229726314545e-03
4.300698172301054001e-03
4.299155902117490768e-03
4.297634586691856384e-03
4.296118859201669693e-03
4.294591490179300308e-03
4.293036647140979767e-03
4.291438031941652298e-03
4.289780277758836746e-03
4.288046620786190033e-03
4.286223556846380234e-03
4.284296650439500809e-03
4.282251466065645218e-03
4.280076362192630768e-03
4.277759697288274765e-03
4.275290761142969131e-03
4.272660706192255020e-03
4.269862081855535507e-03
4.266887437552213669e-03
4.263732116669416428e-03
4.260393325239419937e-03
4.256868269294500351e-03
4.253156017512083054e-03
4.249258898198604584e-03
4.245177842676639557e-03
4.240918438881635666e-03
4.236485343426465988e-03
4.231885541230440140e-03
4.227128345519304276e-03
4.222222138196229935e-03
4.217179026454687119e-03
4.212010186165571213e-03
4.206729587167501450e-03
4.201350733637809753e-03
4.195888061076402664e-03
4.190358798950910568e-03
4.184776917099952698e-03
4.179160110652446747e-03
4.173525143414735794e-03
4.167888779193162918e-03
4.162267781794071198e-03
4.156678449362516403e-03
4.151138011366128922e-03
4.145661834627389908e-03
4.140265751630067825e-03
4.134963266551494598e-03
4.129769280552864075e-03
4.124695900827646255e-03
4.119755234569311142e-03
4.114957526326179504e-03
4.110311158001422882e-03
4.105824977159500122e-03
4.101504571735858917e-03
4.097355064004659653e-03
4.093379713594913483e-03
4.089580383151769638e-03
4.085956607013940811e-03
4.082506522536277771e-03
4.079227801412343979e-03
4.076114855706691742e-03
4.073162097483873367e-03
4.070361144840717316e-03
4.067702684551477432e-03
4.065176937729120255e-03
4.062770865857601166e-03
4.060471896082162857e-03
4.058266058564186096e-03
4.056138917803764343e-03
4.054073244333267212e-03
4.052052740007638931e-03
4.050061106681823730e-03
4.048080183565616608e-03
4.046092275530099869e-03
4.044079687446355820e-03
4.042024724185466766e-03
4.039909690618515015e-03
4.037717357277870178e-03
4.035431426018476486e-03
4.033035133033990860e-03
4.030514508485794067e-03
4.027854185551404953e-03
4.025041125714778900e-03
4.022064153105020523e-03
4.018911160528659821e-03
4.015574231743812561e-03
4.012044984847307205e-03
4.008316900581121445e-03
4.004385322332382202e-03
4.000246990472078323e-03
3.995900508016347885e-03
3.991347271949052811e-03
3.986587747931480408e-03
3.981626592576503754e-03
3.976468928158283234e-03
3.971120808273553848e-03
3.965592477470636368e-03
3.959892317652702332e-03
3.954032901674509048e-03
3.948025871068239212e-03
3.941885661333799362e-03
3.935627639293670654e-03
3.929267637431621552e-03
3.922821488231420517e-03
3.916307818144559860e-03
3.909743390977382660e-03
3.903148230165243149e-03
3.896539565175771713e-03
3.889936720952391624e-03
3.883357392624020576e-03
3.876821137964725494e-03
3.870344487950205803e-03
3.863946069031953812e-03
3.857641248032450676e-03
3.851446090266108513e-03
3.845375962555408478e-03
3.839443204924464226e-03
3.833660855889320374e-03
3.828039625659584999e-03
3.822588594630360603e-03
3.817316843196749687e-03
3.812229027971625328e-03
3.807330736890435219e-03
3.802624763920903206e-03
3.798111807554960251e-03
3.793791402131319046e-03
3.789661685004830360e-03
3.785717301070690155e-03
3.781953360885381699e-03
3.778361948207020760e-03
3.774933982640504837e-03
3.771658753976225853e-03
3.768524620682001114e-03
3.765517147257924080e-03
3.762622363865375519e-03
3.759824670851230621e-03
3.757106605917215347e-03
3.754451172426342964e-03
3.751840209588408470e-03
3.749254858121275902e-03
3.746676025912165642e-03
3.744084388017654419e-03
3.741461085155606270e-03
3.738786326721310616e-03
3.736041951924562454e-03
3.733209567144513130e-03
3.730271011590957642e-03
3.727209754288196564e-03
3.724010428413748741e-03
3.720657434314489365e-03
3.717137267813086510e-03
3.713438054546713829e-03
3.709549084305763245e-03
3.705460811033844948e-03
3.701165318489074707e-03
3.696657251566648483e-03
3.691932186484336853e-03
3.686988260596990585e-03
3.681824076920747757e-03
3.676442196592688560e-03
3.670844482257962227e-03
3.665036754682660103e-03
3.659025533124804497e-03
3.652819199487566948e-03
3.646427998319268227e-03
3.639863803982734680e-03
3.633139422163367271e-03
3.626269055530428886e-03
3.619269467890262604e-03
3.612156258895993233e-03
3.604948520660400391e-03
3.597663482651114464e-03
3.590321401134133339e-03
3.582942066714167595e-03
3.575545037165284157e-03
3.568150335922837257e-03
3.560778917744755745e-03
3.553450107574462891e-03
3.546183696016669273e-03
3.538998775184154510e-03
3.531913505867123604e-03
3.524945583194494247e-03
3.518111538141965866e-03
3.511426039040088654e-03
3.504903521388769150e-03
3.498556790873408318e-03
3.492396092042326927e-03
3.486431436613202095e-03
3.480670042335987091e-03
3.475118195638060570e-03
3.469779388979077339e-03
3.464655950665473938e-03
3.459748346358537674e-03
3.455054713413119316e-03
3.450571559369564056e-03
3.446293761953711510e-03
3.442213870584964752e-03
3.438322339206933975e-03
3.434609388932585716e-03
3.431062446907162666e-03
3.427667543292045593e-03
3.424409776926040649e-03
3.421272849664092064e-03
3.418238833546638489e-03
3.415290266275405884e-03
3.412407124415040016e-03
3.409569850191473961e-03
3.406758420169353485e-03
3.403951879590749741e-03
3.401129972189664841e-03
3.398272208869457245e-03
3.395358100533485413e-03
3.392367856577038765e-03
3.389282384887337685e-03
3.386082826182246208e-03
3.382752416655421257e-03
3.379274625331163406e-03
3.375634085386991501e-03
3.371817292645573616e-03
3.367812139913439751e-03
3.363607451319694519e-03
3.359195077791810036e-03
3.354568034410476685e-03
3.349720500409603119e-03
3.344650147482752800e-03
3.339354414492845535e-03
3.333834698423743248e-03
3.328093327581882477e-03
3.322135424241423607e-03
3.315966809168457985e-03
3.309596097096800804e-03
3.303033066913485527e-03
3.296290291473269463e-03
3.289380576461553574e-03
3.282319288700819016e-03
3.275122260674834251e-03
3.267807420343160629e-03
3.260393161326646805e-03
3.252899507060647011e-03
3.245346248149871826e-03
3.237754339352250099e-03
3.230145666748285294e-03
3.222541417926549911e-03
3.214962780475616455e-03
3.207431640475988388e-03
3.199968952685594559e-03
3.192595439031720161e-03
3.185330657288432121e-03
3.178193699568510056e-03
3.171202959492802620e-03
3.164374735206365585e-03
3.157724393531680107e-03
3.151266369968652725e-03
3.145012771710753441e-03
3.138974076136946678e-03
3.133159363642334938e-03
3.127575153484940529e-03
3.122227033600211143e-03
3.117117797955870628e-03
3.112248610705137253e-03
3.107618307694792747e-03
3.103223629295825958e-03
3.099059918895363808e-03
3.095119725912809372e-03
3.091394435614347458e-03
3.087873570621013641e-03
3.084544092416763306e-03
3.081392263993620872e-03
3.078402718529105186e-03
3.075557993724942207e-03
3.072840161621570587e-03
3.070229664444923401e-03
3.067707177251577377e-03
3.065250813961029053e-03
3.062839852645993233e-03
3.060452174395322800e-03
3.058066125959157944e-03
3.055659588426351547e-03
0.000000000000000000e+00
0.000000000000000000e+00
0.000000000000000000e+00
0.000000000000000000e+00
0.000000000000000000e+00
0.000000000000000000e+00
0.000000000000000000e+00
0.000000000000000000e+00
0.000000000000000000e+00
0.000000000000000000e+00
0.000000000000000000e+00
0.000000000000000000e+00
0.000000000000000000e+00
0.000000000000000000e+00
0.000000000000000000e+00
0.000000000000000000e+00
0.000000000000000000e+00
0.000000000000000000e+00
0.000000000000000000e+00
0.000000000000000000e+00
0.000000000000000000e+00
0.000000000000000000e+00
0.000000000000000000e+00
0.000000000000000000e+00
0.000000000000000000e+00
0.000000000000000000e+00
0.000000000000000000e+00
0.000000000000000000e+00
0.000000000000000000e+00
0.000000000000000000e+00
0.000000000000000000e+00
0.000000000000000000e+00
0.000000000000000000e+00
0.000000000000000000e+00
0.000000000000000000e+00
0.000000000000000000e+00
0.000000000000000000e+00
0.000000000000000000e+00
0.000000000000000000e+00
0.000000000000000000e+00
0.000000000000000000e+00
0.000000000000000000e+00
0.000000000000000000e+00
0.000000000000000000e+00
0.000000000000000000e+00
0.000000000000000000e+00
0.000000000000000000e+00
0.000000000000000000e+00
0.000000000000000000e+00
0.000000000000000000e+00
0.000000000000000000e+00
0.000000000000000000e+00
0.000000000000000000e+00
0.000000000000000000e+00
0.000000000000000000e+00
0.000000000000000000e+00
0.000000000000000000e+00
0.000000000000000000e+00
0.000000000000000000e+00
0.000000000000000000e+00
0.000000000000000000e+00
0.000000000000000000e+00
0.000000000000000000e+00
0.000000000000000000e+00
0.000000000000000000e+00
0.000000000000000000e+00
0.000000000000000000e+00
0.000000000000000000e+00
0.000000000000000000e+00
0.000000000000000000e+00
0.000000000000000000e+00
0.000000000000000000e+00
0.000000000000000000e+00
0.000000000000000000e+00
0.000000000000000000e+00
0.000000000000000000e+00
0.000000000000000000e+00
0.000000000000000000e+00
0.000000000000000000e+00
0.000000000000000000e+00
0.000000000000000000e+00
0.000000000000000000e+00
0.000000000000000000e+00
0.000000000000000000e+00
0.000000000000000000e+00
0.000000000000000000e+00
0.000000000000000000e+00
0.000000000000000000e+00
0.000000000000000000e+00
0.000000000000000000e+00
0.000000000000000000e+00
0.000000000000000000e+00
0.000000000000000000e+00
0.000000000000000000e+00
0.000000000000000000e+00
0.000000000000000000e+00
0.000000000000000000e+00
0.000000000000000000e+00
0.000000000000000000e+00
0.000000000000000000e+00
