# ee
8.686257526278495789e-03
2.059474028646945953e-02
3.437592089176177979e-02
4.720512777566909790e-02
5.675894767045974731e-02
6.164433807134628296e-02
6.152483820915222168e-02
5.702637881040573120e-02
4.942995309829711914e-02
4.033310338854789734e-02
3.148129209876060486e-02
2.387741953134536743e-02
1.885168068110942841e-02
1.670157350599765778e-02
1.732869632542133331e-02
2.030418254435062408e-02
2.487489953637123108e-02
3.016977384686470032e-02
3.537410125136375427e-02
3.974923864006996155e-02
4.274073243141174316e-02
4.409540817141532898e-02
4.367391020059585571e-02
4.166214168071746826e-02
3.832071647047996521e-02
3.404810652136802673e-02
2.929372154176235199e-02
2.445842511951923370e-02
1.991318911314010620e-02
1.591853424906730652e-02
1.266188919544219971e-02
1.019706390798091888e-02
8.531548082828521729e-03
7.572851143777370453e-03
7.206125184893608093e-03
7.294370792806148529e-03
7.706638891249895096e-03
8.330103941261768341e-03
9.062045253813266754e-03
9.824378415942192078e-03
1.061750575900077820e-02
1.146126538515090942e-02
1.236063428223133087e-02
1.333099231123924255e-02
1.438648719340562820e-02
1.552295405417680740e-02
1.673871092498302460e-02
1.800978370010852814e-02
1.930476538836956024e-02
2.058880962431430817e-02
2.193963713943958282e-02
2.349841035902500153e-02
2.525023370981216431e-02
2.716535329818725586e-02
2.909608744084835052e-02
3.094321861863136292e-02
3.272740542888641357e-02
3.449902310967445374e-02
3.632330894470214844e-02
3.830483928322792053e-02
4.043804109096527100e-02
4.268978908658027649e-02
4.507897794246673584e-02
4.758735001087188721e-02
5.015348270535469055e-02
5.278109759092330933e-02
5.551251024007797241e-02
5.830826982855796814e-02
6.121069192886352539e-02
6.421279907226562500e-02
6.730370223522186279e-02
7.046781480312347412e-02
7.371184974908828735e-02
7.706481218338012695e-02
8.054359257221221924e-02
8.414634317159652710e-02
8.790373057126998901e-02
9.176462143659591675e-02
9.573738276958465576e-02
9.977767616510391235e-02
1.039203107357025146e-01
1.081548556685447693e-01
1.124931722879409790e-01
1.169248223304748535e-01
1.214768737554550171e-01
1.261331886053085327e-01
1.309226006269454956e-01
1.358441412448883057e-01
1.408746242523193359e-01
1.460205912590026855e-01
1.512814611196517944e-01
1.566640734672546387e-01
1.621455848217010498e-01
1.677402704954147339e-01
1.734476089477539062e-01
1.792669892311096191e-01
1.852053254842758179e-01
1.912397295236587524e-01
1.973845213651657104e-01
2.037134468555450439e-01
2.100921571254730225e-01
2.166092991828918457e-01
2.232791483402252197e-01
2.300417125225067139e-01
2.369855791330337524e-01
2.439764291048049927e-01
2.511028945446014404e-01
2.583049535751342773e-01
2.655968666076660156e-01
2.730664610862731934e-01
2.806495428085327148e-01
2.883553802967071533e-01
2.961189746856689453e-01
3.040982186794281006e-01
3.120794892311096191e-01
3.201463520526885986e-01
3.284567296504974365e-01
3.368712663650512695e-01
3.452507257461547852e-01
3.539015352725982666e-01
3.625358045101165771e-01
3.712371289730072021e-01
3.800890743732452393e-01
3.890266120433807373e-01
3.981333971023559570e-01
4.072700738906860352e-01
4.165945649147033691e-01
4.259675145149230957e-01
4.353982210159301758e-01
4.450426101684570312e-01
4.547513425350189209e-01
4.645959436893463135e-01
4.745738208293914795e-01
4.846078753471374512e-01
4.946953654289245605e-01
5.049079060554504395e-01
5.151685476303100586e-01
5.256230831146240234e-01
5.360457897186279297e-01
5.465084910392761230e-01
5.570825934410095215e-01
5.677654743194580078e-01
5.784800648689270020e-01
5.893722772598266602e-01
6.002164483070373535e-01
6.112328767776489258e-01
6.222700476646423340e-01
6.333997249603271484e-01
6.446933746337890625e-01
6.560711860656738281e-01
6.674419045448303223e-01
6.789343357086181641e-01
6.905286908149719238e-01
7.022050619125366211e-01
7.139437794685363770e-01
7.257249951362609863e-01
7.376032471656799316e-01
7.494099736213684082e-01
7.612742185592651367e-01
7.732502818107604980e-01
7.851697802543640137e-01
7.970873713493347168e-01
8.090573549270629883e-01
8.209857940673828125e-01
8.330013751983642578e-01
8.448613286018371582e-01
8.569175601005554199e-01
8.688530325889587402e-01
8.808706402778625488e-01
8.929507732391357422e-01
9.049993157386779785e-01
9.169963002204895020e-01
9.292194247245788574e-01
9.413513541221618652e-01
9.535923600196838379e-01
9.658330082893371582e-01
9.782578945159912109e-01
9.905317425727844238e-01
1.002839326858520508e+00
1.015142560005187988e+00
1.027477264404296875e+00
1.039731264114379883e+00
1.051940560340881348e+00
1.064215660095214844e+00
1.076377272605895996e+00
1.088528156280517578e+00
1.100615501403808594e+00
1.112638354301452637e+00
1.124610424041748047e+00
1.136515855789184570e+00
1.148338794708251953e+00
1.160085678100585938e+00
1.171748042106628418e+00
1.183324933052062988e+00
1.194815278053283691e+00
1.206225514411926270e+00
1.217539787292480469e+00
1.228757023811340332e+00
1.239868879318237305e+00
1.250897169113159180e+00
1.261814832687377930e+00
1.272646784782409668e+00
1.283381223678588867e+00
1.294028878211975098e+00
1.304592490196228027e+00
1.315060257911682129e+00
1.325450062751770020e+00
1.335750102996826172e+00
1.345978140830993652e+00
1.356129884719848633e+00
1.366200804710388184e+00
1.376201272010803223e+00
1.386089920997619629e+00
1.396025657653808594e+00
1.405788540840148926e+00
1.415500640869140625e+00
1.425127625465393066e+00
1.434635519981384277e+00
1.444138526916503906e+00
1.453528404235839844e+00
1.462919592857360840e+00
1.472203731536865234e+00
1.481346368789672852e+00
1.490462303161621094e+00
1.499517202377319336e+00
1.508476853370666504e+00
1.517307400703430176e+00
1.526048660278320312e+00
1.534666657447814941e+00
1.543201565742492676e+00
1.551544904708862305e+00
1.559885382652282715e+00
1.568040251731872559e+00
1.576049804687500000e+00
1.583879709243774414e+00
1.591570138931274414e+00
1.599161386489868164e+00
1.606470465660095215e+00
1.613537788391113281e+00
1.620477676391601562e+00
1.627107381820678711e+00
1.633541226387023926e+00
1.639670968055725098e+00
1.645536661148071289e+00
1.651104092597961426e+00
1.656264901161193848e+00
1.661356568336486816e+00
1.665824532508850098e+00
1.670080542564392090e+00
1.673802971839904785e+00
1.677228689193725586e+00
1.680158257484436035e+00
1.682912588119506836e+00
1.685217976570129395e+00
1.687469601631164551e+00
1.689245223999023438e+00
1.690939903259277344e+00
1.692428708076477051e+00
1.693735122680664062e+00
1.694808483123779297e+00
1.695895552635192871e+00
1.696796536445617676e+00
1.697609663009643555e+00
1.698284268379211426e+00
1.699066519737243652e+00
1.699609041213989258e+00
1.700306296348571777e+00
1.700885176658630371e+00
1.701443314552307129e+00
1.701930165290832520e+00
1.702666401863098145e+00
1.703081250190734863e+00
1.703792929649353027e+00
1.704304456710815430e+00
1.704862833023071289e+00
1.705491423606872559e+00
1.706139683723449707e+00
1.706756591796875000e+00
1.707366108894348145e+00
1.708065867424011230e+00
1.708582282066345215e+00
1.709162116050720215e+00
1.709754347801208496e+00
1.710382938385009766e+00
1.710922598838806152e+00
1.711396932601928711e+00
1.711829781532287598e+00
1.712170124053955078e+00
1.712293267250061035e+00
1.712965607643127441e+00
1.713096261024475098e+00
1.712337374687194824e+00
1.712198615074157715e+00
1.711217403411865234e+00
1.710903644561767578e+00
1.709051370620727539e+00
1.707913756370544434e+00
1.706771254539489746e+00
1.704161286354064941e+00
1.701603055000305176e+00
1.698424220085144043e+00
1.695448398590087891e+00
1.692756056785583496e+00
1.688941121101379395e+00
1.684827089309692383e+00
1.680494189262390137e+00
1.677509307861328125e+00
1.672979950904846191e+00
1.667729854583740234e+00
1.664068579673767090e+00
1.659104108810424805e+00
1.654402852058410645e+00
1.650045275688171387e+00
1.644625544548034668e+00
1.639710068702697754e+00
1.633893132209777832e+00
1.629484176635742188e+00
1.624334454536437988e+00
1.619267344474792480e+00
1.615106225013732910e+00
1.609702229499816895e+00
1.604621648788452148e+00
1.600688338279724121e+00
1.594266772270202637e+00
1.589896082878112793e+00
1.585427284240722656e+00
1.580197572708129883e+00
1.575773477554321289e+00
1.570749163627624512e+00
1.565948128700256348e+00
1.562193751335144043e+00
1.558080196380615234e+00
1.554430842399597168e+00
1.549839854240417480e+00
1.545873880386352539e+00
1.542613148689270020e+00
1.538651823997497559e+00
1.536299705505371094e+00
1.533407449722290039e+00
1.530055880546569824e+00
1.528554201126098633e+00
1.526010751724243164e+00
1.523991823196411133e+00
1.521834731101989746e+00
1.521105885505676270e+00
1.519656538963317871e+00
1.518310070037841797e+00
1.517889857292175293e+00
1.516990065574645996e+00
1.517172455787658691e+00
1.517749786376953125e+00
1.518029689788818359e+00
1.518806576728820801e+00
1.520131349563598633e+00
1.522055029869079590e+00
1.523885369300842285e+00
1.524930238723754883e+00
1.526726961135864258e+00
1.529326558113098145e+00
1.532036781311035156e+00
1.534908652305603027e+00
1.538736343383789062e+00
1.541341543197631836e+00
1.545004367828369141e+00
1.549032926559448242e+00
1.551991701126098633e+00
1.556161284446716309e+00
1.560849547386169434e+00
1.565364122390747070e+00
1.569756150245666504e+00
1.574819684028625488e+00
1.579862833023071289e+00
1.585679173469543457e+00
1.591577053070068359e+00
1.598350286483764648e+00
1.604563951492309570e+00
1.611011743545532227e+00
1.618487954139709473e+00
1.627043604850769043e+00
1.633013963699340820e+00
1.641651988029479980e+00
1.650035977363586426e+00
1.658217191696166992e+00
1.668475627899169922e+00
1.678633213043212891e+00
1.688740611076354980e+00
1.699592232704162598e+00
1.709009647369384766e+00
1.722245454788208008e+00
1.734892010688781738e+00
1.749972701072692871e+00
1.764566302299499512e+00
1.780209779739379883e+00
1.796210765838623047e+00
1.813363909721374512e+00
1.831719994544982910e+00
1.850586652755737305e+00
1.870758056640625000e+00
1.892285346984863281e+00
1.914460301399230957e+00
1.937254548072814941e+00
1.962110280990600586e+00
1.987496733665466309e+00
2.013369798660278320e+00
2.041171312332153320e+00
2.069370746612548828e+00
2.098666906356811523e+00
2.129758596420288086e+00
2.160372734069824219e+00
2.192693948745727539e+00
2.225934743881225586e+00
2.260050773620605469e+00
2.294998407363891602e+00
2.331475496292114258e+00
2.367952585220336914e+00
2.405870914459228516e+00
2.442957162857055664e+00
2.482139110565185547e+00
2.522629976272583008e+00
2.563642024993896484e+00
2.605130910873413086e+00
2.647052526473999023e+00
2.690105438232421875e+00
2.733502626419067383e+00
2.778686046600341797e+00
2.824124574661254883e+00
2.870517730712890625e+00
2.917820930480957031e+00
2.966732978820800781e+00
3.015723466873168945e+00
3.065490961074829102e+00
3.117478132247924805e+00
3.169410228729248047e+00
3.223473310470581055e+00
3.278136253356933594e+00
3.333354949951171875e+00
3.389828681945800781e+00
3.448255062103271484e+00
3.507104873657226562e+00
3.567075967788696289e+00
3.628124952316284180e+00
3.690949916839599609e+00
3.755507230758666992e+00
3.819522619247436523e+00
3.886667251586914062e+00
3.955411195755004883e+00
4.024223804473876953e+00
4.095290184020996094e+00
4.168565273284912109e+00
4.242511272430419922e+00
4.318525791168212891e+00
4.396514892578125000e+00
4.475638866424560547e+00
4.556545734405517578e+00
4.638397216796875000e+00
4.722582817077636719e+00
4.808264732360839844e+00
4.896090507507324219e+00
4.984477519989013672e+00
5.074817657470703125e+00
5.166271209716796875e+00
5.260229587554931641e+00
5.355854034423828125e+00
5.453048706054687500e+00
5.550974845886230469e+00
5.651023387908935547e+00
5.753098964691162109e+00
5.855618953704833984e+00
5.960718154907226562e+00
6.068300247192382812e+00
6.176784038543701172e+00
6.286817073822021484e+00
6.399046421051025391e+00
6.511890411376953125e+00
6.627482891082763672e+00
6.744242191314697266e+00
6.862072944641113281e+00
6.982365131378173828e+00
7.104280471801757812e+00
7.227724075317382812e+00
7.353342533111572266e+00
7.480298042297363281e+00
7.609236717224121094e+00
7.739321231842041016e+00
7.871941089630126953e+00
8.006259918212890625e+00
8.141435623168945312e+00
8.278861999511718750e+00
8.418441772460937500e+00
8.559336662292480469e+00
8.702194213867187500e+00
8.845433235168457031e+00
8.991929054260253906e+00
9.139358520507812500e+00
9.289111137390136719e+00
9.440349578857421875e+00
9.592232704162597656e+00
9.746896743774414062e+00
9.902014732360839844e+00
1.005973339080810547e+01
1.021926403045654297e+01
1.037983417510986328e+01
1.054215240478515625e+01
1.070693111419677734e+01
1.087354183197021484e+01
1.104165744781494141e+01
1.121228408813476562e+01
1.138442325592041016e+01
1.155871295928955078e+01
1.173482322692871094e+01
1.191316699981689453e+01
1.209348964691162109e+01
1.227605533599853516e+01
1.246075916290283203e+01
1.264764118194580078e+01
1.283682060241699219e+01
1.302811241149902344e+01
1.322171115875244141e+01
1.341750812530517578e+01
1.361554622650146484e+01
1.381601428985595703e+01
1.401873493194580078e+01
1.422367286682128906e+01
1.443094539642333984e+01
1.464051914215087891e+01
1.485236549377441406e+01
1.506644821166992188e+01
1.528303432464599609e+01
1.550186729431152344e+01
1.572284126281738281e+01
1.594622135162353516e+01
1.617182731628417969e+01
1.639969825744628906e+01
1.662988281250000000e+01
1.686219215393066406e+01
1.709667205810546875e+01
1.733343887329101562e+01
1.757216453552246094e+01
1.781325912475585938e+01
1.805624580383300781e+01
1.830131912231445312e+01
1.854851531982421875e+01
1.879765510559082031e+01
1.904870796203613281e+01
1.930141830444335938e+01
1.955597686767578125e+01
1.981234931945800781e+01
2.007050704956054688e+01
2.033041191101074219e+01
2.059205818176269531e+01
2.085549926757812500e+01
2.111932945251464844e+01
2.138660240173339844e+01
2.165516281127929688e+01
2.192583656311035156e+01
2.219795417785644531e+01
2.247308731079101562e+01
2.274907875061035156e+01
2.302675437927246094e+01
2.330693435668945312e+01
2.358969688415527344e+01
2.387363624572753906e+01
2.416105651855468750e+01
2.444906806945800781e+01
2.473997688293457031e+01
2.503237533569335938e+01
2.532782554626464844e+01
2.562566947937011719e+01
2.592523765563964844e+01
2.622735214233398438e+01
2.653134918212890625e+01
2.683730697631835938e+01
2.714604759216308594e+01
2.745616722106933594e+01
2.776922225952148438e+01
2.808455276489257812e+01
2.840149879455566406e+01
2.872161483764648438e+01
2.904350471496582031e+01
2.936723709106445312e+01
2.969364166259765625e+01
3.002204704284667969e+01
3.035253334045410156e+01
3.068518447875976562e+01
3.101933288574218750e+01
3.135653877258300781e+01
3.169540214538574219e+01
3.203673553466796875e+01
3.237914276123046875e+01
3.272492599487304688e+01
3.307118225097656250e+01
3.342098236083984375e+01
3.377215957641601562e+01
3.412405014038085938e+01
3.447971725463867188e+01
3.483477020263671875e+01
3.519300460815429688e+01
3.555301284790039062e+01
3.591487884521484375e+01
3.627867889404296875e+01
3.664303207397460938e+01
3.701028442382812500e+01
3.737829971313476562e+01
3.774794006347656250e+01
3.811930465698242188e+01
3.849251556396484375e+01
3.886766433715820312e+01
3.924338531494140625e+01
3.962052154541015625e+01
3.999993133544921875e+01
4.038171768188476562e+01
4.076227569580078125e+01
4.114617156982421875e+01
4.153054046630859375e+01
4.191771697998046875e+01
4.230632781982421875e+01
4.269647598266601562e+01
4.308901977539062500e+01
4.348108673095703125e+01
4.387576675415039062e+01
4.427167510986328125e+01
4.466817092895507812e+01
4.506612014770507812e+01
4.546562194824218750e+01
4.586678314208984375e+01
4.626897430419921875e+01
4.667229843139648438e+01
4.707686614990234375e+01
4.748278427124023438e+01
4.789016342163085938e+01
4.829836654663085938e+01
4.870898818969726562e+01
4.911916351318359375e+01
4.953197097778320312e+01
4.994678115844726562e+01
5.036072540283203125e+01
5.077762985229492188e+01
5.119462585449218750e+01
5.161405944824218750e+01
5.203454208374023438e+01
5.245544815063476562e+01
5.287910842895507812e+01
5.330191421508789062e+01
5.372695159912109375e+01
5.415358352661132812e+01
5.458117294311523438e+01
5.501057434082031250e+01
5.544041061401367188e+01
5.587152862548828125e+01
5.630550765991210938e+01
5.674014282226562500e+01
5.717470169067382812e+01
5.761142349243164062e+01
5.804956817626953125e+01
5.848840713500976562e+01
5.892794799804687500e+01
5.936893844604492188e+01
5.981064605712890625e+01
6.025233840942382812e+01
6.069476318359375000e+01
6.113867950439453125e+01
6.158334350585937500e+01
6.202728652954101562e+01
6.247200012207031250e+01
6.291748809814453125e+01
6.336302566528320312e+01
6.380935287475585938e+01
6.425573730468750000e+01
6.470220184326171875e+01
6.515022277832031250e+01
6.559685516357421875e+01
6.604506683349609375e+01
6.649263763427734375e+01
6.694032287597656250e+01
6.738813018798828125e+01
6.783606719970703125e+01
6.828340148925781250e+01
6.873162841796875000e+01
6.918000793457031250e+01
6.962781524658203125e+01
7.007505035400390625e+01
7.052395629882812500e+01
7.097082519531250000e+01
7.141863250732421875e+01
7.186591339111328125e+01
7.231414794921875000e+01
7.276113128662109375e+01
7.320834350585937500e+01
7.365654754638671875e+01
7.410276794433593750e+01
7.455074310302734375e+01
7.499824523925781250e+01
7.544528198242187500e+01
7.589408874511718750e+01
7.634170532226562500e+01
7.678963470458984375e+01
7.723712921142578125e+01
7.768569183349609375e+01
7.813384246826171875e+01
7.858230590820312500e+01
7.903173065185546875e+01
7.948049926757812500e+01
7.992996978759765625e+01
8.037852478027343750e+01
8.082753753662109375e+01
8.127612304687500000e+01
8.172490692138671875e+01
8.217302703857421875e+01
8.262033081054687500e+01
8.306745910644531250e+01
8.351427459716796875e+01
8.395990753173828125e+01
8.440573120117187500e+01
8.485010528564453125e+01
8.529366302490234375e+01
8.573703002929687500e+01
8.617931365966796875e+01
8.661891937255859375e+01
8.705869293212890625e+01
8.749848937988281250e+01
8.793596649169921875e+01
8.837322998046875000e+01
8.880866241455078125e+01
8.924361419677734375e+01
8.967871093750000000e+01
9.011086273193359375e+01
9.054067230224609375e+01
9.097023773193359375e+01
9.139870452880859375e+01
9.182445526123046875e+01
9.225107574462890625e+01
9.267471313476562500e+01
9.309748840332031250e+01
9.351778411865234375e+01
9.393695068359375000e+01
9.435561370849609375e+01
9.477290344238281250e+01
9.518793487548828125e+01
9.560134887695312500e+01
9.601226043701171875e+01
9.642425537109375000e+01
9.683499145507812500e+01
9.724283599853515625e+01
9.764916992187500000e+01
9.805459594726562500e+01
9.845751190185546875e+01
9.886000061035156250e+01
9.925897979736328125e+01
9.965803527832031250e+01
1.000548095703125000e+02
1.004513702392578125e+02
1.008445892333984375e+02
1.012372894287109375e+02
1.016278228759765625e+02
1.020167694091796875e+02
1.024047241210937500e+02
1.027900390625000000e+02
1.031733016967773438e+02
1.035550918579101562e+02
1.039352645874023438e+02
1.043136520385742188e+02
1.046908416748046875e+02
1.050651931762695312e+02
1.054372863769531250e+02
1.058084640502929688e+02
1.061778030395507812e+02
1.065444259643554688e+02
1.069081573486328125e+02
1.072710876464843750e+02
1.076315536499023438e+02
1.079901504516601562e+02
1.083467254638671875e+02
1.087011108398437500e+02
1.090531616210937500e+02
1.094034423828125000e+02
1.097510910034179688e+02
1.100966567993164062e+02
1.104399871826171875e+02
1.107794570922851562e+02
1.111186218261718750e+02
1.114543228149414062e+02
1.117879257202148438e+02
1.121192626953125000e+02
1.124474105834960938e+02
1.127729873657226562e+02
1.130965576171875000e+02
1.134164886474609375e+02
1.137326202392578125e+02
1.140485153198242188e+02
1.143602828979492188e+02
1.146700134277343750e+02
1.149775466918945312e+02
1.152819671630859375e+02
1.155824050903320312e+02
1.158809051513671875e+02
1.161750869750976562e+02
1.164670257568359375e+02
1.167558212280273438e+02
1.170405731201171875e+02
1.173226242065429688e+02
1.176011734008789062e+02
1.178754272460937500e+02
1.181475524902343750e+02
1.184160308837890625e+02
1.186808090209960938e+02
1.189433364868164062e+02
1.192028045654296875e+02
1.194591598510742188e+02
1.197123794555664062e+02
1.199623947143554688e+02
1.202106475830078125e+02
1.204541244506835938e+02
1.206957473754882812e+02
1.209339752197265625e+02
1.211695022583007812e+02
1.214015502929687500e+02
1.216315383911132812e+02
1.218579559326171875e+02
1.220814666748046875e+02
1.223013076782226562e+02
1.225196533203125000e+02
1.227342147827148438e+02
1.229464340209960938e+02
1.231547927856445312e+02
1.233614425659179688e+02
1.235641250610351562e+02
1.237642822265625000e+02
1.239618682861328125e+02
1.241560668945312500e+02
1.243468399047851562e+02
1.245341567993164062e+02
1.247186889648437500e+02
1.248996658325195312e+02
1.250785140991210938e+02
1.252529525756835938e+02
1.254244308471679688e+02
1.255928955078125000e+02
1.257575531005859375e+02
1.259198379516601562e+02
1.260774688720703125e+02
1.262311630249023438e+02
1.263815917968750000e+02
1.265287246704101562e+02
1.266710052490234375e+02
1.268113861083984375e+02
1.269460830688476562e+02
1.270772705078125000e+02
1.272041854858398438e+02
1.273274993896484375e+02
1.274464416503906250e+02
1.275618591308593750e+02
1.276723022460937500e+02
1.277794036865234375e+02
1.278824615478515625e+02
1.279801254272460938e+02
1.280746917724609375e+02
1.281670074462890625e+02
1.282527008056640625e+02
1.283355865478515625e+02
1.284149932861328125e+02
1.284902648925781250e+02
1.285622863769531250e+02
1.286296081542968750e+02
1.286938476562500000e+02
1.287543334960937500e+02
1.288118896484375000e+02
1.288651428222656250e+02
1.289149169921875000e+02
1.289605865478515625e+02
1.290029449462890625e+02
1.290420989990234375e+02
1.290774230957031250e+02
1.291097259521484375e+02
1.291368865966796875e+02
1.291619415283203125e+02
1.291827850341796875e+02
1.291994781494140625e+02
1.292136383056640625e+02
1.292238311767578125e+02
1.292294311523437500e+02
1.292320098876953125e+02
1.292316589355468750e+02
1.292262420654296875e+02
1.292180633544921875e+02
1.292064971923828125e+02
1.291901397705078125e+02
1.291713256835937500e+02
1.291471557617187500e+02
1.291206817626953125e+02
1.290897979736328125e+02
1.290545806884765625e+02
1.290166015625000000e+02
1.289737396240234375e+02
1.289268188476562500e+02
1.288766937255859375e+02
1.288226776123046875e+02
1.287641448974609375e+02
1.287019195556640625e+02
1.286353454589843750e+02
1.285645294189453125e+02
1.284896392822265625e+02
1.284107818603515625e+02
1.283274078369140625e+02
1.282411346435546875e+02
1.281498718261718750e+02
1.280545349121093750e+02
1.279552764892578125e+02
1.278522262573242188e+02
1.277462844848632812e+02
1.276346511840820312e+02
1.275204391479492188e+02
1.274015731811523438e+02
1.272789230346679688e+02
1.271526718139648438e+02
1.270222167968750000e+02
1.268891983032226562e+02
1.267515335083007812e+02
1.266101226806640625e+02
1.264651107788085938e+02
1.263166427612304688e+02
1.261641464233398438e+02
1.260077514648437500e+02
1.258483734130859375e+02
1.256846542358398438e+02
1.255182571411132812e+02
1.253478317260742188e+02
1.251742706298828125e+02
1.249969940185546875e+02
1.248153839111328125e+02
1.246318588256835938e+02
1.244435729980468750e+02
1.242521667480468750e+02
1.240585327148437500e+02
1.238606033325195312e+02
1.236592636108398438e+02
1.234554061889648438e+02
1.232484588623046875e+02
1.230370559692382812e+02
1.228236007690429688e+02
1.226067581176757812e+02
1.223866577148437500e+02
1.221634826660156250e+02
1.219373474121093750e+02
1.217076950073242188e+02
1.214761505126953125e+02
1.212413711547851562e+02
1.210049972534179688e+02
1.207642211914062500e+02
1.205214080810546875e+02
1.202767028808593750e+02
1.200294189453125000e+02
1.197781219482421875e+02
1.195250854492187500e+02
1.192688827514648438e+02
1.190102844238281250e+02
1.187478790283203125e+02
1.184824447631835938e+02
1.182154998779296875e+02
1.179448928833007812e+02
1.176714019775390625e+02
1.173950729370117188e+02
1.171159439086914062e+02
1.168333511352539062e+02
1.165480499267578125e+02
1.162601165771484375e+02
1.159695816040039062e+02
1.156742782592773438e+02
1.153764724731445312e+02
1.150762176513671875e+02
1.147728271484375000e+02
1.144655838012695312e+02
1.141553039550781250e+02
1.138427658081054688e+02
1.135272827148437500e+02
1.132074127197265625e+02
1.128854217529296875e+02
1.125606307983398438e+02
1.122330856323242188e+02
1.119020919799804688e+02
1.115669555664062500e+02
1.112306900024414062e+02
1.108911209106445312e+02
1.105468139648437500e+02
1.102015380859375000e+02
1.098530807495117188e+02
1.095015335083007812e+02
1.091483993530273438e+02
1.087915039062500000e+02
1.084353637695312500e+02
1.080733337402343750e+02
1.077091903686523438e+02
1.073422164916992188e+02
1.069739532470703125e+02
1.066029739379882812e+02
1.062278289794921875e+02
1.058530273437500000e+02
1.054749069213867188e+02
1.050950012207031250e+02
1.047133560180664062e+02
1.043292541503906250e+02
1.039426803588867188e+02
1.035550765991210938e+02
1.031649093627929688e+02
1.027728729248046875e+02
1.023782043457031250e+02
1.019815902709960938e+02
1.015829849243164062e+02
1.011823577880859375e+02
1.007804031372070312e+02
1.003770751953125000e+02
9.997085571289062500e+01
9.956391906738281250e+01
9.915400695800781250e+01
9.874329376220703125e+01
9.832951354980468750e+01
9.791485595703125000e+01
9.749703979492187500e+01
9.707901000976562500e+01
9.665699768066406250e+01
9.623393249511718750e+01
9.580977630615234375e+01
9.538299560546875000e+01
9.495429992675781250e+01
9.452511596679687500e+01
9.409319305419921875e+01
9.366144561767578125e+01
9.322760772705078125e+01
9.279162597656250000e+01
9.235496520996093750e+01
9.191682434082031250e+01
9.147567749023437500e+01
9.103446197509765625e+01
9.059312438964843750e+01
9.014939117431640625e+01
8.970397186279296875e+01
8.925830841064453125e+01
8.881235504150390625e+01
8.836458587646484375e+01
8.791570281982421875e+01
8.746714019775390625e+01
8.701663970947265625e+01
8.656563568115234375e+01
8.611334991455078125e+01
8.566270446777343750e+01
8.520993804931640625e+01
8.475651550292968750e+01
8.430311584472656250e+01
8.384970855712890625e+01
8.339550018310546875e+01
8.294119262695312500e+01
8.248669433593750000e+01
8.203189086914062500e+01
8.157743072509765625e+01
8.112322998046875000e+01
8.066842651367187500e+01
8.021366119384765625e+01
7.975959777832031250e+01
7.930462646484375000e+01
7.884941101074218750e+01
7.839531707763671875e+01
7.794077301025390625e+01
7.748641967773437500e+01
7.703215789794921875e+01
7.657713317871093750e+01
7.612274932861328125e+01
7.566889190673828125e+01
7.521472930908203125e+01
7.476163482666015625e+01
7.430728912353515625e+01
7.385456848144531250e+01
7.340113067626953125e+01
7.294837188720703125e+01
7.249619293212890625e+01
7.204299163818359375e+01
7.159091949462890625e+01
7.113912963867187500e+01
7.068824768066406250e+01
7.023670196533203125e+01
6.978514099121093750e+01
6.933568572998046875e+01
6.888600158691406250e+01
6.843599700927734375e+01
6.798706054687500000e+01
6.753834533691406250e+01
6.709048461914062500e+01
6.664339447021484375e+01
6.619474792480468750e+01
6.574814605712890625e+01
6.530200195312500000e+01
6.485548400878906250e+01
6.440923309326171875e+01
6.396463012695312500e+01
6.351935195922851562e+01
6.307625961303710938e+01
6.263154983520507812e+01
6.218808746337890625e+01
6.174578475952148438e+01
6.130377960205078125e+01
6.086272430419921875e+01
6.042104339599609375e+01
5.998019790649414062e+01
5.954018020629882812e+01
5.910170364379882812e+01
5.866327285766601562e+01
5.822487640380859375e+01
5.778798675537109375e+01
5.735108566284179688e+01
5.691344070434570312e+01
5.647948074340820312e+01
5.604621887207031250e+01
5.561363983154296875e+01
5.518322372436523438e+01
5.475271224975585938e+01
5.432432937622070312e+01
5.389731597900390625e+01
5.347164916992187500e+01
5.304806900024414062e+01
5.262506484985351562e+01
5.220411682128906250e+01
5.178445816040039062e+01
5.136607360839843750e+01
5.095043945312500000e+01
5.053530883789062500e+01
5.012215042114257812e+01
4.971095657348632812e+01
4.930096435546875000e+01
4.889364242553710938e+01
4.848823547363281250e+01
4.808398437500000000e+01
4.768161773681640625e+01
4.728112411499023438e+01
4.688322067260742188e+01
4.648641967773437500e+01
4.609143829345703125e+01
4.569901275634765625e+01
4.530763626098632812e+01
4.491952133178710938e+01
4.453168869018554688e+01
4.414709091186523438e+01
4.376273727416992188e+01
4.338159179687500000e+01
4.300140762329101562e+01
4.262290954589843750e+01
4.224757766723632812e+01
4.187315750122070312e+01
4.150112533569335938e+01
4.112997817993164062e+01
4.076119232177734375e+01
4.039400100708007812e+01
4.002841186523437500e+01
3.966448593139648438e+01
3.930305099487304688e+01
3.894343948364257812e+01
3.858572769165039062e+01
3.822925949096679688e+01
3.787485122680664062e+01
3.752333831787109375e+01
3.717329788208007812e+01
3.682630538940429688e+01
3.648095703125000000e+01
3.613806915283203125e+01
3.579772567749023438e+01
3.546000289916992188e+01
3.512424087524414062e+01
3.479126358032226562e+01
3.446039962768554688e+01
3.413248062133789062e+01
3.380684661865234375e+01
3.348356628417968750e+01
3.316347122192382812e+01
3.284589385986328125e+01
3.253091430664062500e+01
3.221786880493164062e+01
3.190758705139160156e+01
3.160013771057128906e+01
3.129635429382324219e+01
3.099408149719238281e+01
3.069637298583984375e+01
3.040108108520507812e+01
3.010754013061523438e+01
2.981731605529785156e+01
2.952974700927734375e+01
2.924416732788085938e+01
2.896289062500000000e+01
2.868376541137695312e+01
2.840761566162109375e+01
2.813377380371093750e+01
2.786306571960449219e+01
2.759483146667480469e+01
2.732988739013671875e+01
2.706757354736328125e+01
2.680797195434570312e+01
2.655116081237792969e+01
2.629721832275390625e+01
2.604696846008300781e+01
2.579826545715332031e+01
2.555266952514648438e+01
2.530951881408691406e+01
2.506964111328125000e+01
2.483162689208984375e+01
2.459781265258789062e+01
2.436607170104980469e+01
2.413725090026855469e+01
2.390996932983398438e+01
2.368656349182128906e+01
2.346564865112304688e+01
2.324807739257812500e+01
2.303246116638183594e+01
2.281965827941894531e+01
2.261050796508789062e+01
2.240363121032714844e+01
2.219913482666015625e+01
2.199860954284667969e+01
2.179993057250976562e+01
2.160468864440917969e+01
2.141224670410156250e+01
2.122345161437988281e+01
2.103617858886718750e+01
2.085202026367187500e+01
2.067033958435058594e+01
2.049272537231445312e+01
2.031779479980468750e+01
2.014417266845703125e+01
1.997493171691894531e+01
1.980794715881347656e+01
1.964406967163085938e+01
1.948340415954589844e+01
1.932530975341796875e+01
1.916989517211914062e+01
1.901800537109375000e+01
1.886825942993164062e+01
1.872299194335937500e+01
1.857933807373046875e+01
1.843963050842285156e+01
1.830174064636230469e+01
1.816726684570312500e+01
1.803630828857421875e+01
1.790748596191406250e+01
1.778239250183105469e+01
1.765964508056640625e+01
1.754157638549804688e+01
1.742457962036132812e+01
1.731246948242187500e+01
1.720312881469726562e+01
1.709591484069824219e+01
1.699242019653320312e+01
1.689200401306152344e+01
1.679626274108886719e+01
1.670232391357421875e+01
1.661102676391601562e+01
1.652464485168457031e+01
1.644023704528808594e+01
1.635858726501464844e+01
1.628120613098144531e+01
1.620590591430664062e+01
1.613419914245605469e+01
1.606464004516601562e+01
1.599874496459960938e+01
1.593506145477294922e+01
1.587511062622070312e+01
1.581818103790283203e+01
1.576356506347656250e+01
1.571203899383544922e+01
1.566289234161376953e+01
1.561690425872802734e+01
1.557261848449707031e+01
1.553304576873779297e+01
1.549375724792480469e+01
1.545776081085205078e+01
1.542509078979492188e+01
1.539503669738769531e+01
1.536688995361328125e+01
1.534068202972412109e+01
1.531793689727783203e+01
1.529794120788574219e+01
1.528073120117187500e+01
1.526559638977050781e+01
1.525257110595703125e+01
1.524317550659179688e+01
1.523595714569091797e+01
1.523094844818115234e+01
1.522892761230468750e+01
1.522918605804443359e+01
1.523249721527099609e+01
1.523741340637207031e+01
1.524545097351074219e+01
1.525590419769287109e+01
1.526954555511474609e+01
1.528492450714111328e+01
1.530356311798095703e+01
1.532326316833496094e+01
1.534777450561523438e+01
1.537415981292724609e+01
1.540319538116455078e+01
1.543565654754638672e+01
1.547083568572998047e+01
1.550876712799072266e+01
1.554948329925537109e+01
1.559227371215820312e+01
1.563938903808593750e+01
1.568854713439941406e+01
1.574042606353759766e+01
1.579570579528808594e+01
1.585283279418945312e+01
1.591397190093994141e+01
1.597682762145996094e+01
1.604207801818847656e+01
1.610891532897949219e+01
1.617950248718261719e+01
1.625228691101074219e+01
1.632794761657714844e+01
1.640493202209472656e+01
1.648466110229492188e+01
1.656707000732421875e+01
1.665060615539550781e+01
1.673817825317382812e+01
1.682600212097167969e+01
1.691624641418457031e+01
1.700884056091308594e+01
1.710446739196777344e+01
1.720008468627929688e+01
1.729859924316406250e+01
1.739920425415039062e+01
1.750183677673339844e+01
1.760642814636230469e+01
1.771365356445312500e+01
1.782271194458007812e+01
1.793278694152832031e+01
1.804456138610839844e+01
1.815871047973632812e+01
1.827442741394042969e+01
1.839164733886718750e+01
1.851178741455078125e+01
1.863255691528320312e+01
1.875611686706542969e+01
1.888017463684082031e+01
1.900689315795898438e+01
1.913472175598144531e+01
1.926508140563964844e+01
1.939790344238281250e+01
1.953164291381835938e+01
1.966697120666503906e+01
1.980382537841796875e+01
1.994362831115722656e+01
2.008408164978027344e+01
2.022661018371582031e+01
2.037114715576171875e+01
2.051613998413085938e+01
2.066449737548828125e+01
2.081391716003417969e+01
2.096504402160644531e+01
2.111926078796386719e+01
2.127422904968261719e+01
2.143059349060058594e+01
2.158972740173339844e+01
2.174930381774902344e+01
2.191069984436035156e+01
2.207381248474121094e+01
2.224002075195312500e+01
2.240550613403320312e+01
2.257313537597656250e+01
2.274205970764160156e+01
2.291291618347167969e+01
2.308485984802246094e+01
2.325778579711914062e+01
2.343158340454101562e+01
2.360838317871093750e+01
2.378510475158691406e+01
2.396387100219726562e+01
2.414383888244628906e+01
2.432489776611328125e+01
2.450768852233886719e+01
2.469136238098144531e+01
2.487581443786621094e+01
2.506168174743652344e+01
2.524960136413574219e+01
2.543650054931640625e+01
2.562672805786132812e+01
2.581572151184082031e+01
2.600709152221679688e+01
2.619924545288085938e+01
2.639208030700683594e+01
2.658623504638671875e+01
2.678085708618164062e+01
2.697658729553222656e+01
2.717332077026367188e+01
2.737020683288574219e+01
2.756788635253906250e+01
2.776699638366699219e+01
2.796668624877929688e+01
2.816685295104980469e+01
2.836813354492187500e+01
2.856968307495117188e+01
2.877139091491699219e+01
2.897464179992675781e+01
2.917784690856933594e+01
2.938089561462402344e+01
2.958591270446777344e+01
2.979056739807128906e+01
2.999476051330566406e+01
3.020064926147460938e+01
3.040668869018554688e+01
3.061355781555175781e+01
3.081971359252929688e+01
3.102731513977050781e+01
3.123481941223144531e+01
3.144216346740722656e+01
3.165077400207519531e+01
3.185909652709960938e+01
3.206781768798828125e+01
3.227761459350585938e+01
3.248768615722656250e+01
3.269796752929687500e+01
3.290840148925781250e+01
3.311966323852539062e+01
3.333020782470703125e+01
3.354145812988281250e+01
3.375334930419921875e+01
3.396582794189453125e+01
3.417808532714843750e+01
3.439080047607421875e+01
3.460391235351562500e+01
3.481735992431640625e+01
3.503108215332031250e+01
3.524501419067382812e+01
3.545909881591796875e+01
3.567252349853515625e+01
3.588746261596679688e+01
3.610162353515625000e+01
3.631568527221679688e+01
3.653033065795898438e+01
3.674475479125976562e+01
3.695963668823242188e+01
3.717343139648437500e+01
3.738756561279296875e+01
3.760196685791015625e+01
3.781509780883789062e+01
3.802911758422851562e+01
3.824248504638671875e+01
3.845513534545898438e+01
3.866775131225585938e+01
3.888100814819335938e+01
3.909261703491210938e+01
3.930475234985351562e+01
3.951511001586914062e+01
3.972586822509765625e+01
3.993621444702148438e+01
4.014460754394531250e+01
4.035321044921875000e+01
4.056122589111328125e+01
4.076792144775390625e+01
4.097405624389648438e+01
4.117963409423828125e+01
4.138393020629882812e+01
4.158845138549804688e+01
4.179098129272460938e+01
4.199375915527343750e+01
4.219531631469726562e+01
4.239715194702148438e+01
4.259631347656250000e+01
4.279578399658203125e+01
4.299483108520507812e+01
4.319273757934570312e+01
4.339025115966796875e+01
4.358739089965820312e+01
4.378342819213867188e+01
4.397911834716796875e+01
4.417373657226562500e+01
4.436729049682617188e+01
4.456129455566406250e+01
4.475426483154296875e+01
4.494622039794921875e+01
4.513717651367187500e+01
4.532714843750000000e+01
4.551689147949218750e+01
4.570568466186523438e+01
4.589353561401367188e+01
4.608120346069335938e+01
4.626796340942382812e+01
4.645308303833007812e+01
4.663806152343750000e+01
4.682218170166015625e+01
4.700470733642578125e+01
4.718639373779296875e+01
4.736800384521484375e+01
4.754732131958007812e+01
4.772659683227539062e+01
4.790509033203125000e+01
4.808134078979492188e+01
4.825684738159179688e+01
4.843162155151367188e+01
4.860419464111328125e+01
4.877606582641601562e+01
4.894725418090820312e+01
4.911702728271484375e+01
4.928466033935546875e+01
4.945165252685546875e+01
4.961652755737304688e+01
4.978079986572265625e+01
4.994299316406250000e+01
5.010390853881835938e+01
5.026359939575195312e+01
5.042137908935546875e+01
5.057804870605468750e+01
5.073292160034179688e+01
5.088680648803710938e+01
5.103900527954101562e+01
5.118883895874023438e+01
5.133858871459960938e+01
5.148609161376953125e+01
5.163214111328125000e+01
5.177679443359375000e+01
5.192085266113281250e+01
5.206288909912109375e+01
5.220295715332031250e+01
5.234185791015625000e+01
5.247964859008789062e+01
5.261490631103515625e+01
5.274916076660156250e+01
5.288248062133789062e+01
5.301343154907226562e+01
5.314281463623046875e+01
5.327142715454101562e+01
5.339859008789062500e+01
5.352360916137695312e+01
5.364654922485351562e+01
5.376894760131835938e+01
5.388937377929687500e+01
5.400788879394531250e+01
5.412529373168945312e+01
5.424163818359375000e+01
5.435550689697265625e+01
5.446842193603515625e+01
5.457971572875976562e+01
5.468869781494140625e+01
5.479690170288085938e+01
5.490365982055664062e+01
5.500752258300781250e+01
5.511005020141601562e+01
5.521202850341796875e+01
5.531203460693359375e+01
5.540938186645507812e+01
5.550635910034179688e+01
5.560079956054687500e+01
5.569348907470703125e+01
5.578524017333984375e+01
5.587536239624023438e+01
5.596316146850585938e+01
5.604945373535156250e+01
5.613428115844726562e+01
5.621695327758789062e+01
5.629897689819335938e+01
5.637965393066406250e+01
5.645753479003906250e+01
5.653340530395507812e+01
5.660803604125976562e+01
5.668146896362304688e+01
5.675150680541992188e+01
5.682116317749023438e+01
5.688824462890625000e+01
5.695428085327148438e+01
5.701781082153320312e+01
5.708036422729492188e+01
5.713974761962890625e+01
5.719822692871093750e+01
5.725286483764648438e+01
5.730816650390625000e+01
5.736043930053710938e+01
5.741195678710937500e+01
5.746275329589843750e+01
5.750915527343750000e+01
5.755491256713867188e+01
5.759783172607421875e+01
5.764017105102539062e+01
5.767827224731445312e+01
5.771586608886718750e+01
5.775151062011718750e+01
5.778450393676757812e+01
5.781711196899414062e+01
5.784713363647460938e+01
5.787535476684570312e+01
5.790032958984375000e+01
5.792505264282226562e+01
5.794809722900390625e+01
5.796798706054687500e+01
5.798700714111328125e+01
5.800370025634765625e+01
5.801885604858398438e+01
5.803174591064453125e+01
5.804317474365234375e+01
5.805315780639648438e+01
5.806100082397460938e+01
5.806747817993164062e+01
5.807262802124023438e+01
5.807500076293945312e+01
5.807612228393554688e+01
5.807527923583984375e+01
5.807325363159179688e+01
5.807008361816406250e+01
5.806505584716796875e+01
5.805741119384765625e+01
5.804864120483398438e+01
5.803797912597656250e+01
5.802615737915039062e+01
5.801241683959960938e+01
5.799749374389648438e+01
5.798138046264648438e+01
5.796182632446289062e+01
5.794105148315429688e+01
5.791904067993164062e+01
5.789430236816406250e+01
5.786830139160156250e+01
5.784103775024414062e+01
5.781174468994140625e+01
5.778041076660156250e+01
5.774777984619140625e+01
5.771308135986328125e+01
5.767631149291992188e+01
5.763819885253906250e+01
5.759724426269531250e+01
5.755566406250000000e+01
5.751197052001953125e+01
5.746688079833984375e+01
5.741890716552734375e+01
5.737025451660156250e+01
5.731869888305664062e+01
5.726643753051757812e+01
5.721199417114257812e+01
5.715607833862304688e+01
5.709795379638671875e+01
5.703760147094726562e+01
5.697649002075195312e+01
5.691312408447265625e+01
5.684898757934570312e+01
5.678108215332031250e+01
5.671312332153320312e+01
5.664360046386718750e+01
5.657177352905273438e+01
5.649835968017578125e+01
5.642335510253906250e+01
5.634674453735351562e+01
5.627000427246093750e+01
5.618940353393554688e+01
5.610790252685546875e+01
5.602549743652343750e+01
5.594142150878906250e+01
5.585566329956054688e+01
5.576896667480468750e+01
5.567982482910156250e+01
5.559044647216796875e+01
5.549782562255859375e+01
5.540490722656250000e+01
5.531164169311523438e+01
5.521650695800781250e+01
5.511946487426757812e+01
5.502122497558593750e+01
5.492099761962890625e+01
5.481949234008789062e+01
5.471741104125976562e+01
5.461323165893554688e+01
5.450840377807617188e+01
5.440213775634765625e+01
5.429365539550781250e+01
5.418441009521484375e+01
5.407361221313476562e+01
5.396197128295898438e+01
5.384870529174804688e+01
5.373451614379882812e+01
5.361862182617187500e+01
5.350098800659179688e+01
5.338230895996093750e+01
5.326181411743164062e+01
5.314169311523437500e+01
5.301893234252929688e+01
5.289422988891601562e+01
5.276979064941406250e+01
5.264258956909179688e+01
5.251557159423828125e+01
5.238645935058593750e+01
5.225522232055664062e+01
5.212404632568359375e+01
5.199215316772460938e+01
5.185801696777343750e+01
5.172309112548828125e+01
5.158732604980468750e+01
5.144920730590820312e+01
5.131092071533203125e+01
5.117168426513671875e+01
5.103071975708007812e+01
5.088947677612304688e+01
5.074568557739257812e+01
5.060153579711914062e+01
5.045699310302734375e+01
5.030978775024414062e+01
5.016285705566406250e+01
5.001393127441406250e+01
4.986445617675781250e+01
4.971365737915039062e+01
4.956074523925781250e+01
4.940866470336914062e+01
4.925442123413085938e+01
4.910021972656250000e+01
4.894380950927734375e+01
4.878740692138671875e+01
4.862801361083984375e+01
4.846858215332031250e+01
4.830909347534179688e+01
4.814878845214843750e+01
4.798838043212890625e+01
4.782711791992187500e+01
4.766348266601562500e+01
4.749969482421875000e+01
4.733572769165039062e+01
4.717007827758789062e+01
4.700420761108398438e+01
4.683735656738281250e+01
4.667024612426757812e+01
4.650211334228515625e+01
4.633367538452148438e+01
4.616492462158203125e+01
4.599434280395507812e+01
4.582339859008789062e+01
4.565281295776367188e+01
4.548034286499023438e+01
4.530818939208984375e+01
4.513484954833984375e+01
4.496252441406250000e+01
4.478897476196289062e+01
4.461417388916015625e+01
4.443884658813476562e+01
4.426296615600585938e+01
4.408726119995117188e+01
4.391022109985351562e+01
4.373331069946289062e+01
4.355502700805664062e+01
4.337757492065429688e+01
4.319869995117187500e+01
4.301987838745117188e+01
4.284033203125000000e+01
4.266005325317382812e+01
4.247975921630859375e+01
4.229868316650390625e+01
4.211754989624023438e+01
4.193484878540039062e+01
4.175279617309570312e+01
4.157062149047851562e+01
4.138830566406250000e+01
4.120434188842773438e+01
4.102019882202148438e+01
4.083511352539062500e+01
4.064910507202148438e+01
4.046218109130859375e+01
4.027585983276367188e+01
4.008993148803710938e+01
3.990263366699218750e+01
3.971509552001953125e+01
3.952719116210937500e+01
3.933909225463867188e+01
3.915088272094726562e+01
3.896244049072265625e+01
3.877370834350585938e+01
3.858500289916992188e+01
3.839627075195312500e+01
3.820723342895507812e+01
3.801805496215820312e+01
3.782876205444335938e+01
3.763951492309570312e+01
3.745019531250000000e+01
3.726073837280273438e+01
3.707139205932617188e+01
3.688195037841796875e+01
3.669250488281250000e+01
3.650315856933593750e+01
3.631384658813476562e+01
3.612451934814453125e+01
3.593542098999023438e+01
3.574626922607421875e+01
3.555730819702148438e+01
3.536840820312500000e+01
3.517958831787109375e+01
3.499094390869140625e+01
3.480241775512695312e+01
3.461395645141601562e+01
3.442572784423828125e+01
3.423760223388671875e+01
3.404974746704101562e+01
3.386195755004882812e+01
3.367432785034179688e+01
3.348687362670898438e+01
3.329954528808593750e+01
3.311243057250976562e+01
3.292547607421875000e+01
3.273863220214843750e+01
3.255212402343750000e+01
3.236569213867187500e+01
3.217934036254882812e+01
3.199316596984863281e+01
3.180726242065429688e+01
3.162150192260742188e+01
3.143583106994628906e+01
3.125028228759765625e+01
3.106498146057128906e+01
3.087981796264648438e+01
3.069497680664062500e+01
3.051043701171875000e+01
3.032615852355957031e+01
3.014196395874023438e+01
2.995796966552734375e+01
2.977444076538085938e+01
2.959119796752929688e+01
2.940835189819335938e+01
2.922580528259277344e+01
2.904359436035156250e+01
2.886176300048828125e+01
2.868028068542480469e+01
2.849918937683105469e+01
2.831853294372558594e+01
2.813842391967773438e+01
2.795854187011718750e+01
2.777922058105468750e+01
2.760027694702148438e+01
2.742191314697265625e+01
2.724371910095214844e+01
2.706596374511718750e+01
2.688950347900390625e+01
2.671319770812988281e+01
2.653731155395507812e+01
2.636114501953125000e+01
2.618696975708007812e+01
2.601260185241699219e+01
2.583882713317871094e+01
2.566568946838378906e+01
2.549249076843261719e+01
2.532076072692871094e+01
2.515054130554199219e+01
2.497890663146972656e+01
2.480887031555175781e+01
2.463973617553710938e+01
2.447005844116210938e+01
2.430211448669433594e+01
2.413445854187011719e+01
2.396713829040527344e+01
2.380093574523925781e+01
2.363515472412109375e+01
2.347058105468750000e+01
2.330651855468750000e+01
2.314300727844238281e+01
2.298009300231933594e+01
2.281781768798828125e+01
2.265696525573730469e+01
2.249757575988769531e+01
2.233744812011718750e+01
2.217810058593750000e+01
2.201882743835449219e+01
2.186114692687988281e+01
2.170508956909179688e+01
2.154845809936523438e+01
2.139351654052734375e+01
2.123806953430175781e+01
2.108437538146972656e+01
2.093098258972167969e+01
2.077866363525390625e+01
2.062819671630859375e+01
2.047738265991210938e+01
2.032699584960937500e+01
2.017781257629394531e+01
2.002912330627441406e+01
1.988095855712890625e+01
1.973409271240234375e+01
1.958855628967285156e+01
1.944289588928222656e+01
1.929863166809082031e+01
1.915430450439453125e+01
1.901143455505371094e+01
1.886931228637695312e+01
1.872796630859375000e+01
1.858668708801269531e+01
1.844624900817871094e+01
1.830668449401855469e+01
1.816802406311035156e+01
1.803104209899902344e+01
1.789354324340820312e+01
1.775853157043457031e+01
1.762306594848632812e+01
1.748940658569335938e+01
1.735610389709472656e+01
1.722318649291992188e+01
1.709143066406250000e+01
1.696087074279785156e+01
1.683153724670410156e+01
1.670272254943847656e+01
1.657520103454589844e+01
1.644826316833496094e+01
1.632268333435058594e+01
1.619849586486816406e+01
1.607425117492675781e+01
1.595146465301513672e+01
1.583017063140869141e+01
1.570891952514648438e+01
1.558922195434570312e+01
1.547034358978271484e+01
1.535228538513183594e+01
1.523653316497802734e+01
1.512085914611816406e+01
1.500600719451904297e+01
1.489346313476562500e+01
1.478100109100341797e+01
1.466936492919921875e+01
1.456003952026367188e+01
1.445079898834228516e+01
1.434238624572753906e+01
1.423480224609375000e+01
1.412804985046386719e+01
1.402286911010742188e+01
1.391852092742919922e+01
1.381426239013671875e+01
1.371232128143310547e+01
1.361047172546386719e+01
1.350945663452148438e+01
1.341001796722412109e+01
1.331066989898681641e+01
1.321289920806884766e+01
1.311596393585205078e+01
1.301911926269531250e+01
1.292459487915039062e+01
1.283090400695800781e+01
1.273804569244384766e+01
1.264601993560791016e+01
1.255482482910156250e+01
1.246371841430664062e+01
1.237492752075195312e+01
1.228622055053710938e+01
1.219908428192138672e+01
1.211203193664550781e+01
1.202728843688964844e+01
1.194113826751708984e+01
1.185803890228271484e+01
1.177501583099365234e+01
1.169355297088623047e+01
1.161290645599365234e+01
1.153307342529296875e+01
1.145479583740234375e+01
1.137584304809570312e+01
1.129992771148681641e+01
1.122407627105712891e+01
1.114977359771728516e+01
1.107627391815185547e+01
1.100283336639404297e+01
1.093167972564697266e+01
1.086206245422363281e+01
1.079173278808593750e+01
1.072363376617431641e+01
1.065625286102294922e+01
1.059030818939208984e+01
1.052502822875976562e+01
1.046038818359375000e+01
1.039710330963134766e+01
1.033440589904785156e+01
1.027375698089599609e+01
1.021364212036132812e+01
1.015478134155273438e+01
1.009640502929687500e+01
1.003923130035400391e+01
9.982493400573730469e+00
9.926163673400878906e+00
9.871705055236816406e+00
9.817606925964355469e+00
9.764587402343750000e+00
9.714109420776367188e+00
9.663173675537109375e+00
9.612502098083496094e+00
9.564298629760742188e+00
9.515565872192382812e+00
9.468510627746582031e+00
9.421622276306152344e+00
9.376361846923828125e+00
9.331964492797851562e+00
9.288404464721679688e+00
9.245657920837402344e+00
9.203701972961425781e+00
9.162512779235839844e+00
9.122063636779785156e+00
9.083076477050781250e+00
9.044037818908691406e+00
9.006412506103515625e+00
8.970172882080078125e+00
8.934554100036621094e+00
8.900272369384765625e+00
8.866559028625488281e+00
8.832648277282714844e+00
8.800741195678710938e+00
8.770071029663085938e+00
8.739125251770019531e+00
8.709364891052246094e+00
8.680018424987792969e+00
8.651805877685546875e+00
8.625441551208496094e+00
8.598670005798339844e+00
8.573694229125976562e+00
8.549742698669433594e+00
8.526045799255371094e+00
8.503318786621093750e+00
8.481533050537109375e+00
8.459916114807128906e+00
8.440670967102050781e+00
8.420795440673828125e+00
8.401747703552246094e+00
8.384242057800292969e+00
8.367506980895996094e+00
8.350769996643066406e+00
8.335490226745605469e+00
8.320150375366210938e+00
8.306953430175781250e+00
8.293640136718750000e+00
8.281668663024902344e+00
8.270267486572265625e+00
8.259556770324707031e+00
8.249508857727050781e+00
8.240094184875488281e+00
8.231881141662597656e+00
8.224246025085449219e+00
8.217310905456542969e+00
8.211048126220703125e+00
8.205504417419433594e+00
8.200654029846191406e+00
8.196617126464843750e+00
8.193219184875488281e+00
8.190508842468261719e+00
8.188458442687988281e+00
8.187117576599121094e+00
8.186387062072753906e+00
8.186462402343750000e+00
8.187170982360839844e+00
8.188488006591796875e+00
8.190462112426757812e+00
8.193143844604492188e+00
8.196358680725097656e+00
8.200305938720703125e+00
8.204813957214355469e+00
8.209856986999511719e+00
8.215633392333984375e+00
8.221973419189453125e+00
8.228851318359375000e+00
8.236316680908203125e+00
8.244346618652343750e+00
8.252917289733886719e+00
8.262079238891601562e+00
8.271808624267578125e+00
8.282008171081542969e+00
8.292728424072265625e+00
8.304035186767578125e+00
8.315848350524902344e+00
8.328161239624023438e+00
8.340964317321777344e+00
8.354400634765625000e+00
8.368388175964355469e+00
8.382844924926757812e+00
8.397912025451660156e+00
8.413356781005859375e+00
8.429470062255859375e+00
8.446166992187500000e+00
8.463365554809570312e+00
8.481129646301269531e+00
8.499450683593750000e+00
8.518320083618164062e+00
8.537651062011718750e+00
8.557508468627929688e+00
8.577957153320312500e+00
8.598911285400390625e+00
8.620360374450683594e+00
8.642367362976074219e+00
8.664847373962402344e+00
8.687787055969238281e+00
8.711175918579101562e+00
8.735077857971191406e+00
8.759479522705078125e+00
8.784296035766601562e+00
8.809588432312011719e+00
8.835271835327148438e+00
8.861481666564941406e+00
8.887984275817871094e+00
8.914916038513183594e+00
8.942339897155761719e+00
8.970020294189453125e+00
8.998097419738769531e+00
9.026555061340332031e+00
9.055312156677246094e+00
9.084431648254394531e+00
9.113825798034667969e+00
9.143561363220214844e+00
9.173478126525878906e+00
9.203715324401855469e+00
9.234263420104980469e+00
9.264964103698730469e+00
9.296031951904296875e+00
9.327161788940429688e+00
9.358566284179687500e+00
9.390089988708496094e+00
9.421947479248046875e+00
9.453837394714355469e+00
9.485916137695312500e+00
9.518118858337402344e+00
9.550534248352050781e+00
9.583022117614746094e+00
9.615817070007324219e+00
9.648709297180175781e+00
9.681784629821777344e+00
9.715054512023925781e+00
9.748532295227050781e+00
9.782081604003906250e+00
9.815937042236328125e+00
9.849813461303710938e+00
9.883948326110839844e+00
9.918352127075195312e+00
9.953039169311523438e+00
9.988094329833984375e+00
1.002301120758056641e+01
1.005824565887451172e+01
1.009358978271484375e+01
1.012927532196044922e+01
1.016501903533935547e+01
1.020097827911376953e+01
1.023709297180175781e+01
1.027351951599121094e+01
1.030989933013916016e+01
1.034668636322021484e+01
1.038352012634277344e+01
1.042048358917236328e+01
1.045765972137451172e+01
1.049513244628906250e+01
1.053261280059814453e+01
1.057033157348632812e+01
1.060814857482910156e+01
1.064614295959472656e+01
1.068410110473632812e+01
1.072232627868652344e+01
1.076060104370117188e+01
1.079900646209716797e+01
1.083747291564941406e+01
1.087585926055908203e+01
1.091446590423583984e+01
1.095307540893554688e+01
1.099169445037841797e+01
1.103039932250976562e+01
1.106904792785644531e+01
1.110771942138671875e+01
1.114649105072021484e+01
1.118521976470947266e+01
1.122383594512939453e+01
1.126242065429687500e+01
1.130097770690917969e+01
1.133944320678710938e+01
1.137782478332519531e+01
1.141613101959228516e+01
1.145436954498291016e+01
1.149247550964355469e+01
1.153053188323974609e+01
1.156847476959228516e+01
1.160623931884765625e+01
1.164390945434570312e+01
1.168149757385253906e+01
1.171886444091796875e+01
1.175609683990478516e+01
1.179335594177246094e+01
1.183028030395507812e+01
1.186703300476074219e+01
1.190377521514892578e+01
1.194022369384765625e+01
1.197661590576171875e+01
1.201274299621582031e+01
1.204876804351806641e+01
1.208455753326416016e+01
1.212034988403320312e+01
1.215586376190185547e+01
1.219111633300781250e+01
1.222634506225585938e+01
1.226134395599365234e+01
1.229620361328125000e+01
1.233086872100830078e+01
1.236542606353759766e+01
1.239982223510742188e+01
1.243407249450683594e+01
1.246811866760253906e+01
1.250197696685791016e+01
1.253581428527832031e+01
1.256942367553710938e+01
1.260296821594238281e+01
1.263631629943847656e+01
1.266948223114013672e+01
1.270263195037841797e+01
1.273548126220703125e+01
1.276826667785644531e+01
1.280100440979003906e+01
1.283355712890625000e+01
1.286594009399414062e+01
1.289823818206787109e+01
1.293039035797119141e+01
1.296240711212158203e+01
1.299429988861083984e+01
1.302615261077880859e+01
1.305774211883544922e+01
1.308929157257080078e+01
1.312065315246582031e+01
1.315174865722656250e+01
1.318272495269775391e+01
1.321350765228271484e+01
1.324416637420654297e+01
1.327447509765625000e+01
1.330458164215087891e+01
1.333455276489257812e+01
1.336408996582031250e+01
1.339348697662353516e+01
1.342258834838867188e+01
1.345146656036376953e+01
1.347989368438720703e+01
1.350808715820312500e+01
1.353589630126953125e+01
1.356339073181152344e+01
1.359064102172851562e+01
1.361749267578125000e+01
1.364394474029541016e+01
1.366999435424804688e+01
1.369578552246093750e+01
1.372116756439208984e+01
1.374606513977050781e+01
1.377062511444091797e+01
1.379469871520996094e+01
1.381843471527099609e+01
1.384175586700439453e+01
1.386466598510742188e+01
1.388716506958007812e+01
1.390925598144531250e+01
1.393093967437744141e+01
1.395229530334472656e+01
1.397317695617675781e+01
1.399358940124511719e+01
1.401368522644042969e+01
1.403339672088623047e+01
1.405273151397705078e+01
1.407161617279052734e+01
1.409013938903808594e+01
1.410830211639404297e+01
1.412611484527587891e+01
1.414351081848144531e+01
1.416064739227294922e+01
1.417745876312255859e+01
1.419387722015380859e+01
1.421006298065185547e+01
1.422587585449218750e+01
1.424146842956542969e+01
1.425669479370117188e+01
1.427170085906982422e+01
1.428640937805175781e+01
1.430089378356933594e+01
1.431500148773193359e+01
1.432887840270996094e+01
1.434244441986083984e+01
1.435569953918457031e+01
1.436870956420898438e+01
1.438139629364013672e+01
1.439390373229980469e+01
1.440607547760009766e+01
1.441790676116943359e+01
1.442953395843505859e+01
1.444087791442871094e+01
1.445192909240722656e+01
1.446260070800781250e+01
1.447303485870361328e+01
1.448321628570556641e+01
1.449306011199951172e+01
1.450262832641601562e+01
1.451168632507324219e+01
1.452051353454589844e+01
1.452909851074218750e+01
1.453727626800537109e+01
1.454510402679443359e+01
1.455264377593994141e+01
1.455972766876220703e+01
1.456656074523925781e+01
1.457283210754394531e+01
1.457889652252197266e+01
1.458443450927734375e+01
1.458973121643066406e+01
1.459454250335693359e+01
1.459885311126708984e+01
1.460286808013916016e+01
1.460634708404541016e+01
1.460949897766113281e+01
1.461208343505859375e+01
1.461423206329345703e+01
1.461600399017333984e+01
1.461723804473876953e+01
1.461806869506835938e+01
1.461825561523437500e+01
1.461823558807373047e+01
1.461762523651123047e+01
1.461663627624511719e+01
1.461510658264160156e+01
1.461302947998046875e+01
1.461054515838623047e+01
1.460771656036376953e+01
1.460424137115478516e+01
1.460040664672851562e+01
1.459613132476806641e+01
1.459133625030517578e+01
1.458616542816162109e+01
1.458053779602050781e+01
1.457445240020751953e+01
1.456805133819580078e+01
1.456103706359863281e+01
1.455378150939941406e+01
1.454613113403320312e+01
1.453808498382568359e+01
1.452964305877685547e+01
1.452088069915771484e+01
1.451179409027099609e+01
1.450231170654296875e+01
1.449250602722167969e+01
1.448245143890380859e+01
1.447199821472167969e+01
1.446136856079101562e+01
1.445033836364746094e+01
1.443920421600341797e+01
1.442766475677490234e+01
1.441594028472900391e+01
1.440380668640136719e+01
1.439162826538085938e+01
1.437910461425781250e+01
1.436637783050537109e+01
1.435351753234863281e+01
1.434036445617675781e+01
1.432698345184326172e+01
1.431322097778320312e+01
1.429943275451660156e+01
1.428531360626220703e+01
1.427107143402099609e+01
1.425661849975585938e+01
1.424179077148437500e+01
1.422679901123046875e+01
1.421162128448486328e+01
1.419609546661376953e+01
1.418034934997558594e+01
1.416429042816162109e+01
1.414804840087890625e+01
1.413152694702148438e+01
1.411463069915771484e+01
1.409748554229736328e+01
1.407992267608642578e+01
1.406206798553466797e+01
1.404382514953613281e+01
1.402525234222412109e+01
1.400626277923583984e+01
1.398698806762695312e+01
1.396726608276367188e+01
1.394723033905029297e+01
1.392672157287597656e+01
1.390572357177734375e+01
1.388437271118164062e+01
1.386273193359375000e+01
1.384064388275146484e+01
1.381809616088867188e+01
1.379515457153320312e+01
1.377173519134521484e+01
1.374805641174316406e+01
1.372381305694580078e+01
1.369915008544921875e+01
1.367406463623046875e+01
1.364869976043701172e+01
1.362275981903076172e+01
1.359654331207275391e+01
1.356982517242431641e+01
1.354283523559570312e+01
1.351542472839355469e+01
1.348767566680908203e+01
1.345951843261718750e+01
1.343103599548339844e+01
1.340223503112792969e+01
1.337312412261962891e+01
1.334364032745361328e+01
1.331386852264404297e+01
1.328389263153076172e+01
1.325357723236083984e+01
1.322308254241943359e+01
1.319227123260498047e+01
1.316130638122558594e+01
1.313005065917968750e+01
1.309881401062011719e+01
1.306716251373291016e+01
1.303547954559326172e+01
1.300370216369628906e+01
1.297169303894042969e+01
1.293953514099121094e+01
1.290731334686279297e+01
1.287503528594970703e+01
1.284263515472412109e+01
1.281011581420898438e+01
1.277755928039550781e+01
1.274481868743896484e+01
1.271212005615234375e+01
1.267931556701660156e+01
1.264641475677490234e+01
1.261342430114746094e+01
1.258049774169921875e+01
1.254741668701171875e+01
1.251433277130126953e+01
1.248124694824218750e+01
1.244808578491210938e+01
1.241477203369140625e+01
1.238152599334716797e+01
1.234812164306640625e+01
1.231470012664794922e+01
1.228118038177490234e+01
1.224755573272705078e+01
1.221381664276123047e+01
1.218002796173095703e+01
1.214603137969970703e+01
1.211188983917236328e+01
1.207751750946044922e+01
1.204312705993652344e+01
1.200848293304443359e+01
1.197364902496337891e+01
1.193861389160156250e+01
1.190329074859619141e+01
1.186789512634277344e+01
1.183211803436279297e+01
1.179602527618408203e+01
1.175975894927978516e+01
1.172301387786865234e+01
1.168615818023681641e+01
1.164896297454833984e+01
1.161135196685791016e+01
1.157347393035888672e+01
1.153518104553222656e+01
1.149662399291992188e+01
1.145773410797119141e+01
1.141851615905761719e+01
1.137890625000000000e+01
1.133906173706054688e+01
1.129884815216064453e+01
1.125827789306640625e+01
1.121751689910888672e+01
1.117643356323242188e+01
1.113504886627197266e+01
1.109345817565917969e+01
1.105153751373291016e+01
1.100938415527343750e+01
1.096702480316162109e+01
1.092463588714599609e+01
1.088202381134033203e+01
1.083914184570312500e+01
1.079624748229980469e+01
1.075322532653808594e+01
1.071018123626708984e+01
1.066707706451416016e+01
1.062402057647705078e+01
1.058097171783447266e+01
1.053788852691650391e+01
1.049495410919189453e+01
1.045205020904541016e+01
1.040928268432617188e+01
1.036675643920898438e+01
1.032427787780761719e+01
1.028194618225097656e+01
1.023986244201660156e+01
1.019812488555908203e+01
1.015653038024902344e+01
1.011510086059570312e+01
1.007400035858154297e+01
1.003316974639892578e+01
9.992546081542968750e+00
9.952215194702148438e+00
9.912182807922363281e+00
9.872455596923828125e+00
9.832959175109863281e+00
9.793694496154785156e+00
9.754659652709960938e+00
9.715846061706542969e+00
9.677248954772949219e+00
9.638858795166015625e+00
9.600661277770996094e+00
9.562569618225097656e+00
9.524715423583984375e+00
9.486859321594238281e+00
9.449204444885253906e+00
9.411508560180664062e+00
9.373823165893554688e+00
9.336127281188964844e+00
9.298472404479980469e+00
9.260687828063964844e+00
9.222823143005371094e+00
9.184782981872558594e+00
9.146767616271972656e+00
9.108384132385253906e+00
9.069835662841796875e+00
9.031102180480957031e+00
8.992094039916992188e+00
8.952718734741210938e+00
8.913187980651855469e+00
8.873191833496093750e+00
0.000000000000000000e+00
0.000000000000000000e+00
0.000000000000000000e+00
0.000000000000000000e+00
0.000000000000000000e+00
0.000000000000000000e+00
0.000000000000000000e+00
0.000000000000000000e+00
0.000000000000000000e+00
0.000000000000000000e+00
0.000000000000000000e+00
0.000000000000000000e+00
0.000000000000000000e+00
0.000000000000000000e+00
0.000000000000000000e+00
0.000000000000000000e+00
0.000000000000000000e+00
0.000000000000000000e+00
0.000000000000000000e+00
0.000000000000000000e+00
0.000000000000000000e+00
0.000000000000000000e+00
0.000000000000000000e+00
0.000000000000000000e+00
0.000000000000000000e+00
0.000000000000000000e+00
0.000000000000000000e+00
0.000000000000000000e+00
0.000000000000000000e+00
0.000000000000000000e+00
0.000000000000000000e+00
0.000000000000000000e+00
0.000000000000000000e+00
0.000000000000000000e+00
0.000000000000000000e+00
0.000000000000000000e+00
0.000000000000000000e+00
0.000000000000000000e+00
0.000000000000000000e+00
0.000000000000000000e+00
0.000000000000000000e+00
0.000000000000000000e+00
0.000000000000000000e+00
0.000000000000000000e+00
0.000000000000000000e+00
0.000000000000000000e+00
0.000000000000000000e+00
0.000000000000000000e+00
0.000000000000000000e+00
0.000000000000000000e+00
0.000000000000000000e+00
0.000000000000000000e+00
0.000000000000000000e+00
0.000000000000000000e+00
0.000000000000000000e+00
0.000000000000000000e+00
0.000000000000000000e+00
0.000000000000000000e+00
0.000000000000000000e+00
0.000000000000000000e+00
0.000000000000000000e+00
0.000000000000000000e+00
0.000000000000000000e+00
0.000000000000000000e+00
0.000000000000000000e+00
0.000000000000000000e+00
0.000000000000000000e+00
0.000000000000000000e+00
0.000000000000000000e+00
0.000000000000000000e+00
0.000000000000000000e+00
0.000000000000000000e+00
0.000000000000000000e+00
0.000000000000000000e+00
0.000000000000000000e+00
0.000000000000000000e+00
0.000000000000000000e+00
0.000000000000000000e+00
0.000000000000000000e+00
0.000000000000000000e+00
0.000000000000000000e+00
0.000000000000000000e+00
0.000000000000000000e+00
0.000000000000000000e+00
0.000000000000000000e+00
0.000000000000000000e+00
0.000000000000000000e+00
0.000000000000000000e+00
0.000000000000000000e+00
0.000000000000000000e+00
0.000000000000000000e+00
0.000000000000000000e+00
0.000000000000000000e+00
0.000000000000000000e+00
0.000000000000000000e+00
0.000000000000000000e+00
0.000000000000000000e+00
0.000000000000000000e+00
0.000000000000000000e+00
0.000000000000000000e+00
