# pp
5.693515535671586352e-09
3.209176509164384048e-09
2.082272109591170715e-09
1.462793698911584803e-09
1.081877901783344060e-09
8.301606090061452687e-10
6.549230592760875435e-10
5.280720096240189875e-10
4.333267185681064783e-10
3.608651057395570359e-10
3.042126661504543854e-10
2.591412288899715900e-10
2.227820440998661834e-10
1.930641105851932519e-10
1.684973274666586484e-10
1.479905784374198887e-10
1.307274716261083516e-10
1.160721266297997238e-10
1.035369446859160052e-10
9.274991931066382330e-11
8.341764241245611596e-11
7.529807330866990977e-11
6.819636212163214105e-11
6.195682307734203983e-11
5.645264721895606449e-11
5.157814757441604816e-11
4.724511756221787036e-11
4.337801281105463524e-11
3.991409610723967567e-11
3.680338721810758658e-11
3.400357659338497409e-11
3.147653737848237826e-11
2.918938706425629448e-11
2.711433150788383267e-11
2.522749879125349581e-11
2.350809940962204562e-11
2.193802867207650220e-11
2.050137028955970404e-11
1.918420139398193529e-11
1.797434668004698086e-11
1.686114725636846548e-11
1.583522091270528839e-11
1.488827771824067095e-11
1.401297213195056224e-11
1.320276430533526147e-11
1.245177774108498501e-11
1.175475639785046519e-11
1.110699999089525473e-11
1.050429577330788247e-11
9.942854297936079202e-12
9.419243852258621066e-12
8.930365822076049474e-12
8.473421926696461363e-12
8.045880489642041874e-12
7.645444893356750726e-12
7.270022082508445386e-12
6.917707283913216893e-12
6.586766238235817204e-12
6.275617547174902822e-12
5.982822057186641813e-12
5.707082689263054988e-12
5.447215311241419664e-12
5.202133022088464697e-12
4.970836888328391972e-12
4.752404796607367356e-12
4.545976102114632460e-12
4.350754796272348697e-12
4.166006449492121915e-12
3.991052711367416463e-12
3.825265485116878657e-12
3.668060025836922641e-12
3.518893898806669175e-12
3.377264240289641688e-12
3.242704436696633589e-12
3.114783350563245876e-12
2.993108827052252149e-12
2.877317780979037597e-12
2.767071726737268339e-12
2.662054852648497343e-12
2.561972282407795315e-12
2.466548519204869345e-12
2.375525932651158281e-12
2.288663407687537932e-12
2.205735123423122195e-12
2.126528846676622528e-12
2.050843250770863296e-12
1.978488914669616958e-12
1.909288048201485106e-12
1.843073672801902265e-12
1.779689575047651359e-12
1.718991611502619556e-12
1.660844744787911872e-12
1.605121741986158439e-12
1.551702655610891562e-12
1.500474343778039171e-12
1.451330026262820907e-12
1.404168873435876001e-12
1.358895625351140083e-12
1.315420238508363660e-12
1.273657558038398260e-12
1.233527013262145544e-12
1.194952334756843925e-12
1.157861291228295490e-12
1.122185444636581594e-12
1.087859922157489072e-12
1.054823203683732508e-12
1.023016923680458969e-12
9.923856863095979482e-13
9.628768928284687524e-13
9.344408640907130473e-13
9.070315005215444252e-13
8.806052226411377623e-13
8.551205526473055305e-13
8.305379981523682770e-13
8.068199432203078035e-13
7.839305461904794528e-13
7.618356438142228426e-13
7.405026612673163542e-13
7.199005276347338213e-13
6.999995964948736687e-13
6.807715712585456022e-13
6.621894349438269296e-13
6.442273840915738909e-13
6.268607665481432111e-13
6.100660228618732928e-13
5.938206310582726698e-13
5.781030545757917693e-13
5.628926931596556540e-13
5.481698365255971750e-13
5.339157225653913391e-13
5.201127895218361979e-13
5.067443104371130162e-13
4.937942531480282667e-13
4.812472473145724009e-13
4.690885532223441193e-13
4.573040322518985708e-13
4.458801189152201208e-13
4.348037943661484247e-13
4.240625612977144139e-13
4.136444201450464833e-13
4.035378465177901346e-13
3.937317697908924382e-13
3.842155527871649383e-13
3.749789724892807068e-13
3.660122017228020704e-13
3.573057917555096341e-13
3.488506557617182208e-13
3.406380531034477016e-13
3.326595743832873510e-13
3.249071922030790267e-13
3.173734357257902854e-13
3.100511713533662405e-13
3.029335247085471399e-13
2.960138698884293098e-13
2.892858192230393506e-13
2.827432135123216994e-13
2.763801127164860951e-13
2.701907870761211633e-13
2.641697086398412193e-13
2.583115431785052057e-13
2.526111424662456533e-13
2.470635369096640895e-13
2.416639285075982942e-13
2.364076841248554892e-13
2.312903290642273909e-13
2.263075409219730022e-13
2.214551437127695732e-13
2.167291022508996207e-13
2.121255167751607772e-13
2.076406178056632088e-13
2.032707612213157063e-13
1.990124235474012363e-13
1.948621974432068374e-13
1.908167873802038881e-13
1.868730274263927054e-13
1.830279410710757006e-13
1.792786682932009253e-13
1.756224397282137426e-13
1.720565734069927843e-13
1.685784716275065671e-13
1.651856179531414550e-13
1.618755743319538448e-13
1.586459783313905104e-13
1.554945404832941239e-13
1.524190417342669702e-13
1.494173309967127503e-13
1.464873227961039659e-13
1.436269950102424255e-13
1.408343866964867292e-13
1.381075960031146832e-13
1.354447781611746449e-13
1.328441435533548350e-13
1.303039558565651498e-13
1.278225302550830492e-13
1.253982317212652924e-13
1.230294733609665131e-13
1.207147148209415377e-13
1.184524607556341864e-13
1.162412593508763179e-13
1.140797189712585897e-13
1.119665595668604355e-13
1.099005547133769433e-13
1.078805120613529559e-13
1.059052722605460709e-13
1.039737079227404766e-13
1.020847226214704910e-13
1.002372499271815755e-13
9.843025247642159629e-14
9.666272107371620936e-14
9.493367382484304148e-14
9.324215530027373055e-14
9.158723572760761365e-14
8.996801021187077171e-14
8.838359798260373034e-14
8.683314166670610028e-14
8.531580658605155121e-14
8.383078007892781121e-14
8.237727084439648337e-14
8.095450830870571514e-14
7.956174201292524552e-14
7.819824102100768639e-14
7.686329334751332943e-14
7.555620540426719828e-14
7.427630146524724413e-14
7.302292314903123460e-14
7.179542891815801943e-14
7.059319359478373432e-14
6.941560789204037560e-14
6.826207796052651953e-14
6.713202494938392813e-14
6.602488458143507691e-14
6.494010674187797040e-14
6.387715508005426348e-14
6.283550662382605580e-14
6.181465140611509126e-14
6.081409210317514634e-14
5.983334368418602396e-14
5.887193307177257673e-14
5.792939881306830130e-14
5.700529076095747251e-14
5.609916976514366976e-14
5.521060737270653295e-14
5.433918553782090444e-14
5.348449634032527371e-14
5.264614171283833147e-14
5.182373317613345854e-14
5.101689158249215783e-14
5.022524686676786961e-14
4.944843780490142996e-14
4.868611858453774904e-14
4.793797856035204641e-14
4.720372087996971645e-14
4.648305539283388032e-14
4.577569847905513375e-14
4.508137288320410155e-14
4.439981016854927209e-14
4.373073748194717374e-14
4.307390107893380505e-14
4.242905241521286288e-14
4.179593863977894377e-14
4.117431287781287621e-14
4.056394297679941426e-14
3.996460149512495550e-14
3.937605714525241738e-14
3.879808403710856012e-14
3.823046955812186324e-14
3.767300536879614030e-14
3.712547968966696816e-14
3.658768562269642314e-14
3.605942826129031633e-14
3.554051657953750440e-14
3.503075646972457507e-14
3.452995824469518044e-14
3.403794306220534004e-14
3.355453560850169630e-14
3.307955780449361703e-14
3.261283557941714859e-14
3.215420468371948004e-14
3.170350407977549669e-14
3.126057024465813116e-14
3.082524329449375181e-14
3.039737225121776136e-14
2.997680906376103542e-14
2.956340344392829548e-14
2.915700841130693380e-14
2.875748507152274956e-14
2.836469720039043103e-14
2.797850655688147364e-14
2.759877791015381954e-14
2.722538338020281539e-14
2.685819752545400574e-14
2.649709308332720097e-14
2.614194553371916790e-14
2.579263704705791476e-14
2.544905202278370877e-14
2.511107321372208619e-14
2.477858587403209226e-14
2.445148135451801076e-14
2.412965304553357820e-14
2.381299459270087712e-14
2.350140881826534814e-14
2.319480560120465955e-14
2.289309642040248812e-14
2.259619114124810797e-14
2.230400146153152856e-14
2.201644390962002636e-14
2.173343648359696497e-14
2.145489571714434087e-14
2.118073982278367906e-14
2.091089143146437651e-14
2.064527452549805865e-14
2.038381175645227703e-14
2.012642731557715473e-14
1.987304943988168492e-14
1.962360761002327280e-14
1.937803009586932218e-14
1.913624658071943002e-14
1.889819045626982806e-14
1.866379625972850638e-14
1.843299742529165058e-14
1.820572868591715528e-14
1.798192817720835323e-14
1.776153509077508856e-14
1.754448761216544692e-14
1.733072512142157388e-14
1.712019012381446848e-14
1.691282609890476116e-14
1.670857560750371103e-14
1.650738231000625095e-14
1.630919274004544052e-14
1.611395433086329770e-14
1.592161367567979666e-14
1.573211838081497223e-14
1.554541869667719354e-14
1.536146570496707364e-14
1.518020971843680729e-14
1.500160198405311792e-14
1.482559618426184554e-14
1.465214677024686874e-14
1.448120748848856829e-14
1.431273294765495281e-14
1.414668000177547164e-14
1.398300621628692075e-14
1.382166851007013989e-14
1.366262459836497799e-14
1.350583426831894493e-14
1.335125796589639005e-14
1.319885554320463312e-14
1.304858758848903528e-14
1.290041732221280176e-14
1.275431141762929402e-14
1.261023663178955561e-14
1.246816030762088641e-14
1.232805146358402875e-14
1.218987959317092508e-14
1.205361359808698468e-14
1.191922292314741845e-14
1.178667856374818850e-14
1.165595195696577832e-14
1.152701399488765003e-14
1.139983607344184291e-14
1.127439102466532851e-14
1.115065209153985913e-14
1.102859201468530922e-14
1.090818400247277893e-14
1.078940259441975344e-14
1.067222271263966190e-14
1.055661881574665228e-14
1.044256579691087549e-14
1.033003978412163667e-14
1.021901726179614462e-14
1.010947428631436354e-14
1.000138731805371871e-14
9.894733963731879107e-15
9.789492162320685260e-15
9.685639457143056851e-15
9.583153767365168723e-15
9.482014077153557615e-15
9.382199680580686967e-15
9.283689505678232709e-15
9.186462830361437991e-15
9.090499922705294853e-15
8.995781340014792884e-15
8.902287300646037873e-15
8.809998348883848081e-15
8.718895950253717859e-15
8.628961840368630917e-15
8.540177440705779979e-15
8.452524476549346798e-15
8.365985530904668944e-15
8.280543439129238393e-15
8.196180745192795691e-15
8.112880276427949618e-15
8.030625659296366926e-15
7.949400756168918331e-15
7.869189158904276674e-15
7.789974723816435484e-15
7.711742052256370744e-15
7.634475966229289143e-15
7.558161306775366468e-15
7.482784232612475893e-15
7.408331838564489977e-15
7.334791394499660198e-15
7.262149905719703737e-15
7.190394577981049785e-15
7.119513236149028569e-15
7.049493869244536494e-15
6.980324220170349607e-15
6.911992219435910142e-15
6.844486770372090607e-15
6.777795352956711276e-15
6.711907202996183993e-15
6.646811679060984272e-15
6.582496788226839239e-15
6.518952206618398192e-15
6.456167015793821157e-15
6.394130461917097212e-15
6.332832641495098410e-15
6.272262409385233048e-15
6.212410154602711779e-15
6.153266375115511086e-15
6.094820388762831643e-15
6.037062973082073823e-15
5.979984386940294701e-15
5.923575033943996883e-15
5.867826062815127898e-15
5.812727536334141027e-15
5.758270861095551320e-15
5.704447540536606342e-15
5.651248044970528978e-15
5.598664124460100628e-15
5.546687075424175974e-15
5.495308321818611588e-15
5.444519942061498233e-15
5.394313062434461166e-15
5.344679989139626396e-15
5.295613114582511449e-15
5.247103924505055740e-15
5.199145029297682060e-15
5.151728641578649555e-15
5.104847086571255364e-15
5.058493265651133766e-15
5.012659243364545231e-15
4.967338122671773589e-15
4.922523083371519331e-15
4.878206507693644328e-15
4.834381768464790647e-15
4.791041888883575156e-15
4.748179991762127295e-15
4.705789818274763887e-15
4.663864808682391604e-15
4.622399418562382684e-15
4.581388160656044751e-15
4.540824833289401879e-15
4.500704098165192362e-15
4.461020298102961500e-15
4.421767853523420862e-15
4.382941623753228103e-15
4.344535806958026283e-15
4.306545400687711362e-15
4.268965453786393167e-15
4.231790383941769927e-15
4.195015372647136484e-15
4.158635319907816988e-15
4.122645194748103424e-15
4.087040355118895716e-15
4.051815574094910346e-15
4.016966332855192257e-15
3.982488158665086508e-15
3.948376020015358731e-15
3.914625562494296418e-15
3.881232182679640353e-15
3.848191338642407138e-15
3.815498833775834591e-15
3.783149953008461441e-15
3.751140609774173912e-15
3.719466758964769415e-15
3.688123859764757496e-15
3.657107972781554662e-15
3.626414937882281986e-15
3.596040649814642769e-15
3.565981310522099086e-15
3.536232661429738791e-15
3.506791002901145780e-15
3.477652672637916088e-15
3.448813567709783235e-15
3.420270120417819230e-15
3.392018566987012535e-15
3.364055192701086322e-15
3.336376556629571489e-15
3.308978807998350845e-15
3.281858594037968646e-15
3.255012595644060298e-15
3.228437101285966522e-15
3.202128876639133088e-15
3.176084512870725287e-15
3.150300645071304561e-15
3.124774152776151934e-15
3.099501550093735306e-15
3.074479850054785841e-15
3.049706311974443000e-15
3.025177894705099307e-15
3.000891978231503791e-15
2.976845781915653863e-15
2.953036559560532479e-15
2.929461778719507324e-15
2.906118575740242459e-15
2.883004479697631282e-15
2.860117042464687588e-15
2.837453498368524960e-15
2.815011458558640385e-15
2.792788390732029454e-15
2.770781956794784061e-15
2.748989196248690957e-15
2.727408475682792795e-15
2.706036894503934143e-15
2.684872225538311755e-15
2.663912566901196851e-15
2.643154817469906028e-15
2.622597132218615071e-15
2.602237669507581075e-15
2.582073436446164207e-15
2.562102646175179380e-15
2.542323234204495773e-15
2.522732600325626989e-15
2.503329287424777502e-15
2.484110747316513628e-15
2.465075012058427934e-15
2.446220131649077154e-15
2.427543655098421572e-15
2.409044200559707292e-15
2.390719365758707526e-15
2.372567291177763721e-15
2.354586380198223911e-15
2.336774068907424848e-15
2.319128806988398160e-15
2.301649047649399224e-15
2.284332314387048137e-15
2.267177105058899926e-15
2.250181693705516235e-15
2.233343921230150685e-15
2.216662553502741948e-15
2.200135473884776213e-15
2.183761035444325136e-15
2.167537606126113291e-15
2.151463148021714622e-15
2.135536490033085446e-15
2.119755634080019321e-15
2.104119022294944423e-15
2.088625324528064194e-15
2.073272480839715425e-15
2.058059267159950356e-15
2.042984461691660051e-15
2.028046085976049517e-15
2.013242952467131926e-15
1.998573690894497445e-15
1.984036577498636469e-15
1.969630640437758541e-15
1.955354188574903592e-15
1.941205912226557725e-15
1.927184513022333466e-15
1.913288360762879647e-15
1.899516531183702338e-15
1.885867424747779953e-15
1.872339800074535529e-15
1.858932589629722045e-15
1.845644083834767053e-15
1.832473244381169171e-15
1.819419035285592562e-15
1.806479802100167977e-15
1.793654537080966394e-15
1.780942083362692491e-15
1.768340994850468531e-15
1.755850441128642076e-15
1.743469003030836820e-15
1.731195573840375866e-15
1.719029056317810308e-15
1.706968081242729816e-15
1.695011858422976692e-15
1.683159043987735358e-15
1.671408587938840102e-15
1.659759583250964669e-15
1.648210595741494251e-15
1.636760742574556881e-15
1.625409143183032331e-15
1.614154408688382079e-15
1.602995681914172568e-15
1.591931983297519100e-15
1.580962095324700053e-15
1.570085307341477115e-15
1.559300424163857570e-15
1.548606507917071521e-15
1.538002628690461773e-15
1.527487632447728429e-15
1.517060842610414977e-15
1.506721126193302941e-15
1.496467592611623303e-15
1.486299469463256880e-15
1.476215549245602817e-15
1.466215094168660991e-15
1.456297426214616323e-15
1.446461460875464396e-15
1.436706551905428691e-15
1.427031950960307479e-15
1.417436711824981203e-15
1.407920306566828384e-15
1.398481805390955390e-15
1.389120490397040290e-15
1.379835649342468410e-15
1.370626383333443191e-15
1.361492188087927938e-15
1.352432180222378282e-15
1.343445676271278890e-15
1.334532089930370040e-15
1.325690473053940657e-15
1.316920254178107578e-15
1.308220862874049076e-15
1.299591379176587214e-15
1.291031247036116428e-15
1.282539825764172875e-15
1.274116310288473572e-15
1.265760243257947061e-15
1.257470833363785482e-15
1.249247465500948959e-15
1.241089529372832608e-15
1.232996259400132025e-15
1.224967218509676061e-15
1.217001654140018110e-15
1.209098980207928599e-15
1.201258691695852507e-15
1.193479982125255002e-15
1.185762358946308365e-15
1.178105330645813977e-15
1.170508114261174083e-15
1.162970230367240784e-15
1.155491129052464221e-15
1.148070123232324540e-15
1.140706816163516718e-15
1.133400532342955681e-15
1.126150743437403445e-15
1.118956925211292749e-15
1.111818423678368942e-15
1.104734859512142206e-15
1.097705589694034429e-15
1.090730110435585578e-15
1.083807921841673026e-15
1.076938527892215303e-15
1.070121311153020677e-15
1.063355911299648079e-15
1.056641607350207793e-15
1.049978212216368297e-15
1.043365060340610746e-15
1.036801855520611187e-15
1.030288182023114607e-15
1.023823395018964334e-15
1.017407207111697823e-15
1.011039328761297355e-15
1.004719131403227793e-15
9.984462213719584612e-16
9.922203177219506706e-16
9.860408112815928899e-16
9.799075354277269223e-16
9.738198912190215656e-16
9.677776075587489927e-16
9.617802031373211040e-16
9.558273068806730781e-16
9.499185503456379524e-16
9.440535677106177517e-16
9.382318959417911733e-16
9.324532763712360857e-16
9.267172532242103036e-16
9.210234741276118307e-16
9.153715892063329912e-16
9.097611564141181772e-16
9.041919274965430676e-16
8.986634673017768656e-16
8.931754387360157477e-16
8.877275070866227708e-16
8.823193400132461856e-16
8.769505186833292099e-16
8.716208061848017349e-16
8.663297031851966664e-16
8.610770643539493627e-16
8.558623985593086825e-16
8.506854770369727177e-16
8.455459862566571346e-16
8.404434497563532842e-16
8.353776453237075027e-16
8.303483494646269983e-16
8.253550973467729003e-16
8.203975913859959903e-16
8.154756144800420467e-16
8.105887155619113008e-16
8.057367592739514001e-16
8.009193018822576521e-16
7.961361336939842309e-16
7.913868949792752377e-16
7.866713047844542920e-16
7.819890841195596203e-16
7.773399597838874460e-16
7.727236042942049680e-16
7.681398401079298026e-16
7.635883483700108794e-16
7.590688840558212870e-16
7.545812037548345408e-16
7.501249977413766820e-16
7.457000951153330923e-16
7.413061906956875631e-16
7.369430494674249583e-16
7.326104379583443641e-16
7.283081242343149782e-16
7.240358139736856430e-16
7.197933435066370978e-16
7.155803601704879465e-16
7.113967659100774432e-16
7.072422135442181646e-16
7.031165446603192606e-16
6.990195396612489781e-16
6.949508612442055452e-16
6.909103552624266640e-16
6.868978665917518684e-16
6.829130657232076881e-16
6.789557436671797315e-16
6.750257494711799152e-16
6.711227629215864399e-16
6.672466918962402273e-16
6.633972211085927378e-16
6.595742044175640938e-16
6.557773869472135654e-16
6.520065706817860975e-16
6.482615588924947280e-16
6.445421561332636962e-16
6.408481163782201641e-16
6.371792996057365490e-16
6.335354633249496789e-16
6.299164186474573931e-16
6.263219779123896875e-16
6.227519053043920031e-16
6.192060659425515952e-16
6.156842273840209852e-16
6.121862082280445480e-16
6.087118282489731901e-16
6.052609083921961936e-16
6.018332241945033698e-16
5.984286464052073877e-16
5.950469080801025143e-16
5.916879279138930659e-16
5.883514429873158876e-16
5.850373280980253200e-16
5.817454149630090043e-16
5.784754552680997177e-16
5.752273358758108973e-16
5.720009429532054749e-16
5.687960351354971325e-16
5.656124590641168055e-16
5.624501038158671044e-16
5.593087345443353455e-16
5.561882833123031741e-16
5.530885187289575798e-16
5.500093332289930278e-16
5.469505395246388719e-16
5.439119919365244781e-16
5.408935456861285868e-16
5.378950568930264839e-16
5.349163444874533944e-16
5.319573051784886171e-16
5.290177603802395101e-16
5.260975708177879940e-16
5.231965980774607992e-16
5.203146682751425311e-16
5.174516817205713565e-16
5.146074669041303225e-16
5.117818898176189682e-16
5.089748172789916299e-16
5.061861169297149550e-16
5.034156228910086728e-16
5.006632394228097462e-16
4.979287691990198364e-16
4.952121517799275897e-16
4.925131926860673468e-16
4.898317990270175644e-16
4.871678449914234840e-16
4.845211412006782704e-16
4.818915970634136443e-16
4.792791215532097630e-16
4.766835293559188773e-16
4.741047002416358798e-16
4.715425454343340957e-16
4.689968844425123901e-16
4.664676603935686143e-16
4.639546953760870878e-16
4.614579032385438968e-16
4.589771387688647584e-16
4.565122876167228957e-16
4.540632361304789304e-16
4.516298713548170606e-16
4.492120527409562635e-16
4.468096975199130306e-16
4.444226670264410246e-16
4.420508525526233814e-16
4.396941490028576230e-16
4.373524256177453434e-16
4.350256068047235797e-16
4.327135635209542203e-16
4.304161946009171865e-16
4.281333994787957506e-16
4.258650781866254732e-16
4.236111057505246247e-16
4.213714094535121945e-16
4.191458408126028344e-16
4.169343534150352704e-16
4.147368008378295393e-16
4.125531124387038314e-16
4.103831930012387104e-16
4.082268997928536511e-16
4.060841876739988715e-16
4.039549158827641357e-16
4.018389927122415689e-16
3.997363733910051549e-16
3.976469200614139803e-16
3.955705426322997021e-16
3.935071063648449215e-16
3.914566129842397258e-16
3.894188840207483818e-16
3.873938766635745902e-16
3.853815034473777101e-16
3.833816342055218935e-16
3.813941836537300351e-16
3.794191094720073822e-16
3.774562841541458196e-16
3.755056239102146532e-16
3.735670454414488932e-16
3.716404659386364282e-16
3.697258030804767013e-16
3.678229347416593376e-16
3.659318205632046596e-16
3.640523796671248909e-16
3.621844924080757447e-16
3.603280798901199396e-16
3.584831022460261752e-16
3.566494040180349636e-16
3.548269844935798849e-16
3.530157280374208056e-16
3.512155580368805161e-16
3.494263613954541225e-16
3.476480999686826518e-16
3.458806984799380387e-16
3.441240461087422965e-16
3.423781050742904827e-16
3.406427665581698875e-16
3.389179604986794226e-16
3.372036177397500405e-16
3.354997039912366060e-16
3.338060816353237539e-16
3.321227174580998155e-16
3.304495438617531013e-16
3.287864603205434332e-16
3.271334338889760670e-16
3.254903981166795064e-16
3.238572544628382834e-16
3.222339380663686458e-16
3.206204163560135334e-16
3.190165610770620498e-16
3.174223406558706036e-16
3.158377228052628288e-16
3.142625819646309492e-16
3.126968868297895447e-16
3.111405750654874934e-16
3.095935546031424379e-16
3.080557645758720342e-16
3.065271740430124133e-16
3.050076927329540978e-16
3.034972608006850443e-16
3.019958475880192112e-16
3.005033359788237319e-16
2.990196962269158897e-16
2.975448698251296630e-16
2.960787985979917203e-16
2.946213970314002414e-16
2.931726357384192240e-16
2.917324303133882728e-16
2.903007245659879796e-16
2.888774893823293370e-16
2.874626419920631705e-16
2.860561271479498817e-16
2.846578638074105504e-16
2.832678497686996308e-16
2.818859787120880997e-16
2.805122227243326559e-16
2.791465280926783413e-16
2.777888163597147153e-16
2.764390350374887780e-16
2.750971565700758183e-16
2.737631040072721621e-16
2.724368257377684800e-16
2.711182704386213278e-16
2.698073870742737759e-16
2.685041248955620356e-16
2.672084099800844152e-16
2.659202163891084228e-16
2.646394962170701739e-16
2.633661793302596311e-16
2.621002193035209870e-16
2.608415924831279648e-16
2.595902077150200199e-16
2.583460641850622777e-16
2.571090939432787279e-16
2.558792518080810923e-16
2.546564712155713735e-16
2.534407294499965124e-16
2.522319820588675485e-16
2.510301637225107403e-16
2.498352519227644431e-16
2.486471821562533398e-16
2.474659114322720339e-16
2.462913969909145307e-16
2.451236165809229264e-16
2.439624871828668918e-16
2.428079871668286028e-16
2.416600746888935254e-16
2.405186884925459260e-16
2.393838071394392031e-16
2.382553894606336538e-16
2.371333753365596200e-16
2.360177245032364920e-16
2.349084157847917580e-16
2.338053714517912527e-16
2.327085709073132511e-16
2.316179931730935177e-16
2.305335620507792826e-16
2.294552571329137355e-16
2.283830396473660313e-16
2.273168531768525555e-16
2.262566597898368667e-16
2.252024393323945550e-16
2.241541364233893082e-16
2.231117137372292074e-16
2.220751513143250365e-16
2.210443777600686451e-16
2.200193736471498318e-16
2.190001024438357316e-16
2.179865278152022698e-16
2.169785971149705346e-16
2.159762911639981507e-16
2.149795579584277554e-16
2.139883623187555845e-16
2.130026852529914342e-16
2.120224757059798899e-16
2.110476990599666402e-16
2.100783055534791717e-16
2.091142938357496743e-16
2.081556004984101026e-16
2.072022090757720582e-16
2.062540876373473667e-16
2.053111893805010329e-16
2.043734830546082600e-16
2.034409523776742578e-16
2.025135513821323160e-16
2.015912492982228649e-16
2.006740155145267667e-16
1.997618195774900025e-16
1.988546311909415795e-16
1.979524060736424805e-16
1.970551286003229673e-16
1.961627689412242576e-16
1.952752836007492927e-16
1.943926433746873021e-16
1.935148328198510303e-16
1.926417957022433938e-16
1.917735303858659265e-16
1.909099946504271918e-16
1.900511600348382324e-16
1.891969851203162008e-16
1.883474550410150562e-16
1.875025417720479333e-16
1.866622046237516645e-16
1.858264288643896446e-16
1.849951742830984980e-16
1.841684137153809205e-16
1.833461201353185815e-16
1.825282789911832459e-16
1.817148387684410435e-16
1.809057852835728500e-16
1.801010920606627118e-16
1.793007207891727697e-16
1.785046574152367144e-16
1.777128758685313281e-16
1.769253385085385996e-16
1.761420197959096732e-16
1.753629058528347620e-16
1.745879482498338044e-16
1.738171334537465713e-16
1.730504477187778171e-16
1.722878435127349749e-16
1.715293074298366157e-16
1.707748148303525119e-16
1.700243302542822714e-16
1.692778295574227362e-16
1.685352995037678675e-16
1.677967054482099224e-16
1.670620246135022116e-16
1.663312450850525231e-16
1.656043233317808595e-16
1.648812477386116896e-16
1.641619961726152594e-16
1.634465466107519878e-16
1.627348669705208448e-16
1.620269457652952386e-16
1.613227512768386494e-16
1.606222621357489712e-16
1.599254669526494969e-16
1.592323345478157582e-16
1.585428438665069552e-16
1.578569642961292623e-16
1.571746943821549594e-16
1.564959941258629698e-16
1.558208525451412638e-16
1.551492490987900213e-16
1.544811540311760709e-16
1.538165472069346319e-16
1.531554177713354576e-16
1.524977364701474881e-16
1.518434834632604571e-16
1.511926390078497533e-16
1.505451834580842212e-16
1.499010972648306342e-16
1.492603609753552336e-16
1.486229377728012166e-16
1.479888261067132566e-16
1.473580068086941516e-16
1.467304608055595483e-16
1.461061521530996241e-16
1.454850791757085134e-16
1.448672230810172400e-16
1.442525319594646829e-16
1.436410373776171186e-16
1.430326877263290139e-16
1.424274649332544462e-16
1.418253510131517145e-16
1.412263440917274660e-16
1.406303941954951767e-16
1.400375155355103935e-16
1.394476901373091782e-16
1.388608689666890157e-16
1.382770503563094044e-16
1.376962169261236987e-16
1.371183513810884912e-16
1.365434365108932309e-16
1.359714551896882882e-16
1.354023755656529168e-16
1.348361964114646245e-16
1.342729015562718996e-16
1.337124749072384679e-16
1.331548859345428189e-16
1.326001334183877992e-16
1.320481871835298623e-16
1.314990459567010383e-16
1.309526799131473004e-16
1.304090877284539945e-16
1.298682260066274887e-16
1.293301074856017143e-16
1.287947167520693962e-16
1.282620112091328344e-16
1.277320032317249091e-16
1.272046507455207166e-16
1.266799658884438965e-16
1.261579071019724847e-16
1.256384862921077265e-16
1.251216754829236798e-16
1.246074471330331812e-16
1.240957999159828395e-16
1.235867194101559083e-16
1.230801785458931986e-16
1.225761885607282903e-16
1.220747098913021110e-16
1.215757286486778675e-16
1.210792433795295707e-16
1.205852277819814363e-16
1.200936803635854469e-16
1.196045751230891230e-16
1.191179105307597993e-16
1.186336489280143032e-16
1.181518008670923431e-16
1.176723527280711188e-16
1.171952675334318269e-16
1.167205555381608357e-16
1.162481802102963623e-16
1.157781401356764775e-16
1.153104336472457543e-16
1.148450248707757001e-16
1.143819235836060580e-16
1.139210943430237061e-16
1.134625245583343685e-16
1.130062237306045242e-16
1.125521570524040012e-16
1.121003229774538754e-16
1.116506981317513402e-16
1.112032809386747997e-16
1.107580482872417985e-16
1.103149986550502230e-16
1.098741201141639219e-16
1.094353799985789933e-16
1.089987877316353650e-16
1.085643213328725438e-16
1.081319693828670971e-16
1.077017306763575702e-16
1.072735835998006360e-16
1.068475068634198729e-16
1.064235093772668617e-16
1.060015599928959495e-16
1.055816674558108741e-16
1.051638009847988652e-16
1.047479691642273455e-16
1.043341415755304341e-16
1.039223075046455641e-16
1.035124752990241507e-16
1.031046150741754780e-16
1.026987256428703792e-16
1.022947869776671605e-16
1.018927978635391075e-16
1.014927384935427356e-16
1.010946076261472558e-16
1.006983856724916296e-16
1.003040623486100918e-16
9.991162741689047958e-17
9.952107958519223806e-17
9.913239969235193327e-17
9.874557764033808116e-17
9.836060337693547485e-17
9.797746689561142340e-17
9.759615823538123870e-17
9.721667603647963452e-17
9.683899326122971663e-17
9.646310025176879377e-17
9.608900417225407603e-17
9.571667845213918696e-17
9.534612184431978865e-17
9.497732470159362192e-17
9.461027742120652411e-17
9.424495420264561357e-17
9.388137005240193096e-17
9.351949930877283981e-17
9.315933269959511221e-17
9.280086890724506479e-17
9.244409072720335941e-17
9.208898901245492855e-17
9.173555465708066009e-17
9.138378630728507131e-17
9.103366712870335190e-17
9.068518820480167851e-17
9.033834092167246254e-17
8.999311676911864787e-17
8.964950727458482279e-17
8.930750400305045259e-17
8.896709855692227404e-17
8.862827525135451601e-17
8.829103318136939930e-17
8.795536405998634395e-17
8.762125963722462679e-17
8.728870456043269727e-17
8.695769788369306458e-17
8.662823146636773371e-17
8.630028319582462521e-17
8.597386615059523183e-17
8.564895833366845042e-17
8.532555188043162563e-17
8.500363896049145836e-17
8.468321856279935276e-17
8.436426931181474330e-17
8.404679700742237240e-17
8.373079382839048801e-17
8.341623875793374117e-17
8.310313086968268824e-17
8.279146257103722601e-17
8.248122630284815841e-17
8.217241453931876142e-17
8.186501978790639740e-17
8.155902821920530383e-17
8.125443885671880765e-17
8.095124430621561776e-17
8.064943720632579994e-17
8.034900401637017125e-17
8.004994373004227456e-17
7.975224294835411682e-17
7.945590065078893474e-17
7.916090357857632062e-17
7.886725069770952132e-17
7.857492290476968417e-17
7.828392521071253317e-17
7.799425054136353464e-17
7.770588010908113382e-17
7.741881879421247312e-17
7.713304801605186397e-17
7.684857256950139891e-17
7.656537407838797852e-17
7.628345725385140902e-17
7.600280957995588888e-17
7.572341871148343644e-17
7.544528364846721363e-17
7.516839778113842968e-17
7.489274922414313942e-17
7.461834276721828232e-17
7.434516114684973002e-17
7.407319823337749982e-17
7.380245330832867432e-17
7.353291484138709188e-17
7.326458209987233925e-17
7.299744367156260585e-17
7.273149881019912382e-17
7.246673099749506004e-17
7.220314476091422647e-17
7.194073407959600368e-17
7.167948270296983860e-17
7.141939504357468737e-17
7.116045502633139906e-17
7.090266195354552924e-17
7.064601502867430684e-17
7.039049843613268705e-17
7.013611640310451664e-17
6.988285328453569696e-17
6.963070346745160001e-17
6.937967107142479546e-17
6.912974070295199149e-17
6.888091161574387652e-17
6.863317343612489319e-17
6.838652540658152115e-17
6.814095725822343523e-17
6.789646822284404389e-17
6.765305278881117745e-17
6.741069621716714588e-17
6.716940240601922761e-17
6.692916134357277062e-17
6.668996769401639376e-17
6.645182065954097002e-17
6.621471037941291751e-17
6.597862712363653521e-17
6.574357459629824422e-17
6.550953867631024743e-17
6.527652300534194919e-17
6.504451361232660805e-17
6.481351407769860873e-17
6.458351057872962513e-17
6.435449807806266928e-17
6.412648006592415574e-17
6.389944293846794930e-17
6.367338592445475659e-17
6.344829981718675922e-17
6.322418383731205526e-17
6.300102886990958196e-17
6.277883416998944189e-17
6.255759092318899306e-17
6.233729452940492806e-17
6.211794040714649625e-17
6.189952800184319936e-17
6.168204871350289351e-17
6.146549801666339037e-17
6.124987140428213254e-17
6.103516438768794983e-17
6.082137249653281546e-17
6.060849514773825250e-17
6.039652014677594390e-17
6.018544314604182174e-17
5.997526741791163165e-17
5.976598095747401162e-17
5.955758322660862913e-17
5.935006988140788288e-17
5.914343659589274895e-17
5.893767167870225821e-17
5.873278197899858936e-17
5.852875586182838321e-17
5.832558913569370334e-17
5.812328123234030995e-17
5.792182434557852471e-17
5.772121433470250245e-17
5.752144707571002229e-17
5.732252198466380897e-17
5.712443140660981442e-17
5.692717126779588764e-17
5.673073751099443055e-17
5.653512609545781494e-17
5.634033299687371329e-17
5.614635420731986247e-17
5.595318573521891386e-17
5.576082024149584337e-17
5.556925716966303585e-17
5.537849257652501735e-17
5.518852253505104761e-17
5.499933984726031577e-17
5.481094394312297944e-17
5.462333094345479533e-17
5.443649052341477600e-17
5.425042537139958219e-17
5.406513165530540971e-17
5.388060555887318789e-17
5.369683696663537569e-17
5.351382848101859703e-17
5.333157008921029816e-17
5.315006435146601033e-17
5.296930752865221923e-17
5.278928979265011302e-17
5.261000770186594180e-17
5.243146392749887809e-17
5.225365498287665232e-17
5.207657139691816496e-17
5.190020981342490065e-17
5.172457281976589740e-17
5.154965108737451436e-17
5.137544716281126918e-17
5.120195181147579092e-17
5.102916174221044325e-17
5.085707367651546704e-17
5.068569008084902001e-17
5.051499620494234854e-17
5.034500590868464938e-17
5.017569886454925994e-17
5.000707755748021472e-17
4.983914435758581518e-17
4.967188489804590437e-17
4.950530711557951103e-17
4.933940227275810286e-17
4.917416721718003604e-17
4.900959339072493597e-17
4.884568853199573210e-17
4.868244407686618057e-17
4.851985692199850103e-17
4.835791867844945645e-17
4.819663689238995876e-17
4.803599793057616374e-17
4.787600924503683443e-17
4.771665734428726943e-17
4.755794443586889256e-17
4.739986237748968936e-17
4.724241843638884050e-17
4.708559939926917186e-17
4.692940740514024754e-17
4.677383948184903305e-17
4.661888768673007849e-17
4.646455410882148155e-17
4.631083088354966012e-17
4.615772006719093642e-17
4.600521874538126147e-17
4.585331916943149055e-17
4.570202334779469561e-17
4.555132360787172343e-17
4.540122192675811067e-17
4.525171070716029058e-17
4.510279189536088053e-17
4.495445796859535912e-17
4.480670618076640170e-17
4.465953845768501955e-17
4.451294751135368113e-17
4.436693077622504064e-17
4.422149025678552473e-17
4.407661879588722361e-17
4.393231385683141015e-17
4.378857739835661203e-17
4.364539790599751478e-17
4.350278181904678886e-17
4.336072215277583110e-17
4.321921641780425663e-17
4.307826213405809457e-17
4.293785683074798954e-17
4.279800236372759061e-17
4.265868762244485892e-17
4.251991450486074326e-17
4.238168482439874550e-17
4.224398763868852667e-17
4.210682480269475739e-17
4.197019390999447912e-17
4.183409256326930364e-17
4.169851837428233274e-17
4.156346896385483136e-17
4.142894196184290070e-17
4.129493094054006764e-17
4.116143765832838942e-17
4.102845977162643619e-17
4.089599094475476274e-17
4.076403687565770278e-17
4.063258726674777995e-17
4.050163987403231712e-17
4.037120029259715926e-17
4.024125837932591781e-17
4.011181191516253610e-17
3.998286254176470671e-17
3.985440799404616659e-17
3.972644220420406193e-17
3.959896298590286275e-17
3.947197193145449136e-17
3.934546680982597958e-17
3.921944166818508338e-17
3.909389435260269111e-17
3.896882640768088591e-17
3.884423196513474375e-17
3.872010889495247885e-17
3.859645870681572412e-17
3.847327561572933880e-17
3.835055751542294700e-17
3.822830230738542718e-17
3.810651145597285587e-17
3.798517930488500830e-17
3.786430387728662261e-17
3.774388322308822360e-17
3.762391539919557861e-17
3.750440193122466375e-17
3.738533394821763223e-17
3.726671643330467420e-17
3.714854060280009940e-17
3.703080799173645491e-17
3.691352006973780573e-17
3.679666818228669414e-17
3.668025716623566461e-17
3.656427845203323035e-17
3.644873351893944163e-17
3.633362049977411671e-17
3.621893753416194208e-17
3.610468276851599268e-17
3.599085112452658354e-17
3.587744402760363585e-17
3.576445964412522788e-17
3.565189614719334311e-17
3.553974855247784151e-17
3.542801824380085878e-17
3.531670341404140481e-17
3.520579914808381665e-17
3.509530679936285806e-17
3.498522458039247172e-17
3.487554764426458946e-17
3.476627426474678578e-17
3.465740575570453061e-17
3.454894035542054906e-17
3.444087330620546839e-17
3.433320290635267806e-17
3.422593043142382265e-17
3.411905414521953960e-17
3.401256643708435743e-17
3.390647152583063236e-17
3.380076769409607581e-17
3.369544744120626235e-17
3.359051491245901499e-17
3.348596554427980367e-17
3.338179768892633456e-17
3.327801253979212440e-17
3.317460559615000818e-17
3.307157522799378738e-17
3.296891981111626010e-17
3.286663772709592755e-17
3.276472736328370048e-17
3.266318711278947008e-17
3.256201810877545420e-17
3.246121328791068407e-17
3.236077388278337842e-17
3.226070108980569804e-17
3.216098801996149640e-17
3.206163589399690816e-17
3.196264323164583270e-17
3.186400855781315265e-17
3.176573040256312282e-17
3.166780469079777702e-17
3.157023519687066205e-17
3.147301525886713041e-17
3.137614603745323265e-17
3.127962608808733404e-17
3.118345142717832267e-17
3.108762319050927119e-17
3.099213994855024741e-17
3.089699777149111376e-17
3.080219777081160517e-17
3.070773853189310946e-17
3.061361617794721556e-17
3.051983179671533617e-17
3.042638154626875583e-17
3.033326649875922079e-17
3.024048284679018602e-17
3.014803164716631842e-17
3.005590912669868873e-17
2.996411394640925363e-17
2.987264714042460532e-17
2.978150498616325074e-17
2.969068850299478919e-17
2.960019400174886504e-17
2.951002016632143684e-17
2.942016799427379761e-17
2.933063154834293950e-17
2.924141413264615230e-17
2.915251213987963534e-17
2.906392653924582235e-17
2.897565150430931640e-17
2.888769026468710605e-17
2.880003704842271953e-17
2.871269504850179146e-17
2.862566075332255006e-17
2.853893289575820285e-17
2.845250802875862777e-17
2.836638927344761444e-17
2.828057318042390251e-17
2.819505849993785693e-17
2.810984184582418264e-17
2.802492626916811603e-17
2.794030626229443222e-17
2.785598274395410749e-17
2.777195663738144887e-17
2.768822048789162022e-17
2.760477943362274093e-17
2.752162815719345469e-17
2.743876759758373218e-17
2.735619661001744948e-17
2.727391405360553621e-17
2.719191676546477529e-17
2.711020565852176108e-17
2.702877759759556008e-17
2.694763348279608498e-17
2.686677219220627157e-17
2.678619063180743068e-17
2.670588771681226732e-17
2.662586432227457364e-17
2.654611934124525242e-17
2.646664973360448654e-17
2.638745442882104418e-17
2.630853427764169739e-17
2.622988627964740997e-17
2.615151127370490904e-17
2.607340628561335735e-17
2.599557026242260103e-17
2.591800215461567979e-17
2.584070277767794882e-17
2.576366920897669482e-17
2.568690040940667341e-17
2.561039534326864579e-17
2.553415480336472791e-17
2.545817410158951607e-17
2.538245585372987188e-17
2.530699721268814070e-17
2.523179715983974385e-17
2.515685467992442490e-17
2.508216876103928247e-17
2.500773839463175058e-17
2.493356257549265298e-17
2.485964030174909416e-17
2.478597057485734421e-17
2.471255239959570205e-17
2.463938306370777716e-17
2.456646502771729308e-17
2.449379387395897354e-17
2.442137034064013919e-17
2.434919344890529651e-17
2.427726222317826217e-17
2.420557402067004510e-17
2.413412955913372716e-17
2.406292787265404565e-17
2.399196800605532725e-17
2.392124739915299504e-17
2.385076679449630631e-17
2.378052366119792123e-17
2.371051873157969727e-17
2.364075110281878902e-17
2.357121827641178008e-17
2.350191937879016473e-17
2.343285512226862389e-17
2.336402461565397078e-17
2.329542540286716459e-17
2.322705662142296726e-17
2.315891896421032911e-17
2.309101000641379312e-17
2.302333043142184510e-17
2.295587783507075941e-17
2.288865136855090131e-17
2.282165018572449252e-17
2.275487495127446586e-17
2.268832180080270955e-17
2.262199439888830724e-17
2.255588740753554662e-17
2.249000149488009991e-17
2.242433730295592989e-17
2.235889105296142976e-17
2.229366485731208169e-17
2.222865642179586728e-17
2.216386492694921502e-17
2.209928811887458114e-17
2.203492806433929970e-17
2.197078250772170671e-17
2.190685063999151703e-17
2.184313024506100657e-17
2.177962334514911352e-17
2.171632632637742391e-17
2.165324118909385831e-17
2.159036435146661421e-17
2.152769641602240632e-17
2.146523522204889911e-17
2.140298272683584947e-17
2.134093541162833840e-17
2.127909386253393309e-17
2.121745729857070465e-17
2.115602360405458737e-17
2.109479335306430465e-17
2.103376444759197272e-17
2.097293745380877019e-17
2.091231160316268920e-17
2.085188482392248843e-17
2.079165767066190787e-17
2.073162809421549767e-17
2.067179666783658925e-17
2.061216138566377451e-17
2.055272281840620677e-17
2.049347897688490469e-17
2.043442916120090272e-17
2.037557393048171440e-17
2.031691132025429862e-17
2.025844063706951214e-17
2.020016242872033320e-17
2.014207475512026472e-17
2.008417692923499238e-17
2.002646948776452003e-17
1.996894929883050192e-17
1.991161811924490325e-17
1.985447404880662906e-17
1.979751641103356908e-17
1.974074453152455106e-17
1.968415773795555058e-17
1.962775654193463172e-17
1.957153790599842949e-17
1.951550235148394941e-17
1.945965037958826686e-17
1.940397899233520133e-17
1.934848870054084371e-17
1.929317884631325656e-17
1.923804877380653647e-17
1.918309782921684816e-17
1.912832536077836001e-17
1.907373071875919808e-17
1.901931101104379171e-17
1.896507009129524245e-17
1.891100283743598876e-17
1.885711306511914518e-17
1.880339569813245999e-17
1.874985232214449726e-17
1.869648230138696679e-17
1.864328283013910551e-17
1.859025763067991221e-17
1.853740173936046193e-17
1.848471670019297013e-17
1.843220188722116804e-17
1.837985455469508557e-17
1.832767833404917144e-17
1.827566837148872809e-17
1.822382407830016166e-17
1.817214903253342312e-17
1.812063844497574640e-17
1.806929379543339401e-17
1.801811241972961163e-17
1.796709783003560227e-17
1.791624330668347508e-17
1.786555440047128983e-17
1.781502647172376438e-17
1.776466097700986119e-17
1.771445534290017049e-17
1.766441101062462422e-17
1.761452542867679025e-17
1.756480002312602514e-17
1.751523422466541585e-17
1.746582551436825455e-17
1.741657529596206888e-17
1.736748107194576418e-17
1.731854423132205822e-17
1.726976229782034353e-17
1.722113664588923015e-17
1.717266482029528374e-17
1.712434818110152389e-17
1.707618429392020884e-17
1.702817450459517425e-17
1.698031639939466220e-17
1.693260945535890326e-17
1.688505499724516677e-17
1.683765064188968820e-17
1.679039770023798116e-17
1.674329380931706811e-17
1.669633845386122045e-17
1.664953292433263603e-17
1.660287488763842242e-17
1.655636383307231915e-17
1.651000103096640845e-17
1.646378417770356407e-17
1.641771276711319529e-17
1.637178629449055056e-17
1.632600600382479613e-17
1.628036963014061484e-17
1.623487667323729960e-17
1.618952835777290624e-17
1.614432244732743713e-17
1.609925844617923881e-17
1.605433586005484620e-17
1.600955419612671462e-17
1.596491464748997111e-17
1.592041334757464653e-17
1.587605316924319355e-17
1.583183194106250596e-17
1.578774917751169064e-17
1.574380439450036746e-17
1.569999874840571045e-17
1.565632847247011141e-17
1.561279473630554696e-17
1.556939869285356015e-17
1.552613664149885036e-17
1.548301135033433517e-17
1.544002074567551051e-17
1.539716278427286870e-17
1.535444019454630750e-17
1.531185092867463301e-17
1.526939296883335840e-17
1.522706900439600690e-17
1.518487546091851998e-17
1.514281500208619778e-17
1.510088408426334355e-17
1.505908534571766295e-17
1.501741527333372344e-17
1.497587496279330343e-17
1.493446397292612657e-17
1.489318186386303163e-17
1.485202819703349191e-17
1.481100253516316856e-17
1.477010444227142686e-17
1.472933200676024258e-17
1.468868628541419747e-17
1.464816684602049686e-17
1.460777325765067019e-17
1.456750509065807188e-17
1.452736047263366047e-17
1.448734043348150224e-17
1.444744454728924967e-17
1.440767096471006811e-17
1.436802211816822142e-17
1.432849474246574465e-17
1.428908984137628133e-17
1.424980559586202809e-17
1.421064299939381538e-17
1.417160163472545042e-17
1.413267970517934906e-17
1.409387956355518759e-17
1.405519667271187685e-17
1.401663474387804898e-17
1.397819063524283215e-17
1.393986395509943003e-17
1.390165565694273994e-17
1.386356533322667705e-17
1.382559124544648672e-17
1.378773433257550675e-17
1.374999287031358328e-17
1.371236778805928720e-17
1.367485868424266966e-17
1.363746385568105196e-17
1.360018292274799640e-17
1.356301680670746039e-17
1.352596383791772886e-17
1.348902493041622174e-17
1.345219842816039865e-17
1.341548523591760397e-17
1.337888371112594413e-17
1.334239474938567595e-17
1.330601672149810326e-17
1.326974926777814742e-17
1.323359327022543762e-17
1.319754711942828504e-17
1.316161045870676585e-17
1.312578415668582407e-17
1.309006662348411334e-17
1.305445750541256812e-17
1.301895765794335439e-17
1.298356551047219929e-17
1.294828071228626769e-17
1.291310410592287040e-17
1.287803413980489933e-17
1.284307046618079537e-17
1.280821273825758557e-17
1.277346061019943640e-17
1.273881490340907812e-17
1.270427409742582696e-17
1.266983784935059826e-17
1.263550581723520678e-17
1.260127880600726468e-17
1.256715417873501152e-17
1.253313388318697816e-17
1.249921643534941694e-17
1.246540149807790494e-17
1.243168873516946773e-17
1.239807781136103706e-17
1.236456839232791940e-17
1.233116125105188319e-17
1.229785383750228712e-17
1.226464802810722179e-17
1.223154129405598361e-17
1.219853549437660411e-17
1.216562812128737612e-17
1.213281993891089050e-17
1.210011169335304864e-17
1.206750090802183312e-17
1.203498939921593273e-17
1.200257471090282940e-17
1.197025864259280049e-17
1.193803875862816452e-17
1.190591579666298873e-17
1.187388943774872971e-17
1.184195936981062360e-17
1.181012528314176961e-17
1.177838686890458090e-17
1.174674279641137834e-17
1.171519480843420570e-17
1.168374055769634055e-17
1.165238076147666225e-17
1.162111511519807379e-17
1.158994331514374791e-17
1.155886406206450844e-17
1.152787805898083578e-17
1.149698500468564364e-17
1.146618459882606960e-17
1.143547654190179571e-17
1.140485956024594887e-17
1.137433433950430492e-17
1.134390058266451462e-17
1.131355703112634573e-17
1.128330436031235275e-17
1.125314227568527913e-17
1.122306953352131939e-17
1.119308679918585270e-17
1.116319378060360807e-17
1.113338924873945484e-17
1.110367385906470613e-17
1.107404732195277682e-17
1.104450842287188268e-17
1.101505780755953741e-17
1.098569427103238310e-17
1.095641845260769809e-17
1.092722915677046906e-17
1.089812701648724657e-17
1.086911084563199511e-17
1.084018127088922071e-17
1.081133800984226502e-17
1.078257989032822483e-17
1.075390664301562737e-17
1.072531888222783027e-17
1.069681544953597404e-17
1.066839695318266846e-17
1.064006224381725609e-17
1.061181105573958042e-17
1.058364398816755303e-17
1.055556076572191290e-17
1.052755940013554024e-17
1.049964219914968299e-17
1.047180633012917395e-17
1.044405323443586818e-17
1.041638179822798245e-17
1.038879176253012827e-17
1.036128370813867885e-17
1.033385654010302660e-17
1.030651083448942226e-17
1.027924468037672740e-17
1.025205947970856857e-17
1.022495415450638628e-17
1.019792845549503250e-17
1.017098294463750272e-17
1.014411655651190007e-17
1.011732904386917026e-17
1.009062016011742785e-17
1.006398965932095947e-17
1.003743808971414030e-17
1.001096440642511423e-17
9.984568365527416649e-18
9.958249723746457818e-18
9.932008238458501401e-18
9.905843667689641393e-18
9.879755770114772904e-18
9.853745075338829344e-18
9.827809799508695154e-18
9.801951240576190812e-18
9.776167629009887295e-18
9.750460251077884821e-18
9.724827351446255396e-18
9.699270204814437117e-18
9.673787817713080187e-18
9.648379210016412399e-18
9.623045639284055226e-18
9.597786123510732215e-18
9.572599693856803980e-18
9.547487590994153411e-18
9.522448115159125144e-18
9.497481769890156837e-18
9.472589047055818715e-18
9.447768267238399970e-18
9.423019926620062408e-18
9.398343795998040387e-18
9.373739646796460006e-18
9.349206543168068230e-18
9.324745676552609077e-18
9.300355407397603955e-18
9.276036217479680848e-18
9.251787881299706733e-18
9.227610173978722681e-18
9.203502871256775971e-18
9.179465062108795257e-18
9.155497216646674853e-18
9.131599112420877786e-18
9.107769849511334132e-18
9.084009894683707341e-18
9.060319031499440331e-18
9.036697044113408962e-18
9.013143049757351543e-18
8.989657506858328167e-18
8.966240201306496066e-18
8.942890260387810671e-18
8.919608135860314313e-18
8.896393615340341332e-18
8.873245836045883294e-18
8.850165243170935646e-18
8.827150980475404046e-18
8.804203488822400595e-18
8.781322558672483760e-18
8.758507343517628338e-18
8.735758277828086985e-18
8.713074521506122834e-18
8.690456504803923088e-18
8.667903393982276385e-18
8.645415615119580836e-18
8.622992340783820696e-18
8.600633992923406791e-18
8.578339750362598951e-18
8.556110030963120245e-18
8.533944019755020517e-18
8.511841521512549848e-18
8.489802948030299007e-18
8.467827493536258805e-18
8.445915565844578875e-18
8.424066365264939280e-18
8.402280295672668636e-18
8.380555969326913844e-18
8.358894976825812301e-18
8.337295344761536379e-18
8.315758063304773942e-18
8.294282350684966295e-18
8.272868599173131735e-18
8.251515453364750117e-18
8.230223886053977401e-18
8.208993701923337020e-18
8.187823561430491258e-18
8.166714424563836733e-18
8.145665529908604664e-18
8.124676691290801854e-18
8.103748286045383795e-18
8.082879000602279700e-18
8.062069773993449575e-18
8.041319858984022668e-18
8.020629071844836722e-18
7.999997781499385172e-18
7.979424702893919015e-18
7.958910758294024073e-18
7.938454673245668866e-18
7.918057361925758398e-18
7.897718100114113729e-18
7.877436711088168912e-18
7.857213018585040500e-18
7.837046846800780284e-18
7.816938020389628034e-18
7.796886364463234963e-18
7.776891704589924171e-18
7.756953866793909486e-18
7.737073200458818506e-18
7.717248484574064832e-18
7.697480071576429690e-18
7.677767789305952210e-18
7.658111466054681114e-18
7.638510930565905890e-18
7.618966012033355601e-18
7.599476540100410026e-18
7.580041838777352934e-18
7.560662752829367729e-18
7.541338103122863478e-18
7.522068727072735066e-18
7.502853454645250308e-18
7.483692620106938120e-18
7.464586056199460301e-18
7.445533596107846214e-18
7.426534583612497319e-18
7.407589346608200528e-18
7.388698205456421548e-18
7.369859537448265733e-18
7.351074635580165086e-18
7.332342369787635266e-18
7.313663060190570277e-18
7.295036543439884520e-18
7.276462656622729396e-18
7.257940765003928200e-18
7.239471182621305123e-18
7.221053747840322143e-18
7.202687832911181279e-18
7.184373747385547197e-18
7.166111330900383907e-18
7.147899962609398558e-18
7.129739947646975252e-18
7.111630669715990925e-18
7.093572431035520250e-18
7.075565073338240999e-18
7.057607987096478192e-18
7.039701470831950872e-18
7.021844922510760523e-18
7.004038640832945731e-18
6.986282028770483552e-18
6.968575382182348510e-18
6.950918549282330097e-18
6.933310939585629862e-18
6.915752407416482993e-18
6.898243243038423541e-18
6.880782862410290798e-18
6.863371553040602223e-18
6.846008735149957288e-18
6.828694693519901479e-18
6.811428852599631479e-18
6.794211069280671742e-18
6.777041624294814713e-18
6.759919948361425533e-18
6.742846319554234450e-18
6.725820172739619878e-18
6.708841366621960250e-18
6.691909760257657782e-18
6.675025626463145469e-18
6.658188820035319457e-18
6.641398375949197444e-18
6.624654976562167026e-18
6.607958070971101910e-18
6.591307520376089912e-18
6.574703589917083063e-18
6.558145332695016469e-18
6.541633416538863409e-18
6.525167699245737547e-18
6.508747244624024181e-18
6.492372711955678344e-18
6.476043172101044995e-18
6.459759278696490559e-18
6.443520500491936089e-18
6.427327091523236612e-18
6.411178136603817578e-18
6.395073892010202510e-18
6.379014608175080336e-18
6.362999763393448088e-18
6.347028842432162344e-18
6.331102476885034734e-18
6.315220150674419275e-18
6.299381731241046197e-18
6.283587086363453070e-18
6.267836084157412421e-18
6.252128593075340857e-18
6.236464481905734383e-18
6.220843619772575214e-18
6.205265876663223012e-18
6.189731125009098003e-18
6.174239238092517835e-18
6.158790089516635434e-18
6.143383553204912835e-18
6.128019503400557276e-18
6.112697095498578042e-18
6.097417645557684826e-18
6.082180306754570759e-18
6.066984243930722731e-18
6.051830757076776081e-18
6.036718303774830177e-18
6.021648173422014344e-18
6.006618835409632562e-18
5.991630871872491515e-18
5.976684160185417539e-18
5.961778578037046452e-18
5.946914003429255794e-18
5.932090314676587046e-18
5.917307390405672472e-18
5.902564429098044737e-18
5.887861995813724087e-18
5.873200645191394415e-18
5.858578904184565431e-18
5.843997330717053691e-18
5.829455805242109671e-18
5.814953543957314735e-18
5.800491759668953186e-18
5.786069007212573059e-18
5.771685832801500995e-18
5.757342118391222840e-18
5.743037746242722384e-18
5.728771949848615239e-18
5.714545266239228440e-18
5.700358222553022397e-18
5.686208770243420941e-18
5.672098725049067079e-18
5.658027327022373162e-18
5.643993826540664283e-18
5.629998747188080963e-18
5.616041344859789973e-18
5.602122765285359955e-18
5.588241638371253922e-18
5.574398478930093885e-18
5.560593173047354516e-18
5.546824990268857379e-18
5.533094438925491078e-18
5.519401405963209593e-18
5.505745168976505266e-18
5.492126837173917768e-18
5.478545081855093487e-18
5.464999800243178453e-18
5.451492090597092631e-18
5.438020043380278670e-18
5.424585350552170197e-18
5.411186710324565161e-18
5.397824612451998264e-18
5.384498949105303485e-18
5.371209026406382910e-18
5.357955327974217582e-18
5.344737746792927028e-18
5.331555596601324516e-18
5.318409354965975202e-18
5.305298340644133462e-18
5.292223027203546094e-18
5.279183308964630641e-18
5.266178512152494158e-18
5.253209104418406624e-18
5.240274416907780826e-18
5.227375475155454444e-18
5.214510489428344569e-18
5.201680483571634333e-18
5.188885353751070284e-18
5.176124443258084925e-18
5.163398206229581487e-18
5.150706539622807490e-18
5.138048793908019184e-18
5.125424872920940602e-18
5.112835223258611009e-18
5.100279742908846118e-18
5.087757791765070641e-18
5.075269274584142386e-18
5.062814630558418441e-18
5.050393758698872506e-18
5.038006028175262545e-18
5.025651344660001874e-18
5.013330666106023372e-18
5.001042314441983779e-18
4.988787246067521116e-18
4.976565361514290243e-18
4.964375525614449144e-18
4.952219199348845156e-18
4.940095250026897552e-18
4.928003585135040738e-18
4.915944622436954855e-18
4.903917755862318860e-18
4.891922893559671060e-18
4.879960448101746483e-18
4.868030322257102136e-18
4.856131918702634872e-18
4.844265146773457682e-18
4.832430413705344176e-18
4.820627130381122640e-18
4.808855208238461502e-18
4.797115049756417901e-18
4.785406072182767447e-18
4.773728187587659356e-18
4.762081793467891717e-18
4.750466313362365031e-18
4.738882141491094018e-18
4.727328705554106436e-18
4.715805918676831690e-18
4.704314170207285711e-18
4.692852894015354585e-18
4.681422003851036780e-18
4.670021413664412545e-18
4.658651506400830764e-18
4.647311724038317936e-18
4.636002446374684112e-18
4.624723119406173656e-18
4.613473658122996870e-18
4.602253977713636230e-18
4.591064451742460039e-18
4.579904534127352184e-18
4.568774140671434884e-18
4.557673187374898444e-18
4.546602041678878834e-18
4.535559715772846005e-18
4.524547474853175855e-18
4.513563887141032438e-18
4.502609763590927547e-18
4.491684130865242456e-18
4.480787793530231721e-18
4.469920664151682625e-18
4.459081780101726200e-18
4.448271936486593169e-18
4.437490177733930261e-18
4.426737292696543005e-18
4.416012763916833502e-18
4.405316939666285696e-18
4.394648878337123066e-18
4.384009356454231969e-18
4.373397863922006516e-18
4.362814320318121989e-18
4.352258645411470006e-18
4.341730759161860393e-18
4.331230999955436291e-18
4.320758450081068729e-18
4.310313864973443138e-18
4.299896333622896382e-18
4.289506605781048229e-18
4.279144188652778192e-18
4.268809004942222239e-18
4.258501384843934091e-18
4.248220435278375669e-18
4.237966488348064022e-18
4.227739870206877126e-18
4.217539697519196666e-18
4.207366698016272021e-18
4.197219994794778119e-18
4.187100309904517996e-18
4.177006772824073645e-18
4.166940099969631072e-18
4.156899819377933404e-18
4.146885855951923863e-18
4.136898134774261896e-18
4.126936193286629010e-18
4.117000734027775085e-18
4.107091293334719828e-18
4.097207797006059408e-18
4.087350171018618636e-18
4.077517960931601022e-18
4.067711855695913162e-18
4.057931399792465828e-18
4.048176519907982378e-18
4.038446767985668799e-18
4.028742822310291148e-18
4.019064233767377059e-18
4.009410559024995650e-18
3.999782468485229630e-18
3.990179149819526353e-18
3.980600901652055091e-18
3.971048017264799039e-18
3.961519693128236355e-18
3.952016224243550856e-18
3.942537539207936789e-18
3.933083566791986038e-18
3.923654235939373810e-18
3.914249118669574232e-18
3.904868859798067472e-18
3.895512675913929456e-18
3.886181206845947043e-18
3.876873674835903007e-18
3.867590364280472697e-18
3.858331205310307370e-18
3.849096128226712619e-18
3.839884716916955514e-18
3.830697596481808300e-18
3.821534005843983667e-18
3.812394222553050768e-18
3.803278177973738217e-18
3.794185464375907759e-18
3.785116696239392677e-18
3.776071127462802866e-18
3.767049031388701486e-18
3.758050341338800789e-18
3.749074990797270612e-18
3.740122580740126687e-18
3.731193380115289759e-18
3.722287322877593047e-18
3.713404343143181811e-18
3.704544047428437593e-18
3.695707026907792755e-18
3.686892236528116507e-18
3.678100590669903909e-18
3.669331697691168495e-18
3.660585170921765875e-18
3.651861269699476743e-18
3.643159610035536529e-18
3.634480449174594447e-18
3.625823722786478110e-18
3.617189366699142453e-18
3.608577002241168338e-18
3.599986882538908093e-18
3.591418943878892127e-18
3.582872811522508799e-18
3.574348735550261472e-18
3.565846652704844768e-18
3.557366499885036063e-18
3.548907907532636301e-18
3.540470816250709522e-18
3.532055471125642475e-18
3.523661809650502134e-18
3.515289769473009956e-18
3.506938987393083321e-18
3.498609704586509000e-18
3.490301560360957754e-18
3.482014793955415691e-18
3.473749343759941639e-18
3.465504852815734030e-18
3.457281263079494840e-18
3.449079103298134500e-18
3.440897724703415028e-18
3.432737069656572662e-18
3.424597370753924392e-18
3.416478278367720982e-18
3.408380311212701090e-18
3.400302545047996609e-18
3.392245497802527104e-18
3.384209109468527900e-18
3.376193036703765192e-18
3.368197507120909479e-18
3.360222181198421444e-18
3.352267285021916757e-18
3.344332481404131341e-18
3.336417994625692004e-18
3.328523489816484155e-18
3.320649189467491935e-18
3.312794761008742739e-18
3.304960425156794040e-18
3.297145851624942917e-18
3.289351259370389039e-18
3.281576320372960910e-18
3.273820981284646358e-18
3.266085458445697224e-18
3.258369427198864523e-18
3.250673102162146102e-18
3.242996160903638005e-18
3.235338816333683018e-18
3.227700748229427691e-18
3.220081904088990983e-18
3.212482494282612453e-18
3.204902463663617751e-18
3.197341235535078023e-18
3.189799280516250332e-18
3.182276543849588691e-18
3.174772454909789747e-18
3.167287478976054560e-18
3.159821561677907848e-18
3.152374393587057321e-18
3.144945923391102079e-18
3.137536353230797281e-18
3.130145124419859953e-18
3.122772943250709020e-18
3.115419001621126078e-18
3.108083750888048886e-18
3.100766888939481780e-18
3.093468613139089806e-18
3.086188376472821691e-18
3.078926623498840978e-18
3.071683301374134357e-18
3.064457868822751210e-18
3.057250765378204773e-18
3.050061938574113515e-18
3.042890852808295635e-18
3.035737942650258514e-18
3.028602916123157742e-18
3.021485723874364803e-18
3.014386316661883533e-18
3.007304882641109242e-18
3.000241133918303434e-18
2.993195022256621254e-18
2.986166499659704867e-18
2.979155752107852458e-18
2.972162496256898218e-18
2.965186684441007020e-18
2.958228269100890801e-18
2.951287202783652564e-18
2.944363667814365355e-18
2.937457156779070037e-18
2.930568081063108819e-18
2.923696163975381570e-18
2.916841584973507409e-18
2.910003843689056953e-18
2.903183345350865788e-18
2.896379593069312558e-18
2.889592989027176657e-18
2.882823262104989312e-18
2.876070366028122059e-18
2.869334254626321053e-18
2.862615101755317310e-18
2.855912420817239247e-18
2.849226386671114136e-18
2.842557171116496646e-18
2.835904509382147487e-18
2.829268355929627611e-18
2.822648450110316790e-18
2.816045177792904466e-18
2.809458277757440211e-18
2.802887704877216058e-18
2.796333414128039755e-18
2.789795571959867371e-18
2.783273710049931495e-18
2.776767995814798569e-18
2.770278384638652450e-18
2.763805040358570867e-18
2.757347501111564599e-18
2.750905931688366402e-18
2.744480493994823130e-18
2.738070730950477971e-18
2.731676805405238980e-18
2.725298673451474098e-18
2.718936494457336677e-18
2.712589817637248047e-18
2.706258803290785579e-18
2.699943608910388221e-18
2.693643788371024390e-18
2.687359500087193183e-18
2.681090700851096179e-18
2.674837347554226277e-18
2.668599397848124213e-18
2.662376812122571310e-18
2.656169551514960229e-18
2.649977381931717526e-18
2.643800656012062777e-18
2.637639139132053400e-18
2.631492599540408838e-18
2.625361385950134401e-18
2.619245074235018896e-18
2.613143819349688748e-18
2.607057583103634553e-18
2.600986327390776209e-18
2.594930014189323482e-18
2.588888417109310230e-18
2.582861875873932959e-18
2.576849976475859932e-18
2.570852869673814951e-18
2.564870517857843632e-18
2.558902883501507232e-18
2.552949929161747062e-18
2.547011433678323004e-18
2.541087544883983630e-18
2.535178408071378908e-18
2.529283438640647025e-18
2.523403147037729382e-18
2.517537313815778267e-18
2.511685722193972270e-18
2.505848516573924476e-18
2.500025660242298728e-18
2.494217116567833914e-18
2.488422671635654158e-18
2.482642467604117911e-18
2.476876468080185802e-18
2.471124461270249731e-18
2.465386762531524550e-18
2.459662985369325021e-18
2.453953269191044006e-18
2.448257404999056835e-18
2.442575703502092990e-18
2.436907783469309949e-18
2.431253610976511004e-18
2.425613493291979818e-18
2.419987053080958505e-18
2.414374256632796310e-18
2.408775407815635406e-18
2.403190133148479455e-18
2.397618566696373073e-18
2.392060506278126972e-18
2.386516084913664091e-18
2.380985267543884197e-18
2.375467852609959953e-18
2.369963964714612585e-18
2.364473560809909727e-18
2.358996434496620134e-18
2.353532707550612023e-18
2.348082174930310731e-18
2.342645119183489232e-18
2.337221012585208322e-18
2.331810297896046341e-18
2.326412611037803698e-18
2.321027911483993226e-18
2.315656317694308730e-18
2.310297787642586462e-18
2.304952121630671588e-18
2.299619436727953352e-18
2.294299534547492781e-18
2.288992531239235928e-18
2.283698229718407424e-18
2.278416745223062856e-18
2.273148036428983319e-18
2.267891908190849967e-18
2.262648474395938916e-18
2.257417541178699827e-18
2.252199069230350949e-18
2.246993171097899883e-18
2.241799806048383593e-18
2.236618782749447043e-18
2.231450062260184596e-18
2.226293755370051415e-18
2.221149821736317933e-18
2.216018072525096813e-18
2.210898469160609464e-18
2.205791120703313987e-18
2.200695987197565002e-18
2.195612735760619265e-18
2.190541767718440366e-18
2.185482605405559714e-18
2.180435502270823139e-18
2.175400418835175112e-18
2.170377171759255820e-18
2.165365723275949602e-18
2.160366178654351215e-18
2.155378356347369711e-18
2.150402360800891135e-18
2.145438011654339136e-18
2.140485271582699507e-18
2.135544243806767324e-18
2.130614749727855480e-18
2.125696752283116985e-18
2.120790353483081750e-18
2.115895382220288047e-18
2.111011968407887297e-18
2.106139833159320535e-18
2.101279386680055212e-18
2.096430213956893372e-18
2.091592586173288187e-18
2.086766363818079620e-18
2.081951544406138959e-18
2.077148260096313184e-18
2.072356372744223893e-18
2.067575879797412634e-18
2.062806911939497561e-18
2.058049332378518708e-18
2.053303138496092658e-18
2.048568327650457512e-18
2.043845028582870600e-18
2.039133106280758664e-18
2.034432558038294901e-18
2.029743511160808343e-18
2.025065702375267179e-18
2.020399388525204116e-18
2.015744565462684898e-18
2.011100972572182936e-18
2.006468863926684797e-18
2.001847980662933504e-18
1.997238575021035831e-18
1.992640642774016202e-18
1.988053927668163351e-18
1.983478679225295327e-18
1.978914642912270055e-18
1.974362066452653239e-18
1.969820821282555298e-18
1.965291028214729255e-18
1.960772436124508798e-18
1.956265289184869113e-18
1.951769460495078991e-18
1.947284824848317691e-18
1.942811623786529785e-18
1.938349852904572303e-18
1.933899266095066023e-18
1.929459981877482532e-18
1.925032117070022432e-18
1.920615428030279968e-18
1.916210151133181197e-18
1.911816163127954942e-18
1.907433460753368175e-18
1.903062040729569134e-18
1.898701899758225219e-18
1.894353034522663970e-18
1.890015441688008264e-18
1.885689097977543134e-18
1.881373900526438132e-18
1.877069842383538693e-18
1.872776570017073424e-18
1.868494192301741404e-18
1.864222358012062333e-18
1.859961175136899188e-18
1.855710294741343709e-18
1.851469823936415383e-18
1.847239416062259614e-18
1.843019065002638662e-18
1.838808763429144110e-18
1.834608168065848069e-18
1.830417383863031086e-18
1.826236069781871184e-18
1.822064329921477624e-18
1.817901825465296206e-18
1.813748659668513719e-18
1.809604495922195502e-18
1.805469327728942250e-18
1.801343038880168352e-18
1.797225513505873616e-18
1.793116636073715738e-18
1.789016291388088169e-18
1.784924364589201832e-18
1.780840741152159904e-18
1.776765306886042228e-18
1.772697841986654034e-18
1.768638445186482305e-18
1.764586791761465236e-18
1.760542979643563163e-18
1.756506686225731914e-18
1.752477800383874441e-18
1.748456418856998103e-18
1.744442429011153043e-18
1.740435306322164277e-18
1.736435559291585151e-18
1.732442460068914825e-18
1.728456309548321247e-18
1.724476996730010551e-18
1.720504208368451459e-18
1.716537836221601323e-18
1.712577973534861012e-18
1.708624310124088154e-18
1.704676738690388219e-18
1.700735351336887823e-18
1.696800039314872212e-18
1.692870298770296772e-18
1.688946419767063093e-18
1.685028294505926208e-18
