# te
1.472602963447570801e+00
2.069504499435424805e+00
2.323538064956665039e+00
2.300299406051635742e+00
2.091789960861206055e+00
1.785337924957275391e+00
1.455116629600524902e+00
1.151216030120849609e+00
9.161351323127746582e-01
7.734816074371337891e-01
7.194589972496032715e-01
7.493165731430053711e-01
8.569797873497009277e-01
1.032763004302978516e+00
1.264743089675903320e+00
1.532462000846862793e+00
1.816196918487548828e+00
2.100935697555541992e+00
2.370859622955322266e+00
2.616556406021118164e+00
2.829629898071289062e+00
3.004246234893798828e+00
3.135882616043090820e+00
3.222618818283081055e+00
3.265058279037475586e+00
3.264086961746215820e+00
3.222574949264526367e+00
3.145913839340209961e+00
3.038581609725952148e+00
2.905189990997314453e+00
2.750603437423706055e+00
2.580713272094726562e+00
2.401996612548828125e+00
2.219196557998657227e+00
2.035712718963623047e+00
1.855164527893066406e+00
1.682827472686767578e+00
1.521536707878112793e+00
1.373313069343566895e+00
1.239463925361633301e+00
1.119260191917419434e+00
1.011482954025268555e+00
9.158045053482055664e-01
8.319717645645141602e-01
7.577440142631530762e-01
6.928147673606872559e-01
6.400174498558044434e-01
6.015911102294921875e-01
5.729901790618896484e-01
5.482434034347534180e-01
5.213097333908081055e-01
4.879816174507141113e-01
4.520222842693328857e-01
4.173107743263244629e-01
3.815234601497650146e-01
3.438412547111511230e-01
3.025882840156555176e-01
2.560665309429168701e-01
2.040120065212249756e-01
1.465558409690856934e-01
8.303141593933105469e-02
1.294414419680833817e-02
-6.442344933748245239e-02
-1.491943448781967163e-01
-2.392239421606063843e-01
-3.323631286621093750e-01
-4.277621209621429443e-01
-5.244967341423034668e-01
-6.250613331794738770e-01
-7.323777675628662109e-01
-8.471410274505615234e-01
-9.689872264862060547e-01
-1.096066832542419434e+00
-1.225935578346252441e+00
-1.357378244400024414e+00
-1.491199374198913574e+00
-1.630175709724426270e+00
-1.771882057189941406e+00
-1.919095516204833984e+00
-2.073477506637573242e+00
-2.234458923339843750e+00
-2.401841163635253906e+00
-2.573940038681030273e+00
-2.752043485641479492e+00
-2.935304164886474609e+00
-3.123250722885131836e+00
-3.316249370574951172e+00
-3.516152143478393555e+00
-3.720352649688720703e+00
-3.929985284805297852e+00
-4.144798278808593750e+00
-4.365309238433837891e+00
-4.590548515319824219e+00
-4.821776866912841797e+00
-5.058767318725585938e+00
-5.301293849945068359e+00
-5.547644138336181641e+00
-5.801308155059814453e+00
-6.058343887329101562e+00
-6.322240352630615234e+00
-6.591285705566406250e+00
-6.866740226745605469e+00
-7.146147251129150391e+00
-7.431510448455810547e+00
-7.722604751586914062e+00
-8.018460273742675781e+00
-8.320336341857910156e+00
-8.627264022827148438e+00
-8.938274383544921875e+00
-9.255367279052734375e+00
-9.578297615051269531e+00
-9.906075477600097656e+00
-1.023845291137695312e+01
-1.057592487335205078e+01
-1.091824436187744141e+01
-1.126516342163085938e+01
-1.161792087554931641e+01
-1.197478199005126953e+01
-1.233624362945556641e+01
-1.270279979705810547e+01
-1.307420349121093750e+01
-1.345095062255859375e+01
-1.383056259155273438e+01
-1.421576786041259766e+01
-1.460631370544433594e+01
-1.500195598602294922e+01
-1.540244579315185547e+01
-1.580753612518310547e+01
-1.621697998046875000e+01
-1.663274002075195312e+01
-1.705226516723632812e+01
-1.747818183898925781e+01
-1.790643119812011719e+01
-1.834038925170898438e+01
-1.877673912048339844e+01
-1.921810913085937500e+01
-1.966341400146484375e+01
-2.011231422424316406e+01
-2.056595230102539062e+01
-2.102249717712402344e+01
-2.148309135437011719e+01
-2.194814109802246094e+01
-2.241729736328125000e+01
-2.289022064208984375e+01
-2.336731338500976562e+01
-2.384748458862304688e+01
-2.433262634277343750e+01
-2.482164764404296875e+01
-2.531272506713867188e+01
-2.580916595458984375e+01
-2.630958175659179688e+01
-2.681178092956542969e+01
-2.731802558898925781e+01
-2.782760810852050781e+01
-2.834056663513183594e+01
-2.885544586181640625e+01
-2.937302780151367188e+01
-2.989334678649902344e+01
-3.041495132446289062e+01
-3.093936347961425781e+01
-3.146661758422851562e+01
-3.199526405334472656e+01
-3.252682495117187500e+01
-3.305910110473632812e+01
-3.359362411499023438e+01
-3.413116455078125000e+01
-3.466952514648437500e+01
-3.520875167846679688e+01
-3.575036239624023438e+01
-3.629216003417968750e+01
-3.683566284179687500e+01
-3.738091659545898438e+01
-3.792794418334960938e+01
-3.847604751586914062e+01
-3.902520751953125000e+01
-3.957669067382812500e+01
-4.012874221801757812e+01
-4.068108367919921875e+01
-4.123493576049804688e+01
-4.179002761840820312e+01
-4.234460449218750000e+01
-4.289987182617187500e+01
-4.345483016967773438e+01
-4.401142120361328125e+01
-4.456641769409179688e+01
-4.512102508544921875e+01
-4.567646408081054688e+01
-4.623097229003906250e+01
-4.678651046752929688e+01
-4.733983612060546875e+01
-4.789291000366210938e+01
-4.844694137573242188e+01
-4.899943542480468750e+01
-4.955234527587890625e+01
-5.010466384887695312e+01
-5.065760040283203125e+01
-5.121014785766601562e+01
-5.176277542114257812e+01
-5.231595230102539062e+01
-5.286857986450195312e+01
-5.342144775390625000e+01
-5.397301864624023438e+01
-5.452548980712890625e+01
-5.507583618164062500e+01
-5.562453842163085938e+01
-5.617124557495117188e+01
-5.671571350097656250e+01
-5.725750732421875000e+01
-5.779673767089843750e+01
-5.833268356323242188e+01
-5.886548614501953125e+01
-5.939432144165039062e+01
-5.991960144042968750e+01
-6.044128036499023438e+01
-6.095806503295898438e+01
-6.147115325927734375e+01
-6.197956085205078125e+01
-6.248151779174804688e+01
-6.298069763183593750e+01
-6.347409057617187500e+01
-6.396239852905273438e+01
-6.444408416748046875e+01
-6.492207336425781250e+01
-6.539261627197265625e+01
-6.585864257812500000e+01
-6.631787109375000000e+01
-6.677100372314453125e+01
-6.721874237060546875e+01
-6.765956115722656250e+01
-6.809341430664062500e+01
-6.852098846435546875e+01
-6.894300079345703125e+01
-6.935791015625000000e+01
-6.976641845703125000e+01
-7.016774749755859375e+01
-7.056258392333984375e+01
-7.095014953613281250e+01
-7.133039855957031250e+01
-7.170478057861328125e+01
-7.207174682617187500e+01
-7.243126678466796875e+01
-7.278404235839843750e+01
-7.312853240966796875e+01
-7.346694183349609375e+01
-7.379697418212890625e+01
-7.412008666992187500e+01
-7.443549346923828125e+01
-7.474314117431640625e+01
-7.504373168945312500e+01
-7.533576202392578125e+01
-7.561999511718750000e+01
-7.589723968505859375e+01
-7.616680908203125000e+01
-7.642800903320312500e+01
-7.668015289306640625e+01
-7.693070983886718750e+01
-7.716637420654296875e+01
-7.740132904052734375e+01
-7.761998748779296875e+01
-7.784398651123046875e+01
-7.805033111572265625e+01
-7.824575805664062500e+01
-7.843701171875000000e+01
-7.863085174560546875e+01
-7.880426025390625000e+01
-7.897887420654296875e+01
-7.913912200927734375e+01
-7.929175567626953125e+01
-7.943608093261718750e+01
-7.957141113281250000e+01
-7.970449066162109375e+01
-7.981975555419921875e+01
-7.993882751464843750e+01
-8.003871917724609375e+01
-8.014102172851562500e+01
-8.022276306152343750e+01
-8.030554962158203125e+01
-8.038125610351562500e+01
-8.043434143066406250e+01
-8.048638153076171875e+01
-8.052928924560546875e+01
-8.056236267089843750e+01
-8.058490753173828125e+01
-8.059624481201171875e+01
-8.060311126708984375e+01
-8.058995056152343750e+01
-8.057094573974609375e+01
-8.053796386718750000e+01
-8.049032592773437500e+01
-8.044220733642578125e+01
-8.037061309814453125e+01
-8.029715728759765625e+01
-8.019885253906250000e+01
-8.009731292724609375e+01
-7.997697448730468750e+01
-7.983715057373046875e+01
-7.969202423095703125e+01
-7.953345489501953125e+01
-7.936077880859375000e+01
-7.916600036621093750e+01
-7.894916534423828125e+01
-7.872531127929687500e+01
-7.849462127685546875e+01
-7.824241638183593750e+01
-7.797631072998046875e+01
-7.770391845703125000e+01
-7.740310668945312500e+01
-7.710380554199218750e+01
-7.678388214111328125e+01
-7.645839691162109375e+01
-7.611266326904296875e+01
-7.576171112060546875e+01
-7.539088439941406250e+01
-7.501520538330078125e+01
-7.462742614746093750e+01
-7.422773742675781250e+01
-7.381630706787109375e+01
-7.339332580566406250e+01
-7.295154571533203125e+01
-7.250599670410156250e+01
-7.204943847656250000e+01
-7.158205413818359375e+01
-7.111144256591796875e+01
-7.061550903320312500e+01
-7.012413787841796875e+01
-6.961524200439453125e+01
-6.908898162841796875e+01
-6.856040954589843750e+01
-6.802227020263671875e+01
-6.746732330322265625e+01
-6.689572906494140625e+01
-6.631512451171875000e+01
-6.572567749023437500e+01
-6.512756347656250000e+01
-6.451354217529296875e+01
-6.389865875244140625e+01
-6.326079177856445312e+01
-6.261499023437500000e+01
-6.194657135009765625e+01
-6.127800369262695312e+01
-6.059461975097656250e+01
-5.989659118652343750e+01
-5.918409729003906250e+01
-5.845732116699218750e+01
-5.770901489257812500e+01
-5.695422744750976562e+01
-5.618569946289062500e+01
-5.540360641479492188e+01
-5.460071563720703125e+01
-5.378473663330078125e+01
-5.295642089843750000e+01
-5.210176086425781250e+01
-5.124390029907226562e+01
-5.036883544921875000e+01
-4.946998977661132812e+01
-4.856307983398437500e+01
-4.763410186767578125e+01
-4.669877243041992188e+01
-4.574679565429687500e+01
-4.478348922729492188e+01
-4.380673599243164062e+01
-4.281516647338867188e+01
-4.181333923339843750e+01
-4.079617691040039062e+01
-3.976749801635742188e+01
-3.872593307495117188e+01
-3.767085266113281250e+01
-3.660533905029296875e+01
-3.552503967285156250e+01
-3.443453979492187500e+01
-3.333022308349609375e+01
-3.221591949462890625e+01
-3.108877182006835938e+01
-2.994963455200195312e+01
-2.879936408996582031e+01
-2.763583755493164062e+01
-2.646288681030273438e+01
-2.527690887451171875e+01
-2.408098793029785156e+01
-2.287300300598144531e+01
-2.165306854248046875e+01
-2.042352867126464844e+01
-1.918151855468750000e+01
-1.792938232421875000e+01
-1.666574287414550781e+01
-1.539145851135253906e+01
-1.410589504241943359e+01
-1.280991172790527344e+01
-1.150212955474853516e+01
-1.018489265441894531e+01
-8.856082916259765625e+00
-7.517298698425292969e+00
-6.167165756225585938e+00
-4.808025360107421875e+00
-3.437165498733520508e+00
-2.056778907775878906e+00
-6.663833260536193848e-01
7.340358495712280273e-01
2.144507646560668945e+00
3.564806938171386719e+00
4.995132923126220703e+00
6.435394287109375000e+00
7.886463642120361328e+00
9.346837043762207031e+00
1.081805801391601562e+01
1.229795360565185547e+01
1.379029464721679688e+01
1.529216575622558594e+01
1.680362510681152344e+01
1.832621002197265625e+01
1.985849761962890625e+01
2.140128326416015625e+01
2.295388221740722656e+01
2.451783370971679688e+01
2.609096908569335938e+01
2.767333984375000000e+01
2.926723861694335938e+01
3.087123107910156250e+01
3.248462677001953125e+01
3.410823440551757812e+01
3.574061965942382812e+01
3.738332366943359375e+01
3.903491973876953125e+01
4.069694519042968750e+01
4.236797332763671875e+01
4.404657745361328125e+01
4.573578262329101562e+01
4.743342208862304688e+01
4.913880157470703125e+01
5.085272216796875000e+01
5.257375717163085938e+01
5.430418777465820312e+01
5.604035949707031250e+01
5.778381347656250000e+01
5.953387069702148438e+01
6.129131317138671875e+01
6.305547332763671875e+01
6.482417297363281250e+01
6.659967803955078125e+01
6.837910461425781250e+01
7.016397094726562500e+01
7.195286560058593750e+01
7.374657440185546875e+01
7.554367828369140625e+01
7.734497070312500000e+01
7.914753723144531250e+01
8.095217132568359375e+01
8.275968933105468750e+01
8.456716156005859375e+01
8.637626647949218750e+01
8.818475341796875000e+01
8.999496459960937500e+01
9.180553436279296875e+01
9.361656188964843750e+01
9.543485260009765625e+01
9.724639892578125000e+01
9.906989288330078125e+01
1.008898391723632812e+02
1.027122879028320312e+02
1.045366210937500000e+02
1.063688888549804688e+02
1.081906280517578125e+02
1.100316696166992188e+02
1.118624114990234375e+02
1.137052459716796875e+02
1.155454330444335938e+02
1.173905105590820312e+02
1.192331619262695312e+02
1.210809249877929688e+02
1.229339294433593750e+02
1.247848358154296875e+02
1.266411972045898438e+02
1.284956817626953125e+02
1.303558502197265625e+02
1.322195892333984375e+02
1.340773315429687500e+02
1.359477691650390625e+02
1.378065032958984375e+02
1.396729431152343750e+02
1.415435180664062500e+02
1.434123992919921875e+02
1.452774200439453125e+02
1.471446838378906250e+02
1.490128021240234375e+02
1.508796386718750000e+02
1.527453308105468750e+02
1.546107330322265625e+02
1.564744567871093750e+02
1.583373718261718750e+02
1.601965942382812500e+02
1.620530090332031250e+02
1.639082031250000000e+02
1.657585601806640625e+02
1.676056976318359375e+02
1.694482269287109375e+02
1.712870178222656250e+02
1.731191864013671875e+02
1.749478302001953125e+02
1.767686309814453125e+02
1.785832214355468750e+02
1.803922119140625000e+02
1.821940460205078125e+02
1.839908294677734375e+02
1.857795410156250000e+02
1.875630645751953125e+02
1.893398284912109375e+02
1.911112518310546875e+02
1.928750152587890625e+02
1.946325225830078125e+02
1.963844299316406250e+02
1.981299285888671875e+02
1.998681793212890625e+02
2.015998687744140625e+02
2.033256225585937500e+02
2.050446472167968750e+02
2.067568664550781250e+02
2.084621734619140625e+02
2.101619873046875000e+02
2.118540039062500000e+02
2.135388641357421875e+02
2.152172546386718750e+02
2.168883361816406250e+02
2.185520324707031250e+02
2.202097625732421875e+02
2.218599395751953125e+02
2.235025024414062500e+02
2.251366119384765625e+02
2.267643890380859375e+02
2.283828430175781250e+02
2.299955749511718750e+02
2.315995178222656250e+02
2.331953582763671875e+02
2.347830047607421875e+02
2.363623657226562500e+02
2.379341583251953125e+02
2.394974822998046875e+02
2.410522918701171875e+02
2.425985260009765625e+02
2.441360778808593750e+02
2.456656036376953125e+02
2.471855468750000000e+02
2.486970214843750000e+02
2.501997222900390625e+02
2.516936950683593750e+02
2.531786346435546875e+02
2.546547851562500000e+02
2.561218872070312500e+02
2.575798339843750000e+02
2.590287170410156250e+02
2.604685668945312500e+02
2.618986206054687500e+02
2.633190307617187500e+02
2.647292175292968750e+02
2.661286926269531250e+02
2.675176391601562500e+02
2.688945617675781250e+02
2.702604064941406250e+02
2.716147155761718750e+02
2.729562683105468750e+02
2.742854309082031250e+02
2.756017761230468750e+02
2.769071044921875000e+02
2.781964721679687500e+02
2.794739379882812500e+02
2.807368164062500000e+02
2.819862060546875000e+02
2.832209167480468750e+02
2.844434814453125000e+02
2.856489868164062500e+02
2.868399963378906250e+02
2.880168457031250000e+02
2.891775512695312500e+02
2.903240051269531250e+02
2.914541625976562500e+02
2.925699157714843750e+02
2.936701049804687500e+02
2.947542114257812500e+02
2.958233642578125000e+02
2.968755798339843750e+02
2.979134521484375000e+02
2.989350585937500000e+02
2.999399108886718750e+02
3.009298706054687500e+02
3.019037780761718750e+02
3.028618469238281250e+02
3.038044738769531250e+02
3.047304687500000000e+02
3.056416015625000000e+02
3.065374450683593750e+02
3.074176025390625000e+02
3.082815856933593750e+02
3.091319885253906250e+02
3.099661254882812500e+02
3.107865295410156250e+02
3.115913085937500000e+02
3.123822021484375000e+02
3.131588745117187500e+02
3.139222717285156250e+02
3.146712951660156250e+02
3.154068298339843750e+02
3.161278381347656250e+02
3.168361206054687500e+02
3.175290222167968750e+02
3.182067565917968750e+02
3.188689880371093750e+02
3.195152282714843750e+02
3.201450500488281250e+02
3.207579650878906250e+02
3.213536071777343750e+02
3.219322509765625000e+02
3.224942016601562500e+02
3.230367736816406250e+02
3.235610351562500000e+02
3.240672607421875000e+02
3.245550231933593750e+02
3.250238952636718750e+02
3.254726867675781250e+02
3.259039306640625000e+02
3.263149719238281250e+02
3.267060852050781250e+02
3.270768127441406250e+02
3.274289855957031250e+02
3.277607116699218750e+02
3.280714721679687500e+02
3.283623352050781250e+02
3.286329040527343750e+02
3.288826904296875000e+02
3.291120300292968750e+02
3.293197021484375000e+02
3.295082702636718750e+02
3.296750488281250000e+02
3.298218688964843750e+02
3.299482116699218750e+02
3.300541076660156250e+02
3.301396789550781250e+02
3.302039794921875000e+02
3.302486877441406250e+02
3.302723693847656250e+02
3.302762451171875000e+02
3.302597961425781250e+02
3.302233581542968750e+02
3.301669921875000000e+02
3.300909118652343750e+02
3.299949951171875000e+02
3.298795166015625000e+02
3.297440795898437500e+02
3.295902099609375000e+02
3.294167785644531250e+02
3.292247619628906250e+02
3.290137329101562500e+02
3.287836608886718750e+02
3.285353393554687500e+02
3.282686767578125000e+02
3.279822387695312500e+02
3.276766662597656250e+02
3.273527832031250000e+02
3.270089721679687500e+02
3.266460571289062500e+02
3.262639770507812500e+02
3.258634338378906250e+02
3.254421997070312500e+02
3.250010070800781250e+02
3.245412902832031250e+02
3.240615844726562500e+02
3.235625610351562500e+02
3.230435485839843750e+02
3.225044250488281250e+02
3.219459838867187500e+02
3.213689270019531250e+02
3.207709960937500000e+02
3.201528930664062500e+02
3.195161437988281250e+02
3.188592224121093750e+02
3.181820678710937500e+02
3.174861755371093750e+02
3.167700805664062500e+02
3.160336914062500000e+02
3.152777709960937500e+02
3.145015258789062500e+02
3.137064819335937500e+02
3.128903503417968750e+02
3.120530700683593750e+02
3.111961975097656250e+02
3.103189086914062500e+02
3.094294128417968750e+02
3.085157165527343750e+02
3.075793457031250000e+02
3.066269836425781250e+02
3.056503601074218750e+02
3.046562194824218750e+02
3.036437683105468750e+02
3.026047973632812500e+02
3.015534362792968750e+02
3.004814758300781250e+02
2.993733215332031250e+02
2.982578735351562500e+02
2.971195678710937500e+02
2.959650268554687500e+02
2.947860717773437500e+02
2.935820312500000000e+02
2.923674011230468750e+02
2.911121520996093750e+02
2.898531188964843750e+02
2.885751647949218750e+02
2.872705688476562500e+02
2.859464721679687500e+02
2.846174621582031250e+02
2.832534790039062500e+02
2.818765258789062500e+02
2.804863281250000000e+02
2.790677490234375000e+02
2.776427307128906250e+02
2.761961669921875000e+02
2.747277221679687500e+02
2.732445678710937500e+02
2.717538146972656250e+02
2.702329406738281250e+02
2.687112731933593750e+02
2.671588745117187500e+02
2.656051330566406250e+02
2.640349121093750000e+02
2.624404602050781250e+02
2.608289794921875000e+02
2.592074890136718750e+02
2.575758056640625000e+02
2.559187774658203125e+02
2.542508697509765625e+02
2.525644531250000000e+02
2.508665924072265625e+02
2.491570587158203125e+02
2.474355316162109375e+02
2.456868286132812500e+02
2.439404144287109375e+02
2.421588134765625000e+02
2.403789215087890625e+02
2.385706787109375000e+02
2.367635650634765625e+02
2.349349365234375000e+02
2.330845184326171875e+02
2.312194671630859375e+02
2.293469085693359375e+02
2.274516906738281250e+02
2.255483703613281250e+02
2.236143493652343750e+02
2.216865081787109375e+02
2.197274017333984375e+02
2.177515716552734375e+02
2.157513122558593750e+02
2.137411956787109375e+02
2.117136230468750000e+02
2.096764373779296875e+02
2.076152954101562500e+02
2.055456237792968750e+02
2.034530944824218750e+02
2.013456878662109375e+02
1.992313537597656250e+02
1.971032257080078125e+02
1.949544067382812500e+02
1.927928619384765625e+02
1.906191406250000000e+02
1.884337768554687500e+02
1.862373046875000000e+02
1.840228576660156250e+02
1.818058166503906250e+02
1.795718841552734375e+02
1.773290100097656250e+02
1.750851745605468750e+02
1.728186340332031250e+02
1.705447692871093750e+02
1.682641296386718750e+02
1.659847106933593750e+02
1.636847381591796875e+02
1.613721771240234375e+02
1.590550231933593750e+02
1.567263793945312500e+02
1.543941955566406250e+02
1.520590515136718750e+02
1.497065734863281250e+02
1.473522186279296875e+02
1.449816284179687500e+02
1.425953674316406250e+02
1.402162475585937500e+02
1.378299713134765625e+02
1.354296417236328125e+02
1.330455169677734375e+02
1.306409759521484375e+02
1.282240142822265625e+02
1.257951431274414062e+02
1.233697891235351562e+02
1.209410476684570312e+02
1.184946136474609375e+02
1.160533065795898438e+02
1.135953750610351562e+02
1.111362304687500000e+02
1.086615447998046875e+02
1.061867294311523438e+02
1.036974487304687500e+02
1.012016830444335938e+02
9.869998168945312500e+01
9.618550872802734375e+01
9.368140411376953125e+01
9.115142822265625000e+01
8.862623596191406250e+01
8.609186553955078125e+01
8.354923248291015625e+01
8.099925994873046875e+01
7.845028686523437500e+01
7.588837432861328125e+01
7.332929229736328125e+01
7.076577758789062500e+01
6.819430541992187500e+01
6.561650848388671875e+01
6.303554916381835938e+01
6.045011138916015625e+01
5.786111068725585938e+01
5.526871490478515625e+01
5.267309570312500000e+01
5.007442855834960938e+01
4.747362899780273438e+01
4.486863708496093750e+01
4.226185989379882812e+01
3.965346145629882812e+01
3.704362106323242188e+01
3.443102645874023438e+01
3.181732749938964844e+01
2.920121765136718750e+01
2.658435630798339844e+01
2.396616744995117188e+01
2.134534072875976562e+01
1.872427940368652344e+01
1.610240745544433594e+01
1.347990322113037109e+01
1.085767936706542969e+01
8.235165596008300781e+00
5.613277912139892578e+00
2.991445779800415039e+00
3.705843985080718994e-01
-2.248390197753906250e+00
-4.866792201995849609e+00
-7.485192298889160156e+00
-1.009970283508300781e+01
-1.271535205841064453e+01
-1.532751083374023438e+01
-1.793823432922363281e+01
-2.054713058471679688e+01
-2.315298271179199219e+01
-2.575680923461914062e+01
-2.835708045959472656e+01
-3.095398902893066406e+01
-3.354726791381835938e+01
-3.613663864135742188e+01
-3.872224044799804688e+01
-4.130485153198242188e+01
-4.388288879394531250e+01
-4.645759963989257812e+01
-4.902910614013671875e+01
-5.159678268432617188e+01
-5.415927505493164062e+01
-5.671893692016601562e+01
-5.927514648437500000e+01
-6.182653808593750000e+01
-6.437473297119140625e+01
-6.691836547851562500e+01
-6.945905303955078125e+01
-7.199542999267578125e+01
-7.452761840820312500e+01
-7.705500030517578125e+01
-7.957771301269531250e+01
-8.209586334228515625e+01
-8.460959625244140625e+01
-8.711754608154296875e+01
-8.962056732177734375e+01
-9.211880493164062500e+01
-9.461014556884765625e+01
-9.709546661376953125e+01
-9.957563018798828125e+01
-1.020492782592773438e+02
-1.045157852172851562e+02
-1.069752960205078125e+02
-1.094286727905273438e+02
-1.118745422363281250e+02
-1.143137817382812500e+02
-1.167435684204101562e+02
-1.191662139892578125e+02
-1.215803833007812500e+02
-1.239854660034179688e+02
-1.263815765380859375e+02
-1.287680969238281250e+02
-1.311459197998046875e+02
-1.335121612548828125e+02
-1.358669433593750000e+02
-1.382111816406250000e+02
-1.405442352294921875e+02
-1.428632354736328125e+02
-1.451705780029296875e+02
-1.474641265869140625e+02
-1.497440032958984375e+02
-1.520103607177734375e+02
-1.542610626220703125e+02
-1.564971618652343750e+02
-1.587179718017578125e+02
-1.609244995117187500e+02
-1.631169586181640625e+02
-1.652956237792968750e+02
-1.674606933593750000e+02
-1.696124420166015625e+02
-1.717503662109375000e+02
-1.738761444091796875e+02
-1.759878540039062500e+02
-1.780878906250000000e+02
-1.801750640869140625e+02
-1.822503356933593750e+02
-1.843124389648437500e+02
-1.863623962402343750e+02
-1.884011383056640625e+02
-1.904267120361328125e+02
-1.924415588378906250e+02
-1.944444580078125000e+02
-1.964363708496093750e+02
-1.984167785644531250e+02
-2.003852081298828125e+02
-2.023418731689453125e+02
-2.042877502441406250e+02
-2.062223510742187500e+02
-2.081444091796875000e+02
-2.100556640625000000e+02
-2.119555969238281250e+02
-2.138429718017578125e+02
-2.157194824218750000e+02
-2.175839080810546875e+02
-2.194364776611328125e+02
-2.212766876220703125e+02
-2.231040191650390625e+02
-2.249209442138671875e+02
-2.267247467041015625e+02
-2.285163726806640625e+02
-2.302953491210937500e+02
-2.320618896484375000e+02
-2.338154907226562500e+02
-2.355563964843750000e+02
-2.372841186523437500e+02
-2.389981231689453125e+02
-2.406993865966796875e+02
-2.423867034912109375e+02
-2.440602722167968750e+02
-2.457188415527343750e+02
-2.473634338378906250e+02
-2.489927673339843750e+02
-2.506078491210937500e+02
-2.522074584960937500e+02
-2.537913055419921875e+02
-2.553607177734375000e+02
-2.569146728515625000e+02
-2.584537353515625000e+02
-2.599784240722656250e+02
-2.614869995117187500e+02
-2.629814758300781250e+02
-2.644609375000000000e+02
-2.659236450195312500e+02
-2.673723449707031250e+02
-2.688053283691406250e+02
-2.702231445312500000e+02
-2.716248168945312500e+02
-2.730116271972656250e+02
-2.743825683593750000e+02
-2.757382202148437500e+02
-2.770783386230468750e+02
-2.784019470214843750e+02
-2.797110900878906250e+02
-2.810040893554687500e+02
-2.822806396484375000e+02
-2.835420532226562500e+02
-2.847881164550781250e+02
-2.860171508789062500e+02
-2.872303771972656250e+02
-2.884268798828125000e+02
-2.896072998046875000e+02
-2.907707824707031250e+02
-2.919181213378906250e+02
-2.930490112304687500e+02
-2.941629333496093750e+02
-2.952603454589843750e+02
-2.963410339355468750e+02
-2.974050598144531250e+02
-2.984519042968750000e+02
-2.994822387695312500e+02
-3.004953308105468750e+02
-3.014904174804687500e+02
-3.024693908691406250e+02
-3.034307861328125000e+02
-3.043751525878906250e+02
-3.053022460937500000e+02
-3.062111206054687500e+02
-3.071029968261718750e+02
-3.079769897460937500e+02
-3.088342895507812500e+02
-3.096724853515625000e+02
-3.104935913085937500e+02
-3.112973632812500000e+02
-3.120821228027343750e+02
-3.128490295410156250e+02
-3.135985717773437500e+02
-3.143297424316406250e+02
-3.150415039062500000e+02
-3.157358093261718750e+02
-3.164115905761718750e+02
-3.170686645507812500e+02
-3.177073669433593750e+02
-3.183275146484375000e+02
-3.189287414550781250e+02
-3.195130615234375000e+02
-3.200771789550781250e+02
-3.206238403320312500e+02
-3.211512145996093750e+02
-3.216605224609375000e+02
-3.221514587402343750e+02
-3.226238098144531250e+02
-3.230779418945312500e+02
-3.235136718750000000e+02
-3.239313659667968750e+02
-3.243307800292968750e+02
-3.247094116210937500e+02
-3.250714416503906250e+02
-3.254120788574218750e+02
-3.257362976074218750e+02
-3.260422668457031250e+02
-3.263290100097656250e+02
-3.265992431640625000e+02
-3.268511047363281250e+02
-3.270836181640625000e+02
-3.273024597167968750e+02
-3.275028686523437500e+02
-3.276853027343750000e+02
-3.278516845703125000e+02
-3.280018005371093750e+02
-3.281352539062500000e+02
-3.282526245117187500e+02
-3.283505859375000000e+02
-3.284348449707031250e+02
-3.285005798339843750e+02
-3.285528259277343750e+02
-3.285874633789062500e+02
-3.286087341308593750e+02
-3.286171264648437500e+02
-3.286055908203125000e+02
-3.285895080566406250e+02
-3.285544433593750000e+02
-3.285008850097656250e+02
-3.284367065429687500e+02
-3.283623046875000000e+02
-3.282701721191406250e+02
-3.281676940917968750e+02
-3.280547180175781250e+02
-3.279237670898437500e+02
-3.277821350097656250e+02
-3.276222534179687500e+02
-3.274515075683593750e+02
-3.272623291015625000e+02
-3.270620117187500000e+02
-3.268430786132812500e+02
-3.266128234863281250e+02
-3.263637084960937500e+02
-3.261105041503906250e+02
-3.258382568359375000e+02
-3.255468444824218750e+02
-3.252361450195312500e+02
-3.249134826660156250e+02
-3.245862426757812500e+02
-3.242394104003906250e+02
-3.238728637695312500e+02
-3.234865417480468750e+02
-3.230877380371093750e+02
-3.226763610839843750e+02
-3.222523498535156250e+02
-3.218080749511718750e+02
-3.213583679199218750e+02
-3.208733825683593750e+02
-3.203901367187500000e+02
-3.198937072753906250e+02
-3.193765258789062500e+02
-3.188459777832031250e+02
-3.183018798828125000e+02
-3.177441711425781250e+02
-3.171652832031250000e+02
-3.165874633789062500e+02
-3.159733886718750000e+02
-3.153601684570312500e+02
-3.147253417968750000e+02
-3.140911560058593750e+02
-3.134277343750000000e+02
-3.127572937011718750e+02
-3.120722961425781250e+02
-3.113800354003906250e+02
-3.106804504394531250e+02
-3.099585266113281250e+02
-3.092216186523437500e+02
-3.084770812988281250e+02
-3.077247619628906250e+02
-3.069571228027343750e+02
-3.061792297363281250e+02
-3.053885803222656250e+02
-3.045877685546875000e+02
-3.037748718261718750e+02
-3.029519042968750000e+02
-3.021169433593750000e+02
-3.012711181640625000e+02
-3.004148559570312500e+02
-2.995470275878906250e+02
-2.986687622070312500e+02
-2.977790222167968750e+02
-2.968795776367187500e+02
-2.959679565429687500e+02
-2.950467224121093750e+02
-2.941155090332031250e+02
-2.931732177734375000e+02
-2.922210388183593750e+02
-2.912570495605468750e+02
-2.902839355468750000e+02
-2.893005371093750000e+02
-2.883058166503906250e+02
-2.873023376464843750e+02
-2.862890625000000000e+02
-2.852655944824218750e+02
-2.842315673828125000e+02
-2.831889038085937500e+02
-2.821364746093750000e+02
-2.810754089355468750e+02
-2.800038452148437500e+02
-2.789237365722656250e+02
-2.778353576660156250e+02
-2.767369995117187500e+02
-2.756304016113281250e+02
-2.745145568847656250e+02
-2.733898315429687500e+02
-2.722580871582031250e+02
-2.711159973144531250e+02
-2.699669799804687500e+02
-2.688083496093750000e+02
-2.676427917480468750e+02
-2.664684448242187500e+02
-2.652864685058593750e+02
-2.640971984863281250e+02
-2.629002990722656250e+02
-2.616954650878906250e+02
-2.604830322265625000e+02
-2.592633972167968750e+02
-2.580361938476562500e+02
-2.568025817871093750e+02
-2.555614929199218750e+02
-2.543132934570312500e+02
-2.530584564208984375e+02
-2.517976226806640625e+02
-2.505290832519531250e+02
-2.492548217773437500e+02
-2.479754486083984375e+02
-2.466892242431640625e+02
-2.453982238769531250e+02
-2.441014709472656250e+02
-2.428010101318359375e+02
-2.414944458007812500e+02
-2.401837463378906250e+02
-2.388687744140625000e+02
-2.375493164062500000e+02
-2.362251281738281250e+02
-2.348975677490234375e+02
-2.335664062500000000e+02
-2.322306976318359375e+02
-2.308932495117187500e+02
-2.295508422851562500e+02
-2.282062683105468750e+02
-2.268585968017578125e+02
-2.255076599121093750e+02
-2.241543273925781250e+02
-2.227983245849609375e+02
-2.214402160644531250e+02
-2.200793762207031250e+02
-2.187162475585937500e+02
-2.173508605957031250e+02
-2.159833221435546875e+02
-2.146137390136718750e+02
-2.132422027587890625e+02
-2.118686523437500000e+02
-2.104933013916015625e+02
-2.091160278320312500e+02
-2.077370758056640625e+02
-2.063563690185546875e+02
-2.049740905761718750e+02
-2.035899505615234375e+02
-2.022042236328125000e+02
-2.008166046142578125e+02
-1.994273681640625000e+02
-1.980363006591796875e+02
-1.966433105468750000e+02
-1.952484436035156250e+02
-1.938520050048828125e+02
-1.924534454345703125e+02
-1.910540161132812500e+02
-1.896512756347656250e+02
-1.882466125488281250e+02
-1.868405914306640625e+02
-1.854319000244140625e+02
-1.840222320556640625e+02
-1.826110382080078125e+02
-1.811992950439453125e+02
-1.797864379882812500e+02
-1.783741912841796875e+02
-1.769604949951171875e+02
-1.755470886230468750e+02
-1.741348876953125000e+02
-1.727233886718750000e+02
-1.713120269775390625e+02
-1.699010162353515625e+02
-1.684920654296875000e+02
-1.670846557617187500e+02
-1.656789550781250000e+02
-1.642744445800781250e+02
-1.628728332519531250e+02
-1.614720916748046875e+02
-1.600746459960937500e+02
-1.586792297363281250e+02
-1.572875366210937500e+02
-1.558968200683593750e+02
-1.545109710693359375e+02
-1.531279907226562500e+02
-1.517473144531250000e+02
-1.503706817626953125e+02
-1.489967956542968750e+02
-1.476273498535156250e+02
-1.462602996826171875e+02
-1.448973846435546875e+02
-1.435373077392578125e+02
-1.421824951171875000e+02
-1.408302001953125000e+02
-1.394821166992187500e+02
-1.381376800537109375e+02
-1.367978973388671875e+02
-1.354621734619140625e+02
-1.341307678222656250e+02
-1.328023681640625000e+02
-1.314786987304687500e+02
-1.301577148437500000e+02
-1.288428192138671875e+02
-1.275304565429687500e+02
-1.262224502563476562e+02
-1.249172973632812500e+02
-1.236167907714843750e+02
-1.223204421997070312e+02
-1.210275726318359375e+02
-1.197385635375976562e+02
-1.184534759521484375e+02
-1.171725234985351562e+02
-1.158954467773437500e+02
-1.146226272583007812e+02
-1.133543243408203125e+02
-1.120904006958007812e+02
-1.108312072753906250e+02
-1.095767898559570312e+02
-1.083273010253906250e+02
-1.070828094482421875e+02
-1.058435287475585938e+02
-1.046094055175781250e+02
-1.033808441162109375e+02
-1.021579971313476562e+02
-1.009407882690429688e+02
-9.972918701171875000e+01
-9.852365112304687500e+01
-9.732423400878906250e+01
-9.613056182861328125e+01
-9.494395446777343750e+01
-9.376321411132812500e+01
-9.258879089355468750e+01
-9.142109680175781250e+01
-9.025985717773437500e+01
-8.910473632812500000e+01
-8.795692443847656250e+01
-8.681536865234375000e+01
-8.568125915527343750e+01
-8.455353546142578125e+01
-8.343412017822265625e+01
-8.232048034667968750e+01
-8.121454620361328125e+01
-8.011600494384765625e+01
-7.902528381347656250e+01
-7.794133758544921875e+01
-7.686536407470703125e+01
-7.579628753662109375e+01
-7.473604583740234375e+01
-7.368209838867187500e+01
-7.263711547851562500e+01
-7.160003662109375000e+01
-7.057130432128906250e+01
-6.955136871337890625e+01
-6.853692626953125000e+01
-6.753289031982421875e+01
-6.653524017333984375e+01
-6.554736328125000000e+01
-6.456748962402343750e+01
-6.359678649902343750e+01
-6.263421630859375000e+01
-6.168017959594726562e+01
-6.073425292968750000e+01
-5.979820632934570312e+01
-5.887011337280273438e+01
-5.795173263549804688e+01
-5.704039764404296875e+01
-5.613713073730468750e+01
-5.524445724487304688e+01
-5.435820770263671875e+01
-5.348163604736328125e+01
-5.261281585693359375e+01
-5.175202941894531250e+01
-5.090031051635742188e+01
-5.005572128295898438e+01
-4.922003936767578125e+01
-4.839206314086914062e+01
-4.757282638549804688e+01
-4.676113891601562500e+01
-4.595877456665039062e+01
-4.516378784179687500e+01
-4.437796401977539062e+01
-4.359934997558593750e+01
-4.282899475097656250e+01
-4.206792068481445312e+01
-4.131419754028320312e+01
-4.056959152221679688e+01
-3.983365249633789062e+01
-3.910444259643554688e+01
-3.838522338867187500e+01
-3.767405700683593750e+01
-3.697122955322265625e+01
-3.627777481079101562e+01
-3.559175872802734375e+01
-3.491569137573242188e+01
-3.424838256835937500e+01
-3.358863830566406250e+01
-3.293896865844726562e+01
-3.229818344116210938e+01
-3.166731262207031250e+01
-3.104665184020996094e+01
-3.043425178527832031e+01
-2.983189964294433594e+01
-2.923913383483886719e+01
-2.865624618530273438e+01
-2.808278465270996094e+01
-2.752126884460449219e+01
-2.696901321411132812e+01
-2.642705345153808594e+01
-2.589567756652832031e+01
-2.537517738342285156e+01
-2.486577987670898438e+01
-2.436672782897949219e+01
-2.387868309020996094e+01
-2.340157318115234375e+01
-2.293457412719726562e+01
-2.247909927368164062e+01
-2.203209495544433594e+01
-2.159348487854003906e+01
-2.116690635681152344e+01
-2.074856948852539062e+01
-2.034062576293945312e+01
-1.994076728820800781e+01
-1.955263519287109375e+01
-1.917169189453125000e+01
-1.879934501647949219e+01
-1.843775177001953125e+01
-1.808460235595703125e+01
-1.773982048034667969e+01
-1.740332794189453125e+01
-1.707653999328613281e+01
-1.675788497924804688e+01
-1.644803619384765625e+01
-1.614691543579101562e+01
-1.585369968414306641e+01
-1.556980037689208984e+01
-1.529365634918212891e+01
-1.502667617797851562e+01
-1.476803970336914062e+01
-1.451766872406005859e+01
-1.427623367309570312e+01
-1.404216861724853516e+01
-1.381614017486572266e+01
-1.359955978393554688e+01
-1.339086341857910156e+01
-1.319071769714355469e+01
-1.299904537200927734e+01
-1.281577205657958984e+01
-1.264156150817871094e+01
-1.247485351562500000e+01
-1.231854248046875000e+01
-1.217032241821289062e+01
-1.203086090087890625e+01
-1.190008068084716797e+01
-1.177939033508300781e+01
-1.166648578643798828e+01
-1.156426048278808594e+01
-1.147041225433349609e+01
-1.138560390472412109e+01
-1.131050205230712891e+01
-1.124503231048583984e+01
-1.118907356262207031e+01
-1.114308547973632812e+01
-1.110599422454833984e+01
-1.107821559906005859e+01
-1.105942344665527344e+01
-1.105077362060546875e+01
-1.105045318603515625e+01
-1.105887508392333984e+01
-1.107571411132812500e+01
-1.110212612152099609e+01
-1.113629817962646484e+01
-1.117864418029785156e+01
-1.122957992553710938e+01
-1.128803348541259766e+01
-1.135516357421875000e+01
-1.143064022064208984e+01
-1.151488113403320312e+01
-1.160532665252685547e+01
-1.170462226867675781e+01
-1.181169605255126953e+01
-1.192621994018554688e+01
-1.204860877990722656e+01
-1.217853546142578125e+01
-1.231567096710205078e+01
-1.246043014526367188e+01
-1.261248588562011719e+01
-1.277150821685791016e+01
-1.293865776062011719e+01
-1.311137580871582031e+01
-1.329304981231689453e+01
-1.348037910461425781e+01
-1.367526626586914062e+01
-1.387664031982421875e+01
-1.408491516113281250e+01
-1.430050754547119141e+01
-1.452383136749267578e+01
-1.475233078002929688e+01
-1.498939037322998047e+01
-1.523097133636474609e+01
-1.548046016693115234e+01
-1.573752880096435547e+01
-1.600036239624023438e+01
-1.626863479614257812e+01
-1.654424476623535156e+01
-1.682686996459960938e+01
-1.711469268798828125e+01
-1.740738677978515625e+01
-1.770908355712890625e+01
-1.801573753356933594e+01
-1.832851219177246094e+01
-1.864856910705566406e+01
-1.897561073303222656e+01
-1.930712127685546875e+01
-1.964429664611816406e+01
-1.998832893371582031e+01
-2.033967399597167969e+01
-2.069581413269042969e+01
-2.105794334411621094e+01
-2.142502784729003906e+01
-2.179900932312011719e+01
-2.217959403991699219e+01
-2.256575202941894531e+01
-2.295719146728515625e+01
-2.335436630249023438e+01
-2.375773239135742188e+01
-2.416624832153320312e+01
-2.458111953735351562e+01
-2.500130653381347656e+01
-2.542726325988769531e+01
-2.585795783996582031e+01
-2.629533004760742188e+01
-2.673760032653808594e+01
-2.718596649169921875e+01
-2.763865470886230469e+01
-2.809685707092285156e+01
-2.856102752685546875e+01
-2.902938842773437500e+01
-2.950313568115234375e+01
-2.998220825195312500e+01
-3.046586036682128906e+01
-3.095425224304199219e+01
-3.144731712341308594e+01
-3.194506072998046875e+01
-3.244726562500000000e+01
-3.295393753051757812e+01
-3.346471786499023438e+01
-3.397975540161132812e+01
-3.449876785278320312e+01
-3.502182388305664062e+01
-3.554861450195312500e+01
-3.607917785644531250e+01
-3.661324310302734375e+01
-3.715076828002929688e+01
-3.769158172607421875e+01
-3.823552322387695312e+01
-3.878237152099609375e+01
-3.933206558227539062e+01
-3.988445663452148438e+01
-4.043925857543945312e+01
-4.099640655517578125e+01
-4.155556869506835938e+01
-4.211717605590820312e+01
-4.268101882934570312e+01
-4.324697113037109375e+01
-4.381534957885742188e+01
-4.438602066040039062e+01
-4.495900344848632812e+01
-4.553461456298828125e+01
-4.611265182495117188e+01
-4.669335556030273438e+01
-4.727592468261718750e+01
-4.786253738403320312e+01
-4.845016479492187500e+01
-4.904097747802734375e+01
-4.963343429565429688e+01
-5.022971343994140625e+01
-5.082752609252929688e+01
-5.142682266235351562e+01
-5.203050994873046875e+01
-5.263557052612304688e+01
-5.324268341064453125e+01
-5.385254669189453125e+01
-5.446435546875000000e+01
-5.507879638671875000e+01
-5.569506835937500000e+01
-5.631312561035156250e+01
-5.693439483642578125e+01
-5.755658721923828125e+01
-5.818039703369140625e+01
-5.880650711059570312e+01
-5.943486785888671875e+01
-6.006393432617187500e+01
-6.069364547729492188e+01
-6.132693099975585938e+01
-6.196001052856445312e+01
-6.259505462646484375e+01
-6.323127365112304688e+01
-6.386786270141601562e+01
-6.450551605224609375e+01
-6.514343261718750000e+01
-6.578304290771484375e+01
-6.642205810546875000e+01
-6.706265258789062500e+01
-6.770253753662109375e+01
-6.834241485595703125e+01
-6.898296356201171875e+01
-6.962263488769531250e+01
-7.026212310791015625e+01
-7.090063476562500000e+01
-7.153885650634765625e+01
-7.217675018310546875e+01
-7.281294250488281250e+01
-7.344758605957031250e+01
-7.408229064941406250e+01
-7.471571350097656250e+01
-7.534873199462890625e+01
-7.598075866699218750e+01
-7.661117553710937500e+01
-7.724160766601562500e+01
-7.787145233154296875e+01
-7.850010681152343750e+01
-7.912846374511718750e+01
-7.975515747070312500e+01
-8.038108062744140625e+01
-8.100636291503906250e+01
-8.162967681884765625e+01
-8.225337219238281250e+01
-8.287551116943359375e+01
-8.349668884277343750e+01
-8.411665344238281250e+01
-8.473497009277343750e+01
-8.535295867919921875e+01
-8.596956634521484375e+01
-8.658501434326171875e+01
-8.719912719726562500e+01
-8.781199645996093750e+01
-8.842352294921875000e+01
-8.903354644775390625e+01
-8.964213562011718750e+01
-9.024921417236328125e+01
-9.085468292236328125e+01
-9.145855712890625000e+01
-9.206072998046875000e+01
-9.266127014160156250e+01
-9.325995635986328125e+01
-9.385674285888671875e+01
-9.445181274414062500e+01
-9.504492187500000000e+01
-9.563598632812500000e+01
-9.622496795654296875e+01
-9.681179046630859375e+01
-9.739632415771484375e+01
-9.797878265380859375e+01
-9.855884552001953125e+01
-9.913629913330078125e+01
-9.971134948730468750e+01
-1.002838439941406250e+02
-1.008535385131835938e+02
-1.014206542968750000e+02
-1.019850387573242188e+02
-1.025465393066406250e+02
-1.031050567626953125e+02
-1.036609039306640625e+02
-1.042140808105468750e+02
-1.047634582519531250e+02
-1.053105239868164062e+02
-1.058546905517578125e+02
-1.063946151733398438e+02
-1.069319152832031250e+02
-1.074660110473632812e+02
-1.079962921142578125e+02
-1.085236511230468750e+02
-1.090475158691406250e+02
-1.095680007934570312e+02
-1.100845108032226562e+02
-1.105971984863281250e+02
-1.111062164306640625e+02
-1.116117095947265625e+02
-1.121138076782226562e+02
-1.126119384765625000e+02
-1.131062316894531250e+02
-1.135968322753906250e+02
-1.140838851928710938e+02
-1.145660552978515625e+02
-1.150449829101562500e+02
-1.155200500488281250e+02
-1.159906692504882812e+02
-1.164577331542968750e+02
-1.169198837280273438e+02
-1.173787765502929688e+02
-1.178330688476562500e+02
-1.182836303710937500e+02
-1.187298736572265625e+02
-1.191719512939453125e+02
-1.196099853515625000e+02
-1.200434188842773438e+02
-1.204738464355468750e+02
-1.208991928100585938e+02
-1.213203506469726562e+02
-1.217382202148437500e+02
-1.221514434814453125e+02
-1.225594253540039062e+02
-1.229645462036132812e+02
-1.233669586181640625e+02
-1.237638244628906250e+02
-1.241567916870117188e+02
-1.245444793701171875e+02
-1.249300613403320312e+02
-1.253114166259765625e+02
-1.256879577636718750e+02
-1.260620346069335938e+02
-1.264307174682617188e+02
-1.267947540283203125e+02
-1.271571197509765625e+02
-1.275126266479492188e+02
-1.278650131225585938e+02
-1.282127838134765625e+02
-1.285567016601562500e+02
-1.288952789306640625e+02
-1.292292785644531250e+02
-1.295594482421875000e+02
-1.298850860595703125e+02
-1.302046508789062500e+02
-1.305197143554687500e+02
-1.308302307128906250e+02
-1.311369628906250000e+02
-1.314369659423828125e+02
-1.317332153320312500e+02
-1.320234680175781250e+02
-1.323085174560546875e+02
-1.325898437500000000e+02
-1.328652191162109375e+02
-1.331353759765625000e+02
-1.334003753662109375e+02
-1.336601867675781250e+02
-1.339148406982421875e+02
-1.341643371582031250e+02
-1.344086761474609375e+02
-1.346478881835937500e+02
-1.348812255859375000e+02
-1.351094512939453125e+02
-1.353340454101562500e+02
-1.355520477294921875e+02
-1.357657165527343750e+02
-1.359742889404296875e+02
-1.361763000488281250e+02
-1.363739929199218750e+02
-1.365673828125000000e+02
-1.367542114257812500e+02
-1.369367675781250000e+02
-1.371150207519531250e+02
-1.372875061035156250e+02
-1.374550018310546875e+02
-1.376189575195312500e+02
-1.377764434814453125e+02
-1.379304046630859375e+02
-1.380794219970703125e+02
-1.382241821289062500e+02
-1.383632354736328125e+02
-1.384988250732421875e+02
-1.386294403076171875e+02
-1.387557525634765625e+02
-1.388783721923828125e+02
-1.389956817626953125e+02
-1.391083374023437500e+02
-1.392162322998046875e+02
-1.393206939697265625e+02
-1.394194183349609375e+02
-1.395137329101562500e+02
-1.396028289794921875e+02
-1.396865692138671875e+02
-1.397663116455078125e+02
-1.398412322998046875e+02
-1.399104461669921875e+02
-1.399760589599609375e+02
-1.400357666015625000e+02
-1.400908966064453125e+02
-1.401413726806640625e+02
-1.401863098144531250e+02
-1.402270965576171875e+02
-1.402621154785156250e+02
-1.402927398681640625e+02
-1.403181457519531250e+02
-1.403389129638671875e+02
-1.403542175292968750e+02
-1.403654174804687500e+02
-1.403709411621093750e+02
-1.403721160888671875e+02
-1.403681030273437500e+02
-1.403580627441406250e+02
-1.403448333740234375e+02
-1.403253326416015625e+02
-1.403016815185546875e+02
-1.402730255126953125e+02
-1.402384796142578125e+02
-1.402009429931640625e+02
-1.401573181152343750e+02
-1.401089630126953125e+02
-1.400565032958984375e+02
-1.399990997314453125e+02
-1.399358825683593750e+02
-1.398697357177734375e+02
-1.397975311279296875e+02
-1.397214050292968750e+02
-1.396405029296875000e+02
-1.395547180175781250e+02
-1.394646606445312500e+02
-1.393702239990234375e+02
-1.392698059082031250e+02
-1.391662597656250000e+02
-1.390587310791015625e+02
-1.389449157714843750e+02
-1.388283691406250000e+02
-1.387067718505859375e+02
-1.385807952880859375e+02
-1.384502868652343750e+02
-1.383159179687500000e+02
-1.381775665283203125e+02
-1.380351257324218750e+02
-1.378877563476562500e+02
-1.377368164062500000e+02
-1.375814819335937500e+02
-1.374216308593750000e+02
-1.372586364746093750e+02
-1.370909271240234375e+02
-1.369198608398437500e+02
-1.367438659667968750e+02
-1.365643005371093750e+02
-1.363818206787109375e+02
-1.361940765380859375e+02
-1.360031890869140625e+02
-1.358090667724609375e+02
-1.356093444824218750e+02
-1.354076690673828125e+02
-1.352016906738281250e+02
-1.349912719726562500e+02
-1.347785644531250000e+02
-1.345612487792968750e+02
-1.343406677246093750e+02
-1.341159973144531250e+02
-1.338878631591796875e+02
-1.336561431884765625e+02
-1.334207763671875000e+02
-1.331808776855468750e+02
-1.329385681152343750e+02
-1.326922607421875000e+02
-1.324418792724609375e+02
-1.321895141601562500e+02
-1.319320831298828125e+02
-1.316717376708984375e+02
-1.314083404541015625e+02
-1.311403350830078125e+02
-1.308690795898437500e+02
-1.305944671630859375e+02
-1.303164062500000000e+02
-1.300340423583984375e+02
-1.297487640380859375e+02
-1.294589385986328125e+02
-1.291660156250000000e+02
-1.288698425292968750e+02
-1.285693054199218750e+02
-1.282655792236328125e+02
-1.279588470458984375e+02
-1.276476593017578125e+02
-1.273336257934570312e+02
-1.270162887573242188e+02
-1.266958847045898438e+02
-1.263722076416015625e+02
-1.260456237792968750e+02
-1.257161483764648438e+02
-1.253837203979492188e+02
-1.250486450195312500e+02
-1.247107772827148438e+02
-1.243702774047851562e+02
-1.240271453857421875e+02
-1.236816177368164062e+02
-1.233334197998046875e+02
-1.229828414916992188e+02
-1.226299514770507812e+02
-1.222747192382812500e+02
-1.219171981811523438e+02
-1.215574798583984375e+02
-1.211955642700195312e+02
-1.208313980102539062e+02
-1.204652862548828125e+02
-1.200969924926757812e+02
-1.197266082763671875e+02
-1.193543090820312500e+02
-1.189799194335937500e+02
-1.186035385131835938e+02
-1.182252578735351562e+02
-1.178450698852539062e+02
-1.174628219604492188e+02
-1.170789108276367188e+02
-1.166928100585937500e+02
-1.163050689697265625e+02
-1.159153594970703125e+02
-1.155238800048828125e+02
-1.151304473876953125e+02
-1.147352371215820312e+02
-1.143381118774414062e+02
-1.139391326904296875e+02
-1.135383300781250000e+02
-1.131355590820312500e+02
-1.127309494018554688e+02
-1.123243026733398438e+02
-1.119159317016601562e+02
-1.115054473876953125e+02
-1.110930328369140625e+02
-1.106786041259765625e+02
-1.102621841430664062e+02
-1.098438796997070312e+02
-1.094236450195312500e+02
-1.090017395019531250e+02
-1.085780639648437500e+02
-1.081526565551757812e+02
-1.077257690429687500e+02
-1.072973709106445312e+02
-1.068676528930664062e+02
-1.064364318847656250e+02
-1.060040359497070312e+02
-1.055702896118164062e+02
-1.051353073120117188e+02
-1.046992797851562500e+02
-1.042621612548828125e+02
-1.038240737915039062e+02
-1.033848342895507812e+02
-1.029448547363281250e+02
-1.025038833618164062e+02
-1.020622406005859375e+02
-1.016196899414062500e+02
-1.011765518188476562e+02
-1.007326583862304688e+02
-1.002881851196289062e+02
-9.984311676025390625e+01
-9.939739227294921875e+01
-9.895122528076171875e+01
-9.850457000732421875e+01
-9.805731964111328125e+01
-9.760980987548828125e+01
-9.716178894042968750e+01
-9.671335601806640625e+01
-9.626464843750000000e+01
-9.581561279296875000e+01
-9.536637115478515625e+01
-9.491674804687500000e+01
-9.446705627441406250e+01
-9.401705932617187500e+01
-9.356693267822265625e+01
-9.311672210693359375e+01
-9.266623687744140625e+01
-9.221582031250000000e+01
-9.176513671875000000e+01
-9.131430053710937500e+01
-9.086348724365234375e+01
-9.041267395019531250e+01
-8.996180725097656250e+01
-8.951110076904296875e+01
-8.906026458740234375e+01
-8.860958099365234375e+01
-8.815907287597656250e+01
-8.770858764648437500e+01
-8.725791931152343750e+01
-8.680690765380859375e+01
-8.635685729980468750e+01
-8.590715026855468750e+01
-8.545642089843750000e+01
-8.500702667236328125e+01
-8.455684661865234375e+01
-8.410749816894531250e+01
-8.365909576416015625e+01
-8.320953369140625000e+01
-8.276042175292968750e+01
-8.231188201904296875e+01
-8.186404418945312500e+01
-8.141625976562500000e+01
-8.096942138671875000e+01
-8.052289581298828125e+01
-8.007680511474609375e+01
-7.963127899169921875e+01
-7.918569183349609375e+01
-7.874090576171875000e+01
-7.829630279541015625e+01
-7.785275268554687500e+01
-7.741037750244140625e+01
-7.696781158447265625e+01
-7.652740478515625000e+01
-7.608483886718750000e+01
-7.564541625976562500e+01
-7.520555877685546875e+01
-7.476688385009765625e+01
-7.432875823974609375e+01
-7.389205169677734375e+01
-7.345615386962890625e+01
-7.302117919921875000e+01
-7.258726501464843750e+01
-7.215378570556640625e+01
-7.172161102294921875e+01
-7.129085540771484375e+01
-7.086167144775390625e+01
-7.043266296386718750e+01
-7.000547790527343750e+01
-6.958020782470703125e+01
-6.915551757812500000e+01
-6.873152160644531250e+01
-6.831056976318359375e+01
-6.788982391357421875e+01
-6.747163391113281250e+01
-6.705389404296875000e+01
-6.663896179199218750e+01
-6.622472381591796875e+01
-6.581270599365234375e+01
-6.540223693847656250e+01
-6.499333953857421875e+01
-6.458679962158203125e+01
-6.418119812011718750e+01
-6.377729797363281250e+01
-6.337516021728515625e+01
-6.297481536865234375e+01
-6.257631683349609375e+01
-6.217895507812500000e+01
-6.178278732299804688e+01
-6.138784027099609375e+01
-6.099490737915039062e+01
-6.060328674316406250e+01
-6.021376419067382812e+01
-5.982563781738281250e+01
-5.943895721435546875e+01
-5.905374908447265625e+01
-5.867006683349609375e+01
-5.828794479370117188e+01
-5.790668487548828125e+01
-5.752781677246093750e+01
-5.715063476562500000e+01
-5.677518463134765625e+01
-5.640075683593750000e+01
-5.602814483642578125e+01
-5.565663528442382812e+01
-5.528702926635742188e+01
-5.491934585571289062e+01
-5.455290222167968750e+01
-5.418847656250000000e+01
-5.382611465454101562e+01
-5.346510314941406250e+01
-5.310624313354492188e+01
-5.274881362915039062e+01
-5.239361953735351562e+01
-5.203995132446289062e+01
-5.168710708618164062e+01
-5.133810424804687500e+01
-5.099002075195312500e+01
-5.064437103271484375e+01
-5.030046463012695312e+01
-4.995908737182617188e+01
-4.962028503417968750e+01
-4.928335952758789062e+01
-4.894760894775390625e+01
-4.861455917358398438e+01
-4.828501129150390625e+01
-4.795677185058593750e+01
-4.763136291503906250e+01
-4.730875015258789062e+01
-4.698815155029296875e+01
-4.667026519775390625e+01
-4.635430526733398438e+01
-4.604171371459960938e+01
-4.573022079467773438e+01
-4.542200851440429688e+01
-4.511481475830078125e+01
-4.481081390380859375e+01
-4.450922775268554688e+01
-4.421001052856445312e+01
-4.391312408447265625e+01
-4.361703109741210938e+01
-4.332540893554687500e+01
-4.303450393676757812e+01
-4.274649429321289062e+01
-4.246060180664062500e+01
-4.217528915405273438e+01
-4.189423370361328125e+01
-4.161441802978515625e+01
-4.133728027343750000e+01
-4.106203842163085938e+01
-4.078938674926757812e+01
-4.051854324340820312e+01
-4.025019836425781250e+01
-3.998357009887695312e+01
-3.971935272216796875e+01
-3.945750427246093750e+01
-3.919797515869140625e+01
-3.894071960449218750e+01
-3.868569183349609375e+01
-3.843284225463867188e+01
-3.818212890625000000e+01
-3.793349838256835938e+01
-3.768764877319335938e+01
-3.744379043579101562e+01
-3.720261764526367188e+01
-3.696259689331054688e+01
-3.672590637207031250e+01
-3.649101638793945312e+01
-3.625935363769531250e+01
-3.602865600585937500e+01
-3.580109405517578125e+01
-3.557587814331054688e+01
-3.535369873046875000e+01
-3.513376998901367188e+01
-3.491529846191406250e+01
-3.470046234130859375e+01
-3.448698425292968750e+01
-3.427704620361328125e+01
-3.406908035278320312e+01
-3.386301040649414062e+01
-3.366024398803710938e+01
-3.345995330810546875e+01
-3.326206970214843750e+01
-3.306576156616210938e+01
-3.287318420410156250e+01
-3.268203353881835938e+01
-3.249297332763671875e+01
-3.230666351318359375e+01
-3.212303161621093750e+01
-3.194126129150390625e+01
-3.176201629638671875e+01
-3.158522033691406250e+01
-3.141153717041015625e+01
-3.123941612243652344e+01
-3.107025718688964844e+01
-3.090250587463378906e+01
-3.073831367492675781e+01
-3.057612419128417969e+01
-3.041586112976074219e+01
-3.025819206237792969e+01
-3.010304641723632812e+01
-2.994960594177246094e+01
-2.979854393005371094e+01
-2.965052795410156250e+01
-2.950399589538574219e+01
-2.936036872863769531e+01
-2.921808242797851562e+01
-2.907929229736328125e+01
-2.894169807434082031e+01
-2.880819702148437500e+01
-2.867575073242187500e+01
-2.854501724243164062e+01
-2.841667556762695312e+01
-2.829139518737792969e+01
-2.816835021972656250e+01
-2.804673576354980469e+01
-2.792795181274414062e+01
-2.781118965148925781e+01
-2.769711494445800781e+01
-2.758341598510742188e+01
-2.747299957275390625e+01
-2.736504554748535156e+01
-2.725961685180664062e+01
-2.715567779541015625e+01
-2.705434226989746094e+01
-2.695396423339843750e+01
-2.685677719116210938e+01
-2.676121711730957031e+01
-2.666760826110839844e+01
-2.657612991333007812e+01
-2.648666000366210938e+01
-2.639923286437988281e+01
-2.631387138366699219e+01
-2.623060798645019531e+01
-2.614939880371093750e+01
-2.607019424438476562e+01
-2.599309730529785156e+01
-2.591806411743164062e+01
-2.584504508972167969e+01
-2.577421951293945312e+01
-2.570539093017578125e+01
-2.563858795166015625e+01
-2.557383918762207031e+01
-2.551132011413574219e+01
-2.545061302185058594e+01
-2.539204406738281250e+01
-2.533541870117187500e+01
-2.528091430664062500e+01
-2.522833633422851562e+01
-2.517778968811035156e+01
-2.512915611267089844e+01
-2.508246421813964844e+01
-2.503774261474609375e+01
-2.499502563476562500e+01
-2.495411872863769531e+01
-2.491513061523437500e+01
-2.487801551818847656e+01
-2.484280967712402344e+01
-2.480932044982910156e+01
-2.477780532836914062e+01
-2.474807357788085938e+01
-2.471994018554687500e+01
-2.469380760192871094e+01
-2.466926765441894531e+01
-2.464650344848632812e+01
-2.462540245056152344e+01
-2.460592651367187500e+01
-2.458818626403808594e+01
-2.457199478149414062e+01
-2.455746459960937500e+01
-2.454433631896972656e+01
-2.453294372558593750e+01
-2.452290916442871094e+01
-2.451438713073730469e+01
-2.450732040405273438e+01
-2.450162124633789062e+01
-2.449729347229003906e+01
-2.449431419372558594e+01
-2.449266052246093750e+01
-2.449239349365234375e+01
-2.449350166320800781e+01
-2.449599647521972656e+01
-2.449987792968750000e+01
-2.450517463684082031e+01
-2.451188468933105469e+01
-2.452001571655273438e+01
-2.452957534790039062e+01
-2.454056167602539062e+01
-2.455298995971679688e+01
-2.456685447692871094e+01
-2.458215713500976562e+01
-2.459890174865722656e+01
-2.461708641052246094e+01
-2.463670730590820312e+01
-2.465776062011718750e+01
-2.468022918701171875e+01
-2.470410346984863281e+01
-2.472936820983886719e+01
-2.475601196289062500e+01
-2.478402137756347656e+01
-2.481338119506835938e+01
-2.484407615661621094e+01
-2.487608718872070312e+01
-2.490939331054687500e+01
-2.494398307800292969e+01
-2.497983551025390625e+01
-2.501692962646484375e+01
-2.505524635314941406e+01
-2.509476661682128906e+01
-2.513543319702148438e+01
-2.517725563049316406e+01
-2.522018814086914062e+01
-2.526420021057128906e+01
-2.530927658081054688e+01
-2.535537338256835938e+01
-2.540247344970703125e+01
-2.545054435729980469e+01
-2.549956893920898438e+01
-2.554951858520507812e+01
-2.560036087036132812e+01
-2.565207099914550781e+01
-2.570467948913574219e+01
-2.575804328918457031e+01
-2.581215476989746094e+01
-2.586702537536621094e+01
-2.592266654968261719e+01
-2.597901725769042969e+01
-2.603594779968261719e+01
-2.609378814697265625e+01
-2.615197753906250000e+01
-2.621092987060546875e+01
-2.627046012878417969e+01
-2.633068084716796875e+01
-2.639140701293945312e+01
-2.645268249511718750e+01
-2.651469421386718750e+01
-2.657740974426269531e+01
-2.664064598083496094e+01
-2.670459175109863281e+01
-2.676907157897949219e+01
-2.683404541015625000e+01
-2.689978599548339844e+01
-2.696603584289550781e+01
-2.703283500671386719e+01
-2.710030174255371094e+01
-2.716832923889160156e+01
-2.723696136474609375e+01
-2.730623626708984375e+01
-2.737590217590332031e+01
-2.744614791870117188e+01
-2.751701164245605469e+01
-2.758831596374511719e+01
-2.766017150878906250e+01
-2.773261833190917969e+01
-2.780562019348144531e+01
-2.787892150878906250e+01
-2.795292854309082031e+01
-2.802730751037597656e+01
-2.810224342346191406e+01
-2.817754936218261719e+01
-2.825333023071289062e+01
-2.832962989807128906e+01
-2.840625000000000000e+01
-2.848337554931640625e+01
-2.856111335754394531e+01
-2.863897514343261719e+01
-2.871714019775390625e+01
-2.879578399658203125e+01
-2.887479209899902344e+01
-2.895389366149902344e+01
-2.903348922729492188e+01
-2.911338615417480469e+01
-2.919360923767089844e+01
-2.927411270141601562e+01
-2.935485267639160156e+01
-2.943570327758789062e+01
-2.951699447631835938e+01
-2.959829711914062500e+01
-2.967992210388183594e+01
-2.976165390014648438e+01
-2.984349822998046875e+01
-2.992539024353027344e+01
-3.000741577148437500e+01
-3.008942794799804688e+01
-3.017136192321777344e+01
-3.025352859497070312e+01
-3.033549308776855469e+01
-3.041725921630859375e+01
-3.049891281127929688e+01
-3.058054924011230469e+01
-3.066172218322753906e+01
-3.074282455444335938e+01
-3.082379722595214844e+01
-3.090420341491699219e+01
-3.098495483398437500e+01
-3.106576919555664062e+01
-3.114606857299804688e+01
-3.122587394714355469e+01
-3.130520057678222656e+01
-3.138406753540039062e+01
-3.146324348449707031e+01
-3.154199981689453125e+01
-3.161962318420410156e+01
-3.169761657714843750e+01
-3.177600288391113281e+01
-3.185332107543945312e+01
-3.193108367919921875e+01
-3.200782775878906250e+01
-3.208431243896484375e+01
-3.216057586669921875e+01
-3.223589324951171875e+01
-3.231177520751953125e+01
-3.238750076293945312e+01
-3.246236419677734375e+01
-3.253712081909179688e+01
-3.261179733276367188e+01
-3.268568038940429688e+01
-3.276027297973632812e+01
-3.283412170410156250e+01
-3.290798187255859375e+01
-3.298114013671875000e+01
-3.305435562133789062e+01
-3.312691116333007812e+01
-3.320030593872070312e+01
-3.327307891845703125e+01
-3.334524536132812500e+01
-3.341756439208984375e+01
-3.349005126953125000e+01
-3.356268692016601562e+01
-3.363396835327148438e+01
-3.370536041259765625e+01
-3.377683639526367188e+01
-3.384763717651367188e+01
-3.391921997070312500e+01
-3.398933410644531250e+01
-3.405943679809570312e+01
-3.412875747680664062e+01
-3.419801712036132812e+01
-3.426717758178710938e+01
-3.433547973632812500e+01
-3.440288925170898438e+01
-3.447011566162109375e+01
-3.453713226318359375e+01
-3.460316848754882812e+01
-3.466967391967773438e+01
-3.473513793945312500e+01
-3.479953002929687500e+01
-3.486280822753906250e+01
-3.492570114135742188e+01
-3.498816680908203125e+01
-3.505018615722656250e+01
-3.511097717285156250e+01
-3.517200088500976562e+01
-3.523100280761718750e+01
-3.528943634033203125e+01
-3.534728240966796875e+01
-3.540451049804687500e+01
-3.546035385131835938e+01
-3.551627731323242188e+01
-3.557077026367187500e+01
-3.562455749511718750e+01
-3.567761230468750000e+01
-3.572991561889648438e+01
-3.577997207641601562e+01
-3.583073425292968750e+01
-3.587995147705078125e+01
-3.592686843872070312e+01
-3.597667312622070312e+01
-3.602341461181640625e+01
-3.606930160522460938e+01
-3.611433029174804688e+01
-3.615922927856445312e+01
-3.620325088500976562e+01
-3.624564361572265625e+01
-3.628862380981445312e+01
-3.632996368408203125e+01
-3.637113952636718750e+01
-3.641065216064453125e+01
-3.644923019409179688e+01
-3.648834228515625000e+01
-3.652648162841796875e+01
-3.656436538696289062e+01
-3.660049438476562500e+01
-3.663632965087890625e+01
-3.667259216308593750e+01
-3.670703506469726562e+01
-3.674111557006835938e+01
-3.677481460571289062e+01
-3.680736541748046875e+01
-3.683948516845703125e+01
-3.687114334106445312e+01
-3.690232086181640625e+01
-3.693223953247070312e+01
-3.696161651611328125e+01
-3.699041748046875000e+01
-3.701935577392578125e+01
-3.704764938354492188e+01
-3.707378768920898438e+01
-3.709995269775390625e+01
-3.712611007690429688e+01
-3.715029144287109375e+01
-3.717475891113281250e+01
-3.719909286499023438e+01
-3.722177124023437500e+01
-3.724415969848632812e+01
-3.726576614379882812e+01
-3.728676605224609375e+01
-3.730674362182617188e+01
-3.732609558105468750e+01
-3.734432983398437500e+01
-3.736198806762695312e+01
-3.737879943847656250e+01
-3.739471054077148438e+01
-3.740967941284179688e+01
-3.742379379272460938e+01
-3.743693923950195312e+01
-3.744928359985351562e+01
-3.746055603027343750e+01
-3.747092819213867188e+01
-3.748028564453125000e+01
-3.748857116699218750e+01
-3.749596405029296875e+01
-3.750220108032226562e+01
-3.750745391845703125e+01
-3.751160812377929688e+01
-3.751469802856445312e+01
-3.751660919189453125e+01
-3.751744842529296875e+01
-3.751720046997070312e+01
-3.751576614379882812e+01
-3.751335525512695312e+01
-3.750986480712890625e+01
-3.750529861450195312e+01
-3.749963378906250000e+01
-3.749293136596679688e+01
-3.748534011840820312e+01
-3.747661590576171875e+01
-3.746706008911132812e+01
-3.745636367797851562e+01
-3.744490051269531250e+01
-3.743243789672851562e+01
-3.741912841796875000e+01
-3.740496826171875000e+01
-3.738981246948242188e+01
-3.737403106689453125e+01
-3.735740280151367188e+01
-3.734000396728515625e+01
-3.732183837890625000e+01
-3.730290222167968750e+01
-3.728335189819335938e+01
-3.726303863525390625e+01
-3.724211120605468750e+01
-3.722056961059570312e+01
-3.719833755493164062e+01
-3.717557144165039062e+01
-3.715225601196289062e+01
-3.712832260131835938e+01
-3.710383605957031250e+01
-3.707879257202148438e+01
-3.705325317382812500e+01
-3.702713775634765625e+01
-3.700050735473632812e+01
-3.697335052490234375e+01
-3.694572067260742188e+01
-3.691745376586914062e+01
-3.688875198364257812e+01
-3.685945129394531250e+01
-3.682966613769531250e+01
-3.679930114746093750e+01
-3.676825332641601562e+01
-3.673664093017578125e+01
-3.670450592041015625e+01
-3.667159271240234375e+01
-3.663801956176757812e+01
-3.660388946533203125e+01
-3.656894683837890625e+01
-3.653315353393554688e+01
-3.649668884277343750e+01
-3.645939254760742188e+01
-3.642124557495117188e+01
-3.638230895996093750e+01
-3.634255981445312500e+01
-3.630191421508789062e+01
-3.626049804687500000e+01
-3.621822357177734375e+01
-3.617514801025390625e+01
-3.613103485107421875e+01
-3.608609390258789062e+01
-3.604023742675781250e+01
-3.599338150024414062e+01
-3.594573211669921875e+01
-3.589706802368164062e+01
-3.584745407104492188e+01
-3.579688644409179688e+01
-3.574543762207031250e+01
-3.569303131103515625e+01
-3.563975143432617188e+01
-3.558544921875000000e+01
-3.553020858764648438e+01
-3.547396850585937500e+01
-3.541688919067382812e+01
-3.535891723632812500e+01
-3.530013656616210938e+01
-3.524042510986328125e+01
-3.517980957031250000e+01
-3.511846160888671875e+01
-3.505611419677734375e+01
-3.499316787719726562e+01
-3.492936325073242188e+01
-3.486487197875976562e+01
-3.479974365234375000e+01
-3.473378372192382812e+01
-3.466725921630859375e+01
-3.460020446777343750e+01
-3.453244018554687500e+01
-3.446415710449218750e+01
-3.439539337158203125e+01
-3.432603836059570312e+01
-3.425636291503906250e+01
-3.418610382080078125e+01
-3.411552810668945312e+01
-3.404451751708984375e+01
-3.397318649291992188e+01
-3.390149307250976562e+01
-3.382946777343750000e+01
-3.375721740722656250e+01
-3.368461990356445312e+01
0.000000000000000000e+00
0.000000000000000000e+00
0.000000000000000000e+00
0.000000000000000000e+00
0.000000000000000000e+00
0.000000000000000000e+00
0.000000000000000000e+00
0.000000000000000000e+00
0.000000000000000000e+00
0.000000000000000000e+00
0.000000000000000000e+00
0.000000000000000000e+00
0.000000000000000000e+00
0.000000000000000000e+00
0.000000000000000000e+00
0.000000000000000000e+00
0.000000000000000000e+00
0.000000000000000000e+00
0.000000000000000000e+00
0.000000000000000000e+00
0.000000000000000000e+00
0.000000000000000000e+00
0.000000000000000000e+00
0.000000000000000000e+00
0.000000000000000000e+00
0.000000000000000000e+00
0.000000000000000000e+00
0.000000000000000000e+00
0.000000000000000000e+00
0.000000000000000000e+00
0.000000000000000000e+00
0.000000000000000000e+00
0.000000000000000000e+00
0.000000000000000000e+00
0.000000000000000000e+00
0.000000000000000000e+00
0.000000000000000000e+00
0.000000000000000000e+00
0.000000000000000000e+00
0.000000000000000000e+00
0.000000000000000000e+00
0.000000000000000000e+00
0.000000000000000000e+00
0.000000000000000000e+00
0.000000000000000000e+00
0.000000000000000000e+00
0.000000000000000000e+00
0.000000000000000000e+00
0.000000000000000000e+00
0.000000000000000000e+00
0.000000000000000000e+00
0.000000000000000000e+00
0.000000000000000000e+00
0.000000000000000000e+00
0.000000000000000000e+00
0.000000000000000000e+00
0.000000000000000000e+00
0.000000000000000000e+00
0.000000000000000000e+00
0.000000000000000000e+00
0.000000000000000000e+00
0.000000000000000000e+00
0.000000000000000000e+00
0.000000000000000000e+00
0.000000000000000000e+00
0.000000000000000000e+00
0.000000000000000000e+00
0.000000000000000000e+00
0.000000000000000000e+00
0.000000000000000000e+00
0.000000000000000000e+00
0.000000000000000000e+00
0.000000000000000000e+00
0.000000000000000000e+00
0.000000000000000000e+00
0.000000000000000000e+00
0.000000000000000000e+00
0.000000000000000000e+00
0.000000000000000000e+00
0.000000000000000000e+00
0.000000000000000000e+00
0.000000000000000000e+00
0.000000000000000000e+00
0.000000000000000000e+00
0.000000000000000000e+00
0.000000000000000000e+00
0.000000000000000000e+00
0.000000000000000000e+00
0.000000000000000000e+00
0.000000000000000000e+00
0.000000000000000000e+00
0.000000000000000000e+00
0.000000000000000000e+00
0.000000000000000000e+00
0.000000000000000000e+00
0.000000000000000000e+00
0.000000000000000000e+00
0.000000000000000000e+00
0.000000000000000000e+00
0.000000000000000000e+00
