# tt
1.073981811523437500e+03
1.041930175781250000e+03
1.007494506835937500e+03
9.822887573242187500e+02
9.663660278320312500e+02
9.586304931640625000e+02
9.571781616210937500e+02
9.611791381835937500e+02
9.692724609375000000e+02
9.809095458984375000e+02
9.980355834960937500e+02
1.019147094726562500e+03
1.042996948242187500e+03
1.069007080078125000e+03
1.096914428710937500e+03
1.127347412109375000e+03
1.160188354492187500e+03
1.196200317382812500e+03
1.233430908203125000e+03
1.272004882812500000e+03
1.312017578125000000e+03
1.353227905273437500e+03
1.395667724609375000e+03
1.439235351562500000e+03
1.483677856445312500e+03
1.529088867187500000e+03
1.575194580078125000e+03
1.622064208984375000e+03
1.669624267578125000e+03
1.717635375976562500e+03
1.766204101562500000e+03
1.815203369140625000e+03
1.864378906250000000e+03
1.913793579101562500e+03
1.963439086914062500e+03
2.013074951171875000e+03
2.062747802734375000e+03
2.112470458984375000e+03
2.162080078125000000e+03
2.211764648437500000e+03
2.261259765625000000e+03
2.310650878906250000e+03
2.359726806640625000e+03
2.408796630859375000e+03
2.457736572265625000e+03
2.506402343750000000e+03
2.554737304687500000e+03
2.602833496093750000e+03
2.650931640625000000e+03
2.698817138671875000e+03
2.746687988281250000e+03
2.794137695312500000e+03
2.841057128906250000e+03
2.887634765625000000e+03
2.934070556640625000e+03
2.980314208984375000e+03
3.026400634765625000e+03
3.072216796875000000e+03
3.117798095703125000e+03
3.163462402343750000e+03
3.208578125000000000e+03
3.253316650390625000e+03
3.297922851562500000e+03
3.341974121093750000e+03
3.385724609375000000e+03
3.429020263671875000e+03
3.472161621093750000e+03
3.514929443359375000e+03
3.557475585937500000e+03
3.599661621093750000e+03
3.641523437500000000e+03
3.683028808593750000e+03
3.724219970703125000e+03
3.765214111328125000e+03
3.805964843750000000e+03
3.846518066406250000e+03
3.886905517578125000e+03
3.926936279296875000e+03
3.966716064453125000e+03
4.006142822265625000e+03
4.045322265625000000e+03
4.084224365234375000e+03
4.122970214843750000e+03
4.161455566406250000e+03
4.199789062500000000e+03
4.238181640625000000e+03
4.276163574218750000e+03
4.314081542968750000e+03
4.351764160156250000e+03
4.389117187500000000e+03
4.426291503906250000e+03
4.463291503906250000e+03
4.499900878906250000e+03
4.536348144531250000e+03
4.572341796875000000e+03
4.608333984375000000e+03
4.644107421875000000e+03
4.679519042968750000e+03
4.714798339843750000e+03
4.749801757812500000e+03
4.784907226562500000e+03
4.819525878906250000e+03
4.853961425781250000e+03
4.888144531250000000e+03
4.922155761718750000e+03
4.955703613281250000e+03
4.989239746093750000e+03
5.022547851562500000e+03
5.055558593750000000e+03
5.088353515625000000e+03
5.120943359375000000e+03
5.153413574218750000e+03
5.185627441406250000e+03
5.217746093750000000e+03
5.249556640625000000e+03
5.281368652343750000e+03
5.313045898437500000e+03
5.344450683593750000e+03
5.375743164062500000e+03
5.406786132812500000e+03
5.437666503906250000e+03
5.468395019531250000e+03
5.498983886718750000e+03
5.529370117187500000e+03
5.559639648437500000e+03
5.589729492187500000e+03
5.619652343750000000e+03
5.649493652343750000e+03
5.679189941406250000e+03
5.708753417968750000e+03
5.738269042968750000e+03
5.767598632812500000e+03
5.796827148437500000e+03
5.825965332031250000e+03
5.854874511718750000e+03
5.883714355468750000e+03
5.912421386718750000e+03
5.940856445312500000e+03
5.969328125000000000e+03
5.997549316406250000e+03
6.025753906250000000e+03
6.053878417968750000e+03
6.081783691406250000e+03
6.109555175781250000e+03
6.137426757812500000e+03
6.164961914062500000e+03
6.192395507812500000e+03
6.219811523437500000e+03
6.246998535156250000e+03
6.274113769531250000e+03
6.301020019531250000e+03
6.327874023437500000e+03
6.354612304687500000e+03
6.381242675781250000e+03
6.407626953125000000e+03
6.434072265625000000e+03
6.460363769531250000e+03
6.486512207031250000e+03
6.512601074218750000e+03
6.538639160156250000e+03
6.564562011718750000e+03
6.590528320312500000e+03
6.616249023437500000e+03
6.642031738281250000e+03
6.667736816406250000e+03
6.693448730468750000e+03
6.718953613281250000e+03
6.744409179687500000e+03
6.769825683593750000e+03
6.795062988281250000e+03
6.820205566406250000e+03
6.845188476562500000e+03
6.870169433593750000e+03
6.895084472656250000e+03
6.919792968750000000e+03
6.944454589843750000e+03
6.969002929687500000e+03
6.993449218750000000e+03
7.017948730468750000e+03
7.042290039062500000e+03
7.066557128906250000e+03
7.090683105468750000e+03
7.114828125000000000e+03
7.138925292968750000e+03
7.162614257812500000e+03
7.186571777343750000e+03
7.210436035156250000e+03
7.234142089843750000e+03
7.258145996093750000e+03
7.281713378906250000e+03
7.305373535156250000e+03
7.328913574218750000e+03
7.352565429687500000e+03
7.376115234375000000e+03
7.399573242187500000e+03
7.423096679687500000e+03
7.446620605468750000e+03
7.470155273437500000e+03
7.493709472656250000e+03
7.517215820312500000e+03
7.540750976562500000e+03
7.564239257812500000e+03
7.587606445312500000e+03
7.610999023437500000e+03
7.634269042968750000e+03
7.657564453125000000e+03
7.680660644531250000e+03
7.703707519531250000e+03
7.726702636718750000e+03
7.749646484375000000e+03
7.772388671875000000e+03
7.795151855468750000e+03
7.817788085937500000e+03
7.840369628906250000e+03
7.862821289062500000e+03
7.885292480468750000e+03
7.907632324218750000e+03
7.929916015625000000e+03
7.952142089843750000e+03
7.974309570312500000e+03
7.996418945312500000e+03
8.018319824218750000e+03
8.040309082031250000e+03
8.062164062500000000e+03
8.083957519531250000e+03
8.105614257812500000e+03
8.127282714843750000e+03
8.148888183593750000e+03
8.170355957031250000e+03
8.191684082031250000e+03
8.213022460937500000e+03
8.234293945312500000e+03
8.255350585937500000e+03
8.276415039062500000e+03
8.297337890625000000e+03
8.318191406250000000e+03
8.338977539062500000e+03
8.359766601562500000e+03
8.380338867187500000e+03
8.400987304687500000e+03
8.421564453125000000e+03
8.442070312500000000e+03
8.462503906250000000e+03
8.482863281250000000e+03
8.503223632812500000e+03
8.523583007812500000e+03
8.543868164062500000e+03
8.564225585937500000e+03
8.584506835937500000e+03
8.604857421875000000e+03
8.625046875000000000e+03
8.645435546875000000e+03
8.665715820312500000e+03
8.685951171875000000e+03
8.706206054687500000e+03
8.726468750000000000e+03
8.746656250000000000e+03
8.766831054687500000e+03
8.787058593750000000e+03
8.807177734375000000e+03
8.827179687500000000e+03
8.847423828125000000e+03
8.867456054687500000e+03
8.887337890625000000e+03
8.907282226562500000e+03
8.927057617187500000e+03
8.946799804687500000e+03
8.966352539062500000e+03
8.985998046875000000e+03
9.005507812500000000e+03
9.025090820312500000e+03
9.044515625000000000e+03
9.063919921875000000e+03
9.083218750000000000e+03
9.102549804687500000e+03
9.121678710937500000e+03
9.140821289062500000e+03
9.159889648437500000e+03
9.178874023437500000e+03
9.197914062500000000e+03
9.216699218750000000e+03
9.235519531250000000e+03
9.254288085937500000e+03
9.272995117187500000e+03
9.291554687500000000e+03
9.310032226562500000e+03
9.328491210937500000e+03
9.346845703125000000e+03
9.365161132812500000e+03
9.383424804687500000e+03
9.401332031250000000e+03
9.419463867187500000e+03
9.437366210937500000e+03
9.455398437500000000e+03
9.473180664062500000e+03
9.490922851562500000e+03
9.508466796875000000e+03
9.526026367187500000e+03
9.543440429687500000e+03
9.560774414062500000e+03
9.578090820312500000e+03
9.595306640625000000e+03
9.612411132812500000e+03
9.629469726562500000e+03
9.646396484375000000e+03
9.663254882812500000e+03
9.680038085937500000e+03
9.696807617187500000e+03
9.713405273437500000e+03
9.729969726562500000e+03
9.746491210937500000e+03
9.762885742187500000e+03
9.779216796875000000e+03
9.795473632812500000e+03
9.811647460937500000e+03
9.827727539062500000e+03
9.843704101562500000e+03
9.859640625000000000e+03
9.875528320312500000e+03
9.891282226562500000e+03
9.906965820312500000e+03
9.922569335937500000e+03
9.938083984375000000e+03
9.953571289062500000e+03
9.968875976562500000e+03
9.984133789062500000e+03
9.999335937500000000e+03
1.001439746093750000e+04
1.002938378906250000e+04
1.004435742187500000e+04
1.005916113281250000e+04
1.007385742187500000e+04
1.008851269531250000e+04
1.010296582031250000e+04
1.011735742187500000e+04
1.013167675781250000e+04
1.014583789062500000e+04
1.015998242187500000e+04
1.017394921875000000e+04
1.018772851562500000e+04
1.020145898437500000e+04
1.021505664062500000e+04
1.022858593750000000e+04
1.024188671875000000e+04
1.025509960937500000e+04
1.026813769531250000e+04
1.028106738281250000e+04
1.029380371093750000e+04
1.030640917968750000e+04
1.031902636718750000e+04
1.033127929687500000e+04
1.034346191406250000e+04
1.035542578125000000e+04
1.036731542968750000e+04
1.037905566406250000e+04
1.039064355468750000e+04
1.040215332031250000e+04
1.041343261718750000e+04
1.042462792968750000e+04
1.043566308593750000e+04
1.044661230468750000e+04
1.045739648437500000e+04
1.046808984375000000e+04
1.047861425781250000e+04
1.048904492187500000e+04
1.049937695312500000e+04
1.050946093750000000e+04
1.051959179687500000e+04
1.052954492187500000e+04
1.053931738281250000e+04
1.054898339843750000e+04
1.055853906250000000e+04
1.056798339843750000e+04
1.057723925781250000e+04
1.058645312500000000e+04
1.059555078125000000e+04
1.060445410156250000e+04
1.061323535156250000e+04
1.062196777343750000e+04
1.063049902343750000e+04
1.063882910156250000e+04
1.064710351562500000e+04
1.065532031250000000e+04
1.066325488281250000e+04
1.067112890625000000e+04
1.067879003906250000e+04
1.068631152343750000e+04
1.069369042968750000e+04
1.070092675781250000e+04
1.070801660156250000e+04
1.071488378906250000e+04
1.072167675781250000e+04
1.072824316406250000e+04
1.073458105468750000e+04
1.074083789062500000e+04
1.074678808593750000e+04
1.075265234375000000e+04
1.075828125000000000e+04
1.076367187500000000e+04
1.076889746093750000e+04
1.077396289062500000e+04
1.077879980468750000e+04
1.078341503906250000e+04
1.078788867187500000e+04
1.079207714843750000e+04
1.079613476562500000e+04
1.079999414062500000e+04
1.080373730468750000e+04
1.080721777343750000e+04
1.081059179687500000e+04
1.081371777343750000e+04
1.081667480468750000e+04
1.081939453125000000e+04
1.082203125000000000e+04
1.082444433593750000e+04
1.082663769531250000e+04
1.082869238281250000e+04
1.083061328125000000e+04
1.083233398437500000e+04
1.083393359375000000e+04
1.083534375000000000e+04
1.083649511718750000e+04
1.083746972656250000e+04
1.083834765625000000e+04
1.083905957031250000e+04
1.083953808593750000e+04
1.083986230468750000e+04
1.083996484375000000e+04
1.084000097656250000e+04
1.083982519531250000e+04
1.083937304687500000e+04
1.083887011718750000e+04
1.083810156250000000e+04
1.083714550781250000e+04
1.083608496093750000e+04
1.083484960937500000e+04
1.083337207031250000e+04
1.083180664062500000e+04
1.083000976562500000e+04
1.082806250000000000e+04
1.082582226562500000e+04
1.082351953125000000e+04
1.082100781250000000e+04
1.081829687500000000e+04
1.081531640625000000e+04
1.081222070312500000e+04
1.080886718750000000e+04
1.080541308593750000e+04
1.080178710937500000e+04
1.079792187500000000e+04
1.079382324218750000e+04
1.078964648437500000e+04
1.078517382812500000e+04
1.078048632812500000e+04
1.077573828125000000e+04
1.077063867187500000e+04
1.076541601562500000e+04
1.076000292968750000e+04
1.075440429687500000e+04
1.074855273437500000e+04
1.074252929687500000e+04
1.073626367187500000e+04
1.072976367187500000e+04
1.072303320312500000e+04
1.071615527343750000e+04
1.070913476562500000e+04
1.070182910156250000e+04
1.069431835937500000e+04
1.068668261718750000e+04
1.067863085937500000e+04
1.067054199218750000e+04
1.066219726562500000e+04
1.065367968750000000e+04
1.064499121093750000e+04
1.063599218750000000e+04
1.062676269531250000e+04
1.061738281250000000e+04
1.060778320312500000e+04
1.059797167968750000e+04
1.058795312500000000e+04
1.057780859375000000e+04
1.056732031250000000e+04
1.055656933593750000e+04
1.054578320312500000e+04
1.053474804687500000e+04
1.052346679687500000e+04
1.051194726562500000e+04
1.050026855468750000e+04
1.048843847656250000e+04
1.047623828125000000e+04
1.046397265625000000e+04
1.045149707031250000e+04
1.043882031250000000e+04
1.042587207031250000e+04
1.041273242187500000e+04
1.039941015625000000e+04
1.038590722656250000e+04
1.037230761718750000e+04
1.035846679687500000e+04
1.034431640625000000e+04
1.033015722656250000e+04
1.031569726562500000e+04
1.030101269531250000e+04
1.028632910156250000e+04
1.027127929687500000e+04
1.025616503906250000e+04
1.024076660156250000e+04
1.022523339843750000e+04
1.020942382812500000e+04
1.019356152343750000e+04
1.017742871093750000e+04
1.016117773437500000e+04
1.014473535156250000e+04
1.012810742187500000e+04
1.011129687500000000e+04
1.009423242187500000e+04
1.007706542968750000e+04
1.005980078125000000e+04
1.004229199218750000e+04
1.002454492187500000e+04
1.000663476562500000e+04
9.988638671875000000e+03
9.970488281250000000e+03
9.952038085937500000e+03
9.933512695312500000e+03
9.914991210937500000e+03
9.896179687500000000e+03
9.877229492187500000e+03
9.858071289062500000e+03
9.839003906250000000e+03
9.819585937500000000e+03
9.800042968750000000e+03
9.780379882812500000e+03
9.760599609375000000e+03
9.740704101562500000e+03
9.720772460937500000e+03
9.700584960937500000e+03
9.680369140625000000e+03
9.660050781250000000e+03
9.639563476562500000e+03
9.619055664062500000e+03
9.598383789062500000e+03
9.577699218750000000e+03
9.556857421875000000e+03
9.536010742187500000e+03
9.515012695312500000e+03
9.494016601562500000e+03
9.472951171875000000e+03
9.451819335937500000e+03
9.430698242187500000e+03
9.409436523437500000e+03
9.388176757812500000e+03
9.366842773437500000e+03
9.345429687500000000e+03
9.323932617187500000e+03
9.302421875000000000e+03
9.280818359375000000e+03
9.259119140625000000e+03
9.237466796875000000e+03
9.215561523437500000e+03
9.193769531250000000e+03
9.171865234375000000e+03
9.149917968750000000e+03
9.127848632812500000e+03
9.105726562500000000e+03
9.083549804687500000e+03
9.061312500000000000e+03
9.038936523437500000e+03
9.016566406250000000e+03
8.994048828125000000e+03
8.971455078125000000e+03
8.948853515625000000e+03
8.926166992187500000e+03
8.903390625000000000e+03
8.880595703125000000e+03
8.857626953125000000e+03
8.834631835937500000e+03
8.811603515625000000e+03
8.788539062500000000e+03
8.765210937500000000e+03
8.741913085937500000e+03
8.718565429687500000e+03
8.695165039062500000e+03
8.671708007812500000e+03
8.648114257812500000e+03
8.624529296875000000e+03
8.600798828125000000e+03
8.576996093750000000e+03
8.553114257812500000e+03
8.529222656250000000e+03
8.505246093750000000e+03
8.481177734375000000e+03
8.456939453125000000e+03
8.432676757812500000e+03
8.408458984375000000e+03
8.384132812500000000e+03
8.359917968750000000e+03
8.335511718750000000e+03
8.310986328125000000e+03
8.286409179687500000e+03
8.261779296875000000e+03
8.237018554687500000e+03
8.212346679687500000e+03
8.187537597656250000e+03
8.162738769531250000e+03
8.137647460937500000e+03
8.112708007812500000e+03
8.087768554687500000e+03
8.062676269531250000e+03
8.037578613281250000e+03
8.012471679687500000e+03
7.987202636718750000e+03
7.961994628906250000e+03
7.936692871093750000e+03
7.911369628906250000e+03
7.886096191406250000e+03
7.860721679687500000e+03
7.835242187500000000e+03
7.809878417968750000e+03
7.784329101562500000e+03
7.758814941406250000e+03
7.733332519531250000e+03
7.707729492187500000e+03
7.682079101562500000e+03
7.656451660156250000e+03
7.630842773437500000e+03
7.605177734375000000e+03
7.579525390625000000e+03
7.553735351562500000e+03
7.527953125000000000e+03
7.502250000000000000e+03
7.476400390625000000e+03
7.450622558593750000e+03
7.424841796875000000e+03
7.398904296875000000e+03
7.373030761718750000e+03
7.347143066406250000e+03
7.321240234375000000e+03
7.295317382812500000e+03
7.269372070312500000e+03
7.243327148437500000e+03
7.217328613281250000e+03
7.191372558593750000e+03
7.165307617187500000e+03
7.139205078125000000e+03
7.113210937500000000e+03
7.087024902343750000e+03
7.060940429687500000e+03
7.034807128906250000e+03
7.008622070312500000e+03
6.982385742187500000e+03
6.956248046875000000e+03
6.929989746093750000e+03
6.903685058593750000e+03
6.877484375000000000e+03
6.851241699218750000e+03
6.824882812500000000e+03
6.798707519531250000e+03
6.772494628906250000e+03
6.746244628906250000e+03
6.720035156250000000e+03
6.693792480468750000e+03
6.667592773437500000e+03
6.641362792968750000e+03
6.615179199218750000e+03
6.589043457031250000e+03
6.562808105468750000e+03
6.536772949218750000e+03
6.510641601562500000e+03
6.484638671875000000e+03
6.458542968750000000e+03
6.432579101562500000e+03
6.406600097656250000e+03
6.380681152343750000e+03
6.354750488281250000e+03
6.328883789062500000e+03
6.303083007812500000e+03
6.277274414062500000e+03
6.251608886718750000e+03
6.225939453125000000e+03
6.200268066406250000e+03
6.174743652343750000e+03
6.149146484375000000e+03
6.123551757812500000e+03
6.098035156250000000e+03
6.072672363281250000e+03
6.047243164062500000e+03
6.021896972656250000e+03
5.996561035156250000e+03
5.971311523437500000e+03
5.946075683593750000e+03
5.920929687500000000e+03
5.895726074218750000e+03
5.870689453125000000e+03
5.845673339843750000e+03
5.820678222656250000e+03
5.795706542968750000e+03
5.770760253906250000e+03
5.745914550781250000e+03
5.721097656250000000e+03
5.696313476562500000e+03
5.671568359375000000e+03
5.646866210937500000e+03
5.622138671875000000e+03
5.597538574218750000e+03
5.572923339843750000e+03
5.548520996093750000e+03
5.524038574218750000e+03
5.499704589843750000e+03
5.475376464843750000e+03
5.451131835937500000e+03
5.427051269531250000e+03
5.402842285156250000e+03
5.378807617187500000e+03
5.354877929687500000e+03
5.330983886718750000e+03
5.307130371093750000e+03
5.283397460937500000e+03
5.259641113281250000e+03
5.236164062500000000e+03
5.212599609375000000e+03
5.189175781250000000e+03
5.165823730468750000e+03
5.142548339843750000e+03
5.119429199218750000e+03
5.096322265625000000e+03
5.073308105468750000e+03
5.050390136718750000e+03
5.027500976562500000e+03
5.004867675781250000e+03
4.982198242187500000e+03
4.959720703125000000e+03
4.937291992187500000e+03
4.914990722656250000e+03
4.892674316406250000e+03
4.870570312500000000e+03
4.848460937500000000e+03
4.826500000000000000e+03
4.804617675781250000e+03
4.782894531250000000e+03
4.761260742187500000e+03
4.739721679687500000e+03
4.718356445312500000e+03
4.697021484375000000e+03
4.675722656250000000e+03
4.654538574218750000e+03
4.633548828125000000e+03
4.612684082031250000e+03
4.591875976562500000e+03
4.571202636718750000e+03
4.550668457031250000e+03
4.530204101562500000e+03
4.509811523437500000e+03
4.489644531250000000e+03
4.469409179687500000e+03
4.449481445312500000e+03
4.429493164062500000e+03
4.409745117187500000e+03
4.390018554687500000e+03
4.370392089843750000e+03
4.351017578125000000e+03
4.331601562500000000e+03
4.312371582031250000e+03
4.293182128906250000e+03
4.274186035156250000e+03
4.255238281250000000e+03
4.236417480468750000e+03
4.217726562500000000e+03
4.199096191406250000e+03
4.180603515625000000e+03
4.162179199218750000e+03
4.143900878906250000e+03
4.125697265625000000e+03
4.107722167968750000e+03
4.089682128906250000e+03
4.071802734375000000e+03
4.054237792968750000e+03
4.036543945312500000e+03
4.019023437500000000e+03
4.001679931640625000e+03
3.984368164062500000e+03
3.967241210937500000e+03
3.950228515625000000e+03
3.933259277343750000e+03
3.916485839843750000e+03
3.899764404296875000e+03
3.883171875000000000e+03
3.866713378906250000e+03
3.850466064453125000e+03
3.834285888671875000e+03
3.818250488281250000e+03
3.802290039062500000e+03
3.786407714843750000e+03
3.770682128906250000e+03
3.755265625000000000e+03
3.739790527343750000e+03
3.724483398437500000e+03
3.709348876953125000e+03
3.694390136718750000e+03
3.679536132812500000e+03
3.664712890625000000e+03
3.650218750000000000e+03
3.635754882812500000e+03
3.621545166015625000e+03
3.607365966796875000e+03
3.593292480468750000e+03
3.579323242187500000e+03
3.565608154296875000e+03
3.551923095703125000e+03
3.538343017578125000e+03
3.524941894531250000e+03
3.511645507812500000e+03
3.498601806640625000e+03
3.485588867187500000e+03
3.472605468750000000e+03
3.459801025390625000e+03
3.447249267578125000e+03
3.434727050781250000e+03
3.422383544921875000e+03
3.410069335937500000e+03
3.397933593750000000e+03
3.385901611328125000e+03
3.373898681640625000e+03
3.362148193359375000e+03
3.350427001953125000e+03
3.338809082031250000e+03
3.327443115234375000e+03
3.316105957031250000e+03
3.304946533203125000e+03
3.293889892578125000e+03
3.282936523437500000e+03
3.272160156250000000e+03
3.261412353515625000e+03
3.250915771484375000e+03
3.240373291015625000e+03
3.230081787109375000e+03
3.219893066406250000e+03
3.209732421875000000e+03
3.199822509765625000e+03
3.190014648437500000e+03
3.180309082031250000e+03
3.170780029296875000e+03
3.161278564453125000e+03
3.152027587890625000e+03
3.142952880859375000e+03
3.134053955078125000e+03
3.125256835937500000e+03
3.116486816406250000e+03
3.108041503906250000e+03
3.099622314453125000e+03
3.091374755859375000e+03
3.083294189453125000e+03
3.075301513671875000e+03
3.067392822265625000e+03
3.059786376953125000e+03
3.052180908203125000e+03
3.044719970703125000e+03
3.037399658203125000e+03
3.030289550781250000e+03
3.023236816406250000e+03
3.016311523437500000e+03
3.009509033203125000e+03
3.002824951171875000e+03
2.996106445312500000e+03
2.989868896484375000e+03
2.983513671875000000e+03
2.977333984375000000e+03
2.971250488281250000e+03
2.965259033203125000e+03
2.959429687500000000e+03
2.953683349609375000e+03
2.948016113281250000e+03
2.942497558593750000e+03
2.937049072265625000e+03
2.931666015625000000e+03
2.926567626953125000e+03
2.921377197265625000e+03
2.916387939453125000e+03
2.911520996093750000e+03
2.906697998046875000e+03
2.901988281250000000e+03
2.897462402343750000e+03
2.892892333984375000e+03
2.888422851562500000e+03
2.884123535156250000e+03
2.879841552734375000e+03
2.875795410156250000e+03
2.871609130859375000e+03
2.867649902343750000e+03
2.863838867187500000e+03
2.860097412109375000e+03
2.856346923828125000e+03
2.852805664062500000e+03
2.849246337890625000e+03
2.845813232421875000e+03
2.842427978515625000e+03
2.839234130859375000e+03
2.836079101562500000e+03
2.832958251953125000e+03
2.830016357421875000e+03
2.827100585937500000e+03
2.824133544921875000e+03
2.821483154296875000e+03
2.818774658203125000e+03
2.816153076171875000e+03
2.813689453125000000e+03
2.811380126953125000e+03
2.809072998046875000e+03
2.806765136718750000e+03
2.804600830078125000e+03
2.802502929687500000e+03
2.800245117187500000e+03
2.798418212890625000e+03
2.796498779296875000e+03
2.794780273437500000e+03
2.793036621093750000e+03
2.791487060546875000e+03
2.789979492187500000e+03
2.788510986328125000e+03
2.787225830078125000e+03
2.785898681640625000e+03
2.784673828125000000e+03
2.783548339843750000e+03
2.782593017578125000e+03
2.781581054687500000e+03
2.780732666015625000e+03
2.779969238281250000e+03
2.779213867187500000e+03
2.778610839843750000e+03
2.778008789062500000e+03
2.777552490234375000e+03
2.777164550781250000e+03
2.776841308593750000e+03
2.776579101562500000e+03
2.776448974609375000e+03
2.776299072265625000e+03
2.776274169921875000e+03
2.776371093750000000e+03
2.776437744140625000e+03
2.776619140625000000e+03
2.776837646484375000e+03
2.777238769531250000e+03
2.777669677734375000e+03
2.778127441406250000e+03
2.778682861328125000e+03
2.779258300781250000e+03
2.779775634765625000e+03
2.780529052734375000e+03
2.781291992187500000e+03
2.782135742187500000e+03
2.783058349609375000e+03
2.783984130859375000e+03
2.784986328125000000e+03
2.785988525390625000e+03
2.787063964843750000e+03
2.788285400390625000e+03
2.789428710937500000e+03
2.790789062500000000e+03
2.792143066406250000e+03
2.793488525390625000e+03
2.794972656250000000e+03
2.796519775390625000e+03
2.798128662109375000e+03
2.799723388671875000e+03
2.801451416015625000e+03
2.803162109375000000e+03
2.804928710937500000e+03
2.806824218750000000e+03
2.808772705078125000e+03
2.810698242187500000e+03
2.812674316406250000e+03
2.814698486328125000e+03
2.816844726562500000e+03
2.819036621093750000e+03
2.821272705078125000e+03
2.823551757812500000e+03
2.825798095703125000e+03
2.828233154296875000e+03
2.830632568359375000e+03
2.833069335937500000e+03
2.835541748046875000e+03
2.838122558593750000e+03
2.840662109375000000e+03
2.843307373046875000e+03
2.845908447265625000e+03
2.848538085937500000e+03
2.851269287109375000e+03
2.854025878906250000e+03
2.856807128906250000e+03
2.859611083984375000e+03
2.862436523437500000e+03
2.865207519531250000e+03
2.868071289062500000e+03
2.871026611328125000e+03
2.873923339843750000e+03
2.876834228515625000e+03
2.879757812500000000e+03
2.882692871093750000e+03
2.885637695312500000e+03
2.888591552734375000e+03
2.891481201171875000e+03
2.894456787109375000e+03
2.897445556640625000e+03
2.900523681640625000e+03
2.903543945312500000e+03
2.906508056640625000e+03
2.909268798828125000e+03
2.912273681640625000e+03
2.915301269531250000e+03
2.918279296875000000e+03
2.921283203125000000e+03
2.924314941406250000e+03
2.927375732421875000e+03
2.930318847656250000e+03
2.933368652343750000e+03
2.936452636718750000e+03
2.939498046875000000e+03
2.942506103515625000e+03
2.945627197265625000e+03
2.948714599609375000e+03
2.951769531250000000e+03
2.954868164062500000e+03
2.957937500000000000e+03
2.960979736328125000e+03
2.964292724609375000e+03
2.967358642578125000e+03
2.970401855468750000e+03
2.973498046875000000e+03
2.976574707031250000e+03
2.979484619140625000e+03
2.982601318359375000e+03
2.985628662109375000e+03
2.988791503906250000e+03
2.991868408203125000e+03
2.994935058593750000e+03
2.997993408203125000e+03
3.001119140625000000e+03
3.004239746093750000e+03
3.007207763671875000e+03
3.010322753906250000e+03
3.013362548828125000e+03
3.016403564453125000e+03
3.019521728515625000e+03
3.022495117187500000e+03
3.025549316406250000e+03
3.028610351562500000e+03
3.031532226562500000e+03
3.034539062500000000e+03
3.037483642578125000e+03
3.040442382812500000e+03
3.043416748046875000e+03
3.046259765625000000e+03
3.049122070312500000e+03
3.051931152343750000e+03
3.054763183593750000e+03
3.057619628906250000e+03
3.060576904296875000e+03
3.063413818359375000e+03
3.066206542968750000e+03
3.068956787109375000e+03
3.071740478515625000e+03
3.074336914062500000e+03
3.077044677734375000e+03
3.079717285156250000e+03
3.082281982421875000e+03
3.084963623046875000e+03
3.087541015625000000e+03
3.090090576171875000e+03
3.092688232421875000e+03
3.095112548828125000e+03
3.097588378906250000e+03
3.100117919921875000e+03
3.102479736328125000e+03
3.104898437500000000e+03
3.107227539062500000e+03
3.109616943359375000e+03
3.111846191406250000e+03
3.114065185546875000e+03
3.116350341796875000e+03
3.118480224609375000e+03
3.120605712890625000e+03
3.122728027343750000e+03
3.124849365234375000e+03
3.126897216796875000e+03
3.128947509765625000e+03
3.130927978515625000e+03
3.132840087890625000e+03
3.134760253906250000e+03
3.136615722656250000e+03
3.138482421875000000e+03
3.140362548828125000e+03
3.142109375000000000e+03
3.143724365234375000e+03
3.145506835937500000e+03
3.147160888671875000e+03
3.148763183593750000e+03
3.150389160156250000e+03
3.151967041015625000e+03
3.153498046875000000e+03
3.154984130859375000e+03
3.156574218750000000e+03
3.157971435546875000e+03
3.159398681640625000e+03
3.160708007812500000e+03
3.162048339843750000e+03
3.163344970703125000e+03
3.164598876953125000e+03
3.165735595703125000e+03
3.166904541015625000e+03
3.167956542968750000e+03
3.169115478515625000e+03
3.170084228515625000e+03
3.171011718750000000e+03
3.171972167968750000e+03
3.172891845703125000e+03
3.173696533203125000e+03
3.174461181640625000e+03
3.175260009765625000e+03
3.175944824218750000e+03
3.176590087890625000e+03
3.177196044921875000e+03
3.177688964843750000e+03
3.178217285156250000e+03
3.178633056640625000e+03
3.179010498046875000e+03
3.179350097656250000e+03
3.179652343750000000e+03
3.179916992187500000e+03
3.179995849609375000e+03
3.180186767578125000e+03
3.180266601562500000e+03
3.180236083984375000e+03
3.180243896484375000e+03
3.180141601562500000e+03
3.180003906250000000e+03
3.179831054687500000e+03
3.179623046875000000e+03
3.179380859375000000e+03
3.179029785156250000e+03
3.178644531250000000e+03
3.178225341796875000e+03
3.177772949218750000e+03
3.177138427734375000e+03
3.176619384765625000e+03
3.175993652343750000e+03
3.175335449218750000e+03
3.174570312500000000e+03
3.173847900390625000e+03
3.173019287109375000e+03
3.172233398437500000e+03
3.171266357421875000e+03
3.170413818359375000e+03
3.169451171875000000e+03
3.168451904296875000e+03
3.167340087890625000e+03
3.166188720703125000e+03
3.165070800781250000e+03
3.163910644531250000e+03
3.162558349609375000e+03
3.161309570312500000e+03
3.159940185546875000e+03
3.158523193359375000e+03
3.157131103515625000e+03
3.155614501953125000e+03
3.153971923828125000e+03
3.152424560546875000e+03
3.150748535156250000e+03
3.149090820312500000e+03
3.147376220703125000e+03
3.145528320312500000e+03
3.143694824218750000e+03
3.141800292968750000e+03
3.139842773437500000e+03
3.137821533203125000e+03
3.135660400390625000e+03
3.133581298828125000e+03
3.131359375000000000e+03
3.129216796875000000e+03
3.126929199218750000e+03
3.124643554687500000e+03
3.122210205078125000e+03
3.119775878906250000e+03
3.117265625000000000e+03
3.114751953125000000e+03
3.112159179687500000e+03
3.109560302734375000e+03
3.106879882812500000e+03
3.104116210937500000e+03
3.101342285156250000e+03
3.098482910156250000e+03
3.095610351562500000e+03
3.092649414062500000e+03
3.089672607421875000e+03
3.086679199218750000e+03
3.083518798828125000e+03
3.080412597656250000e+03
3.077211425781250000e+03
3.073987792968750000e+03
3.070666259765625000e+03
3.067393798828125000e+03
3.063946289062500000e+03
3.060545166015625000e+03
3.057040527343750000e+03
3.053505615234375000e+03
3.049938720703125000e+03
3.046413330078125000e+03
3.042778808593750000e+03
3.039034423828125000e+03
3.035327148437500000e+03
3.031506835937500000e+03
3.027721191406250000e+03
3.023820312500000000e+03
3.019951171875000000e+03
3.016037841796875000e+03
3.012079589843750000e+03
3.007926269531250000e+03
3.003873779296875000e+03
2.999697509765625000e+03
2.995545410156250000e+03
2.991341308593750000e+03
2.987083740234375000e+03
2.982771972656250000e+03
2.978404296875000000e+03
2.974053955078125000e+03
2.969644531250000000e+03
2.965250000000000000e+03
2.960719726562500000e+03
2.956201416015625000e+03
2.951470214843750000e+03
2.946822753906250000e+03
2.942108642578125000e+03
2.937475341796875000e+03
2.932698242187500000e+03
2.928147949218750000e+03
2.923376953125000000e+03
2.918532958984375000e+03
2.913688476562500000e+03
2.908768066406250000e+03
2.903770263671875000e+03
2.898842529296875000e+03
2.893760742187500000e+03
2.888671630859375000e+03
2.883574462890625000e+03
2.878467285156250000e+03
2.873275146484375000e+03
2.867996093750000000e+03
2.862703613281250000e+03
2.857395751953125000e+03
2.852071777343750000e+03
2.846655761718750000e+03
2.841296630859375000e+03
2.835770996093750000e+03
2.830228027343750000e+03
2.824667480468750000e+03
2.819163818359375000e+03
2.813568359375000000e+03
2.807881347656250000e+03
2.802176757812500000e+03
2.796455078125000000e+03
2.790716064453125000e+03
2.784959960937500000e+03
2.779186767578125000e+03
2.773322021484375000e+03
2.767514648437500000e+03
2.761615966796875000e+03
2.755700439453125000e+03
2.749775390625000000e+03
2.743840820312500000e+03
2.737859863281250000e+03
2.731869628906250000e+03
2.725840576171875000e+03
2.719772216796875000e+03
2.713695068359375000e+03
2.707593750000000000e+03
2.701461181640625000e+03
2.695312255859375000e+03
2.689139404296875000e+03
2.682949951171875000e+03
2.676744628906250000e+03
2.670515625000000000e+03
2.664270263671875000e+03
2.658001464843750000e+03
2.651716552734375000e+03
2.645400878906250000e+03
2.639069091796875000e+03
2.632721191406250000e+03
2.626357666015625000e+03
2.619970703125000000e+03
2.613560791015625000e+03
2.607134765625000000e+03
2.600685791015625000e+03
2.594214111328125000e+03
2.587733886718750000e+03
2.581223388671875000e+03
2.574689697265625000e+03
2.568141113281250000e+03
2.561569335937500000e+03
2.554967285156250000e+03
2.548357421875000000e+03
2.541725341796875000e+03
2.535064453125000000e+03
2.528383544921875000e+03
2.521684570312500000e+03
2.514968261718750000e+03
2.508221679687500000e+03
2.501475341796875000e+03
2.494709228515625000e+03
2.487916992187500000e+03
2.481121826171875000e+03
2.474303466796875000e+03
2.467500488281250000e+03
2.460661621093750000e+03
2.453818603515625000e+03
2.446958007812500000e+03
2.440095947265625000e+03
2.433226562500000000e+03
2.426335937500000000e+03
2.419440917968750000e+03
2.412534912109375000e+03
2.405619873046875000e+03
2.398704345703125000e+03
2.391782470703125000e+03
2.384855712890625000e+03
2.377917724609375000e+03
2.370985107421875000e+03
2.364029296875000000e+03
2.357089111328125000e+03
2.350135986328125000e+03
2.343178955078125000e+03
2.336227050781250000e+03
2.329259277343750000e+03
2.322298583984375000e+03
2.315332763671875000e+03
2.308362548828125000e+03
2.301396728515625000e+03
2.294429443359375000e+03
2.287454589843750000e+03
2.280488525390625000e+03
2.273518066406250000e+03
2.266544189453125000e+03
2.259568603515625000e+03
2.252599853515625000e+03
2.245632568359375000e+03
2.238652343750000000e+03
2.231683593750000000e+03
2.224720214843750000e+03
2.217748291015625000e+03
2.210792236328125000e+03
2.203823242187500000e+03
2.196865234375000000e+03
2.189897460937500000e+03
2.182943603515625000e+03
2.175983154296875000e+03
2.169040039062500000e+03
2.162100585937500000e+03
2.155159423828125000e+03
2.148210205078125000e+03
2.141269531250000000e+03
2.134316894531250000e+03
2.127390625000000000e+03
2.120447998046875000e+03
2.113520263671875000e+03
2.106571533203125000e+03
2.099715332031250000e+03
2.092789550781250000e+03
2.085869628906250000e+03
2.079031982421875000e+03
2.072129394531250000e+03
2.065237792968750000e+03
2.058358642578125000e+03
2.051493408203125000e+03
2.044643676757812500e+03
2.037811279296875000e+03
2.030997436523437500e+03
2.024204101562500000e+03
2.017432495117187500e+03
2.010684326171875000e+03
2.003886840820312500e+03
1.997115844726562500e+03
1.990373046875000000e+03
1.983511108398437500e+03
1.976829101562500000e+03
1.970031127929687500e+03
1.963267700195312500e+03
1.956540039062500000e+03
1.949775756835937500e+03
1.943198852539062500e+03
1.936513916015625000e+03
1.929796875000000000e+03
1.923197998046875000e+03
1.916569946289062500e+03
1.909988769531250000e+03
1.903381713867187500e+03
1.896824584960937500e+03
1.890318969726562500e+03
1.883792236328125000e+03
1.877245727539062500e+03
1.870755249023437500e+03
1.864322875976562500e+03
1.857875366210937500e+03
1.851487426757812500e+03
1.845085937500000000e+03
1.838670776367187500e+03
1.832391601562500000e+03
1.826025756835937500e+03
1.819647949218750000e+03
1.813481933593750000e+03
1.807156738281250000e+03
1.800969970703125000e+03
1.794773193359375000e+03
1.788567626953125000e+03
1.782279174804687500e+03
1.776131103515625000e+03
1.769975708007812500e+03
1.763887695312500000e+03
1.757718627929687500e+03
1.751618164062500000e+03
1.745512207031250000e+03
1.739475830078125000e+03
1.733435058593750000e+03
1.727464721679687500e+03
1.721416992187500000e+03
1.715515014648437500e+03
1.709536621093750000e+03
1.703556640625000000e+03
1.697723999023437500e+03
1.691816528320312500e+03
1.685909179687500000e+03
1.680076416015625000e+03
1.674244628906250000e+03
1.668414550781250000e+03
1.662735107421875000e+03
1.656983886718750000e+03
1.651235961914062500e+03
1.645565917968750000e+03
1.639825805664062500e+03
1.634164794921875000e+03
1.628508911132812500e+03
1.622933227539062500e+03
1.617363891601562500e+03
1.611801391601562500e+03
1.606246459960937500e+03
1.600773559570312500e+03
1.595234985351562500e+03
1.589854003906250000e+03
1.584333862304687500e+03
1.578972534179687500e+03
1.573621582031250000e+03
1.568281982421875000e+03
1.563028076171875000e+03
1.557710815429687500e+03
1.552478393554687500e+03
1.547329956054687500e+03
1.542190673828125000e+03
1.537059692382812500e+03
1.531862182617187500e+03
1.526820678710937500e+03
1.521785522460937500e+03
1.516756225585937500e+03
1.511806518554687500e+03
1.506861328125000000e+03
1.501845825195312500e+03
1.496982177734375000e+03
1.492046997070312500e+03
1.487262329101562500e+03
1.482404663085937500e+03
1.477622192382812500e+03
1.472913940429687500e+03
1.468056640625000000e+03
1.463420898437500000e+03
1.458783447265625000e+03
1.454143432617187500e+03
1.449425781250000000e+03
1.444853271484375000e+03
1.440276123046875000e+03
1.435768310546875000e+03
1.431254760742187500e+03
1.426809204101562500e+03
1.422356567382812500e+03
1.417903808593750000e+03
1.413524414062500000e+03
1.409150878906250000e+03
1.404834838867187500e+03
1.400523315429687500e+03
1.396238159179687500e+03
1.391978637695312500e+03
1.387766357421875000e+03
1.383556274414062500e+03
1.379384765625000000e+03
1.375243774414062500e+03
1.371140014648437500e+03
1.367057983398437500e+03
1.363004760742187500e+03
1.358986816406250000e+03
1.354996093750000000e+03
1.351032104492187500e+03
1.347109130859375000e+03
1.343211425781250000e+03
1.339345825195312500e+03
1.335511840820312500e+03
1.331708374023437500e+03
1.327941772460937500e+03
1.324203613281250000e+03
1.320492919921875000e+03
1.316816040039062500e+03
1.313172241210937500e+03
1.309560058593750000e+03
1.305971191406250000e+03
1.302427124023437500e+03
1.298896972656250000e+03
1.295401855468750000e+03
1.291933593750000000e+03
1.288505859375000000e+03
1.285125244140625000e+03
1.281753173828125000e+03
1.278418823242187500e+03
1.275113525390625000e+03
1.271836181640625000e+03
1.268600830078125000e+03
1.265383789062500000e+03
1.262192016601562500e+03
1.259038940429687500e+03
1.255908935546875000e+03
1.252808105468750000e+03
1.249743164062500000e+03
1.246705444335937500e+03
1.243694091796875000e+03
1.240715454101562500e+03
1.237768432617187500e+03
1.234844726562500000e+03
1.231958007812500000e+03
1.229092529296875000e+03
1.226262084960937500e+03
1.223458251953125000e+03
1.220680053710937500e+03
1.217941162109375000e+03
1.215233276367187500e+03
1.212518188476562500e+03
1.209854125976562500e+03
1.207218139648437500e+03
1.204609008789062500e+03
1.202018310546875000e+03
1.199459716796875000e+03
1.196932495117187500e+03
1.194420654296875000e+03
1.191937988281250000e+03
1.189490966796875000e+03
1.187063598632812500e+03
1.184669921875000000e+03
1.182286499023437500e+03
1.179942504882812500e+03
1.177615112304687500e+03
1.175318847656250000e+03
1.173038085937500000e+03
1.170794677734375000e+03
1.168573120117187500e+03
1.166380615234375000e+03
1.164223632812500000e+03
1.162087158203125000e+03
1.159955810546875000e+03
1.157850952148437500e+03
1.155779785156250000e+03
1.153741821289062500e+03
1.151736450195312500e+03
1.149748168945312500e+03
1.147776611328125000e+03
1.145836059570312500e+03
1.143933471679687500e+03
1.142053466796875000e+03
1.140202758789062500e+03
1.138366210937500000e+03
1.136557983398437500e+03
1.134792358398437500e+03
1.133039306640625000e+03
1.131313110351562500e+03
1.129613037109375000e+03
1.127938842773437500e+03
1.126297241210937500e+03
1.124665405273437500e+03
1.123057861328125000e+03
1.121488769531250000e+03
1.119927856445312500e+03
1.118404418945312500e+03
1.116888305664062500e+03
1.115408447265625000e+03
1.113949829101562500e+03
1.112518920898437500e+03
1.111100585937500000e+03
1.109701660156250000e+03
1.108336547851562500e+03
1.106982421875000000e+03
1.105653442382812500e+03
1.104334594726562500e+03
1.103047241210937500e+03
1.101783691406250000e+03
1.100528442382812500e+03
1.099295898437500000e+03
1.098078002929687500e+03
1.096881835937500000e+03
1.095699218750000000e+03
1.094523193359375000e+03
1.093383544921875000e+03
1.092250610351562500e+03
1.091139526367187500e+03
1.090042968750000000e+03
1.088961303710937500e+03
1.087894653320312500e+03
1.086858154296875000e+03
1.085836914062500000e+03
1.084823852539062500e+03
1.083841308593750000e+03
1.082859985351562500e+03
1.081909667968750000e+03
1.080975708007812500e+03
1.080050659179687500e+03
1.079149902343750000e+03
1.078265991210937500e+03
1.077384399414062500e+03
1.076542358398437500e+03
1.075710327148437500e+03
1.074895996093750000e+03
1.074092163085937500e+03
1.073313598632812500e+03
1.072553466796875000e+03
1.071804199218750000e+03
1.071066284179687500e+03
1.070347045898437500e+03
1.069646972656250000e+03
1.068965820312500000e+03
1.068281982421875000e+03
1.067632568359375000e+03
1.066995483398437500e+03
1.066385620117187500e+03
1.065773803710937500e+03
1.065182250976562500e+03
1.064603759765625000e+03
1.064031127929687500e+03
1.063486938476562500e+03
1.062948974609375000e+03
1.062417358398437500e+03
1.061907226562500000e+03
1.061403808593750000e+03
1.060907592773437500e+03
1.060426025390625000e+03
1.059951782226562500e+03
1.059499877929687500e+03
1.059056030273437500e+03
1.058619995117187500e+03
1.058192016601562500e+03
1.057772583007812500e+03
1.057369384765625000e+03
1.056968017578125000e+03
1.056576538085937500e+03
1.056202514648437500e+03
1.055832031250000000e+03
1.055457763671875000e+03
1.055110107421875000e+03
1.054767089843750000e+03
1.054421875000000000e+03
1.054097167968750000e+03
1.053771240234375000e+03
1.053459228515625000e+03
1.053146972656250000e+03
1.052849731445312500e+03
1.052560424804687500e+03
1.052272216796875000e+03
1.052000366210937500e+03
1.051730590820312500e+03
1.051463378906250000e+03
1.051213989257812500e+03
1.050968017578125000e+03
1.050718505859375000e+03
1.050488281250000000e+03
1.050248046875000000e+03
1.050027954101562500e+03
1.049813842773437500e+03
1.049590942382812500e+03
1.049382324218750000e+03
1.049180908203125000e+03
1.048987182617187500e+03
1.048786743164062500e+03
1.048602416992187500e+03
1.048419677734375000e+03
1.048246582031250000e+03
1.048076171875000000e+03
1.047901367187500000e+03
1.047744873046875000e+03
1.047577758789062500e+03
1.047414916992187500e+03
1.047264648437500000e+03
1.047119750976562500e+03
1.046973266601562500e+03
1.046825805664062500e+03
1.046692504882812500e+03
1.046559326171875000e+03
1.046418823242187500e+03
1.046294189453125000e+03
1.046170898437500000e+03
1.046049194335937500e+03
1.045922363281250000e+03
1.045812622070312500e+03
1.045698364257812500e+03
1.045586669921875000e+03
1.045477783203125000e+03
1.045364746093750000e+03
1.045262451171875000e+03
1.045156127929687500e+03
1.045053344726562500e+03
1.044947021484375000e+03
1.044837158203125000e+03
1.044739013671875000e+03
1.044630371093750000e+03
1.044518676757812500e+03
1.044404296875000000e+03
1.044302124023437500e+03
1.044190307617187500e+03
1.044068725585937500e+03
1.043952514648437500e+03
1.043841918945312500e+03
1.043722045898437500e+03
1.043608398437500000e+03
1.043485717773437500e+03
1.043354492187500000e+03
1.043222412109375000e+03
1.043089477539062500e+03
1.042955810546875000e+03
1.042814453125000000e+03
1.042680175781250000e+03
1.042523559570312500e+03
1.042374267578125000e+03
1.042218139648437500e+03
1.042062255859375000e+03
1.041899536132812500e+03
1.041730346679687500e+03
1.041562011718750000e+03
1.041387329101562500e+03
1.041206665039062500e+03
1.041035034179687500e+03
1.040842651367187500e+03
1.040666992187500000e+03
1.040471191406250000e+03
1.040277587890625000e+03
1.040078857421875000e+03
1.039875366210937500e+03
1.039667236328125000e+03
1.039461914062500000e+03
1.039244873046875000e+03
1.039023681640625000e+03
1.038798583984375000e+03
1.038569580078125000e+03
1.038343750000000000e+03
1.038113769531250000e+03
1.037879150390625000e+03
1.037639526367187500e+03
1.037402099609375000e+03
1.037151855468750000e+03
1.036888427734375000e+03
1.036633789062500000e+03
1.036365478515625000e+03
1.036090576171875000e+03
1.035808837890625000e+03
1.035527343750000000e+03
1.035245849609375000e+03
1.034941772460937500e+03
1.034637084960937500e+03
1.034324218750000000e+03
1.034002807617187500e+03
1.033679931640625000e+03
1.033340698242187500e+03
1.032999389648437500e+03
1.032655761718750000e+03
1.032287597656250000e+03
1.031923828125000000e+03
1.031549560546875000e+03
1.031172119140625000e+03
1.030768554687500000e+03
1.030368652343750000e+03
1.029957031250000000e+03
1.029541015625000000e+03
1.029120361328125000e+03
1.028672241210937500e+03
1.028226318359375000e+03
1.027782226562500000e+03
1.027317382812500000e+03
1.026846557617187500e+03
1.026369140625000000e+03
1.025885253906250000e+03
1.025386840820312500e+03
1.024873779296875000e+03
1.024360595703125000e+03
1.023839660644531250e+03
1.023295776367187500e+03
1.022758483886718750e+03
1.022212524414062500e+03
1.021627990722656250e+03
1.021071411132812500e+03
1.020490600585937500e+03
1.019900085449218750e+03
1.019306945800781250e+03
1.018711059570312500e+03
1.018111755371093750e+03
1.017494018554687500e+03
1.016857360839843750e+03
1.016216186523437500e+03
1.015577514648437500e+03
1.014918579101562500e+03
1.014253906250000000e+03
1.013582946777343750e+03
1.012905517578125000e+03
1.012206115722656250e+03
1.011506713867187500e+03
1.010799316406250000e+03
1.010076232910156250e+03
1.009351867675781250e+03
1.008618408203125000e+03
1.007867858886718750e+03
1.007107299804687500e+03
1.006321472167968750e+03
1.005547058105468750e+03
1.004768859863281250e+03
1.003971496582031250e+03
1.003191650390625000e+03
1.002377014160156250e+03
1.001556884765625000e+03
1.000723205566406250e+03
9.998906250000000000e+02
9.990363159179687500e+02
9.981748046875000000e+02
9.973055419921875000e+02
9.964281616210937500e+02
9.955348510742187500e+02
9.946398925781250000e+02
9.937355957031250000e+02
9.928140258789062500e+02
9.918822021484375000e+02
9.909470214843750000e+02
9.900008544921875000e+02
9.890355834960937500e+02
9.880733032226562500e+02
9.870984497070312500e+02
9.861109008789062500e+02
9.851099243164062500e+02
9.841027832031250000e+02
9.831038208007812500e+02
9.820679931640625000e+02
9.810319824218750000e+02
9.799805908203125000e+02
9.789207763671875000e+02
9.778521728515625000e+02
9.767520141601562500e+02
9.756720581054687500e+02
9.745602416992187500e+02
9.734459228515625000e+02
9.723216552734375000e+02
9.711944580078125000e+02
9.700494384765625000e+02
9.688939208984375000e+02
9.677348632812500000e+02
9.665573730468750000e+02
9.653835449218750000e+02
9.641984252929687500e+02
9.629867553710937500e+02
9.617856445312500000e+02
9.605650634765625000e+02
9.593472290039062500e+02
9.581021728515625000e+02
9.568594970703125000e+02
9.556114501953125000e+02
9.543504638671875000e+02
9.530764770507812500e+02
9.518039550781250000e+02
9.505179443359375000e+02
9.492257690429687500e+02
9.479271240234375000e+02
9.466143798828125000e+02
9.452948608398437500e+02
9.439608154296875000e+02
9.426271972656250000e+02
9.412860107421875000e+02
9.399373168945312500e+02
9.385734863281250000e+02
9.372089843750000000e+02
9.358364868164062500e+02
9.344555664062500000e+02
9.330587158203125000e+02
9.316531372070312500e+02
9.302534790039062500e+02
9.288297729492187500e+02
9.274043579101562500e+02
9.259768066406250000e+02
9.245320434570312500e+02
9.230774536132812500e+02
9.216203002929687500e+02
9.201453247070312500e+02
9.186673583984375000e+02
9.171860961914062500e+02
9.156865234375000000e+02
9.141833496093750000e+02
9.126614379882812500e+02
9.111355590820312500e+02
9.096058349609375000e+02
9.080576171875000000e+02
9.065206909179687500e+02
9.049433593750000000e+02
9.033703613281250000e+02
9.017944946289062500e+02
9.002084960937500000e+02
8.986049804687500000e+02
8.969991455078125000e+02
8.953912353515625000e+02
8.937737426757812500e+02
8.921545410156250000e+02
8.905189819335937500e+02
8.888818359375000000e+02
8.872286987304687500e+02
8.855818481445312500e+02
8.839193115234375000e+02
8.822561035156250000e+02
8.805850219726562500e+02
8.788988037109375000e+02
8.772199096679687500e+02
8.755262451171875000e+02
8.738179321289062500e+02
8.721250000000000000e+02
8.704104003906250000e+02
8.686817626953125000e+02
8.669691162109375000e+02
8.652354736328125000e+02
8.635031127929687500e+02
8.617725219726562500e+02
8.600288085937500000e+02
8.582796630859375000e+02
8.565253295898437500e+02
8.547660522460937500e+02
8.530018310546875000e+02
8.512256469726562500e+02
8.494523925781250000e+02
8.476749877929687500e+02
8.458859863281250000e+02
8.441007080078125000e+02
8.422968750000000000e+02
8.404970703125000000e+02
8.386939697265625000e+02
8.368729858398437500e+02
8.350566406250000000e+02
8.332227172851562500e+02
8.314012451171875000e+02
8.295626220703125000e+02
8.277219848632812500e+02
8.258795166015625000e+02
8.240280761718750000e+02
8.221755981445312500e+02
8.203150024414062500e+02
8.184466552734375000e+02
8.165709228515625000e+02
8.147253417968750000e+02
8.128211669921875000e+02
8.109404907226562500e+02
8.090465698242187500e+02
8.071546020507812500e+02
8.052575073242187500e+02
8.033557128906250000e+02
8.014496459960937500e+02
7.995470581054687500e+02
7.976334838867187500e+02
7.957240600585937500e+02
7.937969970703125000e+02
7.918823852539062500e+02
7.899508666992187500e+02
7.880249633789062500e+02
7.860904541015625000e+02
7.841549072265625000e+02
7.822261962890625000e+02
7.802824707031250000e+02
7.783389282226562500e+02
7.763958740234375000e+02
7.744463500976562500e+02
7.724981079101562500e+02
7.705515136718750000e+02
7.685920410156250000e+02
7.666350708007812500e+02
7.646807861328125000e+02
7.627222290039062500e+02
7.607672119140625000e+02
7.588012695312500000e+02
7.568320922851562500e+02
7.548674926757812500e+02
7.529005737304687500e+02
7.509390258789062500e+02
7.489609375000000000e+02
7.469815673828125000e+02
7.450087280273437500e+02
7.430352783203125000e+02
7.410691528320312500e+02
7.390883178710937500e+02
7.371082153320312500e+02
7.351364135742187500e+02
7.331585083007812500e+02
7.311749877929687500e+02
7.292009887695312500e+02
7.272218627929687500e+02
7.252454223632812500e+02
7.232719116210937500e+02
7.212866821289062500e+02
7.193123168945312500e+02
7.173267822265625000e+02
7.153526000976562500e+02
7.133752441406250000e+02
7.113875122070312500e+02
7.094119873046875000e+02
7.074340209960937500e+02
7.054464721679687500e+02
7.034719238281250000e+02
7.014956665039062500e+02
6.995255737304687500e+02
6.975394897460937500e+02
6.955600585937500000e+02
6.935800170898437500e+02
6.916072387695312500e+02
6.896342773437500000e+02
6.876541748046875000e+02
6.856746215820312500e+02
6.837032470703125000e+02
6.817180175781250000e+02
6.797489624023437500e+02
6.777814941406250000e+02
6.758009033203125000e+02
6.738372802734375000e+02
6.718610839843750000e+02
6.698875732421875000e+02
6.679242553710937500e+02
6.659566650390625000e+02
6.639998168945312500e+02
6.620317382812500000e+02
6.600675048828125000e+02
6.581148681640625000e+02
6.561442871093750000e+02
6.541931762695312500e+02
6.522469482421875000e+02
6.502910156250000000e+02
6.483479003906250000e+02
6.463954467773437500e+02
6.444638061523437500e+02
6.425233764648437500e+02
6.405968627929687500e+02
6.386619873046875000e+02
6.367339477539062500e+02
6.348130493164062500e+02
6.328920898437500000e+02
6.309638061523437500e+02
6.290579833984375000e+02
6.271448364257812500e+02
6.252392578125000000e+02
6.233337402343750000e+02
6.214357299804687500e+02
6.195452880859375000e+02
6.176547851562500000e+02
6.157717895507812500e+02
6.138888549804687500e+02
6.120132446289062500e+02
6.101376953125000000e+02
6.082695312500000000e+02
6.063939208984375000e+02
6.045256347656250000e+02
6.026721801757812500e+02
6.008112792968750000e+02
5.989502563476562500e+02
5.971040039062500000e+02
5.952502441406250000e+02
5.934038696289062500e+02
5.915647583007812500e+02
5.897255859375000000e+02
5.878937377929687500e+02
5.860618286132812500e+02
5.842297973632812500e+02
5.824125366210937500e+02
5.805952148437500000e+02
5.787629394531250000e+02
5.769602661132812500e+02
5.751500854492187500e+02
5.733472290039062500e+02
5.715517578125000000e+02
5.697488403320312500e+02
5.679680786132812500e+02
5.661798706054687500e+02
5.643989868164062500e+02
5.626181030273437500e+02
5.608520507812500000e+02
5.590784912109375000e+02
5.573271484375000000e+02
5.555684204101562500e+02
5.538095703125000000e+02
5.520656738281250000e+02
5.503291015625000000e+02
5.485924682617187500e+02
5.468632812500000000e+02
5.451414794921875000e+02
5.434270629882812500e+02
5.417200317382812500e+02
5.400129394531250000e+02
5.383130493164062500e+02
5.366201782226562500e+02
5.349415283203125000e+02
5.332547607421875000e+02
5.315818481445312500e+02
5.299152832031250000e+02
5.282473754882812500e+02
5.266002807617187500e+02
5.249514770507812500e+02
5.233081665039062500e+02
5.216702880859375000e+02
5.200375366210937500e+02
5.184172363281250000e+02
5.167943115234375000e+02
5.151907958984375000e+02
5.135842895507812500e+02
5.119819641113281250e+02
5.103911437988281250e+02
5.087966918945312500e+02
5.072132568359375000e+02
5.056333618164062500e+02
5.040640563964843750e+02
5.025053100585937500e+02
5.009419555664062500e+02
4.993961791992187500e+02
4.978453979492187500e+02
4.963118286132812500e+02
4.947729187011718750e+02
4.932433471679687500e+02
4.917229309082031250e+02
4.902115478515625000e+02
4.887015075683593750e+02
4.872000427246093750e+02
4.856996459960937500e+02
4.842074279785156250e+02
4.827233276367187500e+02
4.812396850585937500e+02
4.797712097167968750e+02
4.783028869628906250e+02
4.768493041992187500e+02
4.753880920410156250e+02
4.739339599609375000e+02
4.724866638183593750e+02
4.710534973144531250e+02
4.696194152832031250e+02
4.681917419433593750e+02
4.667851257324218750e+02
4.653771667480468750e+02
4.639676208496093750e+02
4.625712280273437500e+02
4.611804809570312500e+02
4.597951660156250000e+02
4.584151611328125000e+02
4.570477905273437500e+02
4.556854858398437500e+02
4.543280639648437500e+02
4.529828796386718750e+02
4.516349487304687500e+02
4.502989501953125000e+02
4.489673156738281250e+02
4.476473388671875000e+02
4.463315429687500000e+02
4.450196533203125000e+02
4.437190246582031250e+02
4.424295043945312500e+02
4.411361389160156250e+02
4.398535461425781250e+02
4.385891113281250000e+02
4.373277587890625000e+02
4.360619201660156250e+02
4.348137817382812500e+02
4.335756835937500000e+02
4.323400878906250000e+02
4.311068115234375000e+02
4.298831481933593750e+02
4.286838073730468750e+02
4.274789123535156250e+02
4.262756958007812500e+02
4.250814208984375000e+02
4.238959655761718750e+02
4.227190856933593750e+02
4.215432739257812500e+02
4.203757324218750000e+02
4.192163391113281250e+02
4.180648193359375000e+02
4.169285888671875000e+02
4.157850341796875000e+02
4.146563415527343750e+02
4.135423583984375000e+02
4.124205932617187500e+02
4.113132019042968750e+02
4.102050781250000000e+02
4.091109619140625000e+02
4.080158386230468750e+02
4.069343566894531250e+02
4.058589477539062500e+02
4.047819824218750000e+02
4.037107849121093750e+02
4.026525573730468750e+02
4.015997619628906250e+02
4.005449218750000000e+02
3.995103149414062500e+02
3.984661865234375000e+02
3.974422607421875000e+02
3.964161987304687500e+02
3.953954772949218750e+02
3.943874511718750000e+02
3.933773193359375000e+02
3.923799133300781250e+02
3.913877563476562500e+02
3.904009094238281250e+02
3.894193115234375000e+02
3.884430236816406250e+02
3.874720153808593750e+02
3.865062866210937500e+02
3.855533142089843750e+02
3.845982360839843750e+02
3.836633300781250000e+02
3.827263488769531250e+02
3.817872619628906250e+02
3.808684082031250000e+02
3.799549255371093750e+02
3.790393676757812500e+02
3.781292419433593750e+02
3.772319335937500000e+02
3.763400573730468750e+02
3.754536437988281250e+02
3.745800781250000000e+02
3.737045593261718750e+02
3.728419189453125000e+02
3.719772949218750000e+02
3.711256103515625000e+02
3.702868347167968750e+02
3.694535827636718750e+02
3.686257629394531250e+02
3.677960205078125000e+02
3.669717407226562500e+02
3.661603698730468750e+02
3.653395996093750000e+02
3.645317077636718750e+02
3.637441406250000000e+02
3.629768066406250000e+02
3.621926269531250000e+02
3.614138183593750000e+02
3.606403808593750000e+02
3.598796691894531250e+02
3.591168823242187500e+02
3.583593139648437500e+02
3.576144714355468750e+02
3.568673706054687500e+02
3.561255493164062500e+02
3.553965454101562500e+02
3.546729125976562500e+02
3.539472961425781250e+02
3.532347106933593750e+02
3.525202331542968750e+02
3.518114013671875000e+02
3.511157531738281250e+02
3.504184265136718750e+02
3.497269592285156250e+02
3.490413513183593750e+02
3.483617553710937500e+02
3.476807556152343750e+02
3.469984130859375000e+02
3.463296508789062500e+02
3.456745910644531250e+02
3.450183715820312500e+02
3.443611145019531250e+02
3.437102966308593750e+02
3.430734863281250000e+02
3.424358215332031250e+02
3.417974243164062500e+02
3.411732482910156250e+02
3.405410766601562500e+02
3.399307556152343750e+02
3.393200378417968750e+02
3.387016296386718750e+02
3.380979003906250000e+02
3.374941101074218750e+02
3.368977661132812500e+02
3.363016357421875000e+02
3.357056884765625000e+02
3.351250305175781250e+02
3.345448608398437500e+02
3.339504089355468750e+02
3.333641357421875000e+02
3.328084411621093750e+02
3.322388610839843750e+02
3.316777954101562500e+02
3.311328125000000000e+02
3.306040344238281250e+02
3.300544738769531250e+02
3.295139160156250000e+02
3.289825439453125000e+02
3.284381408691406250e+02
3.279180297851562500e+02
3.273999938964843750e+02
3.268767395019531250e+02
3.263706970214843750e+02
3.258448181152343750e+02
3.253363647460937500e+02
3.248454284667968750e+02
3.243423767089843750e+02
3.238495483398437500e+02
3.233596801757812500e+02
3.228504943847656250e+02
3.223741455078125000e+02
3.219157714843750000e+02
3.214458312988281250e+02
3.209717407226562500e+02
3.205084228515625000e+02
3.200411071777343750e+02
3.195847473144531250e+02
3.191319274902343750e+02
3.186752624511718750e+02
3.182297058105468750e+02
3.177878417968750000e+02
3.173422851562500000e+02
3.169079284667968750e+02
3.164848632812500000e+02
3.160507812500000000e+02
3.156131896972656250e+02
3.151943969726562500e+02
3.147721252441406250e+02
3.143538513183593750e+02
3.139396362304687500e+02
3.135443420410156250e+02
3.131383056640625000e+02
3.127289733886718750e+02
3.123163757324218750e+02
3.119154052734375000e+02
3.115187072753906250e+02
3.111039733886718750e+02
3.107084655761718750e+02
3.103172607421875000e+02
3.099231262207031250e+02
3.095334167480468750e+02
3.091407775878906250e+02
3.087527160644531250e+02
3.083841857910156250e+02
3.079980468750000000e+02
3.076166687011718750e+02
3.072401733398437500e+02
3.068685302734375000e+02
3.065019531250000000e+02
3.061404113769531250e+02
3.057691955566406250e+02
3.054180908203125000e+02
3.050426025390625000e+02
3.046725769042968750e+02
3.043154602050781250e+02
3.039563293457031250e+02
3.036101684570312500e+02
3.032546386718750000e+02
3.029046325683593750e+02
3.025527343750000000e+02
3.022064514160156250e+02
3.018582763671875000e+02
3.015157775878906250e+02
3.011789245605468750e+02
3.008403015136718750e+02
3.004999084472656250e+02
3.001653137207031250e+02
2.998364257812500000e+02
2.994984741210937500e+02
2.991737670898437500e+02
2.988474121093750000e+02
2.985195007324218750e+02
2.981899719238281250e+02
2.978737487792968750e+02
2.975559692382812500e+02
2.972291870117187500e+02
2.969157104492187500e+02
2.965932617187500000e+02
2.962840881347656250e+02
2.959658813476562500e+02
2.956609497070312500e+02
2.953469848632812500e+02
2.950462036132812500e+02
2.947437438964843750e+02
2.944395751953125000e+02
2.941336059570312500e+02
2.938333129882812500e+02
2.935311584472656250e+02
2.932344970703125000e+02
2.929359130859375000e+02
2.926352539062500000e+02
2.923399658203125000e+02
2.920499267578125000e+02
2.917502746582031250e+02
2.914557189941406250e+02
2.911736755371093750e+02
2.908742980957031250e+02
2.905873107910156250e+02
2.902976989746093750e+02
2.900128784179687500e+02
2.897178649902343750e+02
2.894423522949218750e+02
2.891564636230468750e+02
2.888676757812500000e+02
2.885906066894531250e+02
2.883028869628906250e+02
2.880192565917968750e+02
2.877321166992187500e+02
2.874562377929687500e+02
2.871691589355468750e+02
2.868856811523437500e+02
2.865982360839843750e+02
2.863215942382812500e+02
2.860407409667968750e+02
2.857482299804687500e+02
2.854661865234375000e+02
2.851797180175781250e+02
2.848961486816406250e+02
2.846154174804687500e+02
2.843300170898437500e+02
2.840473022460937500e+02
2.837597961425781250e+02
2.834748840332031250e+02
2.831850585937500000e+02
2.829051818847656250e+02
2.826128540039062500e+02
2.823229675292968750e+02
2.820428466796875000e+02
2.817502441406250000e+02
2.814598999023437500e+02
2.811792907714843750e+02
2.808860473632812500e+02
2.806024475097656250e+02
2.803061828613281250e+02
2.800268859863281250e+02
2.797274780273437500e+02
2.794449768066406250e+02
2.791571350097656250e+02
2.788712768554687500e+02
2.785874328613281250e+02
2.782980346679687500e+02
2.780105590820312500e+02
2.777323303222656250e+02
2.774410095214843750e+02
2.771588134765625000e+02
2.768708190917968750e+02
2.765844116210937500e+02
2.762994384765625000e+02
2.760158996582031250e+02
2.757336425781250000e+02
2.754451599121093750e+02
2.751651916503906250e+02
2.748787841796875000e+02
2.745932617187500000e+02
2.743010253906250000e+02
2.740242919921875000e+02
2.737406616210937500e+02
2.734574279785156250e+02
2.731744689941406250e+02
2.728916320800781250e+02
2.726013183593750000e+02
2.723257446289062500e+02
2.720424194335937500e+02
2.717512207031250000e+02
2.714743041992187500e+02
2.711891784667968750e+02
2.709031677246093750e+02
2.706235656738281250e+02
2.703353271484375000e+02
2.700457458496093750e+02
2.697546691894531250e+02
2.694619445800781250e+02
2.691674804687500000e+02
2.688785095214843750e+02
2.685875244140625000e+02
2.682943420410156250e+02
2.679988708496093750e+02
2.677010192871093750e+02
2.674080200195312500e+02
2.671050109863281250e+02
2.668066711425781250e+02
2.664981384277343750e+02
2.662015075683593750e+02
2.658870849609375000e+02
2.655844421386718750e+02
2.652712707519531250e+02
2.649601135253906250e+02
2.646516723632812500e+02
2.643407287597656250e+02
2.640257568359375000e+02
2.637126464843750000e+02
2.633946533203125000e+02
2.630770263671875000e+02
2.627582092285156250e+02
2.624360046386718750e+02
2.621148071289062500e+02
2.617924194335937500e+02
2.614681091308593750e+02
2.611426391601562500e+02
2.608166809082031250e+02
2.604887390136718750e+02
2.601618957519531250e+02
2.598323059082031250e+02
0.000000000000000000e+00
0.000000000000000000e+00
0.000000000000000000e+00
0.000000000000000000e+00
0.000000000000000000e+00
0.000000000000000000e+00
0.000000000000000000e+00
0.000000000000000000e+00
0.000000000000000000e+00
0.000000000000000000e+00
0.000000000000000000e+00
0.000000000000000000e+00
0.000000000000000000e+00
0.000000000000000000e+00
0.000000000000000000e+00
0.000000000000000000e+00
0.000000000000000000e+00
0.000000000000000000e+00
0.000000000000000000e+00
0.000000000000000000e+00
0.000000000000000000e+00
0.000000000000000000e+00
0.000000000000000000e+00
0.000000000000000000e+00
0.000000000000000000e+00
0.000000000000000000e+00
0.000000000000000000e+00
0.000000000000000000e+00
0.000000000000000000e+00
0.000000000000000000e+00
0.000000000000000000e+00
0.000000000000000000e+00
0.000000000000000000e+00
0.000000000000000000e+00
0.000000000000000000e+00
0.000000000000000000e+00
0.000000000000000000e+00
0.000000000000000000e+00
0.000000000000000000e+00
0.000000000000000000e+00
0.000000000000000000e+00
0.000000000000000000e+00
0.000000000000000000e+00
0.000000000000000000e+00
0.000000000000000000e+00
0.000000000000000000e+00
0.000000000000000000e+00
0.000000000000000000e+00
0.000000000000000000e+00
0.000000000000000000e+00
0.000000000000000000e+00
0.000000000000000000e+00
0.000000000000000000e+00
0.000000000000000000e+00
0.000000000000000000e+00
0.000000000000000000e+00
0.000000000000000000e+00
0.000000000000000000e+00
0.000000000000000000e+00
0.000000000000000000e+00
0.000000000000000000e+00
0.000000000000000000e+00
0.000000000000000000e+00
0.000000000000000000e+00
0.000000000000000000e+00
0.000000000000000000e+00
0.000000000000000000e+00
0.000000000000000000e+00
0.000000000000000000e+00
0.000000000000000000e+00
0.000000000000000000e+00
0.000000000000000000e+00
0.000000000000000000e+00
0.000000000000000000e+00
0.000000000000000000e+00
0.000000000000000000e+00
0.000000000000000000e+00
0.000000000000000000e+00
0.000000000000000000e+00
0.000000000000000000e+00
0.000000000000000000e+00
0.000000000000000000e+00
0.000000000000000000e+00
0.000000000000000000e+00
0.000000000000000000e+00
0.000000000000000000e+00
0.000000000000000000e+00
0.000000000000000000e+00
0.000000000000000000e+00
0.000000000000000000e+00
0.000000000000000000e+00
0.000000000000000000e+00
0.000000000000000000e+00
0.000000000000000000e+00
0.000000000000000000e+00
0.000000000000000000e+00
0.000000000000000000e+00
0.000000000000000000e+00
0.000000000000000000e+00
0.000000000000000000e+00
