# d_a
# unit = Mpc
0.000000000000000000e+00
9.868290444406238748e+01
1.949565902797840806e+02
2.888888501107224442e+02
3.805450153496946655e+02
4.699880725119035674e+02
5.572787727766969965e+02
6.424757352647536663e+02
7.256355444445804324e+02
8.068128420518561370e+02
8.860604138773967406e+02
9.634292717538381794e+02
1.038968731047638130e+03
1.112726483941246670e+03
1.184748668770291488e+03
1.255079935662133948e+03
1.323763508705155118e+03
1.390841244862270742e+03
1.456353689827708422e+03
1.520340131012521852e+03
1.582838647831853677e+03
1.643886159455404140e+03
1.703518470171804893e+03
1.761770312507685276e+03
1.818675388232947626e+03
1.874266407375226891e+03
1.928575125358492187e+03
1.981632378373412394e+03
2.033468117080128195e+03
2.084111438737732897e+03
2.133590617848750753e+03
2.181933135401353411e+03
2.229165706786880492e+03
2.275314308465376143e+03
2.320404203447360487e+03
2.364459965655864380e+03
2.407505503228797352e+03
2.449564080818082857e+03
2.490658340938561196e+03
2.530810324416463118e+03
2.570041489984268537e+03
2.608372733065976263e+03
2.645824403794186310e+03
2.682416324297959818e+03
2.718167805298126495e+03
2.753097662044582648e+03
2.787224229628098328e+03
2.820565377697287204e+03
2.853138524609624255e+03
2.884960651043761118e+03
2.916048313098826839e+03
2.946417654904960273e+03
2.976084420767985648e+03
3.005063966869782689e+03
3.033371272544863587e+03
3.061020951152351699e+03
3.088027260561684670e+03
3.114404113269233221e+03
3.140165086162195621e+03
3.165323429945198313e+03
3.189892078244254208e+03
3.213883656401872940e+03
3.237310489976556710e+03
3.260184612959028527e+03
3.282517775717066343e+03
3.304321452680123002e+03
3.325606849774366310e+03
3.346384911618243223e+03
3.366666328488172894e+03
3.386461543063458066e+03
3.405780756959138671e+03
3.424633937054979924e+03
3.443030821628501144e+03
3.460980926299489056e+03
3.478493549793118746e+03
3.495577779528493920e+03
3.512242497039065256e+03
3.528496383231089112e+03
3.544347923486034688e+03
3.559805412612566670e+03
3.574876959653466201e+03
3.589570492552619271e+03
3.603893762687005164e+03
3.617854349268351143e+03
3.631459663618968989e+03
3.644716953326064413e+03
3.657633306278612963e+03
3.670215654590816484e+03
3.682470778415828136e+03
3.694405309653460336e+03
3.706025735555287156e+03
3.717338402230527663e+03
3.728349518055887529e+03
3.739065156992439825e+03
3.749491261812518133e+03
3.759633647239452785e+03
3.769498003002878249e+03
3.779089896812261486e+03
3.788414777251161013e+03
3.797477976594665051e+03
3.806284713552347512e+03
3.814840095939010553e+03
3.823149123275376041e+03
3.831216689320841397e+03
3.839047584540311618e+03
3.846646498507064280e+03
3.854018022243536052e+03
3.861166650501832464e+03
3.868096783985729417e+03
3.874812731515878113e+03
3.881318712139792751e+03
3.887618857188284437e+03
3.893717212279782871e+03
3.899617739274116502e+03
3.905324318177085843e+03
3.910840748997297396e+03
3.916170753556534237e+03
3.921317977254980178e+03
3.926285990792584471e+03
3.931078291847696619e+03
3.935698306714236423e+03
3.940149391898492013e+03
3.944434835676635885e+03
3.948557859614055815e+03
3.952521620047534270e+03
3.956329209531253582e+03
3.959983658247626863e+03
3.963487935383884178e+03
3.966844950475332553e+03
3.970057554716183859e+03
3.973128542238781392e+03
3.976060651362119188e+03
3.978856565810397115e+03
3.981518915902448498e+03
3.984050279712781503e+03
3.986453184204972331e+03
3.988730106338156929e+03
3.990883474147289235e+03
3.992915667797854894e+03
3.994829020615710760e+03
3.996625820092684990e+03
3.998308308868553468e+03
3.999878685690009206e+03
4.001339106347198594e+03
4.002691684588412954e+03
4.003938493013484276e+03
4.005081563946413553e+03
4.006122890287771952e+03
4.007064426347395056e+03
4.007908088657817189e+03
4.008655756769008804e+03
4.009309274024807110e+03
4.009870448321542426e+03
4.010341052849294101e+03
4.010722826816216639e+03
4.011017476156332577e+03
4.011226674221226858e+03
4.011352062456025124e+03
4.011395251060054761e+03
4.011357819632562041e+03
4.011241317803841866e+03
4.011047265852154396e+03
4.010777155306765508e+03
4.010432449537459433e+03
4.010014584330835532e+03
4.009524968453738438e+03
4.008964984204090342e+03
4.008335987949489663e+03
4.007639310653825305e+03
4.006876258392193904e+03
4.006048112854444753e+03
4.005156131837583416e+03
4.004201549727320526e+03
4.003185577969012229e+03
4.002109405528275147e+03
4.000974199341475924e+03
3.999781104756383684e+03
3.998531245963187757e+03
3.997225726416109865e+03
3.995865629245869059e+03
3.994452017663152219e+03
3.992985935353371588e+03
3.991468406862858046e+03
3.989900437976730700e+03
3.988283016088607837e+03
3.986617110562369362e+03
3.984903673086157141e+03
3.983143638018779257e+03
3.981337922728700505e+03
3.979487427925816974e+03
3.977593037986121999e+03
3.975655621269501808e+03
3.973676030430757692e+03
3.971655102724052995e+03
3.969593660300913143e+03
3.967492510501920606e+03
3.965352446142294866e+03
3.963174245791423346e+03
3.960958674046556098e+03
3.958706481800751590e+03
3.956418406505203620e+03
3.954095172426124009e+03
3.951737490896228337e+03
3.949346060561027116e+03
3.946921567619983307e+03
3.944464686062666260e+03
3.941976077900034852e+03
3.939456393390935318e+03
3.936906271263928829e+03
3.934326338934557498e+03
3.931717212718147039e+03
3.929079498038247038e+03
3.926413789630800238e+03
3.923720671744151787e+03
3.921000718334965313e+03
3.918254493260169056e+03
3.915482550464991618e+03
3.912685434167173298e+03
3.909863679037479869e+03
3.907017810376536090e+03
3.904148344288105818e+03
3.901255787848894670e+03
3.898340639274916612e+03
3.895403388084537710e+03
3.892444515258259344e+03
3.889464493395289082e+03
3.886463786867006093e+03
3.883442851967354272e+03
3.880402137060265432e+03
3.877342082724127522e+03
3.874263119813095727e+03
3.871165677853230136e+03
3.868050172886947166e+03
3.864917015738968075e+03
3.861766610129177934e+03
3.858599352800824818e+03
3.855415633646210608e+03
3.852215835829933440e+03
3.849000335909702244e+03
3.845769503954811626e+03
3.842523703662309345e+03
3.839263292470893703e+03
3.835988621672613135e+03
3.832700036522406208e+03
3.829397876345504756e+03
3.826082474642791112e+03
3.822754159194101703e+03
3.819413252159562035e+03
3.816060070178957176e+03
3.812694924469225953e+03
3.809318120920056572e+03
3.805929960187684173e+03
3.802530737786881218e+03
3.799120744181212558e+03
3.795700264871564286e+03
3.792269580482993206e+03
3.788828966849944209e+03
3.785378695099834204e+03
3.781919031735087174e+03
3.778450238713601721e+03
3.774972573527709301e+03
3.771486289281655900e+03
3.767991634767633514e+03
3.764488854540375087e+03
3.760978188990367016e+03
3.757459874415693776e+03
3.753934143092547856e+03
3.750401223344420032e+03
3.746861339610009509e+03
3.743314712509890342e+03
3.739761558911913198e+03
3.736202091995434330e+03
3.732636521314332185e+03
3.729065052858882154e+03
3.725487889116490351e+03
3.721905229131300985e+03
3.718317268562736444e+03
3.714724199742935980e+03
3.711126211733175296e+03
3.707523490379240229e+03
3.703916218365794975e+03
3.700304575269765792e+03
3.696688737612761088e+03
3.693068878912526088e+03
3.689445169733483908e+03
3.685817777736361677e+03
3.682186867726905348e+03
3.678552601703744585e+03
3.674915138905377262e+03
3.671274635856317673e+03
3.667631246412419841e+03
3.663985121805387280e+03
3.660336410686494219e+03
3.656685259169518758e+03
3.653031810872916594e+03
3.649376206961240769e+03
3.645718586185841559e+03
3.642059084924825584e+03
3.638397837222318230e+03
3.634734974827029873e+03
3.631070627230146329e+03
3.627404921702546289e+03
3.623737983331377563e+03
3.620069935055957558e+03
3.616400897703095779e+03
3.612730990021746493e+03
3.609060328717103857e+03
3.605389028484053142e+03
3.601717202040078973e+03
3.598044960157583773e+03
3.594372411695644587e+03
3.590699663631224666e+03
3.587026821089839359e+03
3.583353987375693123e+03
3.579681264001299496e+03
3.576008750716587201e+03
3.572336545537501479e+03
3.568664744774127030e+03
3.564993443058306639e+03
3.561322733370810965e+03
3.557652707068015843e+03
3.553983453908160755e+03
3.550315062077112998e+03
3.546647618213733040e+03
3.542981207434785574e+03
3.539315913359434489e+03
3.535651818133321740e+03
3.531989002452234217e+03
3.528327545585374537e+03
3.524667525398245289e+03
3.521009018375127198e+03
3.517352099641193945e+03
3.513696842984255909e+03
3.510043320876126472e+03
3.506391604493645445e+03
3.502741763739330509e+03
3.499093867261708056e+03
3.495447982475275694e+03
3.491804175580156425e+03
3.488162511581409944e+03
3.484523054308025166e+03
3.480885866431610339e+03
3.477251009484746646e+03
3.473618543879063509e+03
3.469988528922991463e+03
3.466361022839254474e+03
3.462736082782025278e+03
3.459113764853851080e+03
3.455494124122250469e+03
3.451877214636082499e+03
3.448263089441608827e+03
3.444651800598318914e+03
3.441043399194475114e+03
3.437437935362429471e+03
3.433835458293661759e+03
3.430236016253587422e+03
3.426639656596128589e+03
3.423046425778031789e+03
3.419456369372964218e+03
3.415869532085383526e+03
3.412285957764172508e+03
3.408705689416060977e+03
3.405128769218821617e+03
3.401555238534269392e+03
3.397985137921032674e+03
3.394418507147118362e+03
3.390855385202302841e+03
3.387295810310284196e+03
3.383739819940665711e+03
3.380187450820738832e+03
3.376638738947073307e+03
3.373093719596937262e+03
3.369552427339511723e+03
3.366014896046942340e+03
3.362481158905213306e+03
3.358951248424840742e+03
3.355425196451399188e+03
3.351903034175894845e+03
3.348384792144935545e+03
3.344870500270793855e+03
3.341360187841261904e+03
3.337853883529372979e+03
3.334351615402980315e+03
3.330853410934151270e+03
3.327359297008446902e+03
3.323869299934034643e+03
3.320383445450667296e+03
3.316901758738519220e+03
3.313424264426877471e+03
3.309950986602707417e+03
3.306481948819075569e+03
3.303017174103437810e+03
3.299556684965816203e+03
3.296100503406824828e+03
3.292648650925580569e+03
3.289201148527503847e+03
3.285758016731967018e+03
3.282319275579855457e+03
3.278884944640986760e+03
3.275455043021439906e+03
3.272029589370742542e+03
