# d_l
# unit = Mpc
0.000000000000000000e+00
1.006664308233880405e+02
2.028328365270873803e+02
3.064821810824654449e+02
4.115974886022297596e+02
5.181618499443737846e+02
6.261584290918967781e+02
7.355704693046164948e+02
8.463812990401587513e+02
9.585743376418104162e+02
1.072133100791650349e+03
1.187041205727904298e+03
1.303282376226157339e+03
1.420840447344577569e+03
1.539699369933871139e+03
1.659843214913172005e+03
1.781256177313656508e+03
1.903922580091962345e+03
2.027826877716101080e+03
2.152953659526831871e+03
2.279287652877869277e+03
2.406813726058656812e+03
2.535516891003714136e+03
2.665382305792877105e+03
2.796395276946980175e+03
2.928541261523791945e+03
3.061805869019142392e+03
3.196174863078477301e+03
3.331634163024082227e+03
3.468169845203461591e+03
3.605768144164389014e+03
3.744415453662262735e+03
3.884098327505460929e+03
4.024803480244404000e+03
4.166517787710081393e+03
4.309228287407813696e+03
4.452922178771982544e+03
4.597586823287459993e+03
4.743209744483395298e+03
4.889778627805048927e+03
5.037281320369165769e+03
5.185705830608468204e+03
5.335040327810596864e+03
5.485273141556897826e+03
5.636392761066194907e+03
5.788387834448734793e+03
5.941247167875254490e+03
6.094959724666066904e+03
6.249514624304921199e+03
6.404901141382253627e+03
6.561108704472360841e+03
6.718126894948799418e+03
6.875945445742354423e+03
7.034554240045475126e+03
7.193943309967398818e+03
7.354102835143525226e+03
7.515023141302916883e+03
7.676694698797334240e+03
7.839108121095305250e+03
8.002254163244453594e+03
8.166123720305291499e+03
8.330707825759292973e+03
8.495997649894477945e+03
8.661984498170841107e+03
8.828659809568622222e+03
8.996015154921633439e+03
9.164042235238246576e+03
9.332732880012117676e+03
9.502079045525020774e+03
9.672072813143540770e+03
9.842706387611913669e+03
1.001397209534246758e+04
1.018586238270575814e+04
1.035836981432174071e+04
1.053148707135364566e+04
1.070520694980601183e+04
1.087952235882820787e+04
1.105442631902467838e+04
1.122991196077315362e+04
1.140597252255192507e+04
1.158260134927723084e+04
1.175979189065163700e+04
1.193753769952443690e+04
1.211583243026478158e+04
1.229466983714837988e+04
1.247404377275845764e+04
1.265394818640148696e+04
1.283437712253862810e+04
1.301532471923290177e+04
1.319678520661312723e+04
1.337875290535458407e+04
1.356122222517719092e+04
1.374418766336122280e+04
1.392764380328114203e+04
1.411158531295759349e+04
1.429600694362802096e+04
1.448090352833585712e+04
1.466626998053870375e+04
1.485210129273545135e+04
1.503839253511253264e+04
1.522513885420939005e+04
1.541233547160319358e+04
1.559997768261284546e+04
1.578806085502225869e+04
1.597658042782296252e+04
1.616553190997593447e+04
1.635491087919267011e+04
1.654471298073530488e+04
1.673493392623585896e+04
1.692556949253450512e+04
1.711661552053648848e+04
1.730806791408796562e+04
1.749992263887025911e+04
1.769217572131273846e+04
1.788482324752378190e+04
1.807786136224001166e+04
1.827128626779336992e+04
1.846509422309597721e+04
1.865928154264267141e+04
1.885384459553073611e+04
1.904877980449690585e+04
1.924408364497142611e+04
1.943975264414872800e+04
1.963578338007473576e+04
1.983217248075051248e+04
2.002891662325197103e+04
2.022601253286557403e+04
2.042345698223961881e+04
2.062124679055097295e+04
2.081937882268714020e+04
2.101784998844314759e+04
2.121665724173340641e+04
2.141579757981788498e+04
2.161526804254280432e+04
2.181506571159530358e+04
2.201518770977196255e+04
2.221563120026100660e+04
2.241639338593791399e+04
2.261747150867416713e+04
2.281886284865900234e+04
2.302056472373387442e+04
2.322257448873944668e+04
2.342488953487496838e+04
2.362750728906956647e+04
2.383042521336557547e+04
2.403364080431344337e+04
2.423715159237811531e+04
2.444095514135666235e+04
2.464504904780702054e+04
2.484943094048733838e+04
2.505409847980630730e+04
2.525904935728368218e+04
2.546428129502112643e+04
2.566979204518305050e+04
2.587557938948750234e+04
2.608164113870654910e+04
2.628797513217623418e+04
2.649457923731580740e+04
2.670145134915615199e+04
2.690858938987718648e+04
2.711599130835397591e+04
2.732365507971146872e+04
2.753157870488776462e+04
2.773976021020565167e+04
2.794819764695219419e+04
2.815688909096638235e+04
2.836583264223446531e+04
2.857502642449311679e+04
2.878446858484002951e+04
2.899415729335175638e+04
2.920409074270890414e+04
2.941426714782839554e+04
2.962468474550260362e+04
2.983534179404524912e+04
3.004623657294408258e+04
3.025736738251991119e+04
3.046873254359222483e+04
3.068033039715094492e+04
3.089215930403426682e+04
3.110421764461277053e+04
3.131650381847911194e+04
3.152901624414376056e+04
3.174175335873619770e+04
3.195471361771183729e+04
3.216789549456427267e+04
3.238129748054284937e+04
3.259491808437553846e+04
3.280875583199688845e+04
3.302280926628093584e+04
3.323707694677921972e+04
3.345155744946328923e+04
3.366624936647227150e+04
3.388115130586481246e+04
3.409626189137571782e+04
3.431157976217697433e+04
3.452710357264296908e+04
3.474283199212032923e+04
3.495876370470155962e+04
3.517489740900303150e+04
3.539123181794690026e+04
3.560776565854683577e+04
3.582449767169792904e+04
3.604142661196996050e+04
3.625855124740473548e+04
3.647587035931683931e+04
3.669338274209795054e+04
3.691108720302477013e+04
3.712898256207021768e+04
3.734706765171813458e+04
3.756534131678104313e+04
3.778380241422139807e+04
3.800244981297572667e+04
3.822128239378206490e+04
3.844029904901027476e+04
3.865949868249542487e+04
3.887888020937402325e+04
3.909844255592322588e+04
3.931818465940250462e+04
3.953810546789861837e+04
3.975820394017266517e+04
3.997847904551020474e+04
4.019892976357379666e+04
4.041955508425804874e+04
4.064035400754716829e+04
4.086132554337511101e+04
4.108246871148773789e+04
4.130378254130779533e+04
4.152526607180172141e+04
4.174691835134916619e+04
4.196873843761422904e+04
4.219072537476461730e+04
4.241287828312777128e+04
4.263519622562907898e+04
4.285767829582784179e+04
4.308032359595705202e+04
4.330313123680725403e+04
4.352610033761225350e+04
4.374923002593697311e+04
4.397251943756679975e+04
4.419596771639909275e+04
4.441957401433629275e+04
4.464333749118080596e+04
4.486725731453155458e+04
4.509133265968246269e+04
4.531556270952216437e+04
4.553994665443582926e+04
4.576448369220810855e+04
4.598917302792807459e+04
4.621401387389524461e+04
4.643900544952761993e+04
4.666414698127069278e+04
4.688943770250829402e+04
4.711487685347456863e+04
4.734046368116767553e+04
4.756619743926449883e+04
4.779207738803693064e+04
4.801810279426945635e+04
4.824427293117787485e+04
4.847058707832956861e+04
4.869704452156476327e+04
4.892364455291911872e+04
4.915038647054746980e+04
4.937726957864897850e+04
4.960429318739306473e+04
4.983145661284677044e+04
5.005875917690307688e+04
5.028620020721053879e+04
5.051377903710365354e+04
5.074149500553459802e+04
5.096934745700591884e+04
5.119733574150409549e+04
5.142545921443435509e+04
5.165371723655625829e+04
5.188210917392034025e+04
5.211063439780582121e+04
5.233929228465892083e+04
5.256808221603255515e+04
5.279700357852637535e+04
5.302605576372831274e+04
5.325523816815644386e+04
5.348455019320208521e+04
5.371399124507344823e+04
5.394356073474044388e+04
5.417325807787995291e+04
5.440308269482205651e+04
5.463303401049722015e+04
5.486311145438379026e+04
5.509331446045681514e+04
5.532364246713711327e+04
5.555409491724138934e+04
5.578467125793290325e+04
5.601537094067293947e+04
5.624619342117293854e+04
5.647713815934730519e+04
5.670820461926680582e+04
5.693939226911275910e+04
5.717070058113189589e+04
5.740212903159168491e+04
5.763367710073640774e+04
5.786534427274380141e+04
5.809713003568234126e+04
5.832903388146911311e+04
5.856105530582837673e+04
5.879319380825031112e+04
5.902544889195084397e+04
5.925782006383172120e+04
5.949030683444126771e+04
5.972290871793550468e+04
5.995562523203997262e+04
6.018845589801207097e+04
6.042140024060377618e+04
6.065445778802499990e+04
6.088762807190737658e+04
6.112091062726845848e+04
6.135430499247668922e+04
6.158781070921643550e+04
6.182142732245379011e+04
6.205515438040281879e+04
6.228899143449195253e+04
6.252293803933127492e+04
6.275699375267980213e+04
6.299115813541362877e+04
6.322543075149408105e+04
6.345981116793651745e+04
6.369429895477960235e+04
6.392889368505478342e+04
6.416359493475626368e+04
6.439840228281132295e+04
6.463331531105113390e+04
6.486833360418184020e+04
6.510345674975612201e+04
6.533868433814479795e+04
6.557401596250938019e+04
6.580945121877441125e+04
6.604498970560049929e+04
6.628063102435746987e+04
6.651637477909814334e+04
6.675222057653209777e+04
6.698816802599994116e+04
6.722421673944810755e+04
6.746036633140337653e+04
6.769661641894860077e+04
6.793296662169780757e+04
6.816941656177223194e+04
6.840596586377627682e+04
6.864261415477434639e+04
6.887936106426692277e+04
6.911620622416833066e+04
6.935314926878323604e+04
6.959018983478489099e+04
6.982732756119257829e+04
7.006456208934985625e+04
7.030189306290278910e+04
7.053932012777889031e+04
7.077684293216564402e+04
7.101446112648991402e+04
7.125217436339728010e+04
7.148998229773162166e+04
7.172788458651505061e+04
7.196588088892806263e+04
7.220397086628987745e+04
7.244215418203904119e+04
7.268043050171421783e+04
7.291879949293527170e+04
7.315726082538468472e+04
7.339581417078858067e+04
7.363445920289913192e+04
7.387319559747596213e+04
7.411202303226842196e+04
7.435094118699803948e+04
7.458994974334085418e+04
7.482904838491042028e+04
7.506823679724059184e+04
7.530751466776864254e+04
7.554688168581877835e+04
7.578633754258547560e+04
7.602588193111721193e+04
7.626551454630070657e+04
7.650523508484434569e+04
7.674504324526312121e+04
7.698493872786269640e+04
7.722492123472395178e+04
7.746499046968821494e+04
7.770514613834171905e+04
7.794538794800106552e+04
7.818571560769832286e+04
7.842612882816656202e+04
7.866662732182559557e+04
7.890721080276742578e+04
7.914787898674260941e+04
7.938863159114601149e+04
7.962946833500309731e+04
7.987038893895653018e+04
8.011139312525252171e+04
8.035248061772748770e+04
8.059365114179516968e+04
8.083490442443315987e+04
8.107624019417047384e+04
8.131765818107433734e+04
8.155915811673816643e+04
8.180073973426855810e+04
