# h
# unit = 1.0/Mpc
1.000893286956973388e-04
1.005750052882745706e-04
1.010679989624646286e-04
1.015682984948839079e-04
1.020758913166212325e-04
1.025907635549885833e-04
1.031129000754138980e-04
1.036422845234028932e-04
1.041788993665003721e-04
1.047227259361823733e-04
1.052737444696154507e-04
1.058319341512203908e-04
1.063972731539816567e-04
1.069697386804462498e-04
1.075493070033591730e-04
1.081359535058850686e-04
1.087296527213697062e-04
1.093303783725966670e-04
1.099381034104988361e-04
1.105528000522868387e-04
1.111744398189593589e-04
1.118029935721635739e-04
1.124384315503766207e-04
1.130807234043819512e-04
1.137298382320169277e-04
1.143857446121712755e-04
1.150484106380176625e-04
1.157178039494592410e-04
1.163938917647805178e-04
1.170766409114907917e-04
1.177660178563512416e-04
1.184619887345793343e-04
1.191645193782256347e-04
1.198735753437205238e-04
1.205891219385898748e-04
1.213111242473404209e-04
1.220395471565174971e-04
1.227743553789388694e-04
1.235155134771098837e-04
1.242629858858269529e-04
1.250167369339768783e-04
1.257767308655412340e-04
1.265429318598152461e-04
1.273153040508531221e-04
1.280938115461504798e-04
1.288784184445768621e-04
1.296690888535722403e-04
1.304657869056197585e-04
1.312684767740108463e-04
1.320771226879162528e-04
1.328916889467789922e-04
1.337121399340441392e-04
1.345384401302424646e-04
1.353705541254423628e-04
1.362084466310879835e-04
1.370520824912388306e-04
1.379014266932280933e-04
1.387564443777552397e-04
1.396171008484308721e-04
1.404833615807883987e-04
1.413551922307810615e-04
1.422325586427783612e-04
1.431154268570802553e-04
1.440037631169631719e-04
1.448975338752750755e-04
1.457967058005942777e-04
1.467012457829680106e-04
1.476111209392451298e-04
1.485262986180189374e-04
1.494467464041932729e-04
1.503724321231876993e-04
1.513033238447944982e-04
1.522393898867019748e-04
1.531805988176974346e-04
1.541269194605621932e-04
1.550783208946724691e-04
1.560347724583177327e-04
1.569962437507488730e-04
1.579627046339679712e-04
1.589341252342716358e-04
1.599104759435575741e-04
1.608917274204072769e-04
1.618778505909530818e-04
1.628688166495415967e-04
1.638645970592021565e-04
1.648651635519302874e-04
1.658704881287948536e-04
1.668805430598790766e-04
1.678953008840620141e-04
1.689147344086506359e-04
1.699388167088692193e-04
1.709675211272145196e-04
1.720008212726837097e-04
1.730386910198823528e-04
1.740811045080191302e-04
1.751280361397946424e-04
1.761794605801891898e-04
1.772353527551573935e-04
1.782956878502341006e-04
1.793604413090579450e-04
1.804295888318174692e-04
1.815031063736259587e-04
1.825809701428283255e-04
1.836631565992462994e-04
1.847496424523656963e-04
1.858404046594705060e-04
1.869354204237271347e-04
1.880346671922240040e-04
1.891381226539693284e-04
1.902457647378510530e-04
1.913575716105624493e-04
1.924735216744964867e-04
1.935935935656120409e-04
1.947177661512755728e-04
1.958460185280802015e-04
1.969783300196454245e-04
1.981146801743996803e-04
1.992550487633493585e-04
2.003994157778343657e-04
2.015477614272749639e-04
2.027000661369096092e-04
2.038563105455279130e-04
2.050164755031990207e-04
2.061805420689981220e-04
2.073484915087317124e-04
2.085203052926647540e-04
2.096959650932495966e-04
2.108754527828592097e-04
2.120587504315256714e-04
2.132458403046845138e-04
2.144367048609278762e-04
2.156313267497649228e-04
2.168296888093934280e-04
2.180317740644808751e-04
2.192375657239585389e-04
2.204470471788264095e-04
2.216602019999726998e-04
2.228770139360068225e-04
2.240974669111071144e-04
2.253215450228837104e-04
2.265492325402573295e-04
2.277805139013547569e-04
2.290153737114209961e-04
2.302537967407483610e-04
2.314957679226245697e-04
2.327412723512974524e-04
2.339902952799592574e-04
2.352428221187491983e-04
2.364988384327755164e-04
2.377583299401565993e-04
2.390212825100810712e-04
2.402876821608891623e-04
2.415575150581721834e-04
2.428307675128934682e-04
2.441074259795281804e-04
2.453874770542249133e-04
2.466709074729865072e-04
2.479577041098708699e-04
2.492478539752137527e-04
2.505413442138708520e-04
2.518381621034805921e-04
2.531382950527471826e-04
2.544417305997446013e-04
2.557484564102405255e-04
2.570584602760411352e-04
2.583717301133547808e-04
2.596882539611782567e-04
2.610080199797004761e-04
2.623310164487283719e-04
2.636572317661313382e-04
2.649866544463066499e-04
2.663192731186623933e-04
2.676550765261233268e-04
2.689940535236531676e-04
2.703361930767970447e-04
2.716814842602441717e-04
2.730299162564083014e-04
2.743814783540270445e-04
2.757361599467805964e-04
2.770939505319285697e-04
2.784548397089646075e-04
2.798188171782906757e-04
2.811858727399075089e-04
2.825559962921237595e-04
2.839291778302837949e-04
2.853054074455107819e-04
2.866846753234683111e-04
2.880669717431397474e-04
2.894522870756228148e-04
2.908406117829422316e-04
2.922319364168782848e-04
2.936262516178116664e-04
2.950235481135850615e-04
2.964238167183796979e-04
2.978270483316083754e-04
2.992332339368241082e-04
3.006423646006434040e-04
3.020544314716856423e-04
3.034694257795269830e-04
3.048873388336686388e-04
3.063081620225206530e-04
3.077318868123995002e-04
3.091585047465399984e-04
3.105880074441218588e-04
3.120203865993083229e-04
3.134556339803014433e-04
3.148937414284075018e-04
3.163347008571183098e-04
3.177785042512046537e-04
3.192251436658219898e-04
3.206746112256310486e-04
3.221268991239275995e-04
3.235819996217886418e-04
3.250399050472274317e-04
3.265006077943626581e-04
3.279641003225988402e-04
3.294303751558179459e-04
3.308994248815836422e-04
3.323712421503561697e-04
3.338458196747182225e-04
3.353231502286134046e-04
3.368032266465928719e-04
3.382860418230762859e-04
3.397715887116196519e-04
3.412598603241968182e-04
3.427508497304885106e-04
3.442445500571841605e-04
3.457409544872912677e-04
3.472400562594560943e-04
3.487418486672940604e-04
3.502463250587283818e-04
3.517534788353397107e-04
3.532633034517242338e-04
3.547757924148610951e-04
3.562909392834880031e-04
3.578087376674873562e-04
3.593291812272793599e-04
3.608522636732250117e-04
3.623779787650369989e-04
3.639063203111985671e-04
3.654372821683916027e-04
3.669708582409315478e-04
3.685070424802114200e-04
3.700458288841529365e-04
3.715872114966657126e-04
3.731311844071139440e-04
3.746777417497907303e-04
3.762268777033988512e-04
3.777785864905408120e-04
3.793328623772138216e-04
3.808896996723133916e-04
3.824490927271426794e-04
3.840110359349302362e-04
3.855755237303525236e-04
3.871425505890642373e-04
3.887121110272357327e-04
3.902841996010947864e-04
3.918588109064776825e-04
3.934359395783829550e-04
3.950155802905347792e-04
3.965977277549495084e-04
3.981823767215106661e-04
3.997695219775469744e-04
4.013591583474197073e-04
4.029512806921118858e-04
4.045458839088260394e-04
4.061429629305859240e-04
4.077425127258443665e-04
4.093445282980959330e-04
4.109490046854955610e-04
4.125559369604812031e-04
4.141653202294026496e-04
4.157771496321553402e-04
4.173914203418185647e-04
4.190081275642985447e-04
4.206272665379766633e-04
4.222488325333630631e-04
4.238728208527522490e-04
4.254992268298876906e-04
4.271280458296259903e-04
4.287592732476098339e-04
4.303929045099421876e-04
4.320289350728667298e-04
4.336673604224509926e-04
4.353081760742757923e-04
4.369513775731266115e-04
4.385969604926896422e-04
4.402449204352530351e-04
4.418952530314110738e-04
4.435479539397712244e-04
4.452030188466677969e-04
4.468604434658759333e-04
4.485202235383327503e-04
4.501823548318587540e-04
4.518468331408863553e-04
4.535136542861886028e-04
4.551828141146128481e-04
4.568543084988201585e-04
4.585281333370229938e-04
4.602042845527306355e-04
4.618827580944961887e-04
4.635635499356672152e-04
4.652466560741381021e-04
4.669320725321095852e-04
4.686197953558449126e-04
4.703098206154356022e-04
4.720021444045661703e-04
4.736967628402834131e-04
4.753936720627681281e-04
4.770928682351091121e-04
4.787943475430823633e-04
4.804981061949288742e-04
4.822041404211408269e-04
4.839124464742439397e-04
4.856230206285889204e-04
4.873358591801405350e-04
4.890509584462719890e-04
4.907683147655617474e-04
4.924879244975910062e-04
4.942097840227465842e-04
4.959338897420227307e-04
4.976602380768281380e-04
4.993888254687955551e-04
5.011196483795896670e-04
5.028527032907241902e-04
5.045879867033732213e-04
5.063254951381923434e-04
5.080652251351356133e-04
5.098071732532804623e-04
5.115513360706489118e-04
5.132977101840364856e-04
5.150462922088390634e-04
5.167970787788833112e-04
5.185500665462613405e-04
5.203052521811615729e-04
5.220626323717083867e-04
5.238222038237992694e-04
5.255839632609452233e-04
5.273479074241122552e-04
5.291140330715674196e-04
5.308823369787230191e-04
5.326528159379847072e-04
5.344254667586013268e-04
5.362002862665171329e-04
5.379772713042218482e-04
5.397564187306100412e-04
5.415377254208322659e-04
5.433211882661580184e-04
5.451068041738316465e-04
5.468945700669363905e-04
5.486844828842566898e-04
5.504765395801412484e-04
5.522707371243716287e-04
5.540670725020281368e-04
5.558655427133586333e-04
5.576661447736517901e-04
5.594688757131054688e-04
5.612737325767039884e-04
5.630807124240904066e-04
5.648898123294441133e-04
5.667010293813591832e-04
5.685143606827219691e-04
5.703298033505933579e-04
5.721473545160893999e-04
5.739670113242645397e-04
5.757887709339982096e-04
5.776126305178771927e-04
5.794385872620855769e-04
5.812666383662923233e-04
5.830967810435387253e-04
5.849290125201334588e-04
5.867633300355399326e-04
5.885997308422728563e-04
5.904382122057905786e-04
5.922787714043913293e-04
5.941214057291102201e-04
5.959661124836168958e-04
5.978128889841121014e-04
5.996617325592328148e-04
6.015126405499466450e-04
6.033656103094597834e-04
6.052206392031169325e-04
6.070777246083055700e-04
6.089368639143633586e-04
6.107980545224816517e-04
6.126612938456143121e-04
6.145265793083865306e-04
6.163939083470018013e-04
6.182632784091537763e-04
6.201346869539377943e-04
6.220081314517600249e-04
6.238836093842547439e-04
6.257611182441952117e-04
6.276406555354082381e-04
6.295222187726923256e-04
6.314058054817319084e-04
6.332914131990149530e-04
6.351790394717535954e-04
6.370686818577990301e-04
6.389603379255661591e-04
6.408540052539511917e-04
