# mu
-inf
3.501442335382546389e+01
3.653569132056796320e+01
3.743202614822783403e+01
3.807236358106518281e+01
3.857232717284612988e+01
3.898342115626961402e+01
3.933312142722192561e+01
3.963783029487928644e+01
3.990812899074318665e+01
4.015124352263768515e+01
4.037232897434181211e+01
4.057519261252516429e+01
4.076272655878484130e+01
4.093717966027239186e+01
4.110033533744783085e+01
4.125363191734140145e+01
4.139824642265179477e+01
4.153515437544174915e+01
4.166517341054712631e+01
4.178899568946969367e+01
4.190721239804053511e+01
4.202033254029457510e+01
4.212879755159398343e+01
4.223299279971655551e+01
4.233325673687855328e+01
4.242988825596781766e+01
4.252315265795419208e+01
4.261328653374769004e+01
4.270050178921756867e+01
4.278498898776759773e+01
4.286692014480559010e+01
4.294645107856978683e+01
4.302372339925975098e+01
4.309886620128459356e+01
4.317199751028323362e+01
4.324322552638008688e+01
4.331264969718364455e+01
4.338036164777727777e+01
4.344644598999546048e+01
4.351098102932557765e+01
4.357403938460493009e+01
4.363568853312241913e+01
4.369599129165704454e+01
4.375500624229000124e+01
4.381278811043655708e+01
4.386938810139820077e+01
4.392485420078671154e+01
4.397923144338304269e+01
4.403256215433520993e+01
4.408488616604714139e+01
4.413624101364580099e+01
4.418666211152137180e+01
4.423618291310255302e+01
4.428483505574624957e+01
4.433264849237941974e+01
4.437965161132434133e+01
4.442587134556116268e+01
4.447133327252913659e+01
4.451606170543584540e+01
4.456007977693003141e+01
4.460340951589443392e+01
4.464607191802900843e+01
4.468808701081991330e+01
4.472947391342383128e+01
4.477025089194007990e+01
4.481043541049199064e+01
4.485004417849523861e+01
4.488909319445116353e+01
4.492759778656890290e+01
4.496557265048951280e+01
4.500303188435795221e+01
4.503998902146506111e+01
4.507645706065991220e+01
4.511244849471412977e+01
4.514797533680246744e+01
4.518304914524890137e+01
4.521768104667375354e+01
4.525188175766513154e+01
4.528566160508707128e+01
4.531903054512678608e+01
4.535199818117452253e+01
4.538457378062166470e+01
4.541676629065527493e+01
4.544858435312079337e+01
4.548003631851868533e+01
4.551113025919555355e+01
4.554187398178505930e+01
4.557227503894998222e+01
4.560234074047215813e+01
4.563207816373415682e+01
4.566149416363219871e+01
4.569059538195774195e+01
4.571938825628173220e+01
4.574787902837310583e+01
4.577607375218107677e+01
4.580397830140803705e+01
4.583159837669867898e+01
4.585893951246831080e+01
4.588600708339245671e+01
4.591280631057774997e+01
4.593934226743297700e+01
4.596561988525787967e+01
4.599164395856590204e+01
4.601741915015625750e+01
4.604294999594940663e+01
4.606824090959931794e+01
4.609329618689486807e+01
4.611812000996201277e+01
4.614271645127757182e+01
4.616708947750479552e+01
4.619124295316029105e+01
4.621518064412117610e+01
4.623890622098090120e+01
4.626242326226156365e+01
4.628573525749016682e+01
4.630884561014570266e+01
4.633175764048365863e+01
4.635447458824405942e+01
4.637699961524881331e+01
4.639933580789389111e+01
4.642148617954137535e+01
4.644345367281631809e+01
4.646524116181294062e+01
4.648685145421443110e+01
4.650828729333053957e+01
4.652955136005671477e+01
4.655064627475849193e+01
4.657157459908445674e+01
4.659233883771126017e+01
4.661294144002350492e+01
4.663338480173165834e+01
4.665367126643052842e+01
4.667380312710118062e+01
4.669378262755856213e+01
4.671361196384727066e+01
4.673329328558779849e+01
4.675282869727519142e+01
4.677222025953228979e+01
4.679146999031945597e+01
4.681057986610248633e+01
4.682955182298061203e+01
4.684838775777616604e+01
4.686708952908739434e+01
4.688565895830608099e+01
4.690409783060129456e+01
4.692240789587059879e+01
4.694059086966011307e+01
4.695864843405459510e+01
4.697658223853871107e+01
4.699439390083061596e+01
4.701208500768899512e+01
4.702965711569446938e+01
4.704711175200635864e+01
4.706445041509591221e+01
4.708167457545661705e+01
4.709878567629262136e+01
4.711578513418608338e+01
4.713267433974408505e+01
4.714945465822611936e+01
4.716612743015248554e+01
4.718269397189466474e+01
4.719915557624808855e+01
4.721551351298795396e+01
4.723176902940880950e+01
4.724792335084832473e+01
4.726397768119591092e+01
4.727993320338668326e+01
4.729579107988124775e+01
4.731155245313185276e+01
4.732721844603531736e+01
4.734279016237323390e+01
4.735826868723981420e+01
4.737365508745790521e+01
4.738895041198340863e+01
4.740415569229864445e+01
4.741927194279490010e+01
4.743430016114463399e+01
4.744924132866357525e+01
4.746409641066307472e+01
4.747886635679306266e+01
4.749355210137588301e+01
4.750815456373124590e+01
4.752267464849268919e+01
4.753711324591574083e+01
4.755147123217800953e+01
4.756574946967158013e+01
4.757994880728783471e+01
4.759407008069496925e+01
4.760811411260844039e+01
4.762208171305458393e+01
4.763597367962753282e+01
4.764979079773972614e+01
4.766353384086613687e+01
4.767720357078243865e+01
4.769080073779726803e+01
4.770432608097884497e+01
4.771778032837592320e+01
4.773116419723343995e+01
4.774447839420295736e+01
4.775772361554795253e+01
4.777090054734422608e+01
4.778400986567554298e+01
4.779705223682454118e+01
4.781002831745922776e+01
4.782293875481499867e+01
4.783578418687242362e+01
4.784856524253090981e+01
4.786128254177826591e+01
4.787393669585640765e+01
4.788652830742323374e+01
4.789905797071077131e+01
4.791152627167974032e+01
4.792393378817060068e+01
4.793628109005119597e+01
4.794856873936105046e+01
4.796079729045249707e+01
4.797296729012853689e+01
4.798507927777779258e+01
4.799713378550634957e+01
4.800913133826680479e+01
4.802107245398435964e+01
4.803295764368030518e+01
4.804478741159273625e+01
4.805656225529464365e+01
4.806828266580954789e+01
4.807994912772456075e+01
4.809156211930109492e+01
4.810312211258319337e+01
4.811462957350357073e+01
4.812608496082140874e+01
4.813748873085117452e+01
4.814884133067561578e+01
4.816014320279862204e+01
4.817139478411053233e+01
4.818259650598155019e+01
4.819374879435326875e+01
4.820485206982830562e+01
4.821590674775811181e+01
4.822691323832900423e+01
4.823787194664645028e+01
4.824878327281764001e+01
4.825964761203241693e+01
4.827046535464259591e+01
4.828123688623965393e+01
4.829196258773095707e+01
4.830264283541441728e+01
4.831327800105168535e+01
4.832386845193992997e+01
4.833441455098220274e+01
4.834491665675644612e+01
4.835537512358312995e+01
4.836579030159159487e+01
4.837616253678516642e+01
4.838649217110491918e+01
4.839677954249232528e+01
4.840702498495065242e+01
4.841722882860520372e+01
4.842739139976243479e+01
4.843751302096793410e+01
4.844759401106335872e+01
4.845763468524222617e+01
4.846763535510478960e+01
4.847759632871176194e+01
4.848751791063712346e+01
4.849740040201996294e+01
4.850724410061530989e+01
4.851704930084409284e+01
4.852681629384215256e+01
4.853654536750841686e+01
4.854623680655209483e+01
4.855589089253914636e+01
4.856550790393782790e+01
4.857508811616348510e+01
4.858463180162245720e+01
4.859413922975532785e+01
4.860361066707929467e+01
4.861304637722982136e+01
4.862244662100162884e+01
4.863181165638884096e+01
4.864114173862452617e+01
4.865043712021952160e+01
4.865969805100057499e+01
4.866892477814782580e+01
4.867811754623162557e+01
4.868727659724880397e+01
4.869640217065817467e+01
4.870549450341559350e+01
4.871455383000824924e+01
4.872358038248855649e+01
4.873257439050730966e+01
4.874153608134638205e+01
4.875046567995083535e+01
4.875936340896050325e+01
4.876822948874102792e+01
4.877706413741442049e+01
4.878586757088905301e+01
4.879464000288923842e+01
4.880338164498422771e+01
4.881209270661679511e+01
4.882077339513135428e+01
4.882942391580157704e+01
4.883804447185758590e+01
4.884663526451271309e+01
4.885519649298981903e+01
4.886372835454714902e+01
4.887223104450388433e+01
4.888070475626511779e+01
4.888914968134659489e+01
4.889756600939894327e+01
4.890595392823158249e+01
4.891431362383622883e+01
4.892264528041004468e+01
4.893094908037838309e+01
4.893922520441725510e+01
4.894747383147533526e+01
4.895569513879573975e+01
4.896388930193739242e+01
4.897205649479606393e+01
4.898019688962513385e+01
4.898831065705594057e+01
4.899639796611796783e+01
4.900445898425854097e+01
4.901249387736237395e+01
4.902050280977071850e+01
4.902848594430030715e+01
4.903644344226190555e+01
4.904437546347870835e+01
4.905228216630433735e+01
4.906016370764064760e+01
4.906802024295527787e+01
4.907585192629883863e+01
4.908365891032196515e+01
4.909144134629205070e+01
4.909919938410973828e+01
4.910693317232519917e+01
4.911464285815410591e+01
4.912232858749345610e+01
4.912999050493711906e+01
4.913762875379114092e+01
4.914524347608885080e+01
4.915283481260576082e+01
4.916040290287421044e+01
4.916794788519786152e+01
4.917546989666586654e+01
4.918296907316701549e+01
4.919044554940349911e+01
4.919789945890459393e+01
4.920533093404009151e+01
4.921274010603356430e+01
4.922012710497546806e+01
4.922749205983598131e+01
4.923483509847773121e+01
4.924215634766834171e+01
4.924945593309277569e+01
4.925673397936549236e+01
4.926399061004248381e+01
4.927122594763311980e+01
4.927844011361182197e+01
4.928563322842956040e+01
4.929280541152527206e+01
4.929995678133700210e+01
4.930708745531298121e+01
4.931419754992254667e+01
4.932128718066685735e+01
4.932835646208951630e+01
4.933540550778704414e+01
4.934243443041916066e+01
4.934944334171902369e+01
4.935643235250321936e+01
4.936340157268168127e+01
4.937035111126751019e+01
4.937728107638655217e+01
4.938419157528699088e+01
4.939108271434867703e+01
4.939795459909241515e+01
4.940480733418910120e+01
4.941164102346880327e+01
4.941845576992957945e+01
4.942525167574630984e+01
4.943202884227937943e+01
4.943878737008322588e+01
4.944552735891478790e+01
4.945224890774184701e+01
4.945895211475124853e+01
4.946563707735705151e+01
4.947230389220852942e+01
4.947895265519809271e+01
4.948558346146909770e+01
4.949219640542358434e+01
4.949879158072985774e+01
4.950536908033005545e+01
4.951192899644752998e+01
4.951847142059420293e+01
4.952499644357779118e+01
4.953150415550897634e+01
4.953799464580843193e+01
4.954446800321380806e+01
4.955092431578663081e+01
4.955736367091905947e+01
4.956378615534062249e+01
