# d_a
# unit = Mpc
0.000000000000000000e+00
4.291457525772710113e+01
8.478534649050378391e+01
1.256416477880604816e+02
1.655117468307359161e+02
2.044228953525031045e+02
2.424013766837508683e+02
2.794725505674366559e+02
3.156608954279729460e+02
3.509900482590663842e+02
3.854828422847026559e+02
4.191613425363551642e+02
4.520468794793114284e+02
4.841600808116026542e+02
5.155209015503500041e+02
5.461486525123391402e+02
5.760620272882753170e+02
6.052791278032975697e+02
6.338174885500770870e+02
6.616940995749375816e+02
6.889254282920580863e+02
7.155274401957956343e+02
7.415156185365242436e+02
7.669049830210731216e+02
7.917101075948569360e+02
8.159451373590695766e+02
8.396238046728492463e+02
8.627594444871433552e+02
8.853650089539823966e+02
9.074530813521173513e+02
9.290358893673670764e+02
9.501253177636358487e+02
9.707329204782906800e+02
9.908699321735060721e+02
1.010547279273226309e+03
1.029775590513578663e+03
1.048565207032851504e+03
1.066926192025584669e+03
1.084868339983808710e+03
1.102401185547113300e+03
1.119534011981889307e+03
1.136275859308914278e+03
1.152635532097283885e+03
1.168621606941657092e+03
1.184242439638762562e+03
1.199506172078203235e+03
1.214420738861723294e+03
1.228993873664262992e+03
1.243233115349393074e+03
1.257145813850984268e+03
1.270739135832292050e+03
1.284020070133019090e+03
1.296995433014328682e+03
1.309671873211196726e+03
1.322055876801015302e+03
1.334153771896833632e+03
1.345971733173184020e+03
1.357515786232001119e+03
1.368791811815735400e+03
1.379805549874397684e+03
1.390562603492886410e+03
1.401068442684638285e+03
1.411328408057308025e+03
1.421347714355908920e+03
1.431131453888530586e+03
1.440684599839521979e+03
1.450012009474759907e+03
1.459118427243391579e+03
1.468008487780231007e+03
1.476686718812763957e+03
1.485157543976536999e+03
1.493425285542509073e+03
1.501494167059786832e+03
1.509368315916975689e+03
1.517051765825257007e+03
1.524548459226119348e+03
1.531862249626564335e+03
1.538996903864462865e+03
1.545956104306614179e+03
1.552743450981948399e+03
1.559362463652202678e+03
1.565816583822288294e+03
1.572109176692489882e+03
1.578243533054508816e+03
1.584222871133317085e+03
1.590050338376665422e+03
1.595729013194034678e+03
1.601261906646741409e+03
1.606651964090819092e+03
1.611902066774257719e+03
1.617015033390095596e+03
1.621993621586802874e+03
1.626840529437356281e+03
1.631558396868308364e+03
1.636149807050157960e+03
1.640617287750219703e+03
1.644963312649193767e+03
1.649190302622556601e+03
1.653300626987867417e+03
1.657296604719044126e+03
1.661180505628609353e+03
1.664954551518890867e+03
1.668620917303107262e+03
1.672181732097244094e+03
1.675639080283590602e+03
1.678995002546779688e+03
1.682251496883136952e+03
1.685410519584127996e+03
1.688473986194649115e+03
1.691443772446895537e+03
1.694321715170516427e+03
1.697109613179720100e+03
1.699809228138007484e+03
1.702422285401151612e+03
1.704950474839046365e+03
1.707395451637012229e+03
1.709758837077147064e+03
1.712042219300253464e+03
1.714247154048907305e+03
1.716375165392172448e+03
1.718427746432462300e+03
1.720406359995055254e+03
1.722312439300716505e+03
1.724147388621900973e+03
1.725912583922964586e+03
1.727609373484832759e+03
1.729239078514532366e+03
1.730802993739988096e+03
1.732302387990492662e+03
1.733738504763210358e+03
1.735112562776096183e+03
1.736425756507593178e+03
1.737679256723437220e+03
1.738874210990927168e+03
1.740011744180974347e+03
1.741092958958256986e+03
1.742118936259781321e+03
1.743090735762163376e+03
1.744009396337894941e+03
1.744875936500920488e+03
1.745691354841749899e+03
1.746456630452412583e+03
1.747172723341494930e+03
1.747840574839519604e+03
1.748461107994904751e+03
1.749035227960750490e+03
1.749563822372680534e+03
1.750047761717956519e+03
1.750487899696107434e+03
1.750885073571252860e+03
1.751240104516362180e+03
1.751553797949623913e+03
1.751826943863136876e+03
1.752060317144114606e+03
1.752254677888773131e+03
1.752410771709103528e+03
1.752529330032688677e+03
1.752611070395744946e+03
1.752656696729548230e+03
1.752666899640415750e+03
1.752642356683386879e+03
1.752583732629777614e+03
1.752491679728731015e+03
1.752366837962936643e+03
1.752209835298642929e+03
1.752021287930102972e+03
1.751801800518597702e+03
1.751551966426149647e+03
1.751272367944080088e+03
1.750963576516506691e+03
1.750626152958918283e+03
1.750260647671946572e+03
1.749867600850437157e+03
1.749447542687941450e+03
1.749000993576739120e+03
1.748528464303488590e+03
1.748030456240617696e+03
1.747507461533550440e+03
1.746959963283867182e+03
1.746388435728505556e+03
1.745793344415071715e+03
1.745175146373380130e+03
1.744534290283291966e+03
1.743871216638941632e+03
1.743186357909444723e+03
1.742480138696157383e+03
1.741752975886576905e+03
1.741005278804952468e+03
1.740237449359693755e+03
1.739449882187635012e+03
1.738642964795251828e+03
1.737817077696868637e+03
1.736972594549955147e+03
1.736109882287564460e+03
1.735229301247978128e+03
1.734331205301627278e+03
1.733415941975348687e+03
1.732483852574035154e+03
1.731535272299743610e+03
1.730570530368318487e+03
1.729589950123579229e+03
1.728593849149137441e+03
1.727582539377890726e+03
1.726556327199246880e+03
1.725515513564128923e+03
1.724460394087815530e+03
1.723391259150659153e+03
1.722308393996726636e+03
1.721212078830427799e+03
1.720102588911147905e+03
1.718980194645953134e+03
1.717845161680399087e+03
1.716697750987487098e+03
1.715538218954812692e+03
1.714366817469940997e+03
1.713183794004051151e+03
1.711989391693890866e+03
1.710783849422066169e+03
1.709567401895724288e+03
1.708340279723639696e+03
1.707102709491762653e+03
1.705854913837237291e+03
1.704597111520953149e+03
1.703329517498638552e+03
1.702052342990530406e+03
1.700765795549667246e+03
1.699470079128815087e+03
1.698165394146067001e+03
1.696851937549149625e+03
1.695529901968278864e+03
1.694199479390463011e+03
1.692860855842811134e+03
1.691514215009527334e+03
1.690159737407409239e+03
1.688797600442912881e+03
1.687427978468103902e+03
1.686051042835515318e+03
1.684666961951932308e+03
1.683275901331134719e+03
1.681878023645609119e+03
1.680473488777262673e+03
1.679062453867148406e+03
1.677645073364237305e+03
1.676221499073241603e+03
1.674791880201517642e+03
1.673356363405072443e+03
1.671915092833676226e+03
1.670468210175125250e+03
1.669015854698641078e+03
1.667558163297448800e+03
1.666095270530548532e+03
1.664627308663678605e+03
1.663154407709513407e+03
1.661676695467088166e+03
1.660194297560481345e+03
1.658707337476770590e+03
1.657215936603259706e+03
1.655720214264013066e+03
1.654220287755705385e+03
1.652716272382788020e+03
1.651208281492003835e+03
1.649696426506252237e+03
1.648180816957821435e+03
1.646661560521004048e+03
1.645138763044101552e+03
1.643612528580833214e+03
1.642082959421165015e+03
1.640550156121565806e+03
1.639014217534701174e+03
1.637475240838581385e+03
1.635933321565172719e+03
1.634388553628479940e+03
1.632841029352109899e+03
1.631290839496336048e+03
1.629738073284661596e+03
1.628182818429899044e+03
1.626625161159770641e+03
1.625065186242047275e+03
1.623502977009223741e+03
1.621938615382751323e+03
1.620372181896820393e+03
1.618803755721730795e+03
1.617233414686818605e+03
1.615661235302980913e+03
1.614087292784791771e+03
1.612511661072221614e+03
1.610934412851961724e+03
1.609355619578370806e+03
1.607775351494043207e+03
1.606193677650011978e+03
1.604610665925586090e+03
1.603026383047842046e+03
1.601440894610756686e+03
1.599854265094013726e+03
1.598266557881465587e+03
1.596677835279272813e+03
1.595088158533719479e+03
1.593497587848718695e+03
1.591906182403006596e+03
1.590314000367028711e+03
1.588721098919540964e+03
1.587127534263903499e+03
1.585533361644108027e+03
1.583938635360502758e+03
1.582343408785261545e+03
1.580747734377570396e+03
1.579151663698559105e+03
1.577555247425960715e+03
1.575958535368529283e+03
1.574361576480198892e+03
1.572764418874002104e+03
1.571167109835740348e+03
1.569569695837430800e+03
1.567972222550509287e+03
1.566374734858809234e+03
1.564777276871320510e+03
1.563179891934730904e+03
1.561582622645739548e+03
1.559985510863177296e+03
1.558388597719906556e+03
1.556791923634523982e+03
1.555195528322863083e+03
1.553599450809297650e+03
1.552003729437859192e+03
1.550408401883159513e+03
1.548813505161128887e+03
1.547219075639577341e+03
1.545625149048573803e+03
1.544031760490648367e+03
1.542438944450826284e+03
1.540846734806490076e+03
1.539255164837076791e+03
1.537664267233615647e+03
1.536074074108099012e+03
1.534484617002701498e+03
1.532895926898845801e+03
1.531308034226111886e+03
1.529720968871002924e+03
1.528134760185563664e+03
1.526549436995851465e+03
1.524965027610275229e+03
1.523381559827785622e+03
1.521799060945939800e+03
1.520217557768824463e+03
1.518637076614852731e+03
1.517057643324430273e+03
1.515479283267499341e+03
1.513902021350950690e+03
1.512325882025920464e+03
1.510750889294965418e+03
1.509177066719119921e+03
1.507604437424839034e+03
1.506033024110821998e+03
1.504462849054738626e+03
1.502893934119824962e+03
1.501326300761392986e+03
1.499759970033219361e+03
1.498194962593835953e+03
1.496631298712721218e+03
1.495068998276382672e+03
1.493508080794351372e+03
1.491948565405071349e+03
1.490390470881698093e+03
1.488833815637802672e+03
1.487278617732981274e+03
1.485724894878381065e+03
1.484172664442132145e+03
1.482621943454687880e+03
1.481072748614094962e+03
1.479525096291159343e+03
1.477979002534548727e+03
1.476434483075795697e+03
1.474891553334235823e+03
1.473350228421859356e+03
1.471810523148085849e+03
1.470272452024466020e+03
1.468736029269306073e+03
1.467201268812221997e+03
1.465668184298616325e+03
1.464136789094092137e+03
1.462607096288787943e+03
1.461079118701648213e+03
1.459552868884634108e+03
1.458028359126852820e+03
1.456505601458634146e+03
1.454984607655537502e+03
1.453465389242299125e+03
1.451947957496711979e+03
1.450432323453451772e+03
1.448918497907840219e+03
1.447406491419545546e+03
1.445896314316231383e+03
1.444387976697147224e+03
1.442881488436656582e+03
1.441376859187722857e+03
1.439874098385326761e+03
1.438373215249842815e+03
1.436874218790354007e+03
1.435377117807922559e+03
1.433881920898804083e+03
1.432388636457616258e+03
