# h
# unit = 1.0/Mpc
2.301679655881451198e-04
2.312635187337971801e-04
2.323756648024722651e-04
2.335043811896236681e-04
2.346496422140545012e-04
2.358114192095804563e-04
2.369896806171483924e-04
2.381843920772489041e-04
2.393955165224657977e-04
2.406230142700111201e-04
2.418668431141005938e-04
2.431269584180282119e-04
2.444033132058079935e-04
2.456958582532535527e-04
2.470045421783759751e-04
2.483293115309839934e-04
2.496701108813797749e-04
2.510268829080468628e-04
2.523995684842371087e-04
2.537881067633670986e-04
2.551924352631417784e-04
2.566124899483307963e-04
2.580482053121271966e-04
2.594995144560256349e-04
2.609663491681636291e-04
2.624486400000737487e-04
2.639463163418019663e-04
2.654593064953522717e-04
2.669875377464230710e-04
2.685309364344059353e-04
2.700894280206226836e-04
2.716629371547811208e-04
2.732513877396347958e-04
2.748547029938358814e-04
2.764728055129748899e-04
2.781056173288048907e-04
2.797530599666508836e-04
2.814150545010099080e-04
2.830915216093485591e-04
2.847823816241101596e-04
2.864875545829442751e-04
2.882069602771759171e-04
2.899405182985325432e-04
2.916881480841509696e-04
2.934497689598857179e-04
2.952253001819457948e-04
2.970146609768850002e-04
2.988177705799750956e-04
3.006345482719905066e-04
3.024649134144363825e-04
3.043087854832508040e-04
3.061660841010144783e-04
3.080367290677016941e-04
3.099206403900060390e-04
3.118177383092756816e-04
3.137279433280942679e-04
3.156511762355412604e-04
3.175873581311688520e-04
3.195364104477303128e-04
3.214982549726953863e-04
3.234728138685897050e-04
3.254600096921914034e-04
3.274597654126234700e-04
3.294720044283733370e-04
3.314966505832784649e-04
3.335336281815081739e-04
3.355828620015789622e-04
3.376442773094351347e-04
3.397177998706286755e-04
3.418033559616291033e-04
3.439008723802980025e-04
3.460102764555567458e-04
3.481314960562792828e-04
3.502644595994413288e-04
3.524090960575518663e-04
3.545653349653991589e-04
3.567331064261372998e-04
3.589123411167417007e-04
3.611029702928582937e-04
3.633049257930749090e-04
3.655181400426379197e-04
3.677425460566402298e-04
3.699780774427017475e-04
3.722246684031697730e-04
3.744822537368566501e-04
3.767507688403413501e-04
3.790301497088504408e-04
3.813203329367452726e-04
3.836212557176280676e-04
3.859328558440923906e-04
3.882550717071312288e-04
3.905878422952237684e-04
3.929311071931159381e-04
3.952848065803128263e-04
3.976488812292960895e-04
4.000232725034866830e-04
4.024079223549607170e-04
4.048027733219395838e-04
4.072077685260624838e-04
4.096228516694579418e-04
4.120479670316247738e-04
4.144830594661362208e-04
4.169280743971770075e-04
4.193829578159262265e-04
4.218476562767951572e-04
4.243221168935314559e-04
4.268062873351985550e-04
4.293001158220400280e-04
4.318035511212377567e-04
4.343165425425720328e-04
4.368390399339936218e-04
4.393709936771114763e-04
4.419123546826086209e-04
4.444630743855895153e-04
4.470231047408675692e-04
4.495923982181980146e-04
4.521709077974625838e-04
4.547585869638134763e-04
4.573553897027796502e-04
4.599612704953421043e-04
4.625761843129826524e-04
4.652000866127110673e-04
4.678329333320766122e-04
4.704746808841651527e-04
4.731252861525872154e-04
4.757847064864635525e-04
4.784528996954069669e-04
4.811298240445076595e-04
4.838154382493236737e-04
4.865097014708787658e-04
4.892125733106741535e-04
4.919240138057111604e-04
4.946439834235319671e-04
4.973724430572802569e-04
5.001093540207805646e-04
5.028546780436434285e-04
5.056083772663937451e-04
5.083704142356274209e-04
5.111407518991964308e-04
5.139193536014244508e-04
5.167061830783539322e-04
5.195012044530264612e-04
5.223043822307981386e-04
5.251156812946904118e-04
5.279350669007773370e-04
5.307625046736102461e-04
5.335979606016826374e-04
5.364414010329332299e-04
5.392927926702896762e-04
5.421521025672529316e-04
5.450192981235234746e-04
5.478943470806702442e-04
5.507772175178408860e-04
5.536678778475153653e-04
5.565662968113041422e-04
5.594724434757883044e-04
5.623862872284059958e-04
5.653077977733796111e-04
5.682369451276910203e-04
5.711736996170989691e-04
5.741180318722021239e-04
5.770699128245467859e-04
5.800293137027777565e-04
5.829962060288366912e-04
5.859705616142038206e-04
5.889523525561817397e-04
5.919415512342285270e-04
5.949381303063309805e-04
5.979420627054252320e-04
6.009533216358581287e-04
6.039718805698959933e-04
6.069977132442738255e-04
6.100307936567899315e-04
6.130710960629439212e-04
6.161185949726149299e-04
6.191732651467854844e-04
6.222350815943064606e-04
6.253040195687033492e-04
6.283800545650251304e-04
6.314631623167341317e-04
6.345533187926370852e-04
6.376505001938561918e-04
6.407546829508411687e-04
6.438658437204205446e-04
6.469839593828939379e-04
6.501090070391615230e-04
6.532409640078922029e-04
6.563798078227334144e-04
6.595255162295544362e-04
6.626780671837306791e-04
6.658374388474634295e-04
6.690036095871360229e-04
6.721765579707092647e-04
6.753562627651475345e-04
6.785427029338868482e-04
6.817358576343319782e-04
6.849357062153928200e-04
6.881422282150519848e-04
6.913554033579683879e-04
6.945752115531133621e-04
6.978016328914389728e-04
7.010346476435813526e-04
7.042742362575926587e-04
7.075203793567095677e-04
7.107730577371477922e-04
7.140322523659334590e-04
7.172979443787583405e-04
7.205701150778718407e-04
7.238487459299985678e-04
7.271338185642861563e-04
7.304253147702843146e-04
7.337232164959478324e-04
7.370275058456730909e-04
7.403381650783582082e-04
7.436551766054940848e-04
7.469785229892787586e-04
7.503081869407616849e-04
7.536441513180132780e-04
7.569863991243192805e-04
7.603349135064021297e-04
7.636896777526676946e-04
7.670506752914749973e-04
7.704178896894324979e-04
7.737913046497173642e-04
7.771709040104200035e-04
7.805566717429087602e-04
7.839485919502226950e-04
7.873466488654817103e-04
7.907508268503235646e-04
7.941611103933617034e-04
7.975774841086620635e-04
8.009999327342462233e-04
8.044284411306124429e-04
8.078629942792788215e-04
8.113035772813448863e-04
8.147501753560780101e-04
8.182027738395137055e-04
8.216613581830819416e-04
8.251259139522473373e-04
8.285964268251720145e-04
8.320728825913952572e-04
8.355552671505333357e-04
8.390435665109952697e-04
8.425377667887192987e-04
8.460378542059249652e-04
8.495438150898836300e-04
8.530556358717054661e-04
8.565733030851445601e-04
8.600968033654184325e-04
8.636261234480469657e-04
8.671612501677051013e-04
8.707021704570920171e-04
8.742488713458173265e-04
8.778013399593003960e-04
8.813595635176866856e-04
8.849235293347783998e-04
8.884932248169791257e-04
8.920686374622562509e-04
8.956497548591122728e-04
8.992365646855745394e-04
9.028290547081984328e-04
9.064272127810810717e-04
9.100310268448935517e-04
9.136404849259203423e-04
9.172555751351172239e-04
9.208762856671802834e-04
9.245026047996245588e-04
9.281345208918805739e-04
9.317720223843983535e-04
9.354150977977664008e-04
9.390637357318423837e-04
9.427179248648924958e-04
9.463776539527472961e-04
9.500429118279651386e-04
9.537136873990091548e-04
9.573899696494318247e-04
9.610717476370760287e-04
9.647590104932802189e-04
9.684517474221019133e-04
9.721499476995416238e-04
9.758536006727878184e-04
9.795626957594628578e-04
9.832772224468854134e-04
9.869971702913388472e-04
9.907225289173501089e-04
9.944532880169798007e-04
9.981894373491174456e-04
1.001930966738793019e-03
1.005677866076489348e-03
1.009430125317468821e-03
1.013187734481108340e-03
1.016950683650240991e-03
1.020718962970507257e-03
1.024492562649715558e-03
1.028271472957210378e-03
1.032055684223246676e-03
1.035845186838376016e-03
1.039639971252838760e-03
1.043440027975963422e-03
1.047245347575572957e-03
1.051055920677402980e-03
1.054871737964522800e-03
1.058692790176765349e-03
1.062519068110165778e-03
1.066350562616404183e-03
1.070187264602258945e-03
1.074029165029064415e-03
1.077876254912176401e-03
1.081728525320443945e-03
1.085585967375688691e-03
1.089448572252190318e-03
1.093316331176176969e-03
1.097189235425325001e-03
1.101067276328261549e-03
1.104950445264077071e-03
1.108838733661840058e-03
1.112732133000121290e-03
1.116630634806520901e-03
1.120534230657204127e-03
1.124442912176440304e-03
1.128356671036149454e-03
1.132275498955452120e-03
1.136199387700228321e-03
1.140128329082677142e-03
1.144062314960888043e-03
1.148001337238408913e-03
1.151945387863829301e-03
1.155894458830358882e-03
1.159848542175418492e-03
1.163807629980232470e-03
1.167771714369426634e-03
1.171740787510630382e-03
1.175714841614086377e-03
1.179693868932261101e-03
1.183677861759462567e-03
1.187666812431461714e-03
1.191660713325118359e-03
1.195659556858011700e-03
1.199663335488074939e-03
1.203672041713235328e-03
1.207685668071055733e-03
1.211704207138385083e-03
1.215727651531006877e-03
1.219755993903297439e-03
1.223789226947885481e-03
1.227827343395314699e-03
1.231870336013710489e-03
1.235918197608456637e-03
1.239970921021864205e-03
1.244028499132855160e-03
1.248090924856643620e-03
1.252158191144421649e-03
1.256230290983051346e-03
1.260307217394756717e-03
1.264388963436819877e-03
1.268475522201286147e-03
1.272566886814662217e-03
1.276663050437627312e-03
1.280764006264743706e-03
1.284869747524168332e-03
1.288980267477372616e-03
1.293095559418860592e-03
1.297215616675894811e-03
1.301340432608219435e-03
1.305470000607793528e-03
1.309604314098521734e-03
1.313743366535990173e-03
1.317887151407206442e-03
1.322035662230338108e-03
1.326188892554458791e-03
1.330346835959297707e-03
1.334509486054983370e-03
1.338676836481803327e-03
1.342848880909954142e-03
1.347025613039302440e-03
1.351207026599145081e-03
1.355393115347970851e-03
1.359583873073228659e-03
1.363779293591095522e-03
1.367979370746244322e-03
1.372184098411621984e-03
1.376393470488221577e-03
1.380607480904863082e-03
1.384826123617971787e-03
1.389049392611362531e-03
1.393277281896025026e-03
1.397509785509910927e-03
1.401746897517725009e-03
1.405988612010712667e-03
1.410234923106460855e-03
1.414485824948688185e-03
1.418741311707048900e-03
1.423001377576929485e-03
1.427266016779252635e-03
1.431535223560283622e-03
1.435808992191433837e-03
1.440087316969073218e-03
1.444370192214338572e-03
1.448657612272946432e-03
1.452949571515009834e-03
1.457246064334853132e-03
