# mu
-inf
3.320623783032895915e+01
3.472760571426684351e+01
3.562404036469429514e+01
3.626447750447481155e+01
3.676454066641800722e+01
3.717573406271916525e+01
3.752553356922523875e+01
3.783034147554788973e+01
3.810073899410795661e+01
3.834395211414092586e+01
3.856513590133631908e+01
3.876809760477922140e+01
3.895572932899213470e+01
3.913027990456577498e+01
3.929353273591601692e+01
3.944692613454755303e+01
3.959163710815321480e+01
3.972864116430969972e+01
3.985875592388598676e+01
3.998267353493459808e+01
4.010098517035280707e+01
4.021419982175419250e+01
4.032275891258836964e+01
4.042704779922510738e+01
4.052740492297225217e+01
4.062412916630336213e+01
4.071748582026215502e+01
4.080771146631418134e+01
4.089501800135894882e+01
4.097959598029783734e+01
4.106161741049590574e+01
4.114123810260019809e+01
4.121859965966218908e+01
4.129383116937739828e+01
4.136705065109667601e+01
4.143836629907281122e+01
4.150787755544970281e+01
4.157567604024374930e+01
4.164184636061039413e+01
4.170646681773624209e+01
4.176961002652625154e+01
4.183134346069549281e+01
4.189172993379784771e+01
4.195082802502805208e+01
4.200869245724377521e+01
4.206537443350777750e+01
4.212092193750216751e+01
4.217538000237745166e+01
4.222879095194070942e+01
4.228119461753476571e+01
4.233262853349578592e+01
4.238312811368398059e+01
4.243272681124958012e+01
4.248145626351332993e+01
4.252934642359927864e+01
4.257642568025107721e+01
4.262272096708584002e+01
4.266825786238668172e+01
4.271306068040357218e+01
4.275715255501783929e+01
4.280055551652692714e+01
4.284329056221969267e+01
4.288537772133761905e+01
4.292683611495161244e+01
4.296768401122668024e+01
4.300793887649618341e+01
4.304761742252308210e+01
4.308673565028648511e+01
4.312530889059713246e+01
4.316335184181506435e+01
4.320087860491533149e+01
4.323790271612388381e+01
4.327443717732407436e+01
4.331049448441518734e+01
4.334608665378752335e+01
4.338122524706312078e+01
4.341592139423767094e+01
4.345018581534697688e+01
4.348402884077022179e+01
4.351746043027254274e+01
4.355049019088036744e+01
4.358312739367519129e+01
4.361538098958385490e+01
4.364725962423725036e+01
4.367877165196307487e+01
4.370992514897316994e+01
4.374072792580084013e+01
4.377118753903944537e+01
4.380131130242907744e+01
4.383110629733491947e+01
4.386057938265721390e+01
4.388973720420986524e+01
4.391858620360186904e+01
4.394713262665315767e+01
4.397538253137423681e+01
4.400334179553671277e+01
4.403101612385999175e+01
4.405841105483737863e+01
4.408553196722350975e+01
4.411238408620320683e+01
4.413897248926057415e+01
4.416530211176595344e+01
4.419137775229687293e+01
4.421720407770845895e+01
4.424278562796730085e+01
4.426812682076221961e+01
4.429323195590421136e+01
4.431810521952726845e+01
4.434275068810086395e+01
4.436717233226433166e+01
4.439137402049259862e+01
4.441535952260229436e+01
4.443913251310652868e+01
4.446269657442627476e+01
4.448605519996566926e+01
4.450921179705832742e+01
4.453216968979099022e+01
4.455493212171084849e+01
4.457750225842222846e+01
4.459988319007806012e+01
4.462207793377140774e+01
4.464408943583172373e+01
4.466592057403052962e+01
4.468757415970078739e+01
4.470905293977402550e+01
4.473035959873909206e+01
4.475149676052615888e+01
4.477246699031942256e+01
4.479327279630174985e+01
4.481391663133433667e+01
4.483440089457437949e+01
4.485472793303337369e+01
4.487490004307879587e+01
4.489491947188160736e+01
4.491478841881192352e+01
4.493450903678508723e+01
4.495408343356027103e+01
4.497351367299368974e+01
4.499280177624822841e+01
4.501194972296137564e+01
4.503095945237319597e+01
4.504983286441601820e+01
4.506857182076725366e+01
4.508717814586709949e+01
4.510565362790231347e+01
4.512400001975748864e+01
4.514221903993527718e+01
4.516031237344644467e+01
4.517828167267133921e+01
4.519612855819357833e+01
4.521385461960718999e+01
4.523146141629815986e+01
4.524895047820142224e+01
4.526632330653413305e+01
4.528358137450618415e+01
4.530072612800886844e+01
4.531775898628229982e+01
4.533468134256260385e+01
4.535149456470954021e+01
4.536819999581510388e+01
4.538479895479416371e+01
4.540129273695733048e+01
4.541768261456711286e+01
4.543396983737760308e+01
4.545015563315854479e+01
4.546624120820415982e+01
4.548222774782730937e+01
4.549811641683955088e+01
4.551390836001749562e+01
4.552960470255598580e+01
4.554520655050853861e+01
4.556071499121543411e+01
4.557613109371991555e+01
4.559145590917294300e+01
4.560669047122672737e+01
4.562183579641758513e+01
4.563689288453831239e+01
4.565186271900059012e+01
4.566674626718754837e+01
4.568154448079700813e+01
4.569625829617550039e+01
4.571088863464351704e+01
4.572543640281221400e+01
4.573990249289177257e+01
4.575428778299180976e+01
4.576859313741393720e+01
4.578281940693688057e+01
4.579696742909422369e+01
4.581103802844509687e+01
4.582503201683803695e+01
4.583895019366813273e+01
4.585279334612778257e+01
4.586656224945118510e+01
4.588025766715269071e+01
4.589388035125932674e+01
4.590743104253765239e+01
4.592091047071494359e+01
4.593431935469505589e+01
4.594765840276910751e+01
4.596092831282098956e+01
4.597412977252800914e+01
4.598726345955672912e+01
4.600033004175413964e+01
4.601333017733433195e+01
4.602626451506076677e+01
4.603913369442425818e+01
4.605193834581683632e+01
4.606467909070157418e+01
4.607735654177844253e+01
4.608997130314644153e+01
4.610252397046193096e+01
4.611501513109338646e+01
4.612744536427268827e+01
4.613981524124292122e+01
4.615212532540290624e+01
4.616437617244847047e+01
4.617656833051059095e+01
4.618870234029044752e+01
4.620077873519151979e+01
4.621279804144876380e+01
4.622476077825496077e+01
4.623666745788433730e+01
4.624851858581345709e+01
4.626031466083954058e+01
4.627205617519622649e+01
4.628374361466683951e+01
4.629537745869525622e+01
4.630695818049439794e+01
4.631848624598683983e+01
4.632996211853433266e+01
4.634138625215572915e+01
4.635275909618018630e+01
4.636408109421516599e+01
4.637535268424195323e+01
4.638657429870931992e+01
4.639774636462513513e+01
4.640886930364619900e+01
4.641994353216617242e+01
4.643096946140177295e+01
4.644194749747721573e+01
4.645287804150692068e+01
4.646376148967659958e+01
4.647459823332269480e+01
4.648538865901026185e+01
4.649613314860926749e+01
4.650683207936942409e+01
4.651748582399351761e+01
4.652809475070933587e+01
4.653865922334013305e+01
4.654917960137375843e+01
4.655965624003049186e+01
4.657008949032943690e+01
4.658047969915381259e+01
4.659082720931480992e+01
4.660113235961439671e+01
4.661139548490679374e+01
4.662161691615885672e+01
4.663179698050934263e+01
4.664193600132695394e+01
4.665203429826740944e+01
4.666209218732937813e+01
4.667210998090939711e+01
4.668208798785578040e+01
4.669202651352149758e+01
4.670192585981612865e+01
4.671178632525681707e+01
4.672160820501829903e+01
4.673139179098207308e+01
4.674113737178459616e+01
4.675084523286466975e+01
4.676051565650993780e+01
4.677014892190260298e+01
4.677974530516420515e+01
4.678930507939976025e+01
4.679882851474098260e+01
4.680831587838882513e+01
4.681776743465519530e+01
4.682718344500401031e+01
4.683656416809151324e+01
4.684590985980580058e+01
4.685522077330581681e+01
4.686449715905951052e+01
4.687373926488148612e+01
4.688294733596983122e+01
4.689212161494248221e+01
4.690126234187286514e+01
4.691036975432493961e+01
4.691944408738766725e+01
4.692848557370889750e+01
4.693749444352867073e+01
4.694647092471193162e+01
4.695541524278077361e+01
4.696432762094603675e+01
4.697320828013845784e+01
4.698205743903929488e+01
4.699087531411039009e+01
4.699966211962379248e+01
4.700841806769086872e+01
4.701714336829094520e+01
4.702583822929945256e+01
4.703450285651565821e+01
4.704313745368992272e+01
4.705174222255045891e+01
4.706031736282982081e+01
4.706886307229074617e+01
4.707737954675175018e+01
4.708586698011226446e+01
4.709432556437732842e+01
4.710275548968196091e+01
4.711115694431506284e+01
4.711953011474302855e+01
4.712787518563293077e+01
4.713619233987533619e+01
4.714448175860678703e+01
4.715274362123193441e+01
4.716097810544530944e+01
4.716918538725275312e+01
4.717736564099255503e+01
4.718551903935618697e+01
4.719364575340878076e+01
4.720174595260931483e+01
4.720981980483039564e+01
4.721786747637781900e+01
4.722588913200981864e+01
4.723388493495598084e+01
4.724185504693593884e+01
4.724979962817773327e+01
4.725771883743590251e+01
4.726561283200932451e+01
4.727348176775878841e+01
4.728132579912428923e+01
4.728914507914206666e+01
4.729693975946138096e+01
4.730470999036108992e+01
4.731245592076592743e+01
4.732017769826256881e+01
4.732787546911542620e+01
4.733554937828229470e+01
4.734319956942967167e+01
4.735082618494791973e+01
4.735842936596617392e+01
4.736600925236706416e+01
4.737356598280119613e+01
4.738109969470144733e+01
4.738861052429703591e+01
4.739609860662740459e+01
4.740356407555591289e+01
4.741100706378330898e+01
4.741842770286103104e+01
4.742582612320430968e+01
4.743320245410510694e+01
4.744055682374484206e+01
4.744788935920694684e+01
4.745520018648926452e+01
4.746248943051627833e+01
4.746975721515111957e+01
4.747700366320746923e+01
4.748422889646125356e+01
4.749143303566221164e+01
4.749861620054527123e+01
4.750577850984180373e+01
4.751292008129068023e+01
4.752004103164920679e+01
4.752714147670391753e+01
4.753422153128120442e+01
4.754128130925779772e+01
4.754832092357112572e+01
4.755534048622951104e+01
4.756234010832226033e+01
4.756931990002956923e+01
4.757627997063237757e+01
4.758322042852196887e+01
4.759014138120959103e+01
4.759704293533580710e+01
4.760392519667985312e+01
4.761078827016874015e+01
4.761763225988633508e+01
4.762445726908231336e+01
4.763126340018093430e+01
4.763805075478974516e+01
4.764481943370819295e+01
4.765156953693605857e+01
4.765830116368184832e+01
4.766501441237102910e+01
4.767170938065417829e+01
4.767838616541506269e+01
4.768504486277849708e+01
4.769168556811828807e+01
4.769830837606486540e+01
4.770491338051300545e+01
4.771150067462931332e+01
4.771807035085970483e+01
4.772462250093674641e+01
4.773115721588690974e+01
4.773767458603774827e+01
4.774417470102495997e+01
4.775065764979937910e+01
4.775712352063389687e+01
4.776357240113025426e+01
4.777000437822578505e+01
