# ee
6.147988885641098022e-02
8.212213218212127686e-02
7.435464859008789062e-02
5.181656032800674438e-02
2.971401624381542206e-02
1.545238774269819260e-02
8.827901445329189301e-03
6.441153120249509811e-03
5.429259967058897018e-03
4.642304964363574982e-03
4.194184672087430954e-03
3.834182163700461388e-03
3.830431494861841202e-03
4.002483561635017395e-03
4.109890665858983994e-03
4.341214429587125778e-03
4.770477302372455597e-03
5.433253478258848190e-03
6.388553418219089508e-03
7.560280151665210724e-03
8.932027034461498260e-03
1.050181686878204346e-02
1.223710086196660995e-02
1.413988694548606873e-02
1.618807204067707062e-02
1.839276403188705444e-02
2.079425193369388580e-02
2.340194955468177795e-02
2.623564004898071289e-02
2.934814244508743286e-02
3.277381137013435364e-02
3.648839890956878662e-02
4.046639427542686462e-02
4.468756541609764099e-02
4.915245249867439270e-02
5.390675365924835205e-02
5.899860337376594543e-02
6.441245973110198975e-02
7.012241333723068237e-02
7.611539959907531738e-02
8.240973204374313354e-02
8.903135359287261963e-02
9.599136561155319214e-02
1.033112332224845886e-01
1.110091209411621094e-01
1.190764605998992920e-01
1.275050789117813110e-01
1.362645030021667480e-01
1.453168243169784546e-01
1.546241044998168945e-01
1.642745733261108398e-01
1.744233220815658569e-01
1.850693821907043457e-01
1.961969137191772461e-01
2.076671421527862549e-01
2.193696051836013794e-01
2.313086986541748047e-01
2.435185313224792480e-01
2.560480833053588867e-01
2.689875066280364990e-01
2.823243439197540283e-01
2.960203886032104492e-01
3.100894689559936523e-01
3.245082795619964600e-01
3.392101824283599854e-01
3.541935086250305176e-01
3.694948256015777588e-01
3.850691616535186768e-01
4.009531736373901367e-01
4.171319007873535156e-01
4.335769712924957275e-01
4.502529203891754150e-01
4.671465456485748291e-01
4.842670857906341553e-01
5.016139149665832520e-01
5.191776752471923828e-01
5.369839668273925781e-01
5.549766421318054199e-01
5.731589198112487793e-01
5.914789438247680664e-01
6.099539995193481445e-01
6.285535693168640137e-01
6.472695469856262207e-01
6.660715341567993164e-01
6.849671006202697754e-01
7.039234042167663574e-01
7.229528427124023438e-01
7.420385479927062988e-01
7.611410021781921387e-01
7.802503705024719238e-01
7.993489503860473633e-01
8.184262514114379883e-01
8.374422788619995117e-01
8.563938736915588379e-01
8.752633333206176758e-01
8.940326571464538574e-01
9.126916527748107910e-01
9.311999678611755371e-01
9.495548009872436523e-01
9.678125381469726562e-01
9.858216643333435059e-01
1.003653407096862793e+00
1.021304965019226074e+00
1.038699030876159668e+00
1.055906891822814941e+00
1.072777032852172852e+00
1.089380979537963867e+00
1.105641245841979980e+00
1.121554970741271973e+00
1.137193560600280762e+00
1.152479648590087891e+00
1.167410135269165039e+00
1.181907653808593750e+00
1.196117639541625977e+00
1.209813952445983887e+00
1.223068118095397949e+00
1.236025571823120117e+00
1.248534679412841797e+00
1.260443568229675293e+00
1.272046566009521484e+00
1.283043265342712402e+00
1.293505072593688965e+00
1.303503155708312988e+00
1.312960028648376465e+00
1.321947216987609863e+00
1.330312967300415039e+00
1.338202595710754395e+00
1.345464825630187988e+00
1.352096438407897949e+00
1.358243227005004883e+00
1.363754272460937500e+00
1.368701934814453125e+00
1.373084187507629395e+00
1.376824736595153809e+00
1.379921555519104004e+00
1.382446885108947754e+00
1.384324312210083008e+00
1.385700583457946777e+00
1.386350631713867188e+00
1.386346936225891113e+00
1.385761618614196777e+00
1.384592533111572266e+00
1.382763624191284180e+00
1.380421519279479980e+00
1.377340912818908691e+00
1.373743057250976562e+00
1.369477033615112305e+00
1.364615321159362793e+00
1.359230160713195801e+00
1.353245139122009277e+00
1.346584200859069824e+00
1.339394211769104004e+00
1.331673264503479004e+00
1.323419451713562012e+00
1.314631342887878418e+00
1.305306673049926758e+00
1.295518279075622559e+00
1.285115361213684082e+00
1.274245023727416992e+00
1.262979626655578613e+00
1.251168727874755859e+00
1.238884687423706055e+00
1.226200103759765625e+00
1.213038802146911621e+00
1.199547410011291504e+00
1.185501217842102051e+00
1.171269893646240234e+00
1.156554341316223145e+00
1.141575455665588379e+00
1.126331567764282227e+00
1.110746383666992188e+00
1.094817876815795898e+00
1.078841447830200195e+00
1.062517881393432617e+00
1.046068072319030762e+00
1.029415607452392578e+00
1.012780427932739258e+00
9.958632588386535645e-01
9.788843393325805664e-01
9.618410468101501465e-01
9.448054432868957520e-01
9.277005195617675781e-01
9.105979800224304199e-01
8.936441540718078613e-01
8.766950368881225586e-01
8.598893880844116211e-01
8.432096838951110840e-01
8.266906142234802246e-01
8.103814721107482910e-01
7.943019270896911621e-01
7.784717082977294922e-01
7.629327774047851562e-01
7.477122545242309570e-01
7.328445315361022949e-01
7.183641195297241211e-01
7.043129205703735352e-01
6.907105445861816406e-01
6.775914430618286133e-01
6.649826169013977051e-01
6.529399156570434570e-01
6.414634585380554199e-01
6.306046843528747559e-01
6.203777194023132324e-01
6.108189821243286133e-01
6.019574999809265137e-01
5.938073992729187012e-01
5.864123702049255371e-01
5.797867774963378906e-01
5.739741921424865723e-01
5.689961910247802734e-01
5.648742914199829102e-01
5.616448521614074707e-01
5.592921972274780273e-01
5.580011606216430664e-01
5.575778484344482422e-01
5.581698417663574219e-01
5.597689747810363770e-01
5.623669028282165527e-01
5.661039352416992188e-01
5.708973407745361328e-01
5.768875479698181152e-01
5.839918255805969238e-01
5.922018289566040039e-01
6.016577482223510742e-01
6.123512983322143555e-01
6.242740154266357422e-01
6.374176144599914551e-01
6.518478989601135254e-01
6.675565838813781738e-01
6.846095323562622070e-01
7.029239535331726074e-01
7.227144241333007812e-01
7.438239455223083496e-01
7.663183808326721191e-01
7.901892066001892090e-01
8.155024647712707520e-01
8.423239588737487793e-01
8.704966306686401367e-01
9.000863432884216309e-01
9.312332868576049805e-01
9.637806415557861328e-01
9.978681802749633789e-01
1.033413529396057129e+00
1.070482492446899414e+00
1.109066486358642578e+00
1.149083137512207031e+00
1.190895199775695801e+00
1.233974337577819824e+00
1.278757929801940918e+00
1.324940800666809082e+00
1.372739553451538086e+00
1.421925425529479980e+00
1.472789764404296875e+00
1.525029540061950684e+00
1.579010248184204102e+00
1.634280443191528320e+00
1.691205739974975586e+00
1.749631524085998535e+00
1.809552431106567383e+00
1.870887994766235352e+00
1.933855414390563965e+00
1.998226165771484375e+00
2.064068555831909180e+00
2.131302833557128906e+00
2.200145959854125977e+00
2.270220756530761719e+00
2.341893434524536133e+00
2.414860486984252930e+00
2.489190816879272461e+00
2.564804792404174805e+00
2.641993522644042969e+00
2.720157623291015625e+00
2.799885272979736328e+00
2.880651235580444336e+00
2.962672472000122070e+00
3.045943975448608398e+00
3.130385875701904297e+00
3.215918064117431641e+00
3.302535295486450195e+00
3.390306234359741211e+00
3.478928565979003906e+00
3.568619728088378906e+00
3.659300327301025391e+00
3.750964403152465820e+00
3.843459129333496094e+00
3.936777830123901367e+00
4.030916213989257812e+00
4.125794410705566406e+00
4.221258640289306641e+00
4.318047523498535156e+00
4.415040016174316406e+00
4.511860370635986328e+00
4.609989643096923828e+00
4.707936286926269531e+00
4.807181358337402344e+00
4.905490875244140625e+00
5.005089282989501953e+00
5.105228424072265625e+00
5.204416751861572266e+00
5.304141044616699219e+00
5.403674125671386719e+00
5.503780841827392578e+00
5.604483127593994141e+00
5.704315185546875000e+00
5.804042816162109375e+00
5.903687477111816406e+00
6.004755496978759766e+00
6.104297637939453125e+00
6.203078269958496094e+00
6.303347587585449219e+00
6.402155876159667969e+00
6.501010417938232422e+00
6.599933147430419922e+00
6.697460174560546875e+00
6.795098781585693359e+00
6.891385078430175781e+00
6.988569736480712891e+00
7.084445476531982422e+00
7.179778575897216797e+00
7.275331497192382812e+00
7.368899345397949219e+00
7.461990356445312500e+00
7.555367469787597656e+00
7.645339488983154297e+00
7.736385345458984375e+00
7.826298713684082031e+00
7.914358615875244141e+00
8.002074241638183594e+00
8.087980270385742188e+00
8.172842025756835938e+00
8.257426261901855469e+00
8.340268135070800781e+00
8.422132492065429688e+00
8.501555442810058594e+00
8.580045700073242188e+00
8.657626152038574219e+00
8.732833862304687500e+00
8.807917594909667969e+00
8.880673408508300781e+00
8.951121330261230469e+00
9.021513938903808594e+00
9.088901519775390625e+00
9.154792785644531250e+00
9.218465805053710938e+00
9.281431198120117188e+00
9.341480255126953125e+00
9.399378776550292969e+00
9.455893516540527344e+00
9.509559631347656250e+00
9.561889648437500000e+00
9.612179756164550781e+00
9.659731864929199219e+00
9.705333709716796875e+00
9.749027252197265625e+00
9.790857315063476562e+00
9.830123901367187500e+00
9.866128921508789062e+00
9.900400161743164062e+00
9.932983398437500000e+00
9.963178634643554688e+00
9.991029739379882812e+00
1.001732254028320312e+01
1.003987407684326172e+01
1.006095314025878906e+01
1.007986545562744141e+01
1.009516334533691406e+01
1.010912322998046875e+01
1.012104511260986328e+01
1.013022804260253906e+01
1.013671779632568359e+01
1.014129829406738281e+01
1.014327144622802734e+01
1.014342498779296875e+01
1.014105701446533203e+01
1.013695430755615234e+01
1.012967586517333984e+01
1.012000656127929688e+01
1.010873413085937500e+01
1.009589958190917969e+01
1.007783317565917969e+01
1.005977916717529297e+01
1.003880786895751953e+01
1.001496219635009766e+01
9.990514755249023438e+00
9.963278770446777344e+00
9.933300018310546875e+00
9.901360511779785156e+00
9.865277290344238281e+00
9.830292701721191406e+00
9.791991233825683594e+00
9.753389358520507812e+00
9.711557388305664062e+00
9.668022155761718750e+00
9.622084617614746094e+00
9.574530601501464844e+00
9.525403022766113281e+00
9.473999977111816406e+00
9.421108245849609375e+00
9.366769790649414062e+00
9.310277938842773438e+00
9.251649856567382812e+00
9.192383766174316406e+00
9.131005287170410156e+00
9.067525863647460938e+00
9.003442764282226562e+00
8.937280654907226562e+00
8.869795799255371094e+00
8.801741600036621094e+00
8.730898857116699219e+00
8.659508705139160156e+00
8.586839675903320312e+00
8.512903213500976562e+00
8.437708854675292969e+00
8.362011909484863281e+00
8.284337043762207031e+00
8.206180572509765625e+00
8.125323295593261719e+00
8.044749259948730469e+00
7.963726043701171875e+00
7.881519794464111328e+00
7.798142433166503906e+00
7.713603973388671875e+00
7.628656864166259766e+00
7.542569637298583984e+00
7.456838130950927734e+00
7.369985580444335938e+00
7.282765865325927734e+00
7.195188999176025391e+00
7.108007907867431641e+00
7.019746303558349609e+00
6.931156635284423828e+00
6.843735218048095703e+00
6.755262851715087891e+00
6.667977809906005859e+00
6.580403804779052734e+00
6.492550373077392578e+00
6.405169010162353516e+00
6.319014072418212891e+00
6.232607364654541016e+00
6.146702289581298828e+00
6.061306953430175781e+00
5.977174282073974609e+00
5.894313335418701172e+00
5.810503959655761719e+00
5.729470729827880859e+00
5.649735927581787109e+00
5.569823265075683594e+00
5.491970539093017578e+00
5.416185855865478516e+00
5.340981483459472656e+00
5.267795085906982422e+00
5.196566581726074219e+00
5.126493930816650391e+00
5.058259010314941406e+00
4.991060256958007812e+00
4.926322937011718750e+00
4.863245010375976562e+00
4.802508831024169922e+00
4.742568969726562500e+00
4.684851169586181641e+00
4.628552436828613281e+00
4.575098991394042969e+00
4.523687839508056641e+00
4.474258422851562500e+00
4.426008701324462891e+00
4.380363464355468750e+00
4.337263584136962891e+00
4.295162677764892578e+00
4.256229400634765625e+00
4.220404148101806641e+00
4.186141014099121094e+00
4.154122352600097656e+00
4.125031471252441406e+00
4.097321510314941406e+00
4.073163032531738281e+00
4.051008224487304688e+00
4.030797958374023438e+00
4.013958454132080078e+00
3.999686717987060547e+00
3.987921714782714844e+00
3.979348182678222656e+00
3.973161220550537109e+00
3.970045804977416992e+00
3.969197750091552734e+00
3.972044229507446289e+00
3.977781534194946289e+00
3.985607147216796875e+00
3.996947526931762695e+00
4.011743068695068359e+00
4.029191017150878906e+00
4.049973964691162109e+00
4.072547912597656250e+00
4.099823951721191406e+00
4.129514694213867188e+00
4.163046360015869141e+00
4.199615955352783203e+00
4.238422393798828125e+00
4.281634330749511719e+00
4.326963901519775391e+00
4.376577377319335938e+00
4.429651260375976562e+00
4.485357284545898438e+00
4.544354915618896484e+00
4.607302665710449219e+00
4.673521518707275391e+00
4.742630958557128906e+00
4.815586090087890625e+00
4.891337871551513672e+00
4.970470428466796875e+00
5.052603244781494141e+00
5.138098239898681641e+00
5.226648807525634766e+00
5.318469047546386719e+00
5.413400173187255859e+00
5.511434078216552734e+00
5.612636089324951172e+00
5.716773986816406250e+00
5.823988437652587891e+00
5.934121608734130859e+00
6.047164440155029297e+00
6.163258552551269531e+00
6.282171726226806641e+00
6.403821468353271484e+00
6.528275012969970703e+00
6.655448913574218750e+00
6.785261631011962891e+00
6.917630672454833984e+00
7.052772045135498047e+00
7.190379619598388672e+00
7.330299377441406250e+00
7.472746372222900391e+00
7.617489337921142578e+00
7.764522075653076172e+00
7.913837432861328125e+00
8.065206527709960938e+00
8.218622207641601562e+00
8.374151229858398438e+00
8.531416893005371094e+00
8.690784454345703125e+00
8.851727485656738281e+00
9.014387130737304688e+00
9.178758621215820312e+00
9.344612121582031250e+00
9.511870384216308594e+00
9.680227279663085938e+00
9.849827766418457031e+00
1.002059173583984375e+01
1.019243812561035156e+01
1.036528968811035156e+01
1.053907966613769531e+01
1.071378707885742188e+01
1.088792133331298828e+01
1.106444835662841797e+01
1.124113464355468750e+01
1.141871452331542969e+01
1.159644222259521484e+01
1.177579784393310547e+01
1.195454502105712891e+01
1.213342285156250000e+01
1.231316947937011719e+01
1.249377918243408203e+01
1.267376136779785156e+01
1.285534000396728516e+01
1.303553962707519531e+01
1.321658134460449219e+01
1.339697647094726562e+01
1.357820796966552734e+01
1.375952434539794922e+01
1.394018268585205078e+01
1.412091732025146484e+01
1.430098628997802734e+01
1.448038101196289062e+01
1.465984153747558594e+01
1.483787727355957031e+01
1.501597309112548828e+01
1.519338130950927734e+01
1.536935138702392578e+01
1.554537105560302734e+01
1.571994686126708984e+01
1.589307689666748047e+01
1.606549835205078125e+01
1.623646926879882812e+01
1.640598297119140625e+01
1.657403564453125000e+01
1.673988151550292969e+01
1.690500640869140625e+01
1.706791496276855469e+01
1.722935295104980469e+01
1.738782691955566406e+01
1.754556655883789062e+01
1.769959449768066406e+01
1.785287857055664062e+01
1.800318717956542969e+01
1.814977455139160156e+01
1.829561233520507812e+01
1.843623542785644531e+01
1.857535934448242188e+01
1.871149253845214844e+01
1.884463119506835938e+01
1.897479438781738281e+01
1.910058021545410156e+01
1.922432518005371094e+01
1.934390640258789062e+01
1.946017074584960938e+01
1.957322502136230469e+01
1.968317413330078125e+01
1.979012680053710938e+01
1.989270019531250000e+01
1.999174308776855469e+01
2.008810424804687500e+01
2.018189048767089844e+01
2.026948928833007812e+01
2.035546684265136719e+01
2.043695449829101562e+01
2.051628875732421875e+01
2.059208679199218750e+01
2.066445541381835938e+01
2.073423957824707031e+01
2.079857444763183594e+01
2.086054039001464844e+01
2.091874885559082031e+01
2.097256660461425781e+01
2.102283859252929688e+01
2.106967163085937500e+01
2.111316680908203125e+01
2.115269088745117188e+01
2.118834304809570312e+01
2.122022628784179688e+01
2.124844741821289062e+01
2.127311134338378906e+01
2.129357528686523438e+01
2.131143188476562500e+01
2.132380867004394531e+01
2.133378219604492188e+01
2.134071540832519531e+01
2.134173393249511719e+01
2.134066200256347656e+01
2.133462333679199219e+01
2.132595443725585938e+01
2.131326866149902344e+01
2.129592514038085938e+01
2.127625656127929688e+01
2.125064849853515625e+01
2.122217559814453125e+01
2.119019317626953125e+01
2.115406417846679688e+01
2.111462974548339844e+01
2.107050323486328125e+01
2.102253150939941406e+01
2.097230148315429688e+01
2.091770362854003906e+01
2.085810661315917969e+01
2.079586219787597656e+01
2.073034095764160156e+01
2.066092109680175781e+01
2.058771705627441406e+01
2.051158905029296875e+01
2.043191337585449219e+01
2.034805870056152344e+01
2.026088905334472656e+01
2.017126083374023438e+01
2.007854843139648438e+01
1.998138236999511719e+01
1.988136291503906250e+01
1.977860450744628906e+01
1.967248344421386719e+01
1.956385421752929688e+01
1.945208930969238281e+01
1.933730316162109375e+01
1.922109794616699219e+01
1.910061645507812500e+01
1.897894287109375000e+01
1.885396194458007812e+01
1.872653388977050781e+01
1.859676742553710938e+01
1.846478080749511719e+01
1.832993888854980469e+01
1.819384765625000000e+01
1.805587005615234375e+01
1.791538238525390625e+01
1.777249145507812500e+01
1.762954330444335938e+01
1.748293113708496094e+01
1.733574295043945312e+01
1.718660163879394531e+01
1.703710556030273438e+01
1.688513755798339844e+01
1.673229598999023438e+01
1.657943344116210938e+01
1.642369079589843750e+01
1.626889419555664062e+01
1.611292076110839844e+01
1.595588779449462891e+01
1.580012989044189453e+01
1.564278888702392578e+01
1.548545646667480469e+01
1.532750511169433594e+01
1.517052745819091797e+01
1.501314544677734375e+01
1.485619735717773438e+01
1.470043277740478516e+01
1.454436016082763672e+01
1.438945484161376953e+01
1.423422431945800781e+01
1.408014392852783203e+01
1.392646312713623047e+01
1.377391529083251953e+01
1.362174797058105469e+01
1.346995258331298828e+01
1.331926345825195312e+01
1.316967105865478516e+01
1.302042102813720703e+01
1.287299251556396484e+01
1.272588634490966797e+01
1.257983970642089844e+01
1.243558406829833984e+01
1.229236698150634766e+01
1.214869213104248047e+01
1.200752067565917969e+01
1.186884498596191406e+01
1.173042392730712891e+01
1.159447765350341797e+01
1.145950984954833984e+01
1.132699584960937500e+01
1.119766902923583984e+01
1.106854724884033203e+01
1.094036388397216797e+01
1.081533527374267578e+01
1.069271183013916016e+01
1.057099533081054688e+01
1.045389080047607422e+01
1.033767414093017578e+01
1.022456264495849609e+01
1.011306095123291016e+01
1.000464630126953125e+01
9.900049209594726562e+00
9.798520088195800781e+00
9.699302673339843750e+00
9.603132247924804688e+00
9.509255409240722656e+00
9.421378135681152344e+00
9.337261199951171875e+00
9.255409240722656250e+00
9.177299499511718750e+00
9.103664398193359375e+00
9.033009529113769531e+00
8.967555046081542969e+00
8.904319763183593750e+00
8.847008705139160156e+00
8.793363571166992188e+00
8.745489120483398438e+00
8.700268745422363281e+00
8.660529136657714844e+00
8.624639511108398438e+00
8.593196868896484375e+00
8.566801071166992188e+00
8.543820381164550781e+00
8.524854660034179688e+00
8.510500907897949219e+00
8.500617027282714844e+00
8.495058059692382812e+00
8.494422912597656250e+00
8.497082710266113281e+00
8.503638267517089844e+00
8.515431404113769531e+00
8.531575202941894531e+00
8.551185607910156250e+00
8.574119567871093750e+00
8.602462768554687500e+00
8.634589195251464844e+00
8.671098709106445312e+00
8.711849212646484375e+00
8.756700515747070312e+00
8.805510520935058594e+00
8.858881950378417969e+00
8.915930747985839844e+00
8.977258682250976562e+00
9.042726516723632812e+00
9.110708236694335938e+00
9.184780120849609375e+00
9.261828422546386719e+00
9.343199729919433594e+00
9.428758621215820312e+00
9.517620086669921875e+00
9.610388755798339844e+00
9.707671165466308594e+00
9.807842254638671875e+00
9.910763740539550781e+00
1.002001571655273438e+01
1.013174438476562500e+01
1.024804019927978516e+01
1.036876964569091797e+01
1.049305152893066406e+01
1.062000751495361328e+01
1.075173091888427734e+01
1.088585662841796875e+01
1.102447986602783203e+01
1.116672039031982422e+01
1.131170272827148438e+01
1.146077632904052734e+01
1.161306285858154297e+01
1.176767730712890625e+01
1.192671489715576172e+01
1.208854961395263672e+01
1.225304412841796875e+01
1.242154884338378906e+01
1.259318351745605469e+01
1.276781177520751953e+01
1.294529724121093750e+01
1.312550354003906250e+01
1.330978393554687500e+01
1.349502658843994141e+01
1.368407249450683594e+01
1.387529754638671875e+01
1.406931209564208984e+01
1.426523971557617188e+01
1.446442985534667969e+01
1.466526508331298828e+01
1.486835289001464844e+01
1.507282066345214844e+01
1.528075885772705078e+01
1.548981094360351562e+01
1.570132827758789062e+01
1.591369152069091797e+01
1.612899780273437500e+01
1.634488868713378906e+01
1.656271743774414062e+01
1.678235054016113281e+01
1.700291824340820312e+01
1.722428321838378906e+01
1.744631958007812500e+01
1.766963958740234375e+01
1.789336776733398438e+01
1.811886215209960938e+01
1.834375953674316406e+01
1.856942176818847656e+01
1.879571723937988281e+01
1.902177047729492188e+01
1.924893951416015625e+01
1.947486877441406250e+01
1.970017051696777344e+01
1.992545700073242188e+01
2.015060043334960938e+01
2.037398910522460938e+01
2.059846305847167969e+01
2.082017898559570312e+01
2.104123878479003906e+01
2.126077079772949219e+01
2.147939109802246094e+01
2.169625091552734375e+01
2.191209030151367188e+01
2.212544822692871094e+01
2.233782768249511719e+01
2.254850959777832031e+01
2.275602912902832031e+01
2.296263504028320312e+01
2.316909599304199219e+01
2.337096977233886719e+01
2.357200050354003906e+01
2.377146148681640625e+01
2.396863365173339844e+01
2.416427993774414062e+01
2.435693740844726562e+01
2.454811477661132812e+01
2.473708724975585938e+01
2.492462348937988281e+01
2.510925865173339844e+01
2.529175567626953125e+01
2.547139358520507812e+01
2.564893722534179688e+01
2.582440757751464844e+01
2.599708366394042969e+01
2.616773033142089844e+01
2.633413887023925781e+01
2.649930381774902344e+01
2.666101455688476562e+01
2.681929397583007812e+01
2.697564697265625000e+01
2.712861251831054688e+01
2.727746772766113281e+01
2.742371177673339844e+01
2.756737327575683594e+01
2.770624160766601562e+01
2.784256553649902344e+01
2.797561836242675781e+01
2.810393905639648438e+01
2.822977256774902344e+01
2.835017013549804688e+01
2.846812248229980469e+01
2.858141326904296875e+01
2.869007110595703125e+01
2.879559326171875000e+01
2.889577102661132812e+01
2.899137115478515625e+01
2.908314514160156250e+01
2.917037391662597656e+01
2.925233459472656250e+01
2.932977867126464844e+01
2.940199089050292969e+01
2.946900367736816406e+01
2.953096389770507812e+01
2.958803939819335938e+01
2.963964462280273438e+01
2.968743705749511719e+01
2.972934913635253906e+01
2.976629066467285156e+01
2.979842758178710938e+01
2.982591819763183594e+01
2.984967613220214844e+01
2.986688613891601562e+01
2.988068771362304688e+01
2.988901329040527344e+01
2.989277076721191406e+01
2.989211845397949219e+01
2.988648033142089844e+01
2.987749862670898438e+01
2.986310577392578125e+01
2.984420967102050781e+01
2.982097053527832031e+01
2.979354667663574219e+01
2.976135444641113281e+01
2.972455406188964844e+01
2.968404960632324219e+01
2.963851356506347656e+01
2.958959007263183594e+01
2.953594970703125000e+01
2.947849464416503906e+01
2.941663742065429688e+01
2.934979820251464844e+01
2.928035926818847656e+01
2.920550155639648438e+01
2.912687110900878906e+01
2.904536437988281250e+01
2.895891189575195312e+01
2.886840820312500000e+01
2.877475166320800781e+01
2.867735099792480469e+01
2.857488250732421875e+01
2.846971702575683594e+01
2.836053085327148438e+01
2.824747467041015625e+01
2.813070297241210938e+01
2.801036071777343750e+01
2.788586235046386719e+01
2.775884628295898438e+01
2.762797355651855469e+01
2.749488449096679688e+01
2.735675621032714844e+01
2.721596717834472656e+01
2.707266998291015625e+01
2.692625808715820312e+01
2.677539253234863281e+01
2.662244224548339844e+01
2.646606445312500000e+01
2.630714035034179688e+01
2.614432525634765625e+01
2.597850608825683594e+01
2.581130599975585938e+01
2.564063644409179688e+01
2.546738052368164062e+01
2.529167556762695312e+01
2.511366081237792969e+01
2.493273353576660156e+01
2.474977493286132812e+01
2.456492233276367188e+01
2.437831497192382812e+01
2.418785858154296875e+01
2.399592208862304688e+01
2.380264091491699219e+01
2.360740852355957031e+01
2.340962028503417969e+01
2.321015357971191406e+01
2.300988769531250000e+01
2.280821800231933594e+01
2.260379028320312500e+01
2.239897346496582031e+01
2.219315719604492188e+01
2.198647308349609375e+01
2.177831840515136719e+01
2.156808280944824219e+01
2.135887145996093750e+01
2.114859199523925781e+01
2.093589019775390625e+01
2.072461891174316406e+01
2.051267814636230469e+01
2.030020523071289062e+01
2.008881759643554688e+01
1.987642097473144531e+01
1.966760635375976562e+01
1.945582008361816406e+01
1.924490928649902344e+01
1.903426742553710938e+01
1.882551002502441406e+01
1.861728668212890625e+01
1.840824127197265625e+01
1.820296669006347656e+01
1.799788093566894531e+01
1.779460334777832031e+01
1.759326553344726562e+01
1.739323043823242188e+01
1.719449806213378906e+01
1.699851989746093750e+01
1.680378913879394531e+01
1.661101150512695312e+01
1.641942024230957031e+01
1.622972869873046875e+01
1.604190635681152344e+01
1.585592842102050781e+01
1.567250347137451172e+01
1.549160957336425781e+01
1.531172466278076172e+01
1.513505458831787109e+01
1.495934009552001953e+01
1.478678417205810547e+01
1.461512756347656250e+01
1.444657135009765625e+01
1.427885913848876953e+01
1.411493492126464844e+01
1.395105743408203125e+01
1.379017066955566406e+01
1.363224792480468750e+01
1.347577571868896484e+01
1.332146930694580078e+01
1.317078971862792969e+01
1.302148056030273438e+01
1.287648963928222656e+01
1.273355960845947266e+01
1.259266471862792969e+01
1.245526790618896484e+01
1.232059860229492188e+01
1.218714618682861328e+01
1.205785942077636719e+01
1.193271160125732422e+01
1.180945110321044922e+01
1.168879604339599609e+01
1.157220935821533203e+01
1.145966720581054688e+01
1.134966087341308594e+01
1.124291038513183594e+01
1.114087867736816406e+01
1.104131507873535156e+01
1.094568252563476562e+01
1.085321903228759766e+01
1.076687240600585938e+01
1.068290901184082031e+01
1.060279178619384766e+01
1.052724647521972656e+01
1.045625114440917969e+01
1.038904190063476562e+01
1.032632160186767578e+01
1.026794624328613281e+01
1.021374988555908203e+01
1.016430950164794922e+01
1.011946201324462891e+01
1.007829856872558594e+01
1.004139709472656250e+01
1.000933837890625000e+01
9.980470657348632812e+00
9.955375671386718750e+00
9.935375213623046875e+00
9.918821334838867188e+00
9.906293869018554688e+00
9.897633552551269531e+00
9.891934394836425781e+00
9.890522003173828125e+00
9.893235206604003906e+00
9.899172782897949219e+00
9.909659385681152344e+00
9.922307014465332031e+00
9.939929008483886719e+00
9.960138320922851562e+00
9.984261512756347656e+00
1.001214313507080078e+01
1.004213809967041016e+01
1.007632064819335938e+01
1.011378955841064453e+01
1.015513229370117188e+01
1.019870853424072266e+01
1.024510288238525391e+01
1.029639434814453125e+01
1.035019683837890625e+01
1.040635585784912109e+01
1.046620464324951172e+01
1.052884864807128906e+01
1.059487533569335938e+01
1.066413497924804688e+01
1.073424434661865234e+01
1.080876922607421875e+01
1.088607120513916016e+01
1.096525573730468750e+01
1.104691791534423828e+01
1.113239192962646484e+01
1.121929836273193359e+01
1.131046199798583984e+01
1.140201663970947266e+01
1.149678897857666016e+01
1.159462738037109375e+01
1.169464397430419922e+01
1.179743194580078125e+01
1.190136241912841797e+01
1.200778770446777344e+01
1.211657714843750000e+01
1.222834491729736328e+01
1.234147453308105469e+01
1.245583629608154297e+01
1.257278823852539062e+01
1.269071483612060547e+01
1.280874538421630859e+01
1.293120956420898438e+01
1.305500793457031250e+01
1.318001174926757812e+01
1.330758094787597656e+01
1.343535900115966797e+01
1.356544685363769531e+01
1.369697761535644531e+01
1.382982158660888672e+01
1.396459770202636719e+01
1.409969425201416016e+01
1.423646831512451172e+01
1.437405490875244141e+01
1.451232719421386719e+01
1.465264701843261719e+01
1.479265594482421875e+01
1.493371963500976562e+01
1.507571125030517578e+01
1.521776485443115234e+01
1.536123847961425781e+01
1.550526714324951172e+01
1.564898300170898438e+01
1.579300498962402344e+01
1.593720722198486328e+01
1.608221244812011719e+01
1.622640419006347656e+01
1.637040901184082031e+01
1.651484107971191406e+01
1.665809249877929688e+01
1.680226516723632812e+01
1.694426918029785156e+01
1.708694648742675781e+01
1.722720527648925781e+01
1.736789321899414062e+01
1.750665473937988281e+01
1.764411163330078125e+01
1.778162574768066406e+01
1.791684341430664062e+01
1.805112648010253906e+01
1.818286705017089844e+01
1.831342506408691406e+01
1.844193267822265625e+01
1.856829452514648438e+01
1.869251441955566406e+01
1.881537246704101562e+01
1.893615722656250000e+01
1.905490112304687500e+01
1.917089843750000000e+01
1.928491973876953125e+01
1.939774703979492188e+01
1.950792121887207031e+01
1.961696434020996094e+01
1.972342109680175781e+01
1.982806968688964844e+01
1.993094062805175781e+01
2.003206443786621094e+01
2.013073158264160156e+01
2.022771453857421875e+01
2.032230186462402344e+01
2.041526985168457031e+01
2.050590515136718750e+01
2.059423828125000000e+01
2.068103981018066406e+01
2.076560020446777344e+01
2.084794616699218750e+01
2.092736816406250000e+01
2.100463676452636719e+01
2.107977676391601562e+01
2.115356445312500000e+01
2.122379493713378906e+01
2.129347419738769531e+01
2.136039543151855469e+01
2.142384338378906250e+01
2.148533248901367188e+01
2.154414558410644531e+01
2.159956741333007812e+01
2.165385055541992188e+01
2.170479011535644531e+01
2.175315856933593750e+01
2.179823303222656250e+01
2.184078598022460938e+01
2.188009262084960938e+01
2.191692161560058594e+01
2.195055389404296875e+01
2.198101234436035156e+01
2.200831794738769531e+01
2.203249359130859375e+01
2.205430412292480469e+01
2.207153892517089844e+01
2.208570671081542969e+01
2.209608650207519531e+01
2.210343742370605469e+01
2.210631752014160156e+01
2.210708618164062500e+01
2.210366439819335938e+01
2.209695053100585938e+01
2.208560562133789062e+01
2.207201576232910156e+01
2.205484390258789062e+01
2.203498077392578125e+01
2.201108932495117188e+01
2.198406791687011719e+01
2.195480346679687500e+01
2.192196083068847656e+01
2.188568496704101562e+01
2.184761428833007812e+01
2.180566406250000000e+01
2.176146697998046875e+01
2.171442604064941406e+01
2.166543388366699219e+01
2.161240196228027344e+01
2.155696487426757812e+01
2.149852180480957031e+01
2.143870544433593750e+01
2.137616920471191406e+01
2.130957603454589844e+01
2.124203872680664062e+01
2.117146873474121094e+01
2.109875488281250000e+01
2.102403450012207031e+01
2.094671058654785156e+01
2.086692047119140625e+01
2.078554916381835938e+01
2.070125198364257812e+01
2.061639404296875000e+01
2.052814674377441406e+01
2.043887710571289062e+01
2.034649276733398438e+01
2.025261878967285156e+01
2.015739631652832031e+01
2.005947113037109375e+01
1.996047210693359375e+01
1.985904312133789062e+01
1.975755882263183594e+01
1.965243339538574219e+01
1.954752159118652344e+01
1.944072532653808594e+01
1.933144187927246094e+01
1.922128868103027344e+01
1.910966110229492188e+01
1.899817466735839844e+01
1.888399314880371094e+01
1.876799392700195312e+01
1.865251541137695312e+01
1.853469657897949219e+01
1.841539764404296875e+01
1.829621124267578125e+01
1.817501831054687500e+01
1.805341720581054688e+01
1.793003082275390625e+01
1.780645561218261719e+01
1.768131637573242188e+01
1.755620574951171875e+01
1.743049240112304688e+01
1.730354118347167969e+01
1.717620468139648438e+01
1.704784965515136719e+01
1.691932678222656250e+01
1.678925704956054688e+01
1.666072463989257812e+01
1.652937507629394531e+01
1.639829063415527344e+01
1.626758003234863281e+01
1.613660812377929688e+01
1.600473785400390625e+01
1.587207794189453125e+01
1.574022293090820312e+01
1.560853576660156250e+01
1.547712612152099609e+01
1.534535694122314453e+01
1.521333599090576172e+01
1.508265686035156250e+01
1.495193958282470703e+01
1.482129383087158203e+01
1.469156932830810547e+01
1.456212806701660156e+01
1.443382549285888672e+01
1.430527877807617188e+01
1.417808437347412109e+01
1.405160331726074219e+01
1.392669010162353516e+01
1.380196666717529297e+01
1.367902374267578125e+01
1.355574226379394531e+01
1.343594455718994141e+01
1.331676673889160156e+01
1.319906234741210938e+01
1.308368015289306641e+01
1.296998786926269531e+01
1.285809230804443359e+01
1.274810504913330078e+01
1.263938999176025391e+01
1.253426170349121094e+01
1.243048095703125000e+01
1.232875633239746094e+01
1.222979450225830078e+01
1.213207435607910156e+01
1.203779315948486328e+01
1.194468498229980469e+01
1.185346126556396484e+01
1.176334381103515625e+01
1.167652893066406250e+01
1.159149837493896484e+01
1.150896167755126953e+01
1.142739963531494141e+01
1.134826755523681641e+01
1.127153205871582031e+01
1.119567584991455078e+01
1.112364101409912109e+01
1.105168056488037109e+01
1.098199272155761719e+01
1.091454696655273438e+01
1.085005855560302734e+01
1.078552341461181641e+01
1.072388458251953125e+01
1.066437149047851562e+01
1.060695457458496094e+01
1.055160522460937500e+01
1.049904155731201172e+01
1.044848918914794922e+01
1.039918231964111328e+01
1.035183334350585938e+01
1.030716133117675781e+01
1.026439666748046875e+01
1.022351551055908203e+01
1.018597698211669922e+01
1.014952754974365234e+01
1.011637401580810547e+01
1.008426189422607422e+01
1.005539703369140625e+01
1.002827072143554688e+01
1.000434684753417969e+01
9.983602523803710938e+00
9.964530944824218750e+00
9.947854042053222656e+00
9.933549880981445312e+00
9.923085212707519531e+00
9.914211273193359375e+00
9.908393859863281250e+00
9.905614852905273438e+00
9.904369354248046875e+00
9.907610893249511719e+00
9.913073539733886719e+00
9.921385765075683594e+00
9.933901786804199219e+00
9.948258399963378906e+00
9.965065956115722656e+00
9.985679626464843750e+00
1.000773715972900391e+01
1.003259563446044922e+01
1.006012248992919922e+01
1.009167575836181641e+01
1.012340927124023438e+01
1.015816497802734375e+01
1.019507217407226562e+01
1.023474597930908203e+01
1.027631378173828125e+01
1.031964874267578125e+01
1.036462402343750000e+01
1.041334152221679688e+01
1.046270370483398438e+01
1.051481246948242188e+01
1.056880092620849609e+01
1.062454223632812500e+01
1.068265724182128906e+01
1.074227523803710938e+01
1.080327510833740234e+01
1.086627578735351562e+01
1.093189716339111328e+01
1.099704360961914062e+01
1.106605243682861328e+01
1.113434314727783203e+01
1.120550823211669922e+01
1.127794075012207031e+01
1.135152149200439453e+01
1.142687129974365234e+01
1.150312709808349609e+01
1.158091259002685547e+01
1.166010856628417969e+01
1.173985290527343750e+01
1.182076835632324219e+01
1.190348052978515625e+01
1.198712730407714844e+01
1.207159233093261719e+01
1.215749931335449219e+01
1.224398899078369141e+01
1.233094215393066406e+01
1.241973018646240234e+01
1.250874996185302734e+01
1.259788417816162109e+01
1.268924713134765625e+01
1.278049182891845703e+01
1.287150764465332031e+01
1.296442604064941406e+01
1.305766677856445312e+01
1.315188121795654297e+01
1.324548721313476562e+01
1.334062385559082031e+01
1.343571090698242188e+01
1.353065490722656250e+01
1.362685012817382812e+01
1.372271823883056641e+01
1.381890773773193359e+01
1.391607284545898438e+01
1.401337718963623047e+01
1.411072731018066406e+01
1.420803260803222656e+01
1.430594539642333984e+01
1.440288543701171875e+01
1.450024700164794922e+01
1.459794044494628906e+01
1.469587326049804688e+01
1.479321098327636719e+01
1.489060306549072266e+01
1.498796176910400391e+01
1.508519077301025391e+01
1.518220138549804688e+01
1.527890110015869141e+01
1.537519931793212891e+01
1.547025871276855469e+01
1.556621837615966797e+01
1.566075897216796875e+01
1.575452709197998047e+01
1.584817790985107422e+01
1.594087505340576172e+01
1.603326797485351562e+01
1.612378120422363281e+01
1.621380424499511719e+01
1.630324554443359375e+01
1.639052963256835938e+01
1.647779083251953125e+01
1.656344985961914062e+01
1.664741325378417969e+01
1.673032951354980469e+01
1.681285095214843750e+01
1.689265251159667969e+01
1.697187042236328125e+01
1.704818153381347656e+01
1.712371826171875000e+01
1.719764709472656250e+01
1.726838302612304688e+01
1.733806419372558594e+01
1.740587043762207031e+01
1.747106742858886719e+01
1.753442955017089844e+01
1.759598541259765625e+01
1.765501976013183594e+01
1.771305084228515625e+01
1.776787567138671875e+01
1.782175254821777344e+01
1.787322235107421875e+01
1.792379951477050781e+01
1.797053909301757812e+01
1.801644134521484375e+01
1.806078910827636719e+01
1.810286331176757812e+01
1.814343643188476562e+01
1.818253135681152344e+01
1.821943473815917969e+01
1.825490760803222656e+01
1.828823661804199219e+01
1.831944465637207031e+01
1.835004234313964844e+01
1.837856483459472656e+01
1.840503692626953125e+01
1.842948150634765625e+01
1.845191764831542969e+01
1.847311401367187500e+01
1.849234771728515625e+01
1.850963783264160156e+01
1.852575111389160156e+01
1.853996276855468750e+01
1.855154800415039062e+01
1.856201553344726562e+01
1.857064247131347656e+01
1.857669639587402344e+01
1.858094596862792969e+01
1.858415031433105469e+01
1.858409309387207031e+01
1.858302688598632812e+01
1.858021926879882812e+01
1.857420349121093750e+01
1.856647872924804688e+01
1.855706214904785156e+01
1.854448127746582031e+01
1.853023529052734375e+01
1.851433944702148438e+01
1.849606323242187500e+01
1.847467613220214844e+01
1.845167541503906250e+01
1.842559242248535156e+01
1.839791870117187500e+01
1.836719512939453125e+01
1.833426284790039062e+01
1.829922866821289062e+01
1.826145744323730469e+01
1.822179794311523438e+01
1.817961883544921875e+01
1.813577079772949219e+01
1.808961296081542969e+01
1.804051208496093750e+01
1.799080276489257812e+01
1.793836021423339844e+01
1.788403701782226562e+01
1.782793235778808594e+01
1.777089500427246094e+01
1.771154594421386719e+01
1.764998626708984375e+01
1.758706283569335938e+01
1.752287673950195312e+01
1.745604705810546875e+01
1.738816070556640625e+01
1.731932067871093750e+01
1.724814033508300781e+01
1.717546463012695312e+01
1.710213661193847656e+01
1.702751541137695312e+01
1.695095634460449219e+01
1.687255859375000000e+01
1.679390907287597656e+01
1.671361923217773438e+01
1.663179016113281250e+01
1.654926109313964844e+01
1.646613121032714844e+01
1.638101005554199219e+01
1.629548645019531250e+01
1.620890808105468750e+01
1.612063217163085938e+01
1.603223991394042969e+01
1.594308757781982422e+01
1.585178375244140625e+01
1.575990867614746094e+01
1.566830444335937500e+01
1.557557868957519531e+01
1.548108196258544922e+01
1.538714122772216797e+01
1.529162120819091797e+01
1.519535827636718750e+01
1.509919261932373047e+01
1.500247383117675781e+01
1.490455245971679688e+01
1.480626583099365234e+01
1.470770549774169922e+01
1.460820865631103516e+01
1.450933551788330078e+01
1.441042041778564453e+01
1.431005287170410156e+01
1.420905113220214844e+01
1.410823631286621094e+01
1.400768375396728516e+01
1.390523815155029297e+01
1.380394935607910156e+01
1.370166206359863281e+01
1.359994029998779297e+01
1.349737071990966797e+01
1.339551639556884766e+01
1.329222297668457031e+01
1.318979549407958984e+01
1.308533763885498047e+01
1.298338222503662109e+01
1.288029098510742188e+01
1.277836608886718750e+01
1.267768573760986328e+01
1.257460689544677734e+01
1.247292327880859375e+01
1.237048149108886719e+01
1.226958465576171875e+01
1.216659450531005859e+01
1.206530189514160156e+01
1.196429824829101562e+01
1.186291313171386719e+01
1.176345539093017578e+01
1.166376972198486328e+01
1.156467723846435547e+01
1.146476936340332031e+01
1.136709213256835938e+01
1.127023983001708984e+01
1.117280006408691406e+01
1.107708263397216797e+01
1.098167705535888672e+01
1.088740444183349609e+01
1.079360008239746094e+01
1.070108318328857422e+01
1.060993480682373047e+01
1.051949024200439453e+01
1.043056964874267578e+01
1.034325218200683594e+01
1.025613212585449219e+01
1.017077445983886719e+01
1.008651638031005859e+01
1.000417995452880859e+01
9.923847198486328125e+00
9.844836235046386719e+00
9.766402244567871094e+00
9.690009117126464844e+00
9.614894866943359375e+00
9.541780471801757812e+00
9.469903945922851562e+00
9.399989128112792969e+00
9.332016944885253906e+00
9.263739585876464844e+00
9.197365760803222656e+00
9.132879257202148438e+00
9.068775177001953125e+00
9.006523132324218750e+00
8.946104049682617188e+00
8.886757850646972656e+00
8.828471183776855469e+00
8.771967887878417969e+00
8.716489791870117188e+00
8.662022590637207031e+00
8.609292030334472656e+00
8.556799888610839844e+00
8.506758689880371094e+00
8.457670211791992188e+00
8.410263061523437500e+00
8.363037109375000000e+00
8.318210601806640625e+00
8.273540496826171875e+00
8.231244087219238281e+00
8.189824104309082031e+00
8.150012969970703125e+00
8.111054420471191406e+00
8.072939872741699219e+00
8.037145614624023438e+00
8.002174377441406250e+00
7.969503402709960938e+00
7.936152458190917969e+00
7.905827999114990234e+00
7.877035617828369141e+00
7.849024295806884766e+00
7.822531223297119141e+00
7.797547817230224609e+00
7.774067878723144531e+00
7.753571987152099609e+00
7.732339382171630859e+00
7.713336467742919922e+00
7.696557998657226562e+00
7.681258201599121094e+00
7.667430877685546875e+00
7.655816555023193359e+00
7.644926071166992188e+00
7.636971473693847656e+00
7.628911495208740234e+00
7.623635768890380859e+00
7.621062278747558594e+00
7.619623661041259766e+00
7.619238376617431641e+00
7.620568752288818359e+00
7.622789859771728516e+00
7.626565933227539062e+00
7.632560253143310547e+00
7.639207363128662109e+00
7.647913455963134766e+00
7.657856464385986328e+00
7.668215751647949219e+00
7.680399417877197266e+00
7.693584918975830078e+00
7.708440303802490234e+00
7.724144458770751953e+00
7.741363048553466797e+00
7.759277343750000000e+00
7.777809619903564453e+00
7.797629356384277344e+00
7.817915439605712891e+00
7.840824127197265625e+00
7.863306522369384766e+00
7.886031150817871094e+00
7.911152839660644531e+00
7.935625553131103516e+00
7.962346553802490234e+00
7.989014148712158203e+00
8.015554428100585938e+00
8.044121742248535156e+00
8.073901176452636719e+00
8.103333473205566406e+00
8.133833885192871094e+00
8.165327072143554688e+00
8.196255683898925781e+00
8.228776931762695312e+00
8.262075424194335938e+00
8.295337677001953125e+00
8.329977035522460938e+00
8.363692283630371094e+00
8.398642539978027344e+00
8.434755325317382812e+00
8.469732284545898438e+00
8.506472587585449219e+00
8.542677879333496094e+00
8.579762458801269531e+00
8.616912841796875000e+00
8.653315544128417969e+00
8.691874504089355469e+00
8.729557037353515625e+00
8.768533706665039062e+00
8.806517601013183594e+00
8.845678329467773438e+00
8.882987022399902344e+00
8.921356201171875000e+00
8.960729598999023438e+00
9.000304222106933594e+00
9.040766716003417969e+00
9.081315040588378906e+00
9.120405197143554688e+00
9.160207748413085938e+00
9.200663566589355469e+00
9.240230560302734375e+00
9.280337333679199219e+00
9.320178985595703125e+00
9.360443115234375000e+00
9.400326728820800781e+00
9.440516471862792969e+00
9.480952262878417969e+00
9.520090103149414062e+00
9.559356689453125000e+00
9.599437713623046875e+00
9.638043403625488281e+00
9.677345275878906250e+00
9.715798377990722656e+00
9.755572319030761719e+00
9.794377326965332031e+00
9.832156181335449219e+00
9.869590759277343750e+00
9.906621932983398438e+00
9.943933486938476562e+00
9.979977607727050781e+00
1.001618289947509766e+01
1.005099964141845703e+01
1.008659839630126953e+01
1.012068939208984375e+01
1.015469646453857422e+01
1.018781566619873047e+01
1.021998596191406250e+01
1.025188922882080078e+01
1.028272056579589844e+01
1.031316089630126953e+01
1.034166049957275391e+01
1.037038803100585938e+01
1.039853477478027344e+01
1.042604064941406250e+01
1.045135498046875000e+01
1.047589969635009766e+01
1.049888134002685547e+01
1.052030181884765625e+01
1.054017257690429688e+01
1.055999374389648438e+01
1.057955455780029297e+01
1.059708499908447266e+01
1.061371326446533203e+01
1.062930107116699219e+01
1.064400768280029297e+01
1.065791988372802734e+01
1.067090034484863281e+01
1.068288516998291016e+01
1.069418048858642578e+01
1.070472431182861328e+01
1.071422863006591797e+01
1.072284889221191406e+01
1.073059749603271484e+01
1.073762893676757812e+01
1.074380493164062500e+01
1.074905776977539062e+01
1.075361919403076172e+01
1.075727176666259766e+01
1.076009845733642578e+01
1.076217937469482422e+01
1.076344585418701172e+01
1.076383018493652344e+01
1.076356029510498047e+01
1.076234436035156250e+01
1.076041030883789062e+01
1.075761413574218750e+01
1.075395870208740234e+01
1.074952411651611328e+01
1.074423789978027344e+01
1.073802852630615234e+01
1.073104953765869141e+01
1.072315216064453125e+01
1.071448802947998047e+01
1.070483589172363281e+01
1.069427108764648438e+01
1.068279552459716797e+01
1.067033481597900391e+01
1.065696334838867188e+01
1.064260864257812500e+01
1.062719345092773438e+01
1.061094188690185547e+01
1.059355545043945312e+01
1.057503318786621094e+01
1.055544662475585938e+01
1.053486824035644531e+01
1.051314830780029297e+01
1.049022102355957031e+01
1.046613311767578125e+01
1.044101905822753906e+01
1.041479015350341797e+01
1.038765239715576172e+01
1.035958957672119141e+01
1.033058643341064453e+01
1.030047607421875000e+01
1.026939201354980469e+01
1.023761367797851562e+01
1.020497417449951172e+01
1.017160511016845703e+01
1.013741397857666016e+01
1.010245704650878906e+01
1.006678962707519531e+01
1.003039455413818359e+01
9.993324279785156250e+00
9.955636978149414062e+00
9.917458534240722656e+00
9.878474235534667969e+00
9.839035034179687500e+00
9.798972129821777344e+00
9.758487701416015625e+00
9.717189788818359375e+00
9.675354003906250000e+00
9.633852958679199219e+00
9.591547966003417969e+00
9.548717498779296875e+00
9.504669189453125000e+00
9.461684226989746094e+00
9.417588233947753906e+00
9.373173713684082031e+00
9.328493118286132812e+00
9.282855987548828125e+00
9.237799644470214844e+00
9.193375587463378906e+00
9.146662712097167969e+00
9.100683212280273438e+00
9.054745674133300781e+00
9.007415771484375000e+00
8.960971832275390625e+00
8.913980484008789062e+00
8.866489410400390625e+00
8.819294929504394531e+00
8.771702766418457031e+00
8.724506378173828125e+00
8.677012443542480469e+00
8.629270553588867188e+00
8.581332206726074219e+00
8.533247947692871094e+00
8.485806465148925781e+00
8.439054489135742188e+00
8.390803337097167969e+00
8.342580795288085938e+00
8.293686866760253906e+00
8.245648384094238281e+00
8.198510169982910156e+00
8.150080680847167969e+00
8.102636337280273438e+00
8.053986549377441406e+00
8.006403923034667969e+00
7.958444118499755859e+00
7.910893440246582031e+00
7.864537239074707031e+00
7.817187786102294922e+00
7.769631862640380859e+00
7.722654342651367188e+00
7.675555706024169922e+00
7.628377437591552734e+00
7.581907272338867188e+00
7.536188125610351562e+00
7.489775180816650391e+00
7.444200038909912109e+00
7.398020267486572266e+00
7.352764129638671875e+00
7.307733058929443359e+00
7.262970924377441406e+00
7.217778682708740234e+00
7.172945022583007812e+00
7.128512382507324219e+00
7.084527015686035156e+00
7.041776657104492188e+00
6.998076438903808594e+00
6.956444740295410156e+00
6.913953781127929688e+00
6.872879505157470703e+00
6.831781387329101562e+00
6.790704727172851562e+00
6.750439643859863281e+00
6.711032390594482422e+00
6.672530174255371094e+00
6.634235858917236328e+00
6.596940517425537109e+00
6.559948444366455078e+00
6.524050235748291016e+00
6.489293575286865234e+00
6.454240322113037109e+00
6.420425415039062500e+00
6.387897014617919922e+00
6.355217933654785156e+00
6.323913574218750000e+00
6.293241977691650391e+00
6.263194084167480469e+00
6.235248088836669922e+00
6.207166671752929688e+00
6.179684162139892578e+00
6.154280185699462891e+00
6.128717899322509766e+00
6.103732585906982422e+00
6.080804824829101562e+00
6.057697772979736328e+00
6.035147666931152344e+00
6.013150215148925781e+00
5.991698265075683594e+00
5.971529006958007812e+00
5.951895713806152344e+00
5.932048797607421875e+00
5.914213657379150391e+00
5.896155834197998047e+00
5.878614902496337891e+00
5.862329483032226562e+00
5.845810890197753906e+00
5.830540180206298828e+00
5.815773010253906250e+00
5.800762176513671875e+00
5.787735462188720703e+00
5.775204181671142578e+00
5.763165950775146484e+00
5.751620292663574219e+00
5.740564823150634766e+00
5.729256153106689453e+00
5.719922542572021484e+00
5.710334777832031250e+00
5.701978683471679688e+00
5.693368434906005859e+00
5.686733722686767578e+00
5.678360462188720703e+00
5.672707080841064453e+00
5.666804313659667969e+00
5.662138938903808594e+00
5.657970905303955078e+00
5.654301643371582031e+00
5.651877880096435547e+00
5.648472785949707031e+00
5.647805213928222656e+00
5.646906375885009766e+00
5.647266864776611328e+00
5.648147106170654297e+00
5.648808479309082031e+00
5.651485919952392578e+00
5.655432701110839844e+00
5.658386230468750000e+00
5.663277626037597656e+00
5.668579578399658203e+00
5.674995422363281250e+00
5.681740760803222656e+00
5.688775539398193359e+00
5.696802616119384766e+00
5.705039978027343750e+00
5.714934825897216797e+00
5.724960327148437500e+00
5.735821723937988281e+00
5.746736049652099609e+00
5.758409023284912109e+00
5.770059108734130859e+00
5.781647205352783203e+00
5.794621944427490234e+00
5.807459354400634766e+00
5.820864677429199219e+00
5.836287498474121094e+00
5.850717067718505859e+00
5.864859580993652344e+00
5.880907535552978516e+00
5.895851135253906250e+00
5.911883354187011719e+00
5.927481174468994141e+00
5.944093704223632812e+00
5.960942268371582031e+00
5.977990150451660156e+00
5.995200157165527344e+00
6.012537479400634766e+00
6.029965400695800781e+00
6.047447681427001953e+00
6.065691471099853516e+00
6.083174705505371094e+00
6.101348400115966797e+00
6.120175838470458984e+00
6.138878345489501953e+00
6.158163547515869141e+00
6.177252769470214844e+00
6.195366859436035156e+00
6.214699745178222656e+00
6.234472751617431641e+00
6.253164291381835938e+00
6.272224426269531250e+00
6.290874958038330078e+00
6.309824466705322266e+00
6.329778671264648438e+00
6.348474502563476562e+00
6.368104457855224609e+00
6.387892246246337891e+00
6.407062053680419922e+00
6.426326751708984375e+00
6.445655345916748047e+00
6.464274406433105469e+00
6.484382152557373047e+00
6.502975463867187500e+00
6.521509647369384766e+00
6.540697574615478516e+00
6.559764862060546875e+00
6.577937602996826172e+00
6.596671104431152344e+00
6.614449024200439453e+00
6.633468627929687500e+00
6.651470184326171875e+00
6.669909000396728516e+00
6.688010692596435547e+00
6.705892562866210938e+00
6.723523616790771484e+00
6.740872859954833984e+00
6.758502960205078125e+00
6.775789260864257812e+00
6.792847156524658203e+00
6.809645652770996094e+00
6.826227188110351562e+00
6.842560768127441406e+00
6.858762264251708984e+00
6.874650955200195312e+00
6.890269756317138672e+00
6.905585289001464844e+00
6.920639991760253906e+00
6.935327053070068359e+00
6.949835777282714844e+00
6.963984966278076172e+00
6.977742195129394531e+00
6.991147041320800781e+00
7.004240989685058594e+00
7.016841888427734375e+00
7.029137134552001953e+00
7.040946006774902344e+00
7.052232742309570312e+00
7.063186168670654297e+00
7.073622226715087891e+00
7.083505630493164062e+00
7.092876434326171875e+00
7.101697921752929688e+00
7.109933376312255859e+00
7.117622852325439453e+00
7.124728679656982422e+00
7.131140708923339844e+00
7.136901855468750000e+00
7.142085552215576172e+00
7.146621704101562500e+00
7.150514602661132812e+00
7.153768062591552734e+00
7.156534671783447266e+00
7.158743858337402344e+00
7.160325527191162109e+00
7.161429405212402344e+00
7.161835193634033203e+00
7.161845207214355469e+00
7.161384105682373047e+00
7.160381793975830078e+00
7.158913135528564453e+00
7.156980514526367188e+00
7.154583454132080078e+00
7.151649951934814453e+00
7.148253917694091797e+00
7.144471168518066406e+00
7.140226840972900391e+00
7.135520935058593750e+00
7.130427360534667969e+00
7.124871730804443359e+00
7.118853092193603516e+00
7.112370491027832031e+00
7.105497360229492188e+00
7.098231792449951172e+00
7.090498924255371094e+00
7.082369327545166016e+00
7.073768615722656250e+00
7.064843177795410156e+00
7.055367946624755859e+00
7.045486927032470703e+00
7.035274028778076172e+00
7.024502754211425781e+00
7.013318538665771484e+00
7.001718044281005859e+00
6.989624023437500000e+00
6.977107048034667969e+00
6.964088916778564453e+00
6.950639724731445312e+00
6.936606884002685547e+00
6.922134876251220703e+00
6.907218933105468750e+00
6.891706466674804688e+00
6.875815391540527344e+00
6.859242439270019531e+00
6.842205524444580078e+00
6.824551105499267578e+00
6.806496620178222656e+00
6.787745475769042969e+00
6.768466949462890625e+00
6.748617649078369141e+00
6.728299140930175781e+00
6.707390785217285156e+00
6.686144351959228516e+00
6.664364814758300781e+00
6.642153739929199219e+00
6.619537830352783203e+00
6.596545696258544922e+00
6.573054313659667969e+00
6.549313545227050781e+00
6.525053024291992188e+00
6.500521659851074219e+00
6.475745677947998047e+00
6.450750350952148438e+00
6.425636768341064453e+00
6.399909496307373047e+00
6.374038696289062500e+00
6.347827911376953125e+00
6.321524143218994141e+00
6.294854640960693359e+00
6.267993450164794922e+00
6.240889072418212891e+00
6.213715076446533203e+00
6.186123847961425781e+00
6.158584117889404297e+00
6.130749225616455078e+00
6.102716445922851562e+00
6.074583530426025391e+00
6.046447753906250000e+00
6.018035411834716797e+00
5.989592552185058594e+00
5.960993289947509766e+00
5.932334899902343750e+00
5.903417587280273438e+00
5.874561309814453125e+00
5.845566272735595703e+00
5.816528797149658203e+00
5.787398338317871094e+00
5.758048534393310547e+00
5.728799343109130859e+00
5.699451923370361328e+00
5.670027256011962891e+00
5.640623569488525391e+00
5.611115932464599609e+00
5.581600666046142578e+00
5.552175521850585938e+00
5.522715568542480469e+00
5.493169784545898438e+00
5.463634967803955078e+00
5.434133529663085938e+00
5.404613018035888672e+00
5.375095367431640625e+00
5.345602035522460938e+00
5.316155910491943359e+00
5.286704540252685547e+00
5.257344722747802734e+00
5.228024005889892578e+00
5.198691844940185547e+00
5.169444084167480469e+00
5.140304565429687500e+00
5.111147403717041016e+00
5.082069873809814453e+00
5.053243637084960938e+00
5.024321079254150391e+00
4.995473384857177734e+00
4.966874122619628906e+00
4.938248634338378906e+00
4.909843921661376953e+00
4.881460666656494141e+00
4.853271961212158203e+00
4.825152873992919922e+00
4.797350406646728516e+00
4.769591808319091797e+00
4.741900920867919922e+00
4.714525222778320312e+00
4.687266349792480469e+00
4.660222053527832031e+00
4.633343696594238281e+00
4.606729984283447266e+00
4.580330371856689453e+00
4.554170608520507812e+00
4.528200149536132812e+00
4.502443790435791016e+00
4.477075099945068359e+00
4.451896190643310547e+00
4.427081108093261719e+00
4.402504920959472656e+00
4.378193378448486328e+00
4.354320526123046875e+00
4.330613136291503906e+00
4.307320594787597656e+00
4.284467220306396484e+00
4.261930942535400391e+00
4.239736080169677734e+00
4.217983722686767578e+00
4.196624279022216797e+00
4.175684452056884766e+00
4.155190467834472656e+00
4.135237216949462891e+00
4.115603923797607422e+00
4.096511363983154297e+00
4.077807426452636719e+00
4.059415340423583984e+00
4.041481494903564453e+00
4.023930072784423828e+00
4.006833553314208984e+00
3.989967107772827148e+00
3.973478317260742188e+00
3.957440853118896484e+00
3.941555976867675781e+00
3.926121234893798828e+00
3.910987615585327148e+00
3.896229982376098633e+00
3.881625413894653320e+00
3.867397785186767578e+00
3.853399991989135742e+00
3.839707374572753906e+00
3.826396226882934570e+00
3.813320159912109375e+00
3.800481557846069336e+00
3.787883043289184570e+00
3.775676727294921875e+00
3.763717174530029297e+00
3.751933574676513672e+00
3.740478754043579102e+00
3.729208946228027344e+00
3.718276739120483398e+00
3.707612991333007812e+00
3.697222709655761719e+00
3.687111854553222656e+00
3.677285671234130859e+00
3.667750358581542969e+00
3.658586263656616211e+00
3.649650812149047852e+00
3.640950918197631836e+00
3.632642507553100586e+00
3.624657392501831055e+00
3.617002487182617188e+00
3.609611511230468750e+00
3.602566003799438477e+00
3.595872640609741211e+00
3.589539766311645508e+00
3.583500385284423828e+00
3.577910900115966797e+00
3.572704076766967773e+00
3.567814826965332031e+00
3.563398599624633789e+00
3.559314489364624023e+00
3.555715084075927734e+00
3.552438974380493164e+00
3.549616575241088867e+00
3.547156810760498047e+00
3.545116901397705078e+00
3.543329715728759766e+00
3.541927099227905273e+00
3.540817260742187500e+00
3.539983034133911133e+00
3.539480686187744141e+00
3.539218902587890625e+00
3.539328098297119141e+00
3.539643049240112305e+00
3.540145874023437500e+00
3.540967226028442383e+00
3.542016267776489258e+00
3.543274641036987305e+00
3.544651508331298828e+00
3.546277761459350586e+00
3.548135757446289062e+00
3.550134658813476562e+00
3.552331209182739258e+00
3.554485321044921875e+00
3.556877851486206055e+00
3.559491395950317383e+00
3.562160968780517578e+00
3.564944267272949219e+00
3.567899465560913086e+00
3.570861101150512695e+00
3.574036836624145508e+00
3.577112913131713867e+00
3.580445051193237305e+00
3.583721399307250977e+00
3.587223052978515625e+00
3.590712308883666992e+00
3.594174385070800781e+00
3.597816944122314453e+00
3.601403236389160156e+00
3.605141639709472656e+00
3.608795166015625000e+00
3.612498283386230469e+00
3.616312503814697266e+00
3.620074272155761719e+00
3.623919725418090820e+00
3.627613067626953125e+00
3.631586074829101562e+00
3.635455131530761719e+00
3.639430284500122070e+00
3.643349885940551758e+00
3.647201538085937500e+00
3.651121139526367188e+00
3.655171394348144531e+00
3.659041881561279297e+00
3.663017511367797852e+00
3.667012453079223633e+00
3.670939207077026367e+00
3.674934148788452148e+00
3.678911209106445312e+00
3.682857036590576172e+00
3.686907529830932617e+00
3.690752506256103516e+00
3.694751262664794922e+00
3.698741436004638672e+00
3.702709436416625977e+00
3.706641912460327148e+00
3.710598945617675781e+00
3.714566946029663086e+00
3.718456745147705078e+00
3.722328186035156250e+00
3.726240396499633789e+00
3.730030059814453125e+00
3.733903646469116211e+00
3.737623214721679688e+00
3.741468667984008789e+00
3.745127201080322266e+00
3.748804807662963867e+00
3.752260684967041016e+00
3.755849599838256836e+00
3.759256362915039062e+00
3.762611389160156250e+00
3.765970230102539062e+00
3.769165992736816406e+00
3.772254228591918945e+00
3.775066375732421875e+00
3.777955055236816406e+00
3.780603408813476562e+00
3.783213853836059570e+00
3.785692930221557617e+00
3.787871122360229492e+00
3.789950847625732422e+00
3.791912317276000977e+00
3.793585777282714844e+00
3.795098781585693359e+00
3.796356916427612305e+00
3.797487974166870117e+00
3.798396110534667969e+00
3.798986673355102539e+00
3.799387454986572266e+00
3.799428462982177734e+00
3.799238443374633789e+00
3.798724889755249023e+00
3.797957897186279297e+00
3.796862125396728516e+00
3.795585393905639648e+00
3.793978929519653320e+00
3.792189836502075195e+00
3.790068864822387695e+00
3.787616491317749023e+00
3.784979820251464844e+00
3.782233715057373047e+00
3.779229402542114258e+00
3.775966405868530273e+00
3.772518873214721680e+00
3.768813371658325195e+00
3.765072584152221680e+00
3.760999679565429688e+00
3.756743669509887695e+00
3.752304315567016602e+00
3.747830629348754883e+00
3.743026018142700195e+00
3.738187551498413086e+00
3.733092308044433594e+00
3.727963924407958984e+00
3.722652435302734375e+00
3.717232942581176758e+00
3.711630582809448242e+00
3.705918312072753906e+00
3.700096130371093750e+00
3.694161891937255859e+00
3.688040733337402344e+00
3.681805133819580078e+00
3.675526857376098633e+00
3.669055223464965820e+00
3.662536144256591797e+00
3.655817508697509766e+00
3.649044513702392578e+00
3.642064809799194336e+00
3.635171175003051758e+00
3.627912759780883789e+00
3.620655536651611328e+00
3.613320112228393555e+00
3.605751276016235352e+00
3.598016738891601562e+00
3.590183734893798828e+00
3.582244634628295898e+00
3.574117422103881836e+00
3.565793752670288086e+00
3.557338714599609375e+00
3.548594951629638672e+00
3.539775609970092773e+00
3.530725240707397461e+00
3.521447896957397461e+00
3.511951446533203125e+00
3.502390384674072266e+00
3.492548465728759766e+00
3.482581138610839844e+00
3.472493886947631836e+00
3.462218761444091797e+00
3.451687097549438477e+00
3.441128015518188477e+00
3.430324077606201172e+00
3.419430017471313477e+00
3.408376455307006836e+00
3.397170782089233398e+00
3.385817050933837891e+00
3.374397277832031250e+00
3.362768411636352539e+00
3.351011276245117188e+00
3.339058160781860352e+00
3.327139139175415039e+00
3.315038204193115234e+00
3.302837133407592773e+00
3.290544033050537109e+00
3.278092384338378906e+00
3.265713930130004883e+00
3.253119707107543945e+00
3.240393638610839844e+00
3.227693557739257812e+00
3.214731931686401367e+00
3.201890945434570312e+00
3.188957929611206055e+00
3.175869226455688477e+00
3.162785053253173828e+00
3.149568080902099609e+00
3.136379003524780273e+00
3.123154878616333008e+00
3.109908580780029297e+00
3.096578359603881836e+00
3.083324909210205078e+00
3.070012807846069336e+00
3.056655406951904297e+00
3.043413639068603516e+00
3.030152320861816406e+00
3.016884565353393555e+00
3.003697872161865234e+00
2.990456342697143555e+00
2.977247476577758789e+00
2.964083909988403320e+00
2.951127052307128906e+00
2.938166379928588867e+00
2.925139904022216797e+00
2.912282466888427734e+00
2.899457216262817383e+00
2.886749982833862305e+00
2.874097824096679688e+00
2.861585378646850586e+00
2.849149227142333984e+00
2.836724758148193359e+00
2.824470281600952148e+00
2.812246322631835938e+00
2.800135850906372070e+00
2.788221597671508789e+00
2.776288747787475586e+00
2.764418840408325195e+00
2.752693176269531250e+00
2.741193056106567383e+00
2.729701757431030273e+00
2.718225240707397461e+00
2.706918001174926758e+00
2.695711135864257812e+00
2.684535026550292969e+00
2.673469305038452148e+00
2.662518739700317383e+00
2.651687860488891602e+00
2.640906810760498047e+00
2.630179643630981445e+00
2.619511604309082031e+00
2.608906745910644531e+00
2.598369598388671875e+00
2.587904930114746094e+00
2.577517747879028320e+00
2.567138671875000000e+00
2.556922197341918945e+00
2.546650886535644531e+00
2.536553859710693359e+00
2.526414871215820312e+00
2.516315221786499023e+00
2.506262540817260742e+00
2.496339559555053711e+00
2.486405849456787109e+00
2.476545572280883789e+00
2.466694116592407227e+00
2.457085132598876953e+00
2.447358608245849609e+00
2.437749147415161133e+00
2.428269624710083008e+00
2.418859481811523438e+00
2.409458160400390625e+00
2.400303840637207031e+00
2.391114711761474609e+00
0.000000000000000000e+00
0.000000000000000000e+00
0.000000000000000000e+00
0.000000000000000000e+00
0.000000000000000000e+00
0.000000000000000000e+00
0.000000000000000000e+00
0.000000000000000000e+00
0.000000000000000000e+00
0.000000000000000000e+00
0.000000000000000000e+00
0.000000000000000000e+00
0.000000000000000000e+00
0.000000000000000000e+00
0.000000000000000000e+00
0.000000000000000000e+00
0.000000000000000000e+00
0.000000000000000000e+00
0.000000000000000000e+00
0.000000000000000000e+00
0.000000000000000000e+00
0.000000000000000000e+00
0.000000000000000000e+00
0.000000000000000000e+00
0.000000000000000000e+00
0.000000000000000000e+00
0.000000000000000000e+00
0.000000000000000000e+00
0.000000000000000000e+00
0.000000000000000000e+00
0.000000000000000000e+00
0.000000000000000000e+00
0.000000000000000000e+00
0.000000000000000000e+00
0.000000000000000000e+00
0.000000000000000000e+00
0.000000000000000000e+00
0.000000000000000000e+00
0.000000000000000000e+00
0.000000000000000000e+00
0.000000000000000000e+00
0.000000000000000000e+00
0.000000000000000000e+00
0.000000000000000000e+00
0.000000000000000000e+00
0.000000000000000000e+00
0.000000000000000000e+00
0.000000000000000000e+00
0.000000000000000000e+00
0.000000000000000000e+00
0.000000000000000000e+00
0.000000000000000000e+00
0.000000000000000000e+00
0.000000000000000000e+00
0.000000000000000000e+00
0.000000000000000000e+00
0.000000000000000000e+00
0.000000000000000000e+00
0.000000000000000000e+00
0.000000000000000000e+00
0.000000000000000000e+00
0.000000000000000000e+00
0.000000000000000000e+00
0.000000000000000000e+00
0.000000000000000000e+00
0.000000000000000000e+00
0.000000000000000000e+00
0.000000000000000000e+00
0.000000000000000000e+00
0.000000000000000000e+00
0.000000000000000000e+00
0.000000000000000000e+00
0.000000000000000000e+00
0.000000000000000000e+00
0.000000000000000000e+00
0.000000000000000000e+00
0.000000000000000000e+00
0.000000000000000000e+00
0.000000000000000000e+00
0.000000000000000000e+00
0.000000000000000000e+00
0.000000000000000000e+00
0.000000000000000000e+00
0.000000000000000000e+00
0.000000000000000000e+00
0.000000000000000000e+00
0.000000000000000000e+00
0.000000000000000000e+00
0.000000000000000000e+00
0.000000000000000000e+00
0.000000000000000000e+00
0.000000000000000000e+00
0.000000000000000000e+00
0.000000000000000000e+00
0.000000000000000000e+00
0.000000000000000000e+00
0.000000000000000000e+00
0.000000000000000000e+00
0.000000000000000000e+00
0.000000000000000000e+00
