# pp
9.383677849758976673e-09
5.772330906848685658e-09
4.024978634940119269e-09
3.014000493305146595e-09
2.362647140953258636e-09
1.912861699220365392e-09
1.586427051322333162e-09
1.340606513410598583e-09
1.149849356073484017e-09
9.985947276103191959e-10
8.760765630651547943e-10
7.752338996009222904e-10
6.911703002073453266e-10
6.202506008507940222e-10
5.597941143564612549e-10
5.078080029657535267e-10
4.627615313301767914e-10
4.234207908769823401e-10
3.888229943054183119e-10
3.582393867692543333e-10
3.310820196324936431e-10
3.068438611994825886e-10
2.851080417349111080e-10
2.655408647614321383e-10
2.478657741537424215e-10
2.318466903164445558e-10
2.172812399811541018e-10
2.039884586920898304e-10
1.918167649430603277e-10
1.806504149834795019e-10
1.703896760309067630e-10
1.609384072915387795e-10
1.522117344847782352e-10
1.441378765687180986e-10
1.366543480133791461e-10
1.297055731888087642e-10
1.232422441990936190e-10
1.172199969112148808e-10
1.115994039791277124e-10
1.063455559191436832e-10
1.014275998232272021e-10
9.681803395986638320e-11
9.249222511960320186e-11
8.842804912648176091e-11
8.460550197258054644e-11
8.100621921052203635e-11
7.761353630254410381e-11
7.441236972080962758e-11
7.138903685026820353e-11
6.853104374228774735e-11
6.582679845597097628e-11
6.326568677639140882e-11
6.083802201521463234e-11
5.853494787615135573e-11
5.634831985448347631e-11
5.427053964250977303e-11
5.229460315347247588e-11
5.041407415130242642e-11
4.862302919454363861e-11
4.691603622793286572e-11
4.528818642401603823e-11
4.373496172882940140e-11
4.225217322254655598e-11
4.083593221140956282e-11
3.948259441106234577e-11
3.818865414612312687e-11
3.695082432264709357e-11
3.576604700053516863e-11
3.463147427217804073e-11
3.354443061547852009e-11
3.250234067183822389e-11
3.150278350277827550e-11
3.054350000399428358e-11
2.962238005377671207e-11
2.873746621296709347e-11
2.788698603483186980e-11
2.706929109578425249e-11
2.628283282884971292e-11
2.552615525921668553e-11
2.479788330320475340e-11
2.409670250668696920e-11
2.342137020717406405e-11
2.277071545257151745e-11
2.214363404617453498e-11
2.153907940541372505e-11
2.095604545777574772e-11
2.039357790020161642e-11
1.985077522968374748e-11
1.932678525979082312e-11
1.882079926125540490e-11
1.833204152117732170e-11
1.785977527008102242e-11
1.740330278900040381e-11
1.696196294926397348e-11
1.653512893133252019e-11
1.612220610794430278e-11
1.572263007817551938e-11
1.533586484023952203e-11
1.496140109194276028e-11
1.459875464870169805e-11
1.424746496991458124e-11
1.390709378528526110e-11
1.357722381342257897e-11
1.325745756569582052e-11
1.294741622892211728e-11
1.264673862100114063e-11
1.235508021410230501e-11
1.207211222045443293e-11
1.179752073619243548e-11
1.153100441639319559e-11
1.127226937227820181e-11
1.102103339470341541e-11
1.077702682921472025e-11
1.053999191490972384e-11
1.030968216345634174e-11
1.008586177550920137e-11
9.868305091976145688e-12
9.656796077780515895e-12
9.451127835942090035e-12
9.251102149962142008e-12
9.056529052647184998e-12
8.867226419643118504e-12
8.683019586077253846e-12
8.503740984821705133e-12
8.329229804998075604e-12
8.159331669441664844e-12
7.993898329933895205e-12
7.832787379095031423e-12
7.675861977906432671e-12
7.522990056602084772e-12
7.374042512343447776e-12
7.228894711851428403e-12
7.087426819994449009e-12
6.949523582174298710e-12
6.815074118072542829e-12
6.683971726087114072e-12
6.556113697832770777e-12
6.431401142120099061e-12
6.309738817865502452e-12
6.191034975420017687e-12
6.075201205837427001e-12
5.962152297632608794e-12
5.851806100609362362e-12
5.744083396363304718e-12
5.638907775089907201e-12
5.536205518350633255e-12
5.435905487471430591e-12
5.337939017267602487e-12
5.242239814807736549e-12
5.148743810203131394e-12
5.057388911977079176e-12
4.968115086966876068e-12
4.880864330077137602e-12
4.795580583740150677e-12
4.712209661055208274e-12
4.630699172417017847e-12
4.550998455454129479e-12
4.473058508108638155e-12
4.396831924697959379e-12
4.322272834808485090e-12
4.249336844879346441e-12
4.177980982342450626e-12
4.108163642192332492e-12
4.039844535866374911e-12
3.972984642322486146e-12
3.907546161207442295e-12
3.843492468014954530e-12
3.780788071137874119e-12
3.719398570724126981e-12
3.659290619250749218e-12
3.600431883734935694e-12
3.542791009505274857e-12
3.486337585460374241e-12
3.431042110745852335e-12
3.376875872040055839e-12
3.323810648844868248e-12
3.271818970158922942e-12
3.220874178040884129e-12
3.170950399492446502e-12
3.122022519456738692e-12
3.074066154882168857e-12
3.027057629804282436e-12
2.980973951400490920e-12
2.935792786974827904e-12
2.891492441831933988e-12
2.848051838001506536e-12
2.805450493776304191e-12
2.763668504028602651e-12
2.722686521271663524e-12
2.682485737434404513e-12
2.643047866318942345e-12
2.604355126712137887e-12
2.566390226123633644e-12
2.529136345124137208e-12
2.492577122258967226e-12
2.456696639513003697e-12
2.421479408304298768e-12
2.386910355984663217e-12
2.352974812826504678e-12
2.319658518332157455e-12
2.286947664209310906e-12
2.254828823594453859e-12
2.223288920720262524e-12
2.192315220210470937e-12
2.161895316748921084e-12
2.132017125108019765e-12
2.102668870522494490e-12
2.073839079394956247e-12
2.045516570320348867e-12
2.017690445416952417e-12
1.990350081952108867e-12
1.963485124251377070e-12
1.937085475880274452e-12
1.911141292088257574e-12
1.885642972505005301e-12
1.860581154079500484e-12
1.835946704252806726e-12
1.811730714355804345e-12
1.787924493223526690e-12
1.764519561018082494e-12
1.741507643252466382e-12
1.718880665007898750e-12
1.696630745337614087e-12
1.674750191850323398e-12
1.653231495466833423e-12
1.632067325343593179e-12
1.611250523957152365e-12
1.590774102343799342e-12
1.570631235488834994e-12
1.550815257860189798e-12
1.531319659081277663e-12
1.512138079738198345e-12
1.493264307316578216e-12
1.474692272263533407e-12
1.456416044170404354e-12
1.438429828072090291e-12
1.420727960858965128e-12
1.403304907797510223e-12
1.386155259155954266e-12
1.369273726931341129e-12
1.352655141674595601e-12
1.336294449410268992e-12
1.320186708647789163e-12
1.304327087481150230e-12
1.288710860774081151e-12
1.273333407427870190e-12
1.258190207729092267e-12
1.243276840774617125e-12
1.228588981971353936e-12
1.214122415311232543e-12
1.199873074188509943e-12
1.185836993404295661e-12
1.172010292082826300e-12
1.158389171589097119e-12
1.144969913505359747e-12
1.131748944337710104e-12
1.118722500239173874e-12
1.105887228230975813e-12
1.093239835924861515e-12
1.080776847400857317e-12
1.068494867408234900e-12
1.056390811249964264e-12
1.044461649298108692e-12
1.032704184146324268e-12
1.021115291536707730e-12
1.009692130403444995e-12
9.984319097986996502e-13
9.873316852104482358e-13
9.763885785473398514e-13
9.655999702893514417e-13
9.549632865877561819e-13
9.444758128729591344e-13
9.341348949680941105e-13
9.239381150805142403e-13
9.138830970891442671e-13
9.039673357724261338e-13
8.941883808922696530e-13
8.845439985721130638e-13
8.750319930039579076e-13
8.656500498071743044e-13
8.563959047232357522e-13
8.472674917604833567e-13
8.382627797455297126e-13
8.293796284827695832e-13
8.206159435233665194e-13
8.119698123108063813e-13
8.034393541706646272e-13
7.950225880810211320e-13
7.867175748232501407e-13
7.785225422334336687e-13
7.704357473737305015e-13
7.624553548479252364e-13
7.545795675039589907e-13
7.468067417821316318e-13
7.391352609430919102e-13
7.315634229725127901e-13
7.240895608836641902e-13
7.167121490521846187e-13
7.094296864922549662e-13
7.022406014532324284e-13
6.951433857256869244e-13
6.881366681540903117e-13
6.812190990183182501e-13
6.743892546568845643e-13
6.676457397251219574e-13
6.609872778521633179e-13
6.544126124173275074e-13
6.479204184323646332e-13
6.415093969427939894e-13
6.351783588390140117e-13
6.289261332267087390e-13
6.227514859404590958e-13
6.166532067739517054e-13
6.106301870324004153e-13
6.046813348366992268e-13
5.988054997014739071e-13
5.930015532129513372e-13
5.872684608535303140e-13
5.816052036436269367e-13
5.760107082714739068e-13
5.704839217777145437e-13
5.650238781325786857e-13
5.596296256766967439e-13
5.543001623384709365e-13
5.490345048310862753e-13
5.438317504176360561e-13
5.386910096634265067e-13
5.336113463202097564e-13
5.285918414935420915e-13
5.236316509907559872e-13
5.187299429431613661e-13
5.138858419753985695e-13
5.090984887582873740e-13
5.043670932982396696e-13
4.996908770288815500e-13
4.950690209187764560e-13
4.905007207865305740e-13
4.859852368576109602e-13
4.815218399618117852e-13
4.771097632640578439e-13
4.727482536840567432e-13
4.684366180171375038e-13
4.641741729071336079e-13
4.599601999132866981e-13
4.557939933457435493e-13
4.516749032205896318e-13
4.476022887075396939e-13
4.435754762714688184e-13
4.395938042071540606e-13
4.356566664698504681e-13
4.317634805365965158e-13
4.279136367019190105e-13
4.241065357422346530e-13
4.203416262673800763e-13
4.166183643312768613e-13
4.129361770381778445e-13
4.092945012378699185e-13
4.056928183871382437e-13
4.021306168833229866e-13
3.986073580889731991e-13
3.951225124344250580e-13
3.916755919773014946e-13
3.882661152509221081e-13
3.848935755252450302e-13
3.815574745136660638e-13
3.782573528027815794e-13
3.749927570253687092e-13
3.717632101908163788e-13
3.685682431762973444e-13
3.654074231846296468e-13
3.622803230676255450e-13
3.591864935731146686e-13
3.561254927855095181e-13
3.530969127565290995e-13
3.501003508193000236e-13
3.471353836117038269e-13
3.442015946176215339e-13
3.412985991034031814e-13
3.384260172763477765e-13
3.355834499555825036e-13
3.327705043527990591e-13
3.299868174365466148e-13
3.272320308007479517e-13
3.245057678647627878e-13
3.218076580210865666e-13
3.191373585397048806e-13
3.164945310232475373e-13
3.138788200273981938e-13
3.112898756927028331e-13
3.087273742922627608e-13
3.061909961600850236e-13
3.036804056316713413e-13
3.011952722676836656e-13
2.987352901400736003e-13
2.963001571292647678e-13
2.938895560926618758e-13
2.915031747793507682e-13
2.891407239422972999e-13
2.868019179082752629e-13
2.844864588124602929e-13
2.821940609885921392e-13
2.799244620864148777e-13
2.776774028874885970e-13
2.754526106851615923e-13
2.732498168523272815e-13
2.710687728459891458e-13
2.689092330678849698e-13
2.667709392361240394e-13
2.646536368969355711e-13
2.625571056065627271e-13
2.604810671828476411e-13
2.584253075996248956e-13
2.563896146117382942e-13
2.543737208208408389e-13
2.523774201318293514e-13
2.504004805426259256e-13
2.484426734277586942e-13
2.465038002841235978e-13
2.445836114476959225e-13
2.426819140911930054e-13
2.407985169812057254e-13
2.389331799762410552e-13
2.370857172858905732e-13
2.352559201418877048e-13
2.334435827609320351e-13
2.316485260935850080e-13
2.298705256657258108e-13
2.281094074584937951e-13
2.263649988818883088e-13
2.246370838888963101e-13
2.229254947169810922e-13
2.212300431830415855e-13
2.195505437483727447e-13
2.178868346478960260e-13
2.162387137057227092e-13
2.146060236246776167e-13
2.129886083906359003e-13
2.113862733010572198e-13
2.097988666320966379e-13
2.082262184769572174e-13
2.066681612763505348e-13
2.051245486527697041e-13
2.035951982099551199e-13
2.020799675464568691e-13
2.005787154147744054e-13
1.990912660595819191e-13
1.976174820537443806e-13
1.961572097492761786e-13
1.947102975862799365e-13
1.932766129752864727e-13
1.918559914127386631e-13
1.904483041602057235e-13
1.890534235121592293e-13
1.876711909216199325e-13
1.863014820787013300e-13
1.849441581705690334e-13
1.835990822391783567e-13
1.822661342284263671e-13
1.809451653046096466e-13
1.796360585666594327e-13
1.783386980454360608e-13
1.770529401643850959e-13
1.757786719895588602e-13
1.745157676028784358e-13
1.732641027423920420e-13
1.720235682870236672e-13
1.707940293281537144e-13
1.695753795682139105e-13
1.683675135516497804e-13
1.671703010681152979e-13
1.659836393798339490e-13
1.648074141048171779e-13
1.636415123424548465e-13
1.624858347783437133e-13
1.613402589511287994e-13
1.602046880775614132e-13
1.590790261362006606e-13
1.579631548718581253e-13
1.568569807007820619e-13
1.557603995793718310e-13
1.546733087913769009e-13
1.535956178316595473e-13
1.525272153845287818e-13
1.514680132176783114e-13
1.504179237889450731e-13
1.493768395546153722e-13
1.483446751625739581e-13
1.473213358496851764e-13
1.463067280441291749e-13
1.453007691666651839e-13
1.443033578985773170e-13
1.433144137047615211e-13
1.423338566761210424e-13
1.413615888820822845e-13
1.403975323842261292e-13
1.394416007636165477e-13
1.384937086722614195e-13
1.375537806729812576e-13
1.366217244283325087e-13
1.356974668414386049e-13
1.347809373640753212e-13
1.338720496417133477e-13
1.329707353109879399e-13
1.320769183089953430e-13
1.311905234917173812e-13
1.303114846192235872e-13
1.294397201434869089e-13
1.285751653982622711e-13
1.277177561915204181e-13
1.268674135935878405e-13
1.260240749317911046e-13
1.251876705753775471e-13
1.243581390489281071e-13
1.235353903892235730e-13
1.227193936860566612e-13
1.219100605808200807e-13
1.211073324444868468e-13
1.203111648436102368e-13
1.195214586926101128e-13
1.187381710835802186e-13
1.179612588501437072e-13
1.171906261627738413e-13
1.164262313276809484e-13
1.156680196186789050e-13
1.149159114432656525e-13
1.141698787606441372e-13
1.134298433790881925e-13
1.126957530632238219e-13
1.119675559554669589e-13
1.112451767999370961e-13
1.105285888444161746e-13
1.098177181466104429e-13
1.091125151862280063e-13
1.084129421265167319e-13
1.077189161763740389e-13
1.070304007496398926e-13
1.063473590678850260e-13
1.056697109907298881e-13
1.049974209480290842e-13
1.043304426466461638e-13
1.036687092940453028e-13
1.030121965965185328e-13
1.023608389124532257e-13
1.017145920012669323e-13
1.010734119388859704e-13
1.004372354805576409e-13
9.980603943303131585e-14
9.917976163276197902e-14
9.855836008510421126e-14
9.794180255349808301e-14
9.733001999369117941e-14
9.672298164870592243e-14
9.612065661070287354e-14
9.552297807447050148e-14
9.492991611351807672e-14
9.434143192467834864e-14
9.375746971090076461e-14
9.317800888395614912e-14
9.260299458285175581e-14
9.203238967537331090e-14
9.146615728850768001e-14
9.090424450773702050e-14
9.034663165148978617e-14
8.979326668616995289e-14
8.924411431227410866e-14
8.869914726083794281e-14
8.815830736567891679e-14
8.762156819873236831e-14
8.708890321934016182e-14
8.656025602846083027e-14
8.603560089933844097e-14
8.551490472672084916e-14
8.499812025487418212e-14
8.448522954642087230e-14
8.397618612290335941e-14
8.347095827040686539e-14
8.296951449412563159e-14
8.247180992207003742e-14
8.197782739624615925e-14
8.148752277731535760e-14
8.100086588271236637e-14
8.051783323862312778e-14
8.003837557299183343e-14
7.956247011218378397e-14
7.909009399867332779e-14
7.862119942249282469e-14
7.815576420433557063e-14
7.769376000257650780e-14
7.723514663779833079e-14
7.677990845767081201e-14
7.632800593121411285e-14
7.587941188055183600e-14
7.543409931367500213e-14
7.499203003197270121e-14
7.455318905437093966e-14
7.411753879438146007e-14
7.368505335919549470e-14
7.325571248569554780e-14
7.282947427249979188e-14
7.240631915249888346e-14
7.198622793480033243e-14
7.156916058479194607e-14
7.115509857296732904e-14
7.074401819141445369e-14
7.033588577680729602e-14
6.993068826712304548e-14
6.952839252581568501e-14
6.912897578939353733e-14
6.873241544452911706e-14
6.833867944079293781e-14
6.794775525524248124e-14
6.755961133551995348e-14
6.717422596176989670e-14
6.679158215093433883e-14
6.641164468536591241e-14
6.603439705911574142e-14
6.565982271285818502e-14
6.528788742220032596e-14
6.491857509070852841e-14
6.455186525906712025e-14
6.418772906761888569e-14
6.382615504063863878e-14
6.346711476204990427e-14
6.311058856979832467e-14
6.275655693030431301e-14
6.240499233685673477e-14
6.205588378156561342e-14
6.170920417768961989e-14
6.136493474689467718e-14
6.102306071913272583e-14
6.068355190152517205e-14
6.034639392671642062e-14
6.001157238750727902e-14
5.967905792440364587e-14
5.934883652115410553e-14
5.902089047065884045e-14
5.869519494912772872e-14
5.837173986069661526e-14
5.805050075657685561e-14
5.773146060527989597e-14
5.741460248555993871e-14
5.709990271320934284e-14
5.678735159904836296e-14
5.647692581436241266e-14
5.616860907870967597e-14
5.586238521651360498e-14
5.555823815695592505e-14
5.525614546545574229e-14
5.495609787824751290e-14
5.465806703047678128e-14
5.436205056693671721e-14
5.406802094123344709e-14
5.377596965592840064e-14
5.348588196812281647e-14
5.319773116855381574e-14
5.291150903141824566e-14
5.262720718013172715e-14
5.234479953548202772e-14
5.206427216425318011e-14
5.178561695674177067e-14
5.150880861853785218e-14
5.123384489370512209e-14
5.096070088475788339e-14
5.068936876736911867e-14
5.041982965934676357e-14
5.015207038558234816e-14
4.988607785243510026e-14
4.962183904766822449e-14
4.935933578873092975e-14
4.909856057971613385e-14
4.883949550029943517e-14
4.858212801108594592e-14
4.832644565026774115e-14
4.807243103164870970e-14
4.782007694685664682e-14
4.756936625891169697e-14
4.732028695562117135e-14
4.707282709877403509e-14
4.682697482406393967e-14
4.658271362109285883e-14
4.634003658341502082e-14
4.609892280642147800e-14
4.585937015582973999e-14
4.562135804696840656e-14
4.538487981078232444e-14
4.514992421855256631e-14
4.491647128461471374e-14
4.468451454351599407e-14
4.445404742859916712e-14
4.422505040861234729e-14
4.399751284382600850e-14
4.377142836746783152e-14
4.354677801145593345e-14
4.332355970727623676e-14
4.310175477381941073e-14
4.288135706118728106e-14
4.266235229995409529e-14
4.244473041174254213e-14
4.222848137943942201e-14
4.201359530799026032e-14
4.180005873907370186e-14
4.158786613743616908e-14
4.137700429011977833e-14
4.116746394149282329e-14
4.095923589032749727e-14
4.075230729960390449e-14
4.054667283521470122e-14
4.034231983555310311e-14
4.013923941571499703e-14
3.993742274279177710e-14
3.973686103582419319e-14
3.953754207522048933e-14
3.933946073839562607e-14
3.914260154538856328e-14
3.894696290048530247e-14
3.875252954999700815e-14
3.855929653835336238e-14
3.836725553279376528e-14
3.817639170402105515e-14
3.798670024015326474e-14
3.779817625698596195e-14
3.761080524738412022e-14
3.742457929577297929e-14
3.723949365917188589e-14
3.705553423052709130e-14
3.687269945713292754e-14
3.669097543587736292e-14
3.651035757706776216e-14
3.633083524893891362e-14
3.615240093402481660e-14
3.597504715831276262e-14
3.579876649119214786e-14
3.562354866270026363e-14
3.544938926312164496e-14
3.527627815951072018e-14
3.510420816925264705e-14
3.493317215126508758e-14
3.476316024958218041e-14
3.459416821138166124e-14
3.442618631147899910e-14
3.425920764561154749e-14
3.409322534927433441e-14
3.392823259766526500e-14
3.376421999263430182e-14
3.360118344771202886e-14
3.343911112192970814e-14
3.327800157256857183e-14
3.311784312606331625e-14
3.295863182528106655e-14
3.280036122859304069e-14
3.264302019741890947e-14
3.248660514951247414e-14
3.233111244979965422e-14
3.217653123504563918e-14
3.202285558693592922e-14
3.187008197036246286e-14
3.171819980910615452e-14
3.156720796339892634e-14
3.141709600319800344e-14
3.126786050167682713e-14
3.111949348290103963e-14
3.097198931208833839e-14
3.082534238532446603e-14
3.067954712953470406e-14
3.053459582846963309e-14
3.039048518203786261e-14
3.024720757218333342e-14
3.010475760332921484e-14
2.996312990947090057e-14
2.982231707191611192e-14
2.968231590156869946e-14
2.954311907364947377e-14
2.940472139199476736e-14
2.926711768880755568e-14
2.913030282462571344e-14
2.899426971041075134e-14
2.885901527475354819e-14
2.872453057364138792e-14
2.859081453487379528e-14
2.845785833542570171e-14
2.832565899604567678e-14
2.819421162017577080e-14
2.806350761120930204e-14
2.793354406880525277e-14
2.780431805556429597e-14
2.767582114785636981e-14
2.754804867429826274e-14
2.742099777510334637e-14
2.729466024109237989e-14
2.716903503439999902e-14
2.704411405579701066e-14
2.691989453061658834e-14
2.679637022457705338e-14
2.667353668415454754e-14
2.655138947986492514e-14
2.642992420623128977e-14
2.630913482503364721e-14
2.618901866291326012e-14
2.606956975645804743e-14
2.595078386680642768e-14
2.583265690102250271e-14
2.571518322912211545e-14
2.559836044701579877e-14
2.548218299275408273e-14
2.536664692726332426e-14
2.525174833183903245e-14
2.513748330812906903e-14
2.502384646574281470e-14
2.491083548414246554e-14
2.479844355018611759e-14
2.468666987043065977e-14
2.457550772001652709e-14
2.446495484441009060e-14
2.435500752091477195e-14
2.424565919043196265e-14
2.413690907161880386e-14
2.402875068991753139e-14
2.392118046827398283e-14
2.381419761200219677e-14
2.370779577129085251e-14
2.360197142407404705e-14
2.349671836870816140e-14
2.339203853638983884e-14
2.328792308531183849e-14
2.318437126270192498e-14
2.308137963613202450e-14
2.297894220044363468e-14
2.287705562156969696e-14
2.277571913151236410e-14
2.267492683962016270e-14
2.257467546270587442e-14
2.247496173431939758e-14
2.237578240472960970e-14
2.227713424090444716e-14
2.217901159706500944e-14
2.208141374163377208e-14
2.198433749101619943e-14
2.188777730633049334e-14
2.179173009366855700e-14
2.169619510906088348e-14
2.160116460236045100e-14
2.150664017686422456e-14
2.141261646681028302e-14
2.131909045630139468e-14
2.122605690132001179e-14
2.113351509576245260e-14
2.104146206951817142e-14
2.094989267687274911e-14
2.085880620385815393e-14
2.076819758931782519e-14
2.067806407470768508e-14
2.058840293488510566e-14
2.049921356435710972e-14
2.041048903515222436e-14
2.032222878483601545e-14
2.023443014115301182e-14
2.014708840363016913e-14
2.006020299958325100e-14
1.997377129587278240e-14
1.988778867836479381e-14
1.980225258664183312e-14
1.971716243591026409e-14
1.963251174848765708e-14
1.954829997949839427e-14
1.946452653576780128e-14
1.938118506728462222e-14
1.929827502032872011e-14
1.921579392037640250e-14
1.913373744551383051e-14
1.905210318855540943e-14
1.897089058488316339e-14
1.889009539094796692e-14
1.880971523423416038e-14
1.872974954295905234e-14
1.865019237509196442e-14
1.857104319546081067e-14
1.849229967714048454e-14
1.841395950457332410e-14
1.833601865153925966e-14
1.825847657341586934e-14
1.818132929242016223e-14
1.810457457664673198e-14
1.802821187504425904e-14
1.795223728138159176e-14
1.787664859592907319e-14
1.780144199700744318e-14
1.772661858349130940e-14
1.765217293444486922e-14
1.757810452466108857e-14
1.750441120693418731e-14
1.743108927273997498e-14
1.735813663140378813e-14
1.728555275042569352e-14
1.721333398735719376e-14
1.714147828146386920e-14
1.706998358186915217e-14
1.699884784754280330e-14
1.692806904728855801e-14
1.685764367977308422e-14
1.678757124756324074e-14
1.671784980874274595e-14
1.664847599558378964e-14
1.657944792889300137e-14
1.651076516366259437e-14
1.644242297602021223e-14
1.637442235328411740e-14
1.630676002517677814e-14
1.623943415558070628e-14
1.617244154340997223e-14
1.610578176344942926e-14
1.603945300492199762e-14
1.597345212228691769e-14
1.590777868488572260e-14
1.584242958366482355e-14
1.577740307083417839e-14
1.571269740659034948e-14
1.564831215366226552e-14
1.558424298959313043e-14
1.552048950263527503e-14
1.545704998486374300e-14
1.539392147929948403e-14
1.533110356929818943e-14
1.526859457052630575e-14
1.520639157692350112e-14
1.514449294689357260e-14
1.508289825808071022e-14
1.502160345140183299e-14
1.496060812828762859e-14
1.489991186246050610e-14
1.483951066985543127e-14
1.477940414771838031e-14
1.471959070649132231e-14
1.466006761248601905e-14
1.460083331591991401e-14
1.454188740892248522e-14
1.448322720432068405e-14
1.442485117342915220e-14
1.436675890507341314e-14
1.430894665534798127e-14
1.425141403501855188e-14
1.419415954315813006e-14
1.413718168575877571e-14
1.408047790449551237e-14
1.402404780574990456e-14
1.396788886009145035e-14
1.391199962356544670e-14
1.385637969961085078e-14
1.380102660152064611e-14
1.374593890501151074e-14
1.369111418042841395e-14
1.363655309572437835e-14
1.358225225671169224e-14
1.352821132431972850e-14
1.347442894681110958e-14
1.342090279546891343e-14
1.336763155165031236e-14
1.331461487165817254e-14
1.326185046543138133e-14
1.320933703172584852e-14
1.315707327503178955e-14
1.310505790556860895e-14
1.305328963927929787e-14
1.300176626896228398e-14
1.295048746392461613e-14
1.289945195708643202e-14
1.284865757765937757e-14
1.279810308910057913e-14
1.274778815693921017e-14
1.269770975572077614e-14
1.264786845223032321e-14
1.259826213487203191e-14
1.254888959410105942e-14
1.249974875995162691e-14
1.245083931142867001e-14
1.240216005488404173e-14
1.235370895420356871e-14
1.230548568599545834e-14
1.225748823640123769e-14
1.220971545034277896e-14
1.216216617777343228e-14
1.211484009244544143e-14
1.206773441114495287e-14
1.202084882337530457e-14
1.197418219916206845e-14
1.192773261717803528e-14
1.188149976479462276e-14
1.183548252689746757e-14
1.178967901335804094e-14
1.174408813512542635e-14
1.169870957716825639e-14
1.165354071597569975e-14
1.160858125126268898e-14
1.156383086638515834e-14
1.151928698352677940e-14
1.147494930063287407e-14
1.143081676155987267e-14
1.138688758168969230e-14
1.134316072924354962e-14
1.129963590005015646e-14
1.125631134189878252e-14
1.121318605507777400e-14
1.117025975637468108e-14
1.112753003648946995e-14
1.108499662552398733e-14
1.104265854444817417e-14
1.100051481845041772e-14
1.095856379215079103e-14
1.091680519321143861e-14
1.087523738379197318e-14
1.083385941949036331e-14
1.079267102633641253e-14
1.075167059244695554e-14
1.071085718545769274e-14
1.067022922390970033e-14
1.062978709389451167e-14
1.058952857314179809e-14
1.054945339810061587e-14
1.050956065610695823e-14
1.046984880701977554e-14
1.043031695875136020e-14
1.039096484594869620e-14
1.035179095267695605e-14
1.031279439815671219e-14
1.027397430533763246e-14
1.023532980089410190e-14
1.019686001522063788e-14
1.015856408242704496e-14
1.012043995138417325e-14
1.008248796837640262e-14
1.004470727845019319e-14
1.000709703034764172e-14
9.969655218818775107e-15
9.932382173002717280e-15
9.895277052519687081e-15
9.858336750983442680e-15
9.821563862372306973e-15
9.784955294845591924e-15
9.748510244674274868e-15
9.712227911445518218e-15
9.676108595948772892e-15
9.640149301389618318e-15
9.604351425943867042e-15
9.568714161072052578e-15
9.533234563240816974e-15
9.497912935508771120e-15
9.462748500732632930e-15
9.427740485053249240e-15
9.392888117890913132e-15
9.358190631940472992e-15
9.323646237536232618e-15
9.289255227062329982e-15
9.255016856865933753e-15
9.220930386442600648e-15
9.186994076988685873e-15
9.153208208753175969e-15
9.119571062041786400e-15
9.086082910049787170e-15
9.052742051986153045e-15
9.019548754167593015e-15
8.986500371439400099e-15
8.953598138940879810e-15
8.920841343579173724e-15
8.888227386367099249e-15
8.855757473789245847e-15
8.823429037074908553e-15
8.791243263948254993e-15
8.759197615485552226e-15
8.727293260990063889e-15
8.695528599581861683e-15
8.663902056789802189e-15
8.632413877978835294e-15
8.601063396864710551e-15
8.569849064489406211e-15
8.538771996738518625e-15
8.507829770344403342e-15
8.477021746919115094e-15
8.446348153626657863e-15
8.415807483091901897e-15
8.385399956669693673e-15
8.355124083285436090e-15
8.324980078628747369e-15
8.294965631880948077e-15
8.265081799705894769e-15
8.235327948276815418e-15
8.205701806415160130e-15
8.176204406641555458e-15
8.146833503730574549e-15
8.117589309840491891e-15
8.088472019039202815e-15
8.059479424447428838e-15
8.030612519583595126e-15
8.001869122748274800e-15
7.973248653424257624e-15
7.944752082449007627e-15
7.916377265221602826e-15
7.888124393035887090e-15
7.859992120166404451e-15
7.831980632931048782e-15
7.804088599922948429e-15
7.776316204235842279e-15
7.748662877877610210e-15
7.721126583887014214e-15
7.693708252037482229e-15
7.666406595561122766e-15
7.639221070976221008e-15
7.612151855207117117e-15
7.585197681878387367e-15
7.558357304747559490e-15
7.531631612100478022e-15
7.505018657023280771e-15
7.478519314424146538e-15
7.452131659216203938e-15
7.425856553164259302e-15
7.399692092750435098e-15
7.373637768733763913e-15
7.347694423504238549e-15
7.321860185332576841e-15
7.296135217513558883e-15
7.270518344011144672e-15
7.245009723882852078e-15
7.219608193378244086e-15
7.194313907420902923e-15
7.169125714419731059e-15
7.144043123026439079e-15
7.119065643820811436e-15
7.094193423676294147e-15
7.069425334864586730e-15
7.044760893815957992e-15
7.020199618877962936e-15
6.995741030312702263e-15
6.971384650294006135e-15
6.947130614304870394e-15
6.922977221796970752e-15
6.898924011869804425e-15
6.874971725906555259e-15
6.851118691320666974e-15
6.827365045570477829e-15
6.803710324050797014e-15
6.780154064043282507e-15
6.756694640272163028e-15
6.733333351050531873e-15
6.710068578273155130e-15
6.686899877124055196e-15
6.663827372734327319e-15
6.640850048636473464e-15
6.617967465256694744e-15
6.595179184739974250e-15
6.572485325547154403e-15
6.549884891958692475e-15
6.527377452787389167e-15
6.504962584365808909e-15
6.482639866134363825e-15
6.460408879175884702e-15
6.438269206213160529e-15
6.416220431606439386e-15
6.394261612905170793e-15
6.372392872523226502e-15
6.350613799653124618e-15
6.328923985114696800e-15
6.307322505460732287e-15
6.285809476820113890e-15
6.264384494814804076e-15
6.243046143290518945e-15
6.221795550258566773e-15
6.200631305709856192e-15
6.179553020602007614e-15
6.158560307376464356e-15
6.137653271734247645e-15
6.116830542599440592e-15
6.096092717523770673e-15
6.075439406209248905e-15
6.054869259550458788e-15
6.034382384856118492e-15
6.013978404954469558e-15
5.993656944140148920e-15
5.973417628171796290e-15
5.953260084269614998e-15
5.933183477712510124e-15
5.913187907506319693e-15
5.893273005186175772e-15
5.873438403738955883e-15
5.853683285031379599e-15
5.834007742840854495e-15
5.814410967179376135e-15
5.794893049277121020e-15
5.775453187211690489e-15
5.756091469727071236e-15
5.736806666035069954e-15
5.717599304423990911e-15
5.698469030565970484e-15
5.679414633108254433e-15
5.660436629055187554e-15
5.641533819798293877e-15
5.622706714942063698e-15
5.603954128481600453e-15
5.585276562744279593e-15
5.566673258604342943e-15
5.548143467988206322e-15
5.529687272926269891e-15
5.511304341273964852e-15
5.492993942764362893e-15
5.474756566675540236e-15
5.456591084054414113e-15
5.438497181548200303e-15
5.420474942505244937e-15
5.402523655734726319e-15
5.384643402357543206e-15
5.366833478138129550e-15
5.349093962022179839e-15
5.331423772406294245e-15
5.313823374799507271e-15
5.296292458472216510e-15
5.278829958611958057e-15
5.261436330923688700e-15
5.244110521608174046e-15
5.226852608764428903e-15
5.209662663011341460e-15
5.192539646845842840e-15
5.175484000091071928e-15
5.158494695960613155e-15
5.141571446794520687e-15
5.124714683154550185e-15
5.107923394071695861e-15
5.091197649580822987e-15
5.074536807694073983e-15
5.057940936517302297e-15
5.041409400252697510e-15
5.024942265122359769e-15
5.008539245972969275e-15
4.992199373647913964e-15
4.975923058093218319e-15
4.959709678711890665e-15
4.943558960442052800e-15
4.927470964079113954e-15
4.911445077967040626e-15
4.895480699084982384e-15
4.879578220457893353e-15
4.863736711892622684e-15
4.847956560942522155e-15
4.832236846887144199e-15
4.816577951896185192e-15
4.800978964620578765e-15
4.785439625575894476e-15
4.769960308983409793e-15
4.754540117329618394e-15
4.739179106831753157e-15
4.723876705451724195e-15
4.708632967792781004e-15
4.693447327258419888e-15
4.678319838154042497e-15
4.663249945648461221e-15
4.648237406393848241e-15
4.633281977915600582e-15
4.618383717678402904e-15
4.603542082538344040e-15
4.588756832665002308e-15
4.574027729096169235e-15
4.559354533736595276e-15
4.544737009356695285e-15
4.530175208778843968e-15
4.515668316514791002e-15
4.501216102756192552e-15
4.486818907265546205e-15
4.472475926739753443e-15
4.458187215060954178e-15
4.443952540991219798e-15
4.429771674147171044e-15
4.415643831840457655e-15
4.401569619725907439e-15
4.387548258301175803e-15
4.373579525097142353e-15
4.359663468941741215e-15
4.345799595450030757e-15
4.331987684549126584e-15
4.318227516953252354e-15
4.304519138745585868e-15
4.290862064712009854e-15
4.277256077948199926e-15
4.263700962332039350e-15
4.250196502522400254e-15
4.236742483957892497e-15
4.223338692855577032e-15
4.209984916209668234e-15
4.196680688623530867e-15
4.183426054584058238e-15
4.170220803383312406e-15
4.157064725085294486e-15
4.143957362858449395e-15
4.130898758680726731e-15
4.117888704898448141e-15
4.104926507367550712e-15
4.092012452540192421e-15
4.079146335008435979e-15
4.066327950126556486e-15
4.053556617291790971e-15
4.040832615285167057e-15
4.028155270146726183e-15
4.015524856887060334e-15
4.002941174554120143e-15
3.990403560171037338e-15
3.977911827439834418e-15
3.965466250687472566e-15
3.953066638516068992e-15
3.940712346310222690e-15
3.928403191452983094e-15
3.916139440967559862e-15
3.903920459585432745e-15
3.891746510761567125e-15
3.879616965394321860e-15
3.867531644019059012e-15
3.855490367781692164e-15
3.843493393120250804e-15
3.831539670694675642e-15
3.819630320545923347e-15
3.807763869271515614e-15
3.795940573442728426e-15
3.784160681014562114e-15
3.772423168916734720e-15
3.760728707189315524e-15
3.749076699400848679e-15
3.737466972841699558e-15
3.725898943503693616e-15
3.714373265882114372e-15
3.702889354951454903e-15
3.691447040401550121e-15
3.680045749356946118e-15
3.668686121178822431e-15
3.657367183147177366e-15
3.646089567206317072e-15
3.634852310380589756e-15
3.623655644764323261e-15
3.612499013728850452e-15
3.601383034640302703e-15
3.590306763659102466e-15
3.579270426773892785e-15
3.568273860118315719e-15
3.557316520228245685e-15
3.546398628624249114e-15
3.535519646994896281e-15
3.524679793926161862e-15
3.513878908402201300e-15
3.503116459762761385e-15
3.492392662292097533e-15
3.481706990355835510e-15
3.471059655412610251e-15
3.460450136804186450e-15
3.449878643205992457e-15
3.439344658886663586e-15
3.428848033011260805e-15
3.418388971051702757e-15
3.407966969098461152e-15
3.397581883283900485e-15
3.387233919536268614e-15
3.376922581937699931e-15
3.366647728065217659e-15
3.356409559820423826e-15
3.346207246207001064e-15
3.336041332138220724e-15
3.325911333242526566e-15
3.315817109470483070e-15
3.305758521239189814e-15
3.295735429431686283e-15
3.285748026856296754e-15
3.275795510676405747e-15
3.265878076368880827e-15
3.255995912975035472e-15
3.246148229396497373e-15
3.236335217308990861e-15
3.226556740839003181e-15
3.216812664573652843e-15
3.207102853559971758e-15
3.197427173304166471e-15
3.187785489770875449e-15
3.178177356407116033e-15
3.168602956312652827e-15
3.159062156794678782e-15
3.149554517480638638e-15
3.140080524453359073e-15
3.130639431690031178e-15
3.121231113044517386e-15
3.111856046390882044e-15
3.102513496522599525e-15
3.093203338539932102e-15
3.083925745102566490e-15
3.074680587508453820e-15
3.065467443395796287e-15
3.056286189501290129e-15
3.047136994044961796e-15
3.038019730061890536e-15
3.028933982929090405e-15
3.019879631010812190e-15
3.010856838216225311e-15
3.001865195616438081e-15
2.992904582777600293e-15
2.983975160445289211e-15
2.975076525303128137e-15
2.966208558114000416e-15
2.957371140030357304e-15
2.948564427678429613e-15
2.939788025760925714e-15
2.931041819955741022e-15
2.922325696975843624e-15
2.913639543898240801e-15
2.904983516299245116e-15
2.896356964344953320e-15
2.887760311122484139e-15
2.879192912987803204e-15
2.870654925600773702e-15
2.862146499594332632e-15
2.853667000490327373e-15
2.845216839710972301e-15
2.836795388810306946e-15
2.828402798533185581e-15
2.820038959929942206e-15
2.811703764409063533e-15
2.803397103736634808e-15
2.795118619071710888e-15
2.786868456396708352e-15
2.778646508525679056e-15
2.770452668628151358e-15
2.762286584299415774e-15
2.754148397829477507e-15
2.746038003429753348e-15
2.737955053438327688e-15
2.729899687439670780e-15
2.721871800682377564e-15
2.713871050180695560e-15
2.705897335485557827e-15
2.697950792650187130e-15
2.690031318285014626e-15
2.682138575523940996e-15
2.674272465195366054e-15
2.666433119921364030e-15
2.658620437665656963e-15
2.650833858397103883e-15
2.643073743703766528e-15
2.635339992548820575e-15
2.627632052746048564e-15
2.619950279955888725e-15
2.612294350639871605e-15
2.604664168446862294e-15
2.597059858600918568e-15
2.589481101882829762e-15
2.581927802873656324e-15
2.574399866458158707e-15
2.566897197824391113e-15
2.559419702463292072e-15
2.551967286168260823e-15
2.544540068705555887e-15
2.537137528540152642e-15
2.529759789460504683e-15
2.522406971777392419e-15
2.515078563533061969e-15
2.507774686657551051e-15
2.500495251811775236e-15
2.493240169940249930e-15
2.486009352270677009e-15
2.478802505991106215e-15
2.471619952549598176e-15
2.464461196375370308e-15
2.457326354130567111e-15
2.450215338436089029e-15
2.443127862868028769e-15
2.436064041899883187e-15
2.429023788977248821e-15
2.422006821432656469e-15
2.415013251596725053e-15
2.408042993736218631e-15
2.401095768888722058e-15
2.394171687286700396e-15
2.387270472404372852e-15
2.380392233094608250e-15
2.373536695246074226e-15
2.366703966351294726e-15
2.359893774691399078e-15
2.353106039461260080e-15
2.346340866140807276e-15
2.339597986551617576e-15
2.332877504860209717e-15
2.326179155226616485e-15
2.319502858094694036e-15
2.312848715687655906e-15
2.306216284975920524e-15
2.299605849327515668e-15
2.293017148634342593e-15
2.286450282586421148e-15
2.279904816187910682e-15
2.273381026773473786e-15
2.266878483298158562e-15
2.260397460127430098e-15
2.253937703858882051e-15
2.247499137620000430e-15
2.241081512731166070e-15
2.234685097726392555e-15
2.228309643564261496e-15
2.221955074327810458e-15
2.215621145605072180e-15
2.209308120238022551e-15
2.203015586365140813e-15
2.196743638043826125e-15
2.190492367540310191e-15
2.184261205692564948e-15
2.178050576505077835e-15
2.171860079144843361e-15
2.165689806274973886e-15
2.159539686093695731e-15
2.153409647024133547e-15
2.147299457734244065e-15
2.141209208616481232e-15
2.135138670311269587e-15
2.129087932092826316e-15
2.123056923478899067e-15
2.117045418041903653e-15
2.111053347995402328e-15
2.105080800422880854e-15
2.099127705707308733e-15
2.093193841261802442e-15
2.087279140114887360e-15
2.081383687218801495e-15
2.075507262816717177e-15
2.069649950817004331e-15
2.063811533332514913e-15
2.057991944398846757e-15
2.052191118247674595e-15
2.046409136730746049e-15
2.040645785639363192e-15
2.034900999803266580e-15
2.029174714247294696e-15
2.023467008822286153e-15
2.017777528991221510e-15
2.012106498943262550e-15
2.006453709860965451e-15
2.000819097751812885e-15
1.995202598816832576e-15
1.989604149450335791e-15
1.984023686239647945e-15
1.978461145964842360e-15
1.972916465598463769e-15
1.967389582305251426e-15
1.961880433441856694e-15
1.956388819959278645e-15
1.950914953438536887e-15
1.945458499255823072e-15
1.940019532119697260e-15
1.934597990331962024e-15
1.929193812384632840e-15
1.923806804193109067e-15
1.918437038649069990e-15
1.913084454803470199e-15
1.907748992095810620e-15
1.902430460671533966e-15
1.897128932843549634e-15
1.891844220536376921e-15
1.886576395179667251e-15
1.881325398105764893e-15
1.876091043586868388e-15
1.870873275111426376e-15
1.865672162378039547e-15
1.860487647423177584e-15
1.855319547595660058e-15
1.850167807048811643e-15
1.845032493796324349e-15
1.839913427455027955e-15
1.834810675213048262e-15
1.829724058185893000e-15
1.824653521348632201e-15
1.819599009836488467e-15
1.814560589210577365e-15
1.809537963832105419e-15
1.804531438436391203e-15
1.799540599693996063e-15
1.794565513250691781e-15
1.789606242692404941e-15
1.784662498760559137e-15
1.779734462301665987e-15
1.774821962415226598e-15
1.769924945844022666e-15
1.765043244713240767e-15
1.760177036165615429e-15
1.755326152104988916e-15
1.750490539904193901e-15
1.745670034435695469e-15
1.740864809223363848e-15
1.736074587312946080e-15
1.731299540450048927e-15
1.726539394073051910e-15
1.721794208099531873e-15
1.717063821427472445e-15
1.712348402299124261e-15
1.707647680863911035e-15
1.702961715598664819e-15
1.698290455574158160e-15
1.693633742963585340e-15
1.688991635186296366e-15
1.684363975701529166e-15
1.679750821232809321e-15
1.675152121605134359e-15
1.670567722190135301e-15
1.665997678688585283e-15
1.661441837860747176e-15
1.656900255381591660e-15
1.652372779903308293e-15
1.647859466559046728e-15
1.643360165230971683e-15
1.638874829103303251e-15
1.634403512314419734e-15
1.629946066568411189e-15
1.625502445455133141e-15
1.621072702137807963e-15
1.616656690119434457e-15
1.612254363393878527e-15
1.607865774168409857e-15
1.603490680089369091e-15
1.599129231264895029e-15
1.594781284141257474e-15
1.590446793377415102e-15
1.586125713763449075e-15
1.581818000220390283e-15
1.577523702788489557e-15
1.573242586240246947e-15
1.568974701312085596e-15
1.564720097143018249e-15
1.560478541487601683e-15
1.556250084173372950e-15
1.552034681032875347e-15
1.547832288028112923e-15
1.543642861250356615e-15
1.539466356919944671e-15
1.535302731386079316e-15
1.531151760439863832e-15
1.527013762880503163e-15
1.522888334880225361e-15
1.518775792217099854e-15
1.514675734580421619e-15
1.510588298128301944e-15
1.506513440094210770e-15
1.502450942802399392e-15
1.498401114604775409e-15
1.494363563826243445e-15
1.490338423232749390e-15
1.486325650680216052e-15
1.482325033030822014e-15
1.478336871404346009e-15
1.474360782558736825e-15
1.470396727145479784e-15
1.466445002031303133e-15
1.462505228934363149e-15
1.458577535383467039e-15
1.454661714417308624e-15
1.450758057439660114e-15
1.446866028866694523e-15
1.442986083655038817e-15
1.439117853830338181e-15
1.435261463732263555e-15
1.431416712127498003e-15
1.427583722113781725e-15
1.423762294130696253e-15
1.419952550047883131e-15
1.416154450472779855e-15
1.412367798331689657e-15
1.408592713682942467e-15
1.404829001088646957e-15
1.401076779412839457e-15
1.397335854838877822e-15
1.393606345049755870e-15
1.389888057835655527e-15
1.386181109711617669e-15
1.382485310060356107e-15
1.378800774241887216e-15
1.375127313217296640e-15
1.371464890978079953e-15
1.367813621170651018e-15
1.364173317092496971e-15
1.360544091266688026e-15
1.356925758534339152e-15
1.353318283390999640e-15
1.349721776693071266e-15
1.346136055566675410e-15
1.342561084806240053e-15
1.338996973628999010e-15
1.335443541415862162e-15
1.331900753258904968e-15
1.328368574346038439e-15
1.324847111747749093e-15
1.321336187801984224e-15
1.317835767992655572e-15
1.314345957813370347e-15
1.310866581788027951e-15
1.307397605695211225e-15
1.303938995408431182e-15
1.300490716896013012e-15
1.297052873074736366e-15
1.293625155791417765e-15
1.290207804408241628e-15
1.286800648426531931e-15
1.283403654295510965e-15
1.280016788558413126e-15
1.276640151130302926e-15
1.273273441600230627e-15
1.269916760748141608e-15
1.266570207463659497e-15
1.263233485652661883e-15
1.259906825432152376e-15
1.256590063003819193e-15
1.253283036952891012e-15
1.249985974227976107e-15
1.246698713025629025e-15
1.243421093892530203e-15
1.240153340657242260e-15
1.236895167054372795e-15
1.233646794858901996e-15
1.230407940206833399e-15
1.227178822840460306e-15
1.223959161275286568e-15
1.220749049548751387e-15
1.217548456459571663e-15
1.214357350895287076e-15
1.211175701832111581e-15
1.208003478334789838e-15
1.204840649556445948e-15
1.201687064245400649e-15
1.198542813272910367e-15
1.195407866048806570e-15
1.192282192070751908e-15
1.189165760924085990e-15
1.186058424385667151e-15
1.182960271135684143e-15
1.179871271014228949e-15
1.176791277581154169e-15
1.173720494089965700e-15
1.170658658406785375e-15
1.167605857079306407e-15
1.164561946011450611e-15
1.161527010909661649e-15
1.158501022206250291e-15
1.155483837535073241e-15
1.152475653757569058e-15
1.149476104367597630e-15
1.146485497323005488e-15
1.143503580135616519e-15
1.140530325181578778e-15
1.137565814898816981e-15
1.134610020383187318e-15
1.131662803771670029e-15
1.128724246313224986e-15
1.125794211244963645e-15
1.122872779031571016e-15
1.119959921178254653e-15
1.117055502558038146e-15
1.114159496308845904e-15
1.111271981791086843e-15
1.108392826011268735e-15
1.105522107653806854e-15
1.102659694783535887e-15
1.099805665328822281e-15
1.096959888403814112e-15
1.094122441188876762e-15
1.091293193838537849e-15
1.088472120569953313e-15
1.085659297453254965e-15
1.082854596183891873e-15
1.080057991187704057e-15
1.077269557442255905e-15
1.074489168164387908e-15
1.071716797987772590e-15
1.068952520814765406e-15
1.066196211364322059e-15
1.063447844477066816e-15
1.060707492997203538e-15
1.057975033126777001e-15
1.055250439912456811e-15
1.052533688467446484e-15
1.049824753971402589e-15
1.047123707538169298e-15
1.044430427796204860e-15
1.041744890129723196e-15
1.039067069989013412e-15
1.036397037137511294e-15
1.033734578262622110e-15
1.031079857109924463e-15
1.028432755151542474e-15
1.025793248172349953e-15
1.023161312022726930e-15
1.020536922618465190e-15
1.017920055940676370e-15
1.015310779130850195e-15
1.012708885724329170e-15
1.010114533705698293e-15
1.007527518283484698e-15
1.004947996035917997e-15
1.002375763830048185e-15
9.998108880446027552e-16
9.972534336114899845e-16
9.947031998583704643e-16
9.921603399076544352e-16
9.896246547094600100e-16
9.870962960275213873e-16
9.845750664202233816e-16
9.820610300893036290e-16
9.795541640726489929e-16
9.770544458263447740e-16
9.745618529567359346e-16
9.720763631313144122e-16
9.695978696615960333e-16
9.671265195260658128e-16
9.646621220927158408e-16
9.622047396847712518e-16
9.597543502691162210e-16
9.573109318732101724e-16
9.548743802734194593e-16
9.524447566201963327e-16
9.500220391173540158e-16
9.476062060289021302e-16
9.451972356789386213e-16
9.427950258506720665e-16
9.403996362638245143e-16
9.380110454174821915e-16
9.356291522772824141e-16
9.332540157204045378e-16
9.308856144201133052e-16
9.285238485099058903e-16
9.261687760374903815e-16
9.238203758494852829e-16
9.214785492328605786e-16
9.191433534187052115e-16
9.168147674261467745e-16
9.144926936814244239e-16
9.121771886116399867e-16
9.098681553932886439e-16
9.075656499229415699e-16
9.052695761212114493e-16
9.029799893596207957e-16
9.006967942968133409e-16
8.984200457846812289e-16
8.961497233504319211e-16
8.938857327505536575e-16
8.916280545476478398e-16
8.893767425703694128e-16
8.871317036554182101e-16
8.848929911277146496e-16
8.826605125381457000e-16
8.804342487033937178e-16
8.782142522004277534e-16
8.760005030527759814e-16
8.737928391036297055e-16
8.715914547291294848e-16
8.693961176423552708e-16
8.672069503191372305e-16
8.650238631053383294e-16
8.628468373025513558e-16
8.606759239642146456e-16
8.585110349554096691e-16
8.563522209373519368e-16
8.541993259312202030e-16
8.520524692098234323e-16
8.499115639748690944e-16
8.477765922747491152e-16
8.456476035977234015e-16
8.435245121347443100e-16
8.414073000753984304e-16
8.392959496549565691e-16
8.371904431543167543e-16
8.350908289184861703e-16
8.329970227580952417e-16
8.309090070942145924e-16
8.288267643932835188e-16
8.267502771670487546e-16
8.246795279725034327e-16
8.226144994118263425e-16
8.205552382763731734e-16
8.185015987073769539e-16
8.164536914696417630e-16
8.144113718463853565e-16
8.123747496448108983e-16
8.103436812804961766e-16
8.083182756121069589e-16
8.062984525054402702e-16
8.042841328974001895e-16
8.022754242406451826e-16
8.002722473061423384e-16
7.982745239221096556e-16
7.962823601550741415e-16
7.942956168554725464e-16
7.923143386099960807e-16
7.903385690544790113e-16
7.883681706641914612e-16
7.864031874100977992e-16
7.844436027404465048e-16
7.824894001473311436e-16
7.805405040661619084e-16
7.785970165180034774e-16
7.766588031635959082e-16
7.747259067669647259e-16
7.727983110351800244e-16
7.708759997187396763e-16
7.689589566114964625e-16
7.670471081120389543e-16
7.651404960057149758e-16
7.632391042128942281e-16
7.613428600294592609e-16
7.594518050351854794e-16
7.575659237201150361e-16
7.556852006152850154e-16
7.538095644653517848e-16
7.519390561627094045e-16
7.500736603579704947e-16
7.482133065906028048e-16
7.463580351908150222e-16
7.445078309282546376e-16
7.426626241277861217e-16
7.408224545658414547e-16
7.389872530847437429e-16
7.371570590953778672e-16
7.353318575635949293e-16
7.335115801016995267e-16
7.316962655805242385e-16
7.298858461196818273e-16
7.280803602335063030e-16
7.262797405449251825e-16
7.244840252153291053e-16
7.226931473669991759e-16
7.209071448118987155e-16
7.191259511677339872e-16
7.173496039005187859e-16
7.155780371194878564e-16
7.138112368731630692e-16
7.120492401137177927e-16
7.102919816791042312e-16
7.085394981840872236e-16
7.067917249485656557e-16
7.050486982532426779e-16
7.033103040397199435e-16
7.015766781708595015e-16
6.998476574044752063e-16
6.981233272168927943e-16
6.964036243486707557e-16
6.946885840954669530e-16
6.929780949954514471e-16
6.912722410823635867e-16
6.895710083051642909e-16
6.878742864764357097e-16
6.861821585660221015e-16
6.844945629293449162e-16
6.828114862356208155e-16
6.811329625103701143e-16
6.794588836539003773e-16
6.777893308937241237e-16
6.761242437108771877e-16
6.744636089425118989e-16
6.728074599057538458e-16
6.711556908497528131e-16
6.695083816624212167e-16
6.678654274563645323e-16
6.662269074454625404e-16
6.645927630076941284e-16
6.629629815693335415e-16
6.613375505878112838e-16
6.597164575516722098e-16
6.580996899805347007e-16
6.564872354250467843e-16
6.548790814668453115e-16
6.532752157185119768e-16
6.516756698665415588e-16
6.500803433243929181e-16
6.484892680158473340e-16
6.469024316768288479e-16
6.453198220739878309e-16
6.437414270046559197e-16
6.421672342968006574e-16
6.405972318089812186e-16
6.390313647653336054e-16
6.374697065843415728e-16
6.359121600536274730e-16
6.343587979767506884e-16
6.328095238750131630e-16
6.312643681152070106e-16
6.297233187666054225e-16
6.281863639287134027e-16
6.266534503977500843e-16
6.251246079935056118e-16
6.235998659114557480e-16
6.220790893464792363e-16
6.205623895694276224e-16
6.190496733263043173e-16
6.175409697685741395e-16
6.160362672317634579e-16
6.145355540812157098e-16
6.130387788229994341e-16
6.115459700851565323e-16
6.100571163201648620e-16
6.085721665903605959e-16
6.070911491373772082e-16
6.056140525004353071e-16
6.041408262917804802e-16
6.026714983722569292e-16
6.012060187165712186e-16
5.997444149341365761e-16
5.982866757072059249e-16
5.968327515499819850e-16
5.953826697481610229e-16
5.939363814106543871e-16
5.924939138158355454e-16
5.910552184712208524e-16
5.896203224099018741e-16
5.881892147946773958e-16
5.867618476549239551e-16
5.853382106454991308e-16
5.839183303160217563e-16
5.825021592099400307e-16
5.810897236386302859e-16
5.796809764856244754e-16
5.782759438263538884e-16
5.768745788818527835e-16
5.754768714797701417e-16
5.740828473449797920e-16
5.726924601990870888e-16
5.713057355366677805e-16
5.699226274104788022e-16
5.685431257703795649e-16
5.671672205898769659e-16
5.657949369078265416e-16
5.644262643351997636e-16
5.630611229716929861e-16
5.616995725622799908e-16
5.603415682965551227e-16
5.589871002927296833e-16
5.576361929232522948e-16
5.562887677584045418e-16
5.549448833161693068e-16
5.536045294121547922e-16
5.522676284857389250e-16
5.509342383324739550e-16
5.496042819643058731e-16
5.482778166994307280e-16
5.469547992987439390e-16
5.456352531688981315e-16
5.443191024550855157e-16
5.430063707389627757e-16
5.416970811133672594e-16
5.403911911028854022e-16
5.390886587627151504e-16
5.377895395453923702e-16
5.364937914259112235e-16
5.352014049445399652e-16
5.339123706644189844e-16
5.326266791715275738e-16
5.313443210746529672e-16
5.300652870053570099e-16
5.287895676179445057e-16
5.275171536236376575e-16
5.262480358929019761e-16
5.249822053523229315e-16
5.237196529502994769e-16
5.224603696570138747e-16
5.212043464644007339e-16
5.199515132130897523e-16
5.187019835204019994e-16
5.174556870334125573e-16
5.162125543625777029e-16
5.149726977774819926e-16
5.137359876946352315e-16
5.125025354947167445e-16
5.112722125654295229e-16
5.100450700933469711e-16
5.088210992833495011e-16
5.076002913617352954e-16
5.063826375761870769e-16
5.051681291957388773e-16
5.039567575107421168e-16
5.027484558752251179e-16
5.015432740248924497e-16
5.003412608243878783e-16
4.991422923988651158e-16
4.979464178770182115e-16
4.967536286736757089e-16
4.955638595890805849e-16
4.943772155687249972e-16
4.931935750346172680e-16
4.920129861187629664e-16
4.908354403384578497e-16
4.896609292319349308e-16
4.884893890121905311e-16
4.873208670290326255e-16
4.861554098040023148e-16
4.849928441861234266e-16
4.838333265851857242e-16
4.826767937383901086e-16
4.815231832388495908e-16
4.803725412899029412e-16
4.792248059358927920e-16
4.780800764736355154e-16
4.769382375163083554e-16
4.757993345187145635e-16
4.746633592805372518e-16
4.735302509627782878e-16
4.724000544667879448e-16
4.712727616510880046e-16
4.701483123353714005e-16
4.690268027356308146e-16
4.679081208747321499e-16
4.667922594075445805e-16
4.656793135701893440e-16
4.645691216748570485e-16
4.634618296774201890e-16
4.623573277829138911e-16
4.612556592474704954e-16
4.601568162711849071e-16
4.590607409617907268e-16
4.579674760509257102e-16
4.568770137946870830e-16
4.557892969255509811e-16
4.547043676574878711e-16
4.536221691347045541e-16
4.525427432290388736e-16
4.514660822885869862e-16
4.503921300703861330e-16
4.493209279397764483e-16
4.482524200576801237e-16
4.471866955143995105e-16
4.461236025701805980e-16
4.450632301662559741e-16
4.440055707779053032e-16
4.429505695633999279e-16
4.418982667301885161e-16
4.408486548082693294e-16
4.398016795456234753e-16
4.387573340407763888e-16
4.377156578545679148e-16
4.366766435880917135e-16
4.356402377636910768e-16
4.346064335421829042e-16
4.335752698489374266e-16
4.325467393557066743e-16
4.315207893474340098e-16
4.304974130469345876e-16
4.294766938186508500e-16
4.284584892137246753e-16
4.274428824589477509e-16
4.264298663312258850e-16
4.254193448495787582e-16
4.244114444937493167e-16
4.234060694833286267e-16
4.224032131642123863e-16
4.214029126201593152e-16
4.204051171731172941e-16
4.194098202138217623e-16
4.184170583793743029e-16
4.174268246015059182e-16
4.164390689223262589e-16
4.154537848110725316e-16
4.144710084077293497e-16
4.134906903918696758e-16
4.125128243646062704e-16
4.115374460490802276e-16
4.105645066496583194e-16
4.095939998105729856e-16
4.086259608260095814e-16
4.076603414191915239e-16
4.066971766020268592e-16
4.057364184410004382e-16
4.047780606524832694e-16
4.038221378285590211e-16
4.028686025448105357e-16
4.019174485602972903e-16
4.009686696476638835e-16
4.000222998469717029e-16
3.990782924030644072e-16
3.981366810844395459e-16
3.971974194676959847e-16
3.962605013967786770e-16
3.953259207291206676e-16
3.943937106952346604e-16
3.934638255259555445e-16
3.925362591208563776e-16
3.916110053929344112e-16
3.906880970438675507e-16
3.897674503182867744e-16
3.888491750630308722e-16
3.879331493544483488e-16
3.870194440050062663e-16
3.861079764668962667e-16
3.851988170075954325e-16
3.842919592250515648e-16
3.833873214653511315e-16
3.824849731885695147e-16
3.815848333298592860e-16
3.806869708154323857e-16
3.797913422422519358e-16
3.788979786540532865e-16
3.780068001522198698e-16
3.771178746100015558e-16
3.762311592334378655e-16
3.753466481810905123e-16
3.744643356246253730e-16
3.735842157487966602e-16
3.727063187409886131e-16
3.718305666994157004e-16
3.709570256946296066e-16
3.700856183850904625e-16
3.692164103487133183e-16
3.683493601940179009e-16
3.674844622786347268e-16
3.666217460386203922e-16
3.657611355954707117e-16
3.649026605409088448e-16
3.640463499607366035e-16
3.631921287920515640e-16
3.623400606961330431e-16
3.614900711486179334e-16
3.606422233244899294e-16
3.597964432338124150e-16
3.589527935692370447e-16
3.581112346609259777e-16
3.572717610187767965e-16
3.564343671651360972e-16
3.555990142180905171e-16
3.547657636815917253e-16
3.539345765746779207e-16
3.531054474693220514e-16
3.522783709498596011e-16
3.514533088083178414e-16
3.506303213839755818e-16
3.498093703720569014e-16
3.489904504061734309e-16
3.481735238085720861e-16
3.473586500037437214e-16
3.465457912188892479e-16
3.457349101687906970e-16
3.449260656015639132e-16
3.441191884053105868e-16
3.433143052656214627e-16
3.425114424122970624e-16
3.417105314718058824e-16
3.409115988144979183e-16
3.401146392066484266e-16
3.393196474266126387e-16
3.385266182648071736e-16
3.377355157120782240e-16
3.369463963192745013e-16
3.361591934019169209e-16
3.353739630822736081e-16
3.345906391506291372e-16
3.338092470538264667e-16
3.330297816648751140e-16
3.322522378687006858e-16
3.314765806433630930e-16
3.307028648447364523e-16
3.299310256646504482e-16
3.291610879529816413e-16
3.283930466642247391e-16
3.276268674360559535e-16
3.268626041610763790e-16
3.261001932435316546e-16
3.253396591155032580e-16
3.245809968458036255e-16
3.238242015147165621e-16
3.230692394781451220e-16
3.223161347851713686e-16
3.215648825491488955e-16
3.208154778948327524e-16
3.200678876402488963e-16
3.193221636725325624e-16
3.185782165052368013e-16
3.178361259514061988e-16
3.170958589766222072e-16
3.163573829674177915e-16
3.156207211345052980e-16
3.148858410882126001e-16
3.141527658565348486e-16
3.134214906736595543e-16
3.126920107849801945e-16
3.119642942447167231e-16
3.112383637211419432e-16
3.105142144919907064e-16
3.097918149398818665e-16
3.090711874669187672e-16
3.083523273830310047e-16
3.076352300092269377e-16
3.069198641608120768e-16
3.062062254701854450e-16
3.054943359027893988e-16
3.047841908215078935e-16
3.040757856002147026e-16
3.033690895854476811e-16
3.026641244004664697e-16
3.019608596013907766e-16
3.012593166419621692e-16
3.005594909485165804e-16
2.998613523892511848e-16
2.991648966905591629e-16
2.984701703551699945e-16
2.977771179909610496e-16
2.970857353525050498e-16
2.963960433117410436e-16
2.957080123498517551e-16
2.950216881025261430e-16
2.943369913079297696e-16
2.936539675304538516e-16
2.929726123097829844e-16
2.922928966421411623e-16
2.916148409031092001e-16
2.909384163552170246e-16
2.902636432286419183e-16
2.895904929816880812e-16
2.889189856866381934e-16
2.882490929961608858e-16
2.875808348259434407e-16
2.869141830216195793e-16
2.862491573435700864e-16
2.855857298290042440e-16
2.849239200842733571e-16
2.842637003367839812e-16
2.836050666019425407e-16
2.829480382569364449e-16
2.822925878114233777e-16
2.816387344917072951e-16
2.809864509942502141e-16
2.803357563957109519e-16
2.796866235780127736e-16
2.790390486165913620e-16
2.783930503654609328e-16
2.777486246701899543e-16
2.771057221729427666e-16
2.764643842782813234e-16
2.758246068598141535e-16
2.751863410743016538e-16
2.745496278639255586e-16
2.739144631302039998e-16
2.732808206616801344e-16
2.726486966183224511e-16
2.720181091321616203e-16
2.713890103721804720e-16
2.707614621785258383e-16
2.701353950888992286e-16
2.695108488392751522e-16
2.688877978330234185e-16
2.682662597826479667e-16
2.676461878471729676e-16
2.670276211731754561e-16
2.664105557724823511e-16
2.657949452909851234e-16
2.651808284394970513e-16
2.645682012570864423e-16
2.639570178711564904e-16
2.633473165618822920e-16
2.627390725847986769e-16
2.621322822393831006e-16
2.615269418329685937e-16
2.609230682684817660e-16
2.603206371349826615e-16
2.597196447704380477e-16
2.591200875218637158e-16
2.585219820385396873e-16
2.579253042432982812e-16
2.573300505072869382e-16
2.567362172093991213e-16
2.561438007362653429e-16
2.555528174163495019e-16
2.549632237122502120e-16
2.543750558312413300e-16
2.537882902574989811e-16
2.532029430676669848e-16
2.526189713238407223e-16
2.520364106990195629e-16
2.514552185513729796e-16
2.508754302894915213e-16
2.502970228678318263e-16
2.497199927590326787e-16
2.491443364433422642e-16
2.485700695051228050e-16
2.479971501786796151e-16
2.474255941319007420e-16
2.468554167683481442e-16
2.462865955785132415e-16
2.457191270888439572e-16
2.451529891415859721e-16
2.445882157282919405e-16
2.440247846394146833e-16
2.434626924314733535e-16
2.429019356684779300e-16
2.423425292832561154e-16
2.417844330667567199e-16
2.412276620323189845e-16
2.406722127738098928e-16
2.401180999939906468e-16
2.395652840343166888e-16
2.390137796769961913e-16
2.384636014546733895e-16
2.379147101164659888e-16
2.373671202736762849e-16
2.368208285720044518e-16
2.362758493204647375e-16
2.357321438048678350e-16
2.351897264118464323e-16
2.346486112850530642e-16
2.341087601077379862e-16
2.335701871004014067e-16
2.330328889600365674e-16
2.324968623909197694e-16
2.319621041511803827e-16
2.314286111922226433e-16
2.308963805184294531e-16
2.303653921614276792e-16
2.298356771565122053e-16
2.293072154875177466e-16
2.287799873847770970e-16
2.282540235421262537e-16
2.277292874622505748e-16
2.272057929921133397e-16
2.266835371856878106e-16
2.261625171031933023e-16
2.256427298110858641e-16
2.251241559946417697e-16
2.246068255655414285e-16
2.240907028916114389e-16
2.235758014509312473e-16
2.230621183403678358e-16
2.225496506629752228e-16
2.220383955279861550e-16
2.215283340646152090e-16
2.210194794935464277e-16
2.205118448153229249e-16
2.200053795427906585e-16
2.195001284356958688e-16
2.189960727660692011e-16
2.184931940350073033e-16
2.179915051611809411e-16
2.174910033077912762e-16
2.169916856441334209e-16
2.164935339147297600e-16
2.159965608407007640e-16
2.155007636089595210e-16
2.150061241442346917e-16
2.145126702358372117e-16
2.140203686057461659e-16
2.135292317327019724e-16
2.130392417789985565e-16
2.125504261286363083e-16
2.120627519543188656e-16
2.115762166484366033e-16
2.110908472949284732e-16
2.106066114001731858e-16
2.101235063721677431e-16
2.096415589982315572e-16
2.091607371148491115e-16
2.086810527297213035e-16
2.082024885845060111e-16
2.077250565947065804e-16
2.072487540461393874e-16
2.067735637331484812e-16
2.062994968494655945e-16
2.058265499978387072e-16
2.053547055599696002e-16
2.048839744840590711e-16
2.044143392672758518e-16
2.039458248529456314e-16
2.034783856437227753e-16
2.030120605296972882e-16
2.025468181572566592e-16
2.020826553395405122e-16
2.016195827313113346e-16
2.011575970141023950e-16
2.006966811396310557e-16
2.002368456395637544e-16
1.997780735771829752e-16
1.993203754027346771e-16
1.988637342903055110e-16
1.984081606093726057e-16
1.979536510956290424e-16
1.975001890882117084e-16
1.970477848369135555e-16
1.965964217897927996e-16
1.961460968532912184e-16
1.956968201584332075e-16
1.952485884865388728e-16
1.948013855012928563e-16
1.943552081373434217e-16
1.939100663698981972e-16
1.934659570104061791e-16
1.930228639352568650e-16
1.925807841071060879e-16
1.921397273478142873e-16
1.916996904987272277e-16
1.912606448832479036e-16
1.908226257802795858e-16
1.903855918985257336e-16
1.899495656341377599e-16
1.895145438652644529e-16
1.890805109361854269e-16
1.886474638716062926e-16
1.882154121569164468e-16
1.877843402890519713e-16
1.873542576803029852e-16
1.869251489286767467e-16
1.864970110928173880e-16
1.860698534762125216e-16
1.856436608269663894e-16
1.852184302238479760e-16
1.847941708628277624e-16
1.843708681061466362e-16
1.839485334037313831e-16
1.835271425483616287e-16
1.831067313788354843e-16
1.826872638249191468e-16
1.822687636113292499e-16
1.818512186741915656e-16
1.814346288899480184e-16
1.810190058687599549e-16
1.806043376646109633e-16
1.801906241474277162e-16
1.797778767987237544e-16
1.793660837891191280e-16
1.789552449821515006e-16
1.785453602391101099e-16
1.781364408720907563e-16
1.777284752052008990e-16
1.773214630935078571e-16
1.769154157238324488e-16
1.765103102395729904e-16
1.761061691180348123e-16
1.757029920882412354e-16
1.753007565235931539e-16
1.748994846602608166e-16
1.744991540233249012e-16
1.740997866894119897e-16
1.737013823795729527e-16
1.733039188447996684e-16
1.729074179250621482e-16
1.725118575203272964e-16
1.721172593139892755e-16
1.717236121866746032e-16
1.713309267584881987e-16
1.709391812245602193e-16
1.705483969590686583e-16
1.701585629862380113e-16
1.697696684772305911e-16
1.693817345770492047e-16
1.689947609886634638e-16
1.686087263418028744e-16
1.682236410556867319e-16
1.678395154015014521e-16
1.674563282225476641e-16
1.670741002136268833e-16
1.666928207142108626e-16
1.663124895252095491e-16
1.659331064457117059e-16
1.655546712729975833e-16
1.651771838025511211e-16
1.648006438280725956e-16
1.644250495127615858e-16
1.640503925133520888e-16
1.636766729565741407e-16
1.633038607458990534e-16
1.629319661034749618e-16
1.625609591290565867e-16
1.621908499634957806e-16
1.618216089015025274e-16
1.614532460033374416e-16
1.610857317573544614e-16
1.607190663458868289e-16
1.603532498437182868e-16
1.599882530272465323e-16
1.596240857582470106e-16
1.592607190035529774e-16
1.588981625467079010e-16
1.585363875437252713e-16
1.581754037005600437e-16
1.578151823611663461e-16
1.574557236559528948e-16
1.570970181454598208e-16
1.567390564176342057e-16
1.563818290877550910e-16
1.560253267983593246e-16
1.556695402191671617e-16
1.553144600470081612e-16
1.549600770057470819e-16
1.546063726060685848e-16
1.542533561377875724e-16
1.539009999567568772e-16
1.535493132790747661e-16
1.531982686408582052e-16
1.528478570208440126e-16
1.524980875252711958e-16
1.521489509974423688e-16
1.518004023536357071e-16
1.514524866080435499e-16
1.511051409384670856e-16
1.507583922479127942e-16
1.504122315120610276e-16
1.500666320642028459e-16
1.497215851162100886e-16
1.493770994524034050e-16
1.490331486667732545e-16
1.486897240474769641e-16
1.483468342735543489e-16
1.480044705030578789e-16
1.476625894285413894e-16
1.473212169905936605e-16
1.469803444241824809e-16
