# te
3.777535676956176758e+00
4.319091320037841797e+00
4.115455150604248047e+00
3.539048910140991211e+00
2.848289489746093750e+00
2.195954322814941406e+00
1.669433355331420898e+00
1.293404579162597656e+00
1.061794638633728027e+00
9.527192115783691406e-01
9.358350634574890137e-01
9.765069484710693359e-01
1.041380882263183594e+00
1.112354278564453125e+00
1.178484916687011719e+00
1.239022731781005859e+00
1.297965049743652344e+00
1.361344456672668457e+00
1.431284904479980469e+00
1.506584286689758301e+00
1.584942340850830078e+00
1.667899727821350098e+00
1.755648136138916016e+00
1.839073061943054199e+00
1.910363554954528809e+00
1.969024658203125000e+00
2.016979217529296875e+00
2.053378820419311523e+00
2.076626300811767578e+00
2.091217994689941406e+00
2.102118968963623047e+00
2.110228061676025391e+00
2.115142107009887695e+00
2.112269878387451172e+00
2.096097230911254883e+00
2.065463542938232422e+00
2.022160291671752930e+00
1.966583609580993652e+00
1.898576259613037109e+00
1.817735552787780762e+00
1.723492026329040527e+00
1.615253448486328125e+00
1.493319034576416016e+00
1.358062744140625000e+00
1.207879304885864258e+00
1.043131470680236816e+00
8.673303127288818359e-01
6.833922863006591797e-01
4.874496161937713623e-01
2.744205296039581299e-01
3.999980539083480835e-02
-2.180722057819366455e-01
-4.940847158432006836e-01
-7.822107076644897461e-01
-1.083086252212524414e+00
-1.396884202957153320e+00
-1.724894046783447266e+00
-2.068427801132202148e+00
-2.427363157272338867e+00
-2.801290273666381836e+00
-3.191028356552124023e+00
-3.597331523895263672e+00
-4.021177291870117188e+00
-4.462949275970458984e+00
-4.920637607574462891e+00
-5.391732215881347656e+00
-5.874897480010986328e+00
-6.368724346160888672e+00
-6.875220775604248047e+00
-7.396997451782226562e+00
-7.935136318206787109e+00
-8.489834785461425781e+00
-9.059801101684570312e+00
-9.643154144287109375e+00
-1.023894596099853516e+01
-1.084707641601562500e+01
-1.146912765502929688e+01
-1.210147762298583984e+01
-1.274570655822753906e+01
-1.340241813659667969e+01
-1.407054138183593750e+01
-1.474951076507568359e+01
-1.543727874755859375e+01
-1.613476753234863281e+01
-1.684077835083007812e+01
-1.755453872680664062e+01
-1.827613067626953125e+01
-1.900712203979492188e+01
-1.974461746215820312e+01
-2.048941612243652344e+01
-2.124072837829589844e+01
-2.199848175048828125e+01
-2.276112365722656250e+01
-2.352931785583496094e+01
-2.430225372314453125e+01
-2.507912063598632812e+01
-2.585761070251464844e+01
-2.664062881469726562e+01
-2.742364692687988281e+01
-2.820956230163574219e+01
-2.899607849121093750e+01
-2.978386878967285156e+01
-3.056988143920898438e+01
-3.135554313659667969e+01
-3.214002990722656250e+01
-3.292179489135742188e+01
-3.370150375366210938e+01
-3.447760391235351562e+01
-3.524853515625000000e+01
-3.601571655273437500e+01
-3.677833175659179688e+01
-3.753483200073242188e+01
-3.828440093994140625e+01
-3.902696609497070312e+01
-3.976172256469726562e+01
-4.048785018920898438e+01
-4.120603179931640625e+01
-4.191395950317382812e+01
-4.261157226562500000e+01
-4.329880142211914062e+01
-4.397483062744140625e+01
-4.463959503173828125e+01
-4.529005432128906250e+01
-4.592837142944335938e+01
-4.655373001098632812e+01
-4.716532516479492188e+01
-4.776234054565429688e+01
-4.834397125244140625e+01
-4.890940093994140625e+01
-4.946006393432617188e+01
-4.999293518066406250e+01
-5.051021194458007812e+01
-5.100740051269531250e+01
-5.148743820190429688e+01
-5.194656753540039062e+01
-5.238698577880859375e+01
-5.280717086791992188e+01
-5.320634841918945312e+01
-5.358522033691406250e+01
-5.394152069091796875e+01
-5.427596282958984375e+01
-5.458850860595703125e+01
-5.487837219238281250e+01
-5.514479446411132812e+01
-5.538772583007812500e+01
-5.560565185546875000e+01
-5.580002212524414062e+01
-5.596931076049804688e+01
-5.611126708984375000e+01
-5.622881698608398438e+01
-5.632048416137695312e+01
-5.638403701782226562e+01
-5.642169952392578125e+01
-5.643273162841796875e+01
-5.641712951660156250e+01
-5.637341690063476562e+01
-5.630232238769531250e+01
-5.620385360717773438e+01
-5.607653045654296875e+01
-5.592183303833007812e+01
-5.573976135253906250e+01
-5.552883529663085938e+01
-5.529053497314453125e+01
-5.502263641357421875e+01
-5.472662353515625000e+01
-5.440324020385742188e+01
-5.405025863647460938e+01
-5.366768264770507812e+01
-5.325699234008789062e+01
-5.281596755981445312e+01
-5.234609222412109375e+01
-5.184736251831054688e+01
-5.131978225708007812e+01
-5.076260757446289062e+01
-5.017585754394531250e+01
-4.956107330322265625e+01
-4.891684722900390625e+01
-4.824325561523437500e+01
-4.754186248779296875e+01
-4.681273651123046875e+01
-4.605447387695312500e+01
-4.526863098144531250e+01
-4.445454025268554688e+01
-4.361451339721679688e+01
-4.274563980102539062e+01
-4.184948730468750000e+01
-4.092762374877929688e+01
-3.997862625122070312e+01
-3.900480651855468750e+01
-3.800326156616210938e+01
-3.697629547119140625e+01
-3.592547607421875000e+01
-3.484863662719726562e+01
-3.374808883666992188e+01
-3.262316131591796875e+01
-3.147541236877441406e+01
-3.030417442321777344e+01
-2.911026000976562500e+01
-2.789449310302734375e+01
-2.665619277954101562e+01
-2.539690399169921875e+01
-2.411593055725097656e+01
-2.281629943847656250e+01
-2.149582862854003906e+01
-2.015583419799804688e+01
-1.879681015014648438e+01
-1.741932678222656250e+01
-1.602380371093750000e+01
-1.461118507385253906e+01
-1.318157577514648438e+01
-1.173596477508544922e+01
-1.027435398101806641e+01
-8.797994613647460938e+00
-7.307681560516357422e+00
-5.802939414978027344e+00
-4.285823345184326172e+00
-2.756158590316772461e+00
-1.213025927543640137e+00
3.390690088272094727e-01
1.902308583259582520e+00
3.475160360336303711e+00
5.058320522308349609e+00
6.648027896881103516e+00
8.247209548950195312e+00
9.852103233337402344e+00
1.146415042877197266e+01
1.308181953430175781e+01
1.470358180999755859e+01
1.633013343811035156e+01
1.796068763732910156e+01
1.959371376037597656e+01
2.122768211364746094e+01
2.286329460144042969e+01
2.449901771545410156e+01
2.613481330871582031e+01
2.776914787292480469e+01
2.940198516845703125e+01
3.103253173828125000e+01
3.265852355957031250e+01
3.428065872192382812e+01
3.589815521240234375e+01
3.750948333740234375e+01
3.911534500122070312e+01
4.071272659301757812e+01
4.230308151245117188e+01
4.388413238525390625e+01
4.545584106445312500e+01
4.701742553710937500e+01
4.856736373901367188e+01
5.010637664794921875e+01
5.163306045532226562e+01
5.314601898193359375e+01
5.464536285400390625e+01
5.613118362426757812e+01
5.760357666015625000e+01
5.905447769165039062e+01
6.049661636352539062e+01
6.191522598266601562e+01
6.332527923583984375e+01
6.470457458496093750e+01
6.607550811767578125e+01
6.743074798583984375e+01
6.876296234130859375e+01
7.006483459472656250e+01
7.135874938964843750e+01
7.262251281738281250e+01
7.387109375000000000e+01
7.509716796875000000e+01
7.630082702636718750e+01
7.748217010498046875e+01
7.863388824462890625e+01
7.977091979980468750e+01
8.087109375000000000e+01
8.195680236816406250e+01
8.300585174560546875e+01
8.404064178466796875e+01
8.503897094726562500e+01
8.600839233398437500e+01
8.696385955810546875e+01
8.788317108154296875e+01
8.877388000488281250e+01
8.963609313964843750e+01
9.046989440917968750e+01
9.127539062500000000e+01
9.204527282714843750e+01
9.279448699951171875e+01
9.350827026367187500e+01
9.419417572021484375e+01
9.485229492187500000e+01
9.546788024902343750e+01
9.606330871582031250e+01
9.661640167236328125e+01
9.714955902099609375e+01
9.764057922363281250e+01
9.810443115234375000e+01
9.854122924804687500e+01
9.893619537353515625e+01
9.929687500000000000e+01
9.962335968017578125e+01
9.992320251464843750e+01
1.001965484619140625e+02
1.004286880493164062e+02
1.006197738647460938e+02
1.007848358154296875e+02
1.009165725708007812e+02
1.010077285766601562e+02
1.010807418823242188e+02
1.011060485839843750e+02
1.011060867309570312e+02
1.010661544799804688e+02
1.010012741088867188e+02
1.008967285156250000e+02
1.007675170898437500e+02
1.005989608764648438e+02
1.003986206054687500e+02
1.001666564941406250e+02
9.990322113037109375e+01
9.960845947265625000e+01
9.928996276855468750e+01
9.893301391601562500e+01
9.854519653320312500e+01
9.812664794921875000e+01
9.767010498046875000e+01
9.719801330566406250e+01
9.668077087402343750e+01
9.614083862304687500e+01
9.557836151123046875e+01
9.497863006591796875e+01
9.434921264648437500e+01
9.369769287109375000e+01
9.302421569824218750e+01
9.232149505615234375e+01
9.158968353271484375e+01
9.082891845703125000e+01
9.004678344726562500e+01
8.922854614257812500e+01
8.839665985107421875e+01
8.753639984130859375e+01
8.666277313232421875e+01
8.575362396240234375e+01
8.482395935058593750e+01
8.387392425537109375e+01
8.290365600585937500e+01
8.191330718994140625e+01
8.091043090820312500e+01
7.988031005859375000e+01
7.883052825927734375e+01
7.776121520996093750e+01
7.667994689941406250e+01
7.557937622070312500e+01
7.445944976806640625e+01
7.333492279052734375e+01
7.218338775634765625e+01
7.101960754394531250e+01
6.985089874267578125e+01
6.866228485107421875e+01
6.746853637695312500e+01
6.625466918945312500e+01
6.503173065185546875e+01
6.379513931274414062e+01
6.254776382446289062e+01
6.129172134399414062e+01
6.002318572998046875e+01
5.874798965454101562e+01
5.746305084228515625e+01
5.617047882080078125e+01
5.487165832519531250e+01
5.356423568725585938e+01
5.225330734252929688e+01
5.093503952026367188e+01
4.961378097534179688e+01
4.828643798828125000e+01
4.695661544799804688e+01
4.562419891357421875e+01
4.428907394409179688e+01
4.295409011840820312e+01
4.161616516113281250e+01
4.027963638305664062e+01
3.894216537475585938e+01
3.760660171508789062e+01
3.627357101440429688e+01
3.494147491455078125e+01
3.361389923095703125e+01
3.228925323486328125e+01
3.096964073181152344e+01
2.965494537353515625e+01
2.834653472900390625e+01
2.704428672790527344e+01
2.575031661987304688e+01
2.446301460266113281e+01
2.318523597717285156e+01
2.191611671447753906e+01
2.065776824951171875e+01
1.940858078002929688e+01
1.817200469970703125e+01
1.694658279418945312e+01
1.573352909088134766e+01
1.453359603881835938e+01
1.334754562377929688e+01
1.217581558227539062e+01
1.101898193359375000e+01
9.877256393432617188e+00
8.751815795898437500e+00
7.641458988189697266e+00
6.548033237457275391e+00
5.469670772552490234e+00
4.410445213317871094e+00
3.367746114730834961e+00
2.341933012008666992e+00
1.334853172302246094e+00
3.453806936740875244e-01
-6.253803372383117676e-01
-1.577812075614929199e+00
-2.510067462921142578e+00
-3.424014329910278320e+00
-4.319291114807128906e+00
-5.193307876586914062e+00
-6.047187805175781250e+00
-6.881312370300292969e+00
-7.694576263427734375e+00
-8.488102912902832031e+00
-9.260044097900390625e+00
-1.001152133941650391e+01
-1.074068641662597656e+01
-1.144866085052490234e+01
-1.213656806945800781e+01
-1.280107021331787109e+01
-1.344403171539306641e+01
-1.406583023071289062e+01
-1.466535854339599609e+01
-1.524373626708984375e+01
-1.579836750030517578e+01
-1.633260154724121094e+01
-1.684458541870117188e+01
-1.733469200134277344e+01
-1.780181312561035156e+01
-1.824632263183593750e+01
-1.867008018493652344e+01
-1.907048797607421875e+01
-1.945014762878417969e+01
-1.980720138549804688e+01
-2.014276695251464844e+01
-2.045572662353515625e+01
-2.074719810485839844e+01
-2.101606369018554688e+01
-2.126492118835449219e+01
-2.149265670776367188e+01
-2.169815254211425781e+01
-2.188400268554687500e+01
-2.204832458496093750e+01
-2.219359016418457031e+01
-2.231778717041015625e+01
-2.242262458801269531e+01
-2.250831413269042969e+01
-2.256838989257812500e+01
-2.261718368530273438e+01
-2.263633346557617188e+01
-2.264166450500488281e+01
-2.262744140625000000e+01
-2.259462165832519531e+01
-2.253747367858886719e+01
-2.247478866577148438e+01
-2.237705421447753906e+01
-2.227420425415039062e+01
-2.214415931701660156e+01
-2.200198745727539062e+01
-2.184046936035156250e+01
-2.166724395751953125e+01
-2.147509002685546875e+01
-2.126420974731445312e+01
-2.104224586486816406e+01
-2.080197334289550781e+01
-2.055102539062500000e+01
-2.028217887878417969e+01
-1.999786376953125000e+01
-1.970794677734375000e+01
-1.939405250549316406e+01
-1.908090591430664062e+01
-1.874938583374023438e+01
-1.840340995788574219e+01
-1.804912376403808594e+01
-1.768895721435546875e+01
-1.731716156005859375e+01
-1.693542671203613281e+01
-1.654617500305175781e+01
-1.614960670471191406e+01
-1.574517440795898438e+01
-1.533456039428710938e+01
-1.491721820831298828e+01
-1.449631500244140625e+01
-1.407130050659179688e+01
-1.364088630676269531e+01
-1.320897865295410156e+01
-1.277428531646728516e+01
-1.233848476409912109e+01
-1.190102672576904297e+01
-1.146507549285888672e+01
-1.102784824371337891e+01
-1.059399509429931641e+01
-1.016213226318359375e+01
-9.732005119323730469e+00
-9.305500984191894531e+00
-8.880788803100585938e+00
-8.461241722106933594e+00
-8.044285774230957031e+00
-7.631806373596191406e+00
-7.222715854644775391e+00
-6.819640636444091797e+00
-6.421492576599121094e+00
-6.027927398681640625e+00
-5.640083789825439453e+00
-5.259102821350097656e+00
-4.884637832641601562e+00
-4.516342639923095703e+00
-4.155356407165527344e+00
-3.802075624465942383e+00
-3.456896305084228516e+00
-3.118728160858154297e+00
-2.790196418762207031e+00
-2.470953941345214844e+00
-2.160652637481689453e+00
-1.860431909561157227e+00
-1.570686936378479004e+00
-1.290327191352844238e+00
-1.021234512329101562e+00
-7.638043761253356934e-01
-5.191756486892700195e-01
-2.855146527290344238e-01
-6.618956476449966431e-02
1.421192437410354614e-01
3.360432982444763184e-01
5.159295201301574707e-01
6.813817024230957031e-01
8.320032358169555664e-01
9.681404829025268555e-01
1.088653445243835449e+00
1.193144798278808594e+00
1.281217217445373535e+00
1.352472901344299316e+00
1.407256841659545898e+00
1.443684339523315430e+00
1.462545633316040039e+00
1.463218808174133301e+00
1.445452809333801270e+00
1.408550381660461426e+00
1.352556943893432617e+00
1.276774644851684570e+00
1.180846571922302246e+00
1.064534425735473633e+00
9.276234507560729980e-01
7.696387171745300293e-01
5.910204648971557617e-01
3.916139304637908936e-01
1.712637841701507568e-01
-6.951713562011718750e-02
-3.318514823913574219e-01
-6.144845485687255859e-01
-9.174999594688415527e-01
-1.241724967956542969e+00
-1.586501836776733398e+00
-1.951915740966796875e+00
-2.335824012756347656e+00
-2.742772817611694336e+00
-3.168390750885009766e+00
-3.614996433258056641e+00
-4.081192493438720703e+00
-4.567813396453857422e+00
-5.071977138519287109e+00
-5.598234653472900391e+00
-6.143705844879150391e+00
-6.707741260528564453e+00
-7.291922092437744141e+00
-7.894115447998046875e+00
-8.515901565551757812e+00
-9.155150413513183594e+00
-9.812701225280761719e+00
-1.048865509033203125e+01
-1.118162441253662109e+01
-1.189319705963134766e+01
-1.262050247192382812e+01
-1.336512851715087891e+01
-1.412718105316162109e+01
-1.490453338623046875e+01
-1.569803619384765625e+01
-1.650705146789550781e+01
-1.733094215393066406e+01
-1.817056465148925781e+01
-1.902379798889160156e+01
-1.989074707031250000e+01
-2.077153205871582031e+01
-2.166625785827636719e+01
-2.257207107543945312e+01
-2.349131393432617188e+01
-2.442112731933593750e+01
-2.536311721801757812e+01
-2.631516838073730469e+01
-2.727739906311035156e+01
-2.824844932556152344e+01
-2.922917175292968750e+01
-3.021826934814453125e+01
-3.121615600585937500e+01
-3.222033691406250000e+01
-3.323277282714843750e+01
-3.425245285034179688e+01
-3.527912521362304688e+01
-3.631251907348632812e+01
-3.735237503051757812e+01
-3.839843368530273438e+01
-3.945043182373046875e+01
-4.050736618041992188e+01
-4.156823730468750000e+01
-4.263502120971679688e+01
-4.370597076416015625e+01
-4.478008651733398438e+01
-4.585712051391601562e+01
-4.693680953979492188e+01
-4.801965332031250000e+01
-4.910242080688476562e+01
-5.018709182739257812e+01
-5.127266693115234375e+01
-5.235890579223632812e+01
-5.344332504272460938e+01
-5.452716064453125000e+01
-5.561017227172851562e+01
-5.669062042236328125e+01
-5.776825714111328125e+01
-5.884284210205078125e+01
-5.991338729858398438e+01
-6.098038482666015625e+01
-6.204062271118164062e+01
-6.309608459472656250e+01
-6.414430999755859375e+01
-6.518504333496093750e+01
-6.621767425537109375e+01
-6.724129486083984375e+01
-6.825626373291015625e+01
-6.926017761230468750e+01
-7.025376892089843750e+01
-7.123519897460937500e+01
-7.220425415039062500e+01
-7.315994262695312500e+01
-7.410151672363281250e+01
-7.502808380126953125e+01
-7.593910980224609375e+01
-7.683368682861328125e+01
-7.771142578125000000e+01
-7.857015991210937500e+01
-7.941039276123046875e+01
-8.023040771484375000e+01
-8.103009033203125000e+01
-8.180909729003906250e+01
-8.256644439697265625e+01
-8.330192565917968750e+01
-8.401679992675781250e+01
-8.471009063720703125e+01
-8.538084411621093750e+01
-8.603030395507812500e+01
-8.665752410888671875e+01
-8.726226043701171875e+01
-8.784356689453125000e+01
-8.840342712402343750e+01
-8.894087982177734375e+01
-8.945422363281250000e+01
-8.994470977783203125e+01
-9.041137695312500000e+01
-9.085472869873046875e+01
-9.127454376220703125e+01
-9.166985321044921875e+01
-9.203968811035156250e+01
-9.238604736328125000e+01
-9.270796966552734375e+01
-9.300372314453125000e+01
-9.327457427978515625e+01
-9.352028656005859375e+01
-9.373915100097656250e+01
-9.393241882324218750e+01
-9.409984588623046875e+01
-9.424047851562500000e+01
-9.435481262207031250e+01
-9.444113159179687500e+01
-9.450142669677734375e+01
-9.453546142578125000e+01
-9.454151916503906250e+01
-9.452009582519531250e+01
-9.446277618408203125e+01
-9.438122558593750000e+01
-9.427371215820312500e+01
-9.413329315185546875e+01
-9.396791839599609375e+01
-9.377063751220703125e+01
-9.354196929931640625e+01
-9.328983306884765625e+01
-9.299984741210937500e+01
-9.267996978759765625e+01
-9.234553527832031250e+01
-9.196731567382812500e+01
-9.156066131591796875e+01
-9.111864471435546875e+01
-9.064917755126953125e+01
-9.015280914306640625e+01
-8.961547851562500000e+01
-8.906776428222656250e+01
-8.847335815429687500e+01
-8.784797668457031250e+01
-8.719992065429687500e+01
-8.652259826660156250e+01
-8.580198669433593750e+01
-8.506867218017578125e+01
-8.430120849609375000e+01
-8.350044250488281250e+01
-8.268206787109375000e+01
-8.182463836669921875e+01
-8.094387054443359375e+01
-8.004059600830078125e+01
-7.910822296142578125e+01
-7.814015960693359375e+01
-7.715953063964843750e+01
-7.613745117187500000e+01
-7.510448455810546875e+01
-7.403172302246093750e+01
-7.293487548828125000e+01
-7.182218933105468750e+01
-7.068707275390625000e+01
-6.952291870117187500e+01
-6.833054351806640625e+01
-6.712564086914062500e+01
-6.589416503906250000e+01
-6.464437103271484375e+01
-6.336965560913085938e+01
-6.207082748413085938e+01
-6.074870300292968750e+01
-5.941896820068359375e+01
-5.805270004272460938e+01
-5.668787765502929688e+01
-5.528815078735351562e+01
-5.388404846191406250e+01
-5.244666671752929688e+01
-5.099909591674804688e+01
-4.954215240478515625e+01
-4.806919860839843750e+01
-4.657361221313476562e+01
-4.507105636596679688e+01
-4.354746627807617188e+01
-4.202593612670898438e+01
-4.047011184692382812e+01
-3.891794204711914062e+01
-3.735535812377929688e+01
-3.579059219360351562e+01
-3.420956420898437500e+01
-3.262042236328125000e+01
-3.101613235473632812e+01
-2.941186141967773438e+01
-2.779306793212890625e+01
-2.617491149902343750e+01
-2.455027961730957031e+01
-2.291204071044921875e+01
-2.126793861389160156e+01
-1.962570762634277344e+01
-1.797821998596191406e+01
-1.632578086853027344e+01
-1.466869068145751953e+01
-1.300725269317626953e+01
-1.134919738769531250e+01
-9.679963111877441406e+00
-8.014709472656250000e+00
-6.346305847167968750e+00
-4.667615890502929688e+00
-3.001230478286743164e+00
-1.332583069801330566e+00
3.380315899848937988e-01
2.017750024795532227e+00
3.683985233306884766e+00
5.343875408172607422e+00
7.004559040069580078e+00
8.658312797546386719e+00
1.031227684020996094e+01
1.196615982055664062e+01
1.360480785369873047e+01
1.524279499053955078e+01
1.686496734619140625e+01
1.847103691101074219e+01
2.008300590515136719e+01
2.168572425842285156e+01
2.327147293090820312e+01
2.486968421936035156e+01
2.644291877746582031e+01
2.799831390380859375e+01
2.953558540344238281e+01
3.106930351257324219e+01
3.259175491333007812e+01
3.408778381347656250e+01
3.557939147949218750e+01
3.704400253295898438e+01
3.849618911743164062e+01
3.992079544067382812e+01
4.133240127563476562e+01
4.271584701538085938e+01
4.407827758789062500e+01
4.541940307617187500e+01
4.673164367675781250e+01
4.803772735595703125e+01
4.930106735229492188e+01
5.055196380615234375e+01
5.177613067626953125e+01
5.297413253784179688e+01
5.414654922485351562e+01
5.530138015747070312e+01
5.642433547973632812e+01
5.753083801269531250e+01
5.861329269409179688e+01
5.966780853271484375e+01
6.069569015502929688e+01
6.169973754882812500e+01
6.267828369140625000e+01
6.363190078735351562e+01
6.456040191650390625e+01
6.546360015869140625e+01
6.634133148193359375e+01
6.719414520263671875e+01
6.801963806152343750e+01
6.881983947753906250e+01
6.959457397460937500e+01
7.034365081787109375e+01
7.106539916992187500e+01
7.176111602783203125e+01
7.242911529541015625e+01
7.307070159912109375e+01
7.368492889404296875e+01
7.427013397216796875e+01
7.482833862304687500e+01
7.535859680175781250e+01
7.586072540283203125e+01
7.633525848388671875e+01
7.678124237060546875e+01
7.719923400878906250e+01
7.758828735351562500e+01
7.794892120361328125e+01
7.828168487548828125e+01
7.858488464355468750e+01
7.885756683349609375e+01
7.910322570800781250e+01
7.931646728515625000e+01
7.950150299072265625e+01
7.965592956542968750e+01
7.977970886230468750e+01
7.987369537353515625e+01
7.993646240234375000e+01
7.996914672851562500e+01
7.997117614746093750e+01
7.994250488281250000e+01
7.988356018066406250e+01
7.979444885253906250e+01
7.967463684082031250e+01
7.952594757080078125e+01
7.934737396240234375e+01
7.913903045654296875e+01
7.890178680419921875e+01
7.863722991943359375e+01
7.834323120117187500e+01
7.802066802978515625e+01
7.767110443115234375e+01
7.729316711425781250e+01
7.688845062255859375e+01
7.645556640625000000e+01
7.599609375000000000e+01
7.551014709472656250e+01
7.499855041503906250e+01
7.446140289306640625e+01
7.389878845214843750e+01
7.331082153320312500e+01
7.269905090332031250e+01
7.206282806396484375e+01
7.140225219726562500e+01
7.071961975097656250e+01
7.001428222656250000e+01
6.928556823730468750e+01
6.853504943847656250e+01
6.776354980468750000e+01
6.697113037109375000e+01
6.615714263916015625e+01
6.532312774658203125e+01
6.446842193603515625e+01
6.359606552124023438e+01
6.270390701293945312e+01
6.179348754882812500e+01
6.086561203002929688e+01
5.992035293579101562e+01
5.895851898193359375e+01
5.797941589355468750e+01
5.698608779907226562e+01
5.597858047485351562e+01
5.495621490478515625e+01
5.391978454589843750e+01
5.287231826782226562e+01
5.181163406372070312e+01
5.074002456665039062e+01
4.965752029418945312e+01
4.856418991088867188e+01
4.746229934692382812e+01
4.635106658935546875e+01
4.523162078857421875e+01
4.410351181030273438e+01
4.296704101562500000e+01
4.182249450683593750e+01
4.067017364501953125e+01
3.951036834716796875e+01
3.834410858154296875e+01
3.717020797729492188e+01
3.599117660522460938e+01
3.480507659912109375e+01
3.361368942260742188e+01
3.241654968261718750e+01
3.121543502807617188e+01
3.000988769531250000e+01
2.879945182800292969e+01
2.758663940429687500e+01
2.636950302124023438e+01
2.514981460571289062e+01
2.392711639404296875e+01
2.270243263244628906e+01
2.147678947448730469e+01
2.025046730041503906e+01
1.902300453186035156e+01
1.779542732238769531e+01
1.656950378417968750e+01
1.534402942657470703e+01
1.412002468109130859e+01
1.289925956726074219e+01
1.168052864074707031e+01
1.046559906005859375e+01
9.254751205444335938e+00
8.049010276794433594e+00
6.849400997161865234e+00
5.653974533081054688e+00
4.465986251831054688e+00
3.284973859786987305e+00
2.111963987350463867e+00
9.472393989562988281e-01
-2.081738412380218506e-01
-1.353991746902465820e+00
-2.489187002182006836e+00
-3.612731933593750000e+00
-4.725083827972412109e+00
-5.824470996856689453e+00
-6.910606384277343750e+00
-7.981716156005859375e+00
-9.038255691528320312e+00
-1.007844924926757812e+01
-1.110274982452392578e+01
-1.210951995849609375e+01
-1.309841918945312500e+01
-1.407072830200195312e+01
-1.502549839019775391e+01
-1.596326923370361328e+01
-1.688457489013671875e+01
-1.778772163391113281e+01
-1.867472839355468750e+01
-1.954464530944824219e+01
-2.039577293395996094e+01
-2.123086929321289062e+01
-2.204823684692382812e+01
-2.284840011596679688e+01
-2.363040542602539062e+01
-2.439551544189453125e+01
-2.514277267456054688e+01
-2.587269592285156250e+01
-2.658506584167480469e+01
-2.727891349792480469e+01
-2.795624732971191406e+01
-2.861535263061523438e+01
-2.925600242614746094e+01
-2.987944984436035156e+01
-3.048546791076660156e+01
-3.107234001159667969e+01
-3.164131546020507812e+01
-3.219141387939453125e+01
-3.272329330444335938e+01
-3.323611831665039062e+01
-3.373054122924804688e+01
-3.420631790161132812e+01
-3.466291046142578125e+01
-3.510071563720703125e+01
-3.551948165893554688e+01
-3.591926574707031250e+01
-3.629953384399414062e+01
-3.666085433959960938e+01
-3.700253295898437500e+01
-3.732371139526367188e+01
-3.762628555297851562e+01
-3.790874099731445312e+01
-3.817154693603515625e+01
-3.841444778442382812e+01
-3.863642883300781250e+01
-3.883871078491210938e+01
-3.902027893066406250e+01
-3.918235778808593750e+01
-3.932242965698242188e+01
-3.944245910644531250e+01
-3.954216384887695312e+01
-3.961983108520507812e+01
-3.967692565917968750e+01
-3.971422195434570312e+01
-3.973099899291992188e+01
-3.972654342651367188e+01
-3.970310592651367188e+01
-3.965996551513671875e+01
-3.959713745117187500e+01
-3.951539230346679688e+01
-3.941473388671875000e+01
-3.929517745971679688e+01
-3.915897369384765625e+01
-3.900314712524414062e+01
-3.883069229125976562e+01
-3.864011383056640625e+01
-3.843291473388671875e+01
-3.820909118652343750e+01
-3.796864318847656250e+01
-3.771231842041015625e+01
-3.744010543823242188e+01
-3.715275192260742188e+01
-3.685025024414062500e+01
-3.653035736083984375e+01
-3.619752502441406250e+01
-3.584728622436523438e+01
-3.548482513427734375e+01
-3.510864257812500000e+01
-3.471798324584960938e+01
-3.431579589843750000e+01
-3.390058517456054688e+01
-3.347157669067382812e+01
-3.303469848632812500e+01
-3.258547210693359375e+01
-3.212461090087890625e+01
-3.165431785583496094e+01
-3.117457008361816406e+01
-3.068533515930175781e+01
-3.018733024597167969e+01
-2.967755317687988281e+01
-2.916191101074218750e+01
-2.863591766357421875e+01
-2.810473442077636719e+01
-2.756461906433105469e+01
-2.701998901367187500e+01
-2.647155189514160156e+01
-2.591258049011230469e+01
-2.535864257812500000e+01
-2.479557991027832031e+01
-2.422409439086914062e+01
-2.365231895446777344e+01
-2.308087348937988281e+01
-2.250261116027832031e+01
-2.192516326904296875e+01
-2.134873390197753906e+01
-2.076609039306640625e+01
-2.018486404418945312e+01
-1.959782218933105469e+01
-1.901259803771972656e+01
-1.842195701599121094e+01
-1.783352851867675781e+01
-1.724008178710937500e+01
-1.664924240112304688e+01
-1.605377960205078125e+01
-1.546875190734863281e+01
-1.487949562072753906e+01
-1.428620624542236328e+01
-1.368908214569091797e+01
-1.309575176239013672e+01
-1.251384258270263672e+01
-1.192868995666503906e+01
-1.134049129486083984e+01
-1.074944305419921875e+01
-1.016317558288574219e+01
-9.581886291503906250e+00
-9.005773544311523438e+00
-8.427603721618652344e+00
-7.862439155578613281e+00
-7.280753135681152344e+00
-6.719902038574218750e+00
-6.165223598480224609e+00
-5.609486103057861328e+00
-5.060322761535644531e+00
-4.517935276031494141e+00
-3.982525825500488281e+00
-3.446865558624267578e+00
-2.933452367782592773e+00
-2.405334472656250000e+00
-1.899872779846191406e+00
-1.394979715347290039e+00
-9.131554365158081055e-01
-4.248833060264587402e-01
4.733490571379661560e-02
5.107207298278808594e-01
9.576325416564941406e-01
1.387858867645263672e+00
1.816048860549926758e+00
2.234558343887329102e+00
2.635740756988525391e+00
3.019380569458007812e+00
3.392691135406494141e+00
3.750375509262084961e+00
4.095059871673583984e+00
4.424289703369140625e+00
4.740068912506103516e+00
5.040683746337890625e+00
5.328134059906005859e+00
5.601448059082031250e+00
5.860392570495605469e+00
6.106221675872802734e+00
6.337957382202148438e+00
6.556848526000976562e+00
6.761172294616699219e+00
6.953660964965820312e+00
7.131844043731689453e+00
7.296222209930419922e+00
7.448036670684814453e+00
7.586297988891601562e+00
7.712988376617431641e+00
7.825628280639648438e+00
7.925453186035156250e+00
8.013694763183593750e+00
8.087867736816406250e+00
8.149204254150390625e+00
8.198185920715332031e+00
8.235297203063964844e+00
8.258787155151367188e+00
8.269880294799804688e+00
8.267565727233886719e+00
8.253803253173828125e+00
8.226838111877441406e+00
8.186397552490234375e+00
8.134437561035156250e+00
8.069194793701171875e+00
7.991878986358642578e+00
7.902208328247070312e+00
7.798416137695312500e+00
7.683934688568115234e+00
7.555504322052001953e+00
7.415810108184814453e+00
7.262334346771240234e+00
7.097012519836425781e+00
6.918810367584228516e+00
6.727430820465087891e+00
6.523320198059082031e+00
6.306921958923339844e+00
6.077934741973876953e+00
5.836055755615234375e+00
5.581723213195800781e+00
5.313887119293212891e+00
5.033723831176757812e+00
4.740961551666259766e+00
4.435479164123535156e+00
4.117190837860107422e+00
3.788239717483520508e+00
3.447049617767333984e+00
3.093530893325805664e+00
2.729820251464843750e+00
2.354337215423583984e+00
1.968472599983215332e+00
1.570642232894897461e+00
1.163719773292541504e+00
7.461178898811340332e-01
3.184773325920104980e-01
-1.185629889369010925e-01
-5.643655657768249512e-01
-1.019780874252319336e+00
-1.484174370765686035e+00
-1.956170439720153809e+00
-2.438109874725341797e+00
-2.926390886306762695e+00
-3.423357009887695312e+00
-3.927638292312622070e+00
-4.438609600067138672e+00
-4.956759929656982422e+00
-5.481393814086914062e+00
-6.012630939483642578e+00
-6.549406051635742188e+00
-7.091769218444824219e+00
-7.639324188232421875e+00
-8.191751480102539062e+00
-8.748732566833496094e+00
-9.309951782226562500e+00
-9.874940872192382812e+00
-1.044348430633544922e+01
-1.101504993438720703e+01
-1.158946609497070312e+01
-1.216625022888183594e+01
-1.274516391754150391e+01
-1.332552528381347656e+01
-1.390717411041259766e+01
-1.448942565917968750e+01
-1.507212257385253906e+01
-1.565466117858886719e+01
-1.623650932312011719e+01
-1.681736183166503906e+01
-1.739705657958984375e+01
-1.797470092773437500e+01
-1.855109786987304688e+01
-1.912341690063476562e+01
-1.969261932373046875e+01
-2.025892448425292969e+01
-2.082063865661621094e+01
-2.137911987304687500e+01
-2.193349456787109375e+01
-2.248437881469726562e+01
-2.303090095520019531e+01
-2.357441902160644531e+01
-2.411257362365722656e+01
-2.464672470092773438e+01
-2.517748641967773438e+01
-2.570398521423339844e+01
-2.622535324096679688e+01
-2.674146080017089844e+01
-2.725366020202636719e+01
-2.776108551025390625e+01
-2.826360130310058594e+01
-2.876033592224121094e+01
-2.925264739990234375e+01
-2.973817253112792969e+01
-3.021900939941406250e+01
-3.069354057312011719e+01
-3.116311645507812500e+01
-3.162463760375976562e+01
-3.208167648315429688e+01
-3.253187561035156250e+01
-3.297435379028320312e+01
-3.341045761108398438e+01
-3.383856964111328125e+01
-3.426003265380859375e+01
-3.467248153686523438e+01
-3.507725906372070312e+01
-3.547273635864257812e+01
-3.586100769042968750e+01
-3.623894882202148438e+01
-3.660790634155273438e+01
-3.696698760986328125e+01
-3.731679153442382812e+01
-3.765642547607421875e+01
-3.798574066162109375e+01
-3.830310058593750000e+01
-3.860983657836914062e+01
-3.890357208251953125e+01
-3.918733978271484375e+01
-3.945719909667968750e+01
-3.971462249755859375e+01
-3.995774459838867188e+01
-4.018796539306640625e+01
-4.040444946289062500e+01
-4.060615158081054688e+01
-4.079304504394531250e+01
-4.096492004394531250e+01
-4.112193679809570312e+01
-4.126389312744140625e+01
-4.139119720458984375e+01
-4.150416946411132812e+01
-4.160266876220703125e+01
-4.168711471557617188e+01
-4.175757217407226562e+01
-4.181422424316406250e+01
-4.185717391967773438e+01
-4.188666534423828125e+01
-4.190264511108398438e+01
-4.190557098388671875e+01
-4.189560317993164062e+01
-4.187268447875976562e+01
-4.183681106567382812e+01
-4.178844451904296875e+01
-4.172766494750976562e+01
-4.165409469604492188e+01
-4.156908416748046875e+01
-4.147143173217773438e+01
-4.136159133911132812e+01
-4.123999404907226562e+01
-4.110634231567382812e+01
-4.096033096313476562e+01
-4.080313110351562500e+01
-4.063370132446289062e+01
-4.045320510864257812e+01
-4.026058959960937500e+01
-4.005776977539062500e+01
-3.984220123291015625e+01
-3.961578750610351562e+01
-3.937821197509765625e+01
-3.912989425659179688e+01
-3.886976242065429688e+01
-3.859897994995117188e+01
-3.831647109985351562e+01
-3.802413177490234375e+01
-3.771940994262695312e+01
-3.740492630004882812e+01
-3.707962036132812500e+01
-3.674388122558593750e+01
-3.639812088012695312e+01
-3.603901672363281250e+01
-3.567142868041992188e+01
-3.529130172729492188e+01
-3.490199661254882812e+01
-3.450167465209960938e+01
-3.409147262573242188e+01
-3.367029953002929688e+01
-3.323856735229492188e+01
-3.279607009887695312e+01
-3.234485626220703125e+01
-3.188325881958007812e+01
-3.141331672668457031e+01
-3.093262481689453125e+01
-3.044247627258300781e+01
-2.994565773010253906e+01
-2.943826675415039062e+01
-2.892381858825683594e+01
-2.840064239501953125e+01
-2.786928176879882812e+01
-2.733102607727050781e+01
-2.678419685363769531e+01
-2.623082160949707031e+01
-2.566995620727539062e+01
-2.510288619995117188e+01
-2.452866554260253906e+01
-2.394932174682617188e+01
-2.336316108703613281e+01
-2.277220535278320312e+01
-2.217476654052734375e+01
-2.157211685180664062e+01
-2.096553230285644531e+01
-2.035332107543945312e+01
-1.973749732971191406e+01
-1.911785125732421875e+01
-1.849268150329589844e+01
-1.786548614501953125e+01
-1.723457145690917969e+01
-1.660046005249023438e+01
-1.596442127227783203e+01
-1.532475376129150391e+01
-1.468421173095703125e+01
-1.404183387756347656e+01
-1.339665794372558594e+01
-1.275143527984619141e+01
-1.210520553588867188e+01
-1.145923328399658203e+01
-1.081404018402099609e+01
-1.016792106628417969e+01
-9.522881507873535156e+00
-8.878701210021972656e+00
-8.235901832580566406e+00
-7.594260692596435547e+00
-6.956528186798095703e+00
-6.320252418518066406e+00
-5.686697483062744141e+00
-5.056384086608886719e+00
-4.429832458496093750e+00
-3.807495355606079102e+00
-3.188805103302001953e+00
-2.574612379074096680e+00
-1.965024471282958984e+00
-1.359406232833862305e+00
-7.593517303466796875e-01
-1.619966775178909302e-01
4.325503706932067871e-01
1.020464897155761719e+00
1.605353355407714844e+00
2.184876680374145508e+00
2.761153697967529297e+00
3.330358505249023438e+00
3.896838188171386719e+00
4.458995342254638672e+00
5.014487743377685547e+00
5.565431594848632812e+00
6.111713409423828125e+00
6.653218269348144531e+00
7.188344478607177734e+00
7.718463897705078125e+00
8.242713928222656250e+00
8.760978698730468750e+00
9.273880958557128906e+00
9.779816627502441406e+00
1.028015041351318359e+01
1.077327442169189453e+01
1.125980854034423828e+01
1.173962974548339844e+01
1.221186923980712891e+01
1.267788791656494141e+01
1.313681411743164062e+01
1.358703422546386719e+01
1.402990436553955078e+01
1.446455097198486328e+01
1.489083862304687500e+01
1.530863761901855469e+01
1.571706581115722656e+01
1.611747360229492188e+01
1.650675392150878906e+01
1.688699150085449219e+01
1.725730323791503906e+01
1.761754989624023438e+01
1.796609687805175781e+01
1.830502891540527344e+01
1.863122558593750000e+01
1.894676971435546875e+01
1.925076293945312500e+01
1.954231071472167969e+01
1.982126045227050781e+01
2.008754730224609375e+01
2.034072303771972656e+01
2.058192253112792969e+01
2.081078338623046875e+01
2.102769279479980469e+01
2.123154449462890625e+01
2.142420578002929688e+01
2.160531234741210938e+01
2.177523612976074219e+01
2.193287086486816406e+01
2.208007240295410156e+01
2.221646690368652344e+01
2.234168434143066406e+01
2.245682907104492188e+01
2.256078529357910156e+01
2.265391349792480469e+01
2.273582839965820312e+01
2.280912399291992188e+01
2.287118148803710938e+01
2.292310142517089844e+01
2.296523666381835938e+01
2.299719619750976562e+01
2.301932716369628906e+01
2.303198242187500000e+01
2.303475952148437500e+01
2.302800750732421875e+01
2.301206398010253906e+01
2.298578643798828125e+01
2.295173835754394531e+01
2.290654945373535156e+01
2.285351943969726562e+01
2.279075431823730469e+01
2.271932983398437500e+01
2.263883399963378906e+01
2.254884910583496094e+01
2.244895744323730469e+01
2.234171676635742188e+01
2.222373008728027344e+01
2.209903717041015625e+01
2.196423912048339844e+01
2.181965827941894531e+01
2.166709518432617188e+01
2.150686264038085938e+01
2.133704566955566406e+01
2.115795516967773438e+01
2.097138786315917969e+01
2.077765464782714844e+01
2.057260131835937500e+01
2.036024665832519531e+01
2.013941383361816406e+01
1.990893936157226562e+01
1.966925430297851562e+01
1.942303848266601562e+01
1.916925430297851562e+01
1.890686798095703125e+01
1.863558197021484375e+01
1.835807228088378906e+01
1.807329559326171875e+01
1.778244209289550781e+01
1.748372077941894531e+01
1.717757606506347656e+01
1.686519050598144531e+01
1.654700279235839844e+01
1.622270584106445312e+01
1.589199447631835938e+01
1.555604553222656250e+01
1.521381187438964844e+01
1.486646461486816406e+01
1.451369571685791016e+01
1.415667915344238281e+01
1.379361438751220703e+01
1.342641925811767578e+01
1.305403518676757812e+01
1.267837715148925781e+01
1.229838371276855469e+01
1.191374015808105469e+01
1.152635860443115234e+01
1.113517475128173828e+01
1.074039077758789062e+01
1.034287834167480469e+01
9.942611694335937500e+00
9.539791107177734375e+00
9.134542465209960938e+00
8.727210998535156250e+00
8.317920684814453125e+00
7.907167911529541016e+00
7.494925975799560547e+00
7.081615447998046875e+00
6.667284488677978516e+00
6.252381801605224609e+00
5.836993217468261719e+00
5.421523094177246094e+00
5.006137847900390625e+00
4.591138839721679688e+00
4.176817893981933594e+00
3.763520479202270508e+00
3.351444005966186523e+00
2.940858602523803711e+00
2.532184839248657227e+00
2.125620126724243164e+00
1.721604466438293457e+00
1.319765925407409668e+00
9.203468561172485352e-01
5.235157608985900879e-01
1.289958655834197998e-01
-2.630431652069091797e-01
-6.525798439979553223e-01
-1.039889335632324219e+00
-1.424725890159606934e+00
-1.807289123535156250e+00
-2.186737298965454102e+00
-2.565200805664062500e+00
-2.939606666564941406e+00
-3.312084197998046875e+00
-3.681045055389404297e+00
-4.048615932464599609e+00
-4.412464618682861328e+00
-4.772486686706542969e+00
-5.131548881530761719e+00
-5.486572742462158203e+00
-5.838193893432617188e+00
-6.187047004699707031e+00
-6.532280445098876953e+00
-6.874525547027587891e+00
-7.212928295135498047e+00
-7.547376632690429688e+00
-7.879242420196533203e+00
-8.206180572509765625e+00
-8.528819084167480469e+00
-8.847783088684082031e+00
-9.162954330444335938e+00
-9.472726821899414062e+00
-9.776979446411132812e+00
-1.007856273651123047e+01
-1.037363624572753906e+01
-1.066430473327636719e+01
-1.094970035552978516e+01
-1.122895050048828125e+01
-1.150267028808593750e+01
-1.176998805999755859e+01
-1.203225421905517578e+01
-1.228711128234863281e+01
-1.253665065765380859e+01
-1.277850914001464844e+01
-1.301329231262207031e+01
-1.324160385131835938e+01
-1.346181678771972656e+01
-1.367453479766845703e+01
-1.387887191772460938e+01
-1.407542419433593750e+01
-1.426411819458007812e+01
-1.444368171691894531e+01
-1.461439800262451172e+01
-1.477803516387939453e+01
-1.493338489532470703e+01
-1.508146858215332031e+01
-1.522182369232177734e+01
-1.535397911071777344e+01
-1.547969818115234375e+01
-1.559850502014160156e+01
-1.570993137359619141e+01
-1.581498527526855469e+01
-1.591245079040527344e+01
-1.600333404541015625e+01
-1.608790206909179688e+01
-1.616492652893066406e+01
-1.623690223693847656e+01
-1.630200004577636719e+01
-1.636092758178710938e+01
-1.641357040405273438e+01
-1.645958137512207031e+01
-1.650040817260742188e+01
-1.653510475158691406e+01
-1.656400108337402344e+01
-1.658704185485839844e+01
-1.660439682006835938e+01
-1.661608886718750000e+01
-1.662206268310546875e+01
-1.662248229980468750e+01
-1.661736297607421875e+01
-1.660671997070312500e+01
-1.659063720703125000e+01
-1.656912803649902344e+01
-1.654234504699707031e+01
-1.651015090942382812e+01
-1.647258758544921875e+01
-1.642993164062500000e+01
-1.638203239440917969e+01
-1.632887268066406250e+01
-1.627050781250000000e+01
-1.620694160461425781e+01
-1.613811492919921875e+01
-1.606432533264160156e+01
-1.598534202575683594e+01
-1.590100765228271484e+01
-1.581161308288574219e+01
-1.571707057952880859e+01
-1.561722278594970703e+01
-1.551235198974609375e+01
-1.540237331390380859e+01
-1.528721427917480469e+01
-1.516696453094482422e+01
-1.504209709167480469e+01
-1.491279029846191406e+01
-1.477810764312744141e+01
-1.463971042633056641e+01
-1.449718093872070312e+01
-1.434935569763183594e+01
-1.419804096221923828e+01
-1.404281616210937500e+01
-1.388326072692871094e+01
-1.372043609619140625e+01
-1.355391597747802734e+01
-1.338402175903320312e+01
-1.321032810211181641e+01
-1.303315067291259766e+01
-1.285280799865722656e+01
-1.266961479187011719e+01
-1.248388767242431641e+01
-1.229519748687744141e+01
-1.210386085510253906e+01
-1.191019058227539062e+01
-1.171450138092041016e+01
-1.151562023162841797e+01
-1.131534671783447266e+01
-1.111324977874755859e+01
-1.090890121459960938e+01
-1.070335483551025391e+01
-1.049543571472167969e+01
-1.028694438934326172e+01
-1.007670402526855469e+01
-9.865770339965820312e+00
-9.653711318969726562e+00
-9.440837860107421875e+00
-9.227462768554687500e+00
-9.013150215148925781e+00
-8.799700736999511719e+00
-8.585195541381835938e+00
-8.370687484741210938e+00
-8.157229423522949219e+00
-7.943648338317871094e+00
-7.729510307312011719e+00
-7.517356872558593750e+00
-7.307498455047607422e+00
-7.097272872924804688e+00
-6.888478755950927734e+00
-6.679941654205322266e+00
-6.474944114685058594e+00
-6.271569728851318359e+00
-6.069386959075927734e+00
-5.870896339416503906e+00
-5.673231601715087891e+00
-5.477200031280517578e+00
-5.285840034484863281e+00
-5.094014644622802734e+00
-4.905505657196044922e+00
-4.718893051147460938e+00
-4.534987926483154297e+00
-4.352370738983154297e+00
-4.171853542327880859e+00
-3.994247913360595703e+00
-3.818880081176757812e+00
-3.644334554672241211e+00
-3.472167968750000000e+00
-3.302452325820922852e+00
-3.136003732681274414e+00
-2.969922780990600586e+00
-2.807256460189819336e+00
-2.645850658416748047e+00
-2.486525058746337891e+00
-2.330842971801757812e+00
-2.176654100418090820e+00
-2.024780511856079102e+00
-1.875303149223327637e+00
-1.728303909301757812e+00
-1.583865761756896973e+00
-1.442073106765747070e+00
-1.303011536598205566e+00
-1.166767716407775879e+00
-1.032687067985534668e+00
-9.016019701957702637e-01
-7.750896215438842773e-01
-6.502700448036193848e-01
-5.294661521911621094e-01
-4.120300710201263428e-01
-2.965722084045410156e-01
-1.854198873043060303e-01
-7.867270708084106445e-02
2.579765766859054565e-02
1.256593614816665649e-01
2.208084017038345337e-01
3.126254975795745850e-01
4.002605676651000977e-01
4.821188151836395264e-01
5.610628128051757812e-01
6.340085864067077637e-01
7.023293375968933105e-01
7.651675939559936523e-01
8.238936662673950195e-01
8.761608600616455078e-01
9.233908057212829590e-01
9.649910330772399902e-01
1.000421881675720215e+00
1.031371831893920898e+00
1.057298302650451660e+00
1.078400492668151855e+00
1.093390345573425293e+00
1.104693651199340820e+00
1.111019730567932129e+00
1.113305449485778809e+00
1.111743569374084473e+00
1.105039477348327637e+00
1.094126224517822266e+00
1.079936027526855469e+00
1.060427308082580566e+00
1.038015723228454590e+00
1.011400580406188965e+00
9.807658791542053223e-01
9.470378756523132324e-01
9.089121222496032715e-01
8.680554032325744629e-01
8.231610655784606934e-01
7.751506567001342773e-01
7.234583497047424316e-01
6.690033078193664551e-01
6.104745268821716309e-01
5.495319962501525879e-01
4.848624169826507568e-01
4.173805713653564453e-01
3.480001688003540039e-01
2.739183306694030762e-01
1.982758492231369019e-01
1.190107092261314392e-01
3.703220561146736145e-02
-4.675146564841270447e-02
-1.351487636566162109e-01
-2.250244170427322388e-01
-3.177028596401214600e-01
-4.137665927410125732e-01
-5.123129487037658691e-01
-6.124404668807983398e-01
-7.169642448425292969e-01
-8.227556347846984863e-01
-9.318889379501342773e-01
-1.043467044830322266e+00
-1.157337188720703125e+00
-1.274090528488159180e+00
-1.393576383590698242e+00
-1.514159083366394043e+00
-1.638662219047546387e+00
-1.766180634498596191e+00
-1.894265294075012207e+00
-2.026397705078125000e+00
-2.160116672515869141e+00
-2.295933008193969727e+00
-2.433616161346435547e+00
-2.573679685592651367e+00
-2.715894699096679688e+00
-2.860033512115478516e+00
-3.005125045776367188e+00
-3.152429580688476562e+00
-3.300978422164916992e+00
-3.450546264648437500e+00
-3.602395534515380859e+00
-3.754816055297851562e+00
-3.909070968627929688e+00
-4.063451290130615234e+00
-4.219221115112304688e+00
-4.376902580261230469e+00
-4.534044265747070312e+00
-4.692654609680175781e+00
-4.852512836456298828e+00
-5.011169910430908203e+00
-5.172120571136474609e+00
-5.332915306091308594e+00
-5.493333339691162109e+00
-5.655385017395019531e+00
-5.816620349884033203e+00
-5.978305339813232422e+00
-6.139476299285888672e+00
-6.300655841827392578e+00
-6.461623191833496094e+00
-6.622157096862792969e+00
-6.781293392181396484e+00
-6.941039085388183594e+00
-7.099686622619628906e+00
-7.257012844085693359e+00
-7.415023326873779297e+00
-7.570522785186767578e+00
-7.725515842437744141e+00
-7.879777908325195312e+00
-8.031598091125488281e+00
-8.182236671447753906e+00
-8.331465721130371094e+00
-8.479058265686035156e+00
-8.624044418334960938e+00
-8.767681121826171875e+00
-8.908251762390136719e+00
-9.047015190124511719e+00
-9.183738708496093750e+00
-9.317182540893554688e+00
-9.448459625244140625e+00
-9.577675819396972656e+00
-9.703374862670898438e+00
-9.827070236206054688e+00
-9.948269844055175781e+00
-1.006715106964111328e+01
-1.018344211578369141e+01
-1.029746627807617188e+01
-1.040917587280273438e+01
-1.051844406127929688e+01
-1.062552070617675781e+01
-1.073020458221435547e+01
-1.083259391784667969e+01
-1.093263530731201172e+01
-1.103049755096435547e+01
-1.112583160400390625e+01
-1.121888065338134766e+01
-1.130966281890869141e+01
-1.139804840087890625e+01
-1.148405551910400391e+01
-1.156770324707031250e+01
-1.164893054962158203e+01
-1.172760868072509766e+01
-1.180397415161132812e+01
-1.187774372100830078e+01
-1.194893264770507812e+01
-1.201762771606445312e+01
-1.208361911773681641e+01
-1.214691734313964844e+01
-1.220753574371337891e+01
-1.226540660858154297e+01
-1.232031917572021484e+01
-1.237257671356201172e+01
-1.242159366607666016e+01
-1.246782112121582031e+01
-1.251089382171630859e+01
-1.255088996887207031e+01
-1.258758926391601562e+01
-1.262106895446777344e+01
-1.265110683441162109e+01
-1.267770099639892578e+01
-1.270077896118164062e+01
-1.272011280059814453e+01
-1.273577213287353516e+01
-1.274745559692382812e+01
-1.275537872314453125e+01
-1.275908756256103516e+01
-1.275864696502685547e+01
-1.275389671325683594e+01
-1.274479007720947266e+01
-1.273144245147705078e+01
-1.271385860443115234e+01
-1.269233894348144531e+01
-1.266681098937988281e+01
-1.263735008239746094e+01
-1.260424900054931641e+01
-1.256750869750976562e+01
-1.252734470367431641e+01
-1.248360347747802734e+01
-1.243664932250976562e+01
-1.238632297515869141e+01
-1.233276271820068359e+01
-1.227617835998535156e+01
-1.221655654907226562e+01
-1.215403079986572266e+01
-1.208843517303466797e+01
-1.202019691467285156e+01
-1.194907283782958984e+01
-1.187541389465332031e+01
-1.179897594451904297e+01
-1.172010517120361328e+01
-1.163862895965576172e+01
-1.155474281311035156e+01
-1.146842098236083984e+01
-1.137963390350341797e+01
-1.128857803344726562e+01
-1.119521903991699219e+01
-1.109945487976074219e+01
-1.100162410736083984e+01
-1.090147018432617188e+01
-1.079911041259765625e+01
-1.069465541839599609e+01
-1.058807468414306641e+01
-1.047947883605957031e+01
-1.036868476867675781e+01
-1.025602626800537109e+01
-1.014124393463134766e+01
-1.002452373504638672e+01
-9.905903816223144531e+00
-9.785194396972656250e+00
-9.662731170654296875e+00
-9.538177490234375000e+00
-9.411643981933593750e+00
-9.283312797546386719e+00
-9.153146743774414062e+00
-9.021105766296386719e+00
-8.887372016906738281e+00
-8.751684188842773438e+00
-8.614298820495605469e+00
-8.475260734558105469e+00
-8.334436416625976562e+00
-8.191702842712402344e+00
-8.046934127807617188e+00
-7.901495933532714844e+00
-7.754817008972167969e+00
-7.605583667755126953e+00
-7.456198215484619141e+00
-7.304603576660156250e+00
-7.152458667755126953e+00
-6.999934673309326172e+00
-6.844973564147949219e+00
-6.689232349395751953e+00
-6.532881259918212891e+00
-6.376091003417968750e+00
-6.218287467956542969e+00
-6.060382843017578125e+00
-5.901802539825439453e+00
-5.742714405059814453e+00
-5.583286762237548828e+00
-5.422942161560058594e+00
-5.262591361999511719e+00
-5.101655960083007812e+00
-4.941044330596923828e+00
-4.780922412872314453e+00
-4.619966506958007812e+00
-4.460570335388183594e+00
-4.298438549041748047e+00
-4.138935089111328125e+00
-3.978506565093994141e+00
-3.818801164627075195e+00
-3.659236669540405273e+00
-3.500717639923095703e+00
-3.342661619186401367e+00
-3.185228347778320312e+00
-3.028578758239746094e+00
-2.872129440307617188e+00
-2.716783523559570312e+00
-2.562701225280761719e+00
-2.410042285919189453e+00
-2.257480382919311523e+00
-2.106662511825561523e+00
-1.957748889923095703e+00
-1.809414744377136230e+00
-1.661820769309997559e+00
-1.517358660697937012e+00
-1.373218178749084473e+00
-1.231791853904724121e+00
-1.091014146804809570e+00
-9.532788991928100586e-01
-8.164991736412048340e-01
-6.822115182876586914e-01
-5.497009754180908203e-01
-4.189968705177307129e-01
-2.908725738525390625e-01
-1.638735234737396240e-01
-3.877557814121246338e-02
8.438713103532791138e-02
2.055791914463043213e-01
3.247638046741485596e-01
4.426458775997161865e-01
5.591858625411987305e-01
6.743426918983459473e-01
7.873306870460510254e-01
8.988491296768188477e-01
1.008109569549560547e+00
1.115808010101318359e+00
1.221896409988403320e+00
1.326324939727783203e+00
1.429042577743530273e+00
1.529996871948242188e+00
1.629876971244812012e+00
1.727141737937927246e+00
1.822478055953979492e+00
1.915827870368957520e+00
2.007876157760620117e+00
2.097819566726684570e+00
2.186340808868408203e+00
2.272634506225585938e+00
2.356638193130493164e+00
2.439030885696411133e+00
2.519005537033081055e+00
2.596496820449829102e+00
2.672181606292724609e+00
2.745250463485717773e+00
2.816379547119140625e+00
2.884758234024047852e+00
2.951061010360717773e+00
3.015962839126586914e+00
3.076422214508056641e+00
3.135342121124267578e+00
3.191167354583740234e+00
3.244570732116699219e+00
3.294739007949829102e+00
3.341602087020874023e+00
3.385832309722900391e+00
3.428102016448974609e+00
3.466853618621826172e+00
3.501273632049560547e+00
3.533519029617309570e+00
3.562062263488769531e+00
3.586982965469360352e+00
3.609131336212158203e+00
3.627874851226806641e+00
3.644062995910644531e+00
3.656317710876464844e+00
3.666975736618041992e+00
3.673913955688476562e+00
3.679467916488647461e+00
3.681513071060180664e+00
3.680897474288940430e+00
3.677724838256835938e+00
3.672097444534301758e+00
3.665603637695312500e+00
3.654628992080688477e+00
3.642988204956054688e+00
3.628550767898559570e+00
3.612157106399536133e+00
3.595389842987060547e+00
3.574627399444580078e+00
3.552935600280761719e+00
3.528920173645019531e+00
3.503414392471313477e+00
3.475763797760009766e+00
3.446798324584960938e+00
3.415860176086425781e+00
3.383776664733886719e+00
3.349886655807495117e+00
3.314270257949829102e+00
3.277006149291992188e+00
3.238171577453613281e+00
3.197841644287109375e+00
3.156090021133422852e+00
3.112988710403442383e+00
3.068608522415161133e+00
3.022274971008300781e+00
2.974798440933227539e+00
2.925502538681030273e+00
2.875937461853027344e+00
2.823937892913818359e+00
2.771052122116088867e+00
2.715854883193969727e+00
2.660636186599731445e+00
2.603225469589233398e+00
2.544424295425415039e+00
2.483547925949096680e+00
2.421396255493164062e+00
2.358769416809082031e+00
2.293493986129760742e+00
2.227855920791625977e+00
2.159690618515014648e+00
2.090584754943847656e+00
2.020647764205932617e+00
1.948502898216247559e+00
1.875003576278686523e+00
1.800259947776794434e+00
1.725125908851623535e+00
1.647483706474304199e+00
1.569674491882324219e+00
1.491067886352539062e+00
1.411034584045410156e+00
1.329688668251037598e+00
1.247888565063476562e+00
1.165007472038269043e+00
1.081162691116333008e+00
9.957290291786193848e-01
9.103119969367980957e-01
8.235453963279724121e-01
7.370367646217346191e-01
6.486786603927612305e-01
5.600804686546325684e-01
4.713662564754486084e-01
3.819175660610198975e-01
2.918601334095001221e-01
2.020634412765502930e-01
1.119115725159645081e-01
2.078908123075962067e-02
-6.968950480222702026e-02
-1.608816683292388916e-01
-2.511720359325408936e-01
-3.426605761051177979e-01
-4.329883158206939697e-01
-5.249979496002197266e-01
-6.155872941017150879e-01
-7.053698301315307617e-01
-7.949591279029846191e-01
-8.849691748619079590e-01
-9.745278358459472656e-01
-1.062763571739196777e+00
-1.151034593582153320e+00
-1.238470435142517090e+00
-1.325687527656555176e+00
-1.410330295562744141e+00
-1.495245933532714844e+00
-1.579566597938537598e+00
-1.663317322731018066e+00
-1.745409011840820312e+00
-1.826908469200134277e+00
-1.906134128570556641e+00
-1.985268950462341309e+00
-2.062722921371459961e+00
-2.138828516006469727e+00
-2.213785648345947266e+00
-2.287498235702514648e+00
-2.360018968582153320e+00
-2.431401252746582031e+00
-2.501698970794677734e+00
-2.570892095565795898e+00
-2.638960361480712891e+00
-2.706033229827880859e+00
-2.772090435028076172e+00
-2.837112665176391602e+00
-2.901302099227905273e+00
-2.964490175247192383e+00
-3.026730060577392578e+00
-3.088074684143066406e+00
-3.148724555969238281e+00
-3.208284616470336914e+00
-3.267102241516113281e+00
-3.325003147125244141e+00
-3.382183551788330078e+00
-3.438466310501098633e+00
-3.493970632553100586e+00
-3.548589706420898438e+00
-3.602365255355834961e+00
-3.655335664749145508e+00
-3.707538127899169922e+00
-3.758784770965576172e+00
-3.809182167053222656e+00
-3.858687162399291992e+00
-3.907327413558959961e+00
-3.954906225204467773e+00
-4.001669883728027344e+00
-4.047417163848876953e+00
-4.091944694519042969e+00
-4.135639190673828125e+00
-4.178070068359375000e+00
-4.219398498535156250e+00
-4.259485244750976562e+00
-4.298264026641845703e+00
-4.335815429687500000e+00
-4.371920585632324219e+00
-4.406655311584472656e+00
-4.439723491668701172e+00
-4.471421241760253906e+00
-4.501329898834228516e+00
-4.529563903808593750e+00
-4.556023120880126953e+00
-4.580573558807373047e+00
-4.603180408477783203e+00
-4.623782157897949219e+00
-4.642374038696289062e+00
-4.659047126770019531e+00
-4.673816680908203125e+00
-4.686721801757812500e+00
-4.697793006896972656e+00
-4.707091331481933594e+00
-4.714640617370605469e+00
-4.720480442047119141e+00
-4.724650382995605469e+00
-4.727185726165771484e+00
-4.728133678436279297e+00
-4.727523326873779297e+00
-4.725395202636718750e+00
-4.721790313720703125e+00
-4.716751098632812500e+00
-4.710315704345703125e+00
-4.702521324157714844e+00
-4.693397998809814453e+00
-4.682981967926025391e+00
-4.671309471130371094e+00
-4.658418178558349609e+00
-4.644346714019775391e+00
-4.629129409790039062e+00
-4.612809181213378906e+00
-4.595420837402343750e+00
-4.577000617980957031e+00
-4.557590961456298828e+00
-4.537230968475341797e+00
-4.515954971313476562e+00
-4.493804931640625000e+00
-4.470816135406494141e+00
-4.446993350982666016e+00
-4.422400474548339844e+00
-4.397047996520996094e+00
-4.370962619781494141e+00
-4.344182968139648438e+00
-4.316717147827148438e+00
-4.288602352142333984e+00
-4.259852409362792969e+00
-4.230500698089599609e+00
-4.200564861297607422e+00
-4.170053005218505859e+00
-4.138985633850097656e+00
-4.107427120208740234e+00
-4.075275897979736328e+00
-4.042552471160888672e+00
-4.009300231933593750e+00
-3.975558280944824219e+00
-3.941289663314819336e+00
-3.906388044357299805e+00
-3.871216773986816406e+00
-3.835252761840820312e+00
-3.798936605453491211e+00
-3.762112140655517578e+00
-3.724918365478515625e+00
-3.687193870544433594e+00
-3.648999452590942383e+00
-3.610542535781860352e+00
-3.571805477142333984e+00
-3.532620668411254883e+00
-3.493191003799438477e+00
-3.453346014022827148e+00
-3.413063526153564453e+00
-3.372617244720458984e+00
-3.331760644912719727e+00
-3.290544033050537109e+00
-3.249091625213623047e+00
-3.207304716110229492e+00
-3.165234088897705078e+00
-3.122930765151977539e+00
-3.080149650573730469e+00
-3.037091732025146484e+00
-2.993811607360839844e+00
-2.950141429901123047e+00
-2.906213045120239258e+00
-2.862085580825805664e+00
-2.817745447158813477e+00
-2.772958517074584961e+00
-2.728162288665771484e+00
-2.683052539825439453e+00
-2.637848854064941406e+00
-2.592401027679443359e+00
-2.546859025955200195e+00
-2.501301288604736328e+00
-2.455586433410644531e+00
-2.409946918487548828e+00
-2.364543676376342773e+00
-2.318946123123168945e+00
-2.273395061492919922e+00
-2.228133440017700195e+00
-2.183109998703002930e+00
-2.138126850128173828e+00
-2.093657732009887695e+00
-2.049582958221435547e+00
-2.006008148193359375e+00
-1.962966680526733398e+00
-1.920492768287658691e+00
-1.878548026084899902e+00
-1.837540864944458008e+00
-1.797126650810241699e+00
-1.757662534713745117e+00
-1.718975543975830078e+00
-1.681114912033081055e+00
-1.644056320190429688e+00
-1.607923150062561035e+00
-1.572615504264831543e+00
-1.538106679916381836e+00
-1.504740595817565918e+00
-1.472117066383361816e+00
-1.440279841423034668e+00
-1.409345626831054688e+00
-1.379429101943969727e+00
-1.350122809410095215e+00
-1.321835041046142578e+00
-1.294525504112243652e+00
-1.267780184745788574e+00
-1.242520570755004883e+00
-1.218476414680480957e+00
-1.195078253746032715e+00
-1.172348618507385254e+00
-1.150307297706604004e+00
-1.128972172737121582e+00
-1.109102129936218262e+00
-1.089967489242553711e+00
-1.070836663246154785e+00
-1.053205847740173340e+00
-1.037083029747009277e+00
-1.020988941192626953e+00
-1.006415247917175293e+00
-9.918805956840515137e-01
-9.781318306922912598e-01
-9.651726484298706055e-01
-9.522632360458374023e-01
-9.408931136131286621e-01
-9.303234815597534180e-01
-9.198155999183654785e-01
-9.101182222366333008e-01
-9.012385010719299316e-01
-8.924418687820434570e-01
-8.852249979972839355e-01
-8.781143426895141602e-01
-8.718681931495666504e-01
-8.657613396644592285e-01
-8.605574965476989746e-01
-8.555378317832946777e-01
-8.522158265113830566e-01
-8.491359949111938477e-01
-8.463332056999206543e-01
-8.445889949798583984e-01
-8.439312577247619629e-01
-8.443336486816406250e-01
-8.442731499671936035e-01
-8.452031612396240234e-01
-8.470951914787292480e-01
-8.491814136505126953e-01
-8.529276251792907715e-01
-8.560876250267028809e-01
-8.601346611976623535e-01
-8.643162250518798828e-01
-8.693696856498718262e-01
-8.752919435501098633e-01
-8.813400864601135254e-01
-8.875171542167663574e-01
-8.945711851119995117e-01
-9.025096297264099121e-01
-9.105985164642333984e-01
-9.203344583511352539e-01
-9.302429556846618652e-01
-9.403362274169921875e-01
-9.506269693374633789e-01
-9.618710875511169434e-01
-9.740808606147766113e-01
-9.872679710388183594e-01
-1.000699758529663086e+00
-1.015871644020080566e+00
-1.030561566352844238e+00
-1.046261072158813477e+00
-1.062973022460937500e+00
-1.080697655677795410e+00
-1.098689198493957520e+00
-1.118427753448486328e+00
-1.138418078422546387e+00
-1.159390568733215332e+00
-1.181328535079956055e+00
-1.204211831092834473e+00
-1.226530075073242188e+00
-1.251227617263793945e+00
-1.276043057441711426e+00
-1.300197482109069824e+00
-1.328852772712707520e+00
-1.356020808219909668e+00
-1.383883595466613770e+00
-1.412390828132629395e+00
-1.442231655120849609e+00
-1.472606301307678223e+00
-1.502712368965148926e+00
-1.534716963768005371e+00
-1.566326975822448730e+00
-1.598962903022766113e+00
-1.631066203117370605e+00
-1.663288235664367676e+00
-1.697017312049865723e+00
-1.730669379234313965e+00
-1.764890193939208984e+00
-1.798096060752868652e+00
-1.831677675247192383e+00
-1.866283178329467773e+00
-1.899590373039245605e+00
-1.932995557785034180e+00
-1.966410398483276367e+00
-1.999007105827331543e+00
-2.031447172164916992e+00
-2.063652992248535156e+00
-2.095550298690795898e+00
-2.126326322555541992e+00
-2.156659364700317383e+00
-2.186488628387451172e+00
-2.216501235961914062e+00
-2.245903491973876953e+00
-2.273163318634033203e+00
-2.300469160079956055e+00
-2.327785253524780273e+00
-2.353148937225341797e+00
-2.378837823867797852e+00
-2.404459238052368164e+00
-2.428510189056396484e+00
-2.452390670776367188e+00
-2.475646495819091797e+00
-2.498496055603027344e+00
-2.520567178726196289e+00
-2.542307615280151367e+00
-2.563276290893554688e+00
-2.584074735641479492e+00
-2.604488849639892578e+00
-2.624528408050537109e+00
-2.644204378128051758e+00
-2.663676023483276367e+00
-2.682880401611328125e+00
-2.702049493789672852e+00
-2.720969438552856445e+00
-2.739869832992553711e+00
-2.758680582046508789e+00
-2.777402400970458984e+00
-2.796257019042968750e+00
-2.815014839172363281e+00
-2.833888769149780273e+00
-2.852788925170898438e+00
-2.871769428253173828e+00
-2.890729904174804688e+00
-2.909794807434082031e+00
-2.928962469100952148e+00
-2.948158979415893555e+00
-2.967600345611572266e+00
-2.987198829650878906e+00
-3.006934165954589844e+00
-3.026779651641845703e+00
-3.046775579452514648e+00
-3.067030668258666992e+00
-3.087274551391601562e+00
-3.107751607894897461e+00
-3.128104925155639648e+00
-3.148640871047973633e+00
-3.169065713882446289e+00
-3.189452648162841797e+00
-3.209720611572265625e+00
-3.229636669158935547e+00
-3.249484062194824219e+00
-3.268948554992675781e+00
-3.288010358810424805e+00
-3.306573390960693359e+00
-3.324540853500366211e+00
-3.341963291168212891e+00
-3.358594179153442383e+00
-3.374485015869140625e+00
-3.389539718627929688e+00
-3.403589963912963867e+00
-3.416693210601806641e+00
-3.428761005401611328e+00
-3.439635038375854492e+00
-3.449309587478637695e+00
-3.457709312438964844e+00
-3.464839220046997070e+00
-3.470561504364013672e+00
-3.474892377853393555e+00
-3.477782011032104492e+00
-3.479260921478271484e+00
-3.479143619537353516e+00
-3.477624177932739258e+00
-3.474533081054687500e+00
-3.470004796981811523e+00
-3.463958978652954102e+00
-3.456322669982910156e+00
-3.447253465652465820e+00
-3.436842203140258789e+00
-3.424888610839843750e+00
-3.411571025848388672e+00
-3.397073984146118164e+00
-3.381216526031494141e+00
-3.364045858383178711e+00
-3.345844745635986328e+00
-3.326566696166992188e+00
-3.306325435638427734e+00
-3.285311937332153320e+00
-3.263644456863403320e+00
-3.241368770599365234e+00
-3.218753337860107422e+00
-3.195843458175659180e+00
-3.172831296920776367e+00
-3.149610280990600586e+00
-3.126516342163085938e+00
-3.103584766387939453e+00
-3.080845117568969727e+00
-3.058620452880859375e+00
-3.036780357360839844e+00
-3.015485525131225586e+00
-2.994814634323120117e+00
-2.974912405014038086e+00
-2.955766439437866211e+00
-2.937503337860107422e+00
-2.920016765594482422e+00
-2.903414249420166016e+00
-2.887643337249755859e+00
-2.872863769531250000e+00
-2.859002828598022461e+00
-2.846124172210693359e+00
-2.834058523178100586e+00
-2.822773933410644531e+00
-2.812377214431762695e+00
-2.802518606185913086e+00
-2.793507575988769531e+00
-2.784975528717041016e+00
-2.776990175247192383e+00
-2.769463062286376953e+00
-2.762075185775756836e+00
-2.754946470260620117e+00
-2.747967720031738281e+00
-2.740802288055419922e+00
-2.733480453491210938e+00
-2.725881099700927734e+00
-2.717732429504394531e+00
-2.709132909774780273e+00
-2.699661016464233398e+00
-2.689416885375976562e+00
-2.678130626678466797e+00
-2.665759563446044922e+00
-2.652116537094116211e+00
-2.637094497680664062e+00
-2.620666742324829102e+00
-2.602591991424560547e+00
0.000000000000000000e+00
0.000000000000000000e+00
0.000000000000000000e+00
0.000000000000000000e+00
0.000000000000000000e+00
0.000000000000000000e+00
0.000000000000000000e+00
0.000000000000000000e+00
0.000000000000000000e+00
0.000000000000000000e+00
0.000000000000000000e+00
0.000000000000000000e+00
0.000000000000000000e+00
0.000000000000000000e+00
0.000000000000000000e+00
0.000000000000000000e+00
0.000000000000000000e+00
0.000000000000000000e+00
0.000000000000000000e+00
0.000000000000000000e+00
0.000000000000000000e+00
0.000000000000000000e+00
0.000000000000000000e+00
0.000000000000000000e+00
0.000000000000000000e+00
0.000000000000000000e+00
0.000000000000000000e+00
0.000000000000000000e+00
0.000000000000000000e+00
0.000000000000000000e+00
0.000000000000000000e+00
0.000000000000000000e+00
0.000000000000000000e+00
0.000000000000000000e+00
0.000000000000000000e+00
0.000000000000000000e+00
0.000000000000000000e+00
0.000000000000000000e+00
0.000000000000000000e+00
0.000000000000000000e+00
0.000000000000000000e+00
0.000000000000000000e+00
0.000000000000000000e+00
0.000000000000000000e+00
0.000000000000000000e+00
0.000000000000000000e+00
0.000000000000000000e+00
0.000000000000000000e+00
0.000000000000000000e+00
0.000000000000000000e+00
0.000000000000000000e+00
0.000000000000000000e+00
0.000000000000000000e+00
0.000000000000000000e+00
0.000000000000000000e+00
0.000000000000000000e+00
0.000000000000000000e+00
0.000000000000000000e+00
0.000000000000000000e+00
0.000000000000000000e+00
0.000000000000000000e+00
0.000000000000000000e+00
0.000000000000000000e+00
0.000000000000000000e+00
0.000000000000000000e+00
0.000000000000000000e+00
0.000000000000000000e+00
0.000000000000000000e+00
0.000000000000000000e+00
0.000000000000000000e+00
0.000000000000000000e+00
0.000000000000000000e+00
0.000000000000000000e+00
0.000000000000000000e+00
0.000000000000000000e+00
0.000000000000000000e+00
0.000000000000000000e+00
0.000000000000000000e+00
0.000000000000000000e+00
0.000000000000000000e+00
0.000000000000000000e+00
0.000000000000000000e+00
0.000000000000000000e+00
0.000000000000000000e+00
0.000000000000000000e+00
0.000000000000000000e+00
0.000000000000000000e+00
0.000000000000000000e+00
0.000000000000000000e+00
0.000000000000000000e+00
0.000000000000000000e+00
0.000000000000000000e+00
0.000000000000000000e+00
0.000000000000000000e+00
0.000000000000000000e+00
0.000000000000000000e+00
0.000000000000000000e+00
0.000000000000000000e+00
0.000000000000000000e+00
0.000000000000000000e+00
